 V (V)         fr (Hz)         Qc         Qt      a          b          c          d      k      phi
----------------------------------------------------------------------------------------------------
  0.00    6.234459e+09   16377.54   12486.40  -0.10  -3.26e-08   1.45e-15   3.05e-20   1.05   0.2801
  0.50    6.233200e+09    9617.75   13306.11  -0.26  -4.33e-08  -3.07e-15   3.39e-20   1.22   0.1264
  1.00    6.229392e+09   27132.67   14348.06  -0.51  -5.54e-08   4.96e-15   4.62e-20   1.45   0.2858
  1.50    6.222990e+09   22154.28   13892.65  -0.27  -3.88e-08  -1.13e-15   3.20e-20   1.22   0.3071
  2.00    6.213943e+09   20720.10   13946.35  -0.15  -2.13e-08   3.56e-15   1.65e-20   1.09   0.3136
  2.50    6.202159e+09   22771.05   14310.53  -0.15  -1.49e-08   1.26e-15   8.80e-21   1.11   0.2723
  3.00    6.187494e+09   20421.80   13778.87   0.02  -1.14e-08  -2.97e-17   3.15e-21   0.96   0.1401
  3.50    6.169773e+09    9692.96   13660.90  -0.03   4.05e-09   2.15e-16  -1.81e-21   1.02  -0.0481
  4.00    6.148779e+09    8314.60   12063.76  -0.08   1.41e-08  -1.05e-15  -9.65e-21   1.04  -0.1225
  4.50    6.124170e+09   46709.87   11432.80  -1.54   1.91e-08   2.68e-16  -9.15e-21   2.50  -0.2779
  5.00    6.095688e+09   14760.63    9050.66   0.03  -6.53e-10  -1.58e-15  -5.20e-22   0.95  -0.1984
  5.50    6.062834e+09   43050.66    9381.01  -1.61   4.98e-08  -1.58e-15  -1.76e-20   2.56  -0.2756
  6.00    6.025078e+09   10513.37    6444.75   0.06   1.64e-09  -9.20e-16  -5.92e-22   0.95  -0.0113
  6.50    5.981767e+09   21740.61    7659.28  -0.22   2.39e-10  -2.26e-18   3.21e-23   1.22  -0.0254
  7.00    5.931971e+09   19032.43    7067.05   0.08  -5.72e-10   5.01e-17  -3.25e-22   0.90  -0.0974
