# freq, I e Q
6232361671	0.0546847615999999995	0.249812517600000006
6232363671	0.0520986899000000017	0.249592085999999991
6232365671	0.0575828700000000013	0.250646361200000001
6232367671	0.0564973118999999996	0.249783796000000002
6232369671	0.0616837182000000012	0.247595279499999987
6232371671	0.0569230062000000009	0.2475579688
6232373671	0.0577787822999999978	0.245750243300000004
6232375671	0.0567710488000000013	0.247567428000000006
6232377671	0.0575144173999999966	0.247715167099999994
6232379671	0.059418914500000003	0.251893609600000012
6232381671	0.0607395016999999968	0.248181123199999992
6232383671	0.0561827245000000031	0.247801908399999993
6232385671	0.0634012812000000064	0.247526921900000002
6232387671	0.0589604960000000011	0.249969213800000006
6232389671	0.062106495400000003	0.247144988399999987
6232391671	0.0601135747999999998	0.249362821799999995
6232393671	0.059261323099999999	0.252190951800000007
6232395671	0.0600265456000000017	0.247400242200000009
6232397671	0.0566549101999999985	0.245789265199999996
6232399671	0.0645695347999999947	0.244966371500000002
6232401671	0.0600976719999999978	0.25015019690000001
6232403671	0.0592812887999999982	0.250078835100000008
6232405671	0.0618619758000000033	0.243773382199999999
6232407671	0.0603765245000000006	0.247090302399999989
6232409671	0.0623070683999999986	0.248234793300000006
6232411671	0.0626192945000000056	0.241784847899999988
6232413671	0.0642075983000000017	0.248149842600000003
6232415671	0.064220047200000005	0.24671714119999999
6232417671	0.062408661499999997	0.246932798700000011
6232419671	0.0622081844999999994	0.247555043299999999
6232421671	0.0645418816999999978	0.24613587340000001
6232423671	0.0659756937000000043	0.246824298800000008
6232425671	0.0695223613999999962	0.245712260399999993
6232427671	0.0664200179000000029	0.248402714599999991
6232429671	0.0684479060000000028	0.249473025500000001
6232431671	0.0626704602999999943	0.248884896900000013
6232433671	0.0670317398000000036	0.246807975600000007
6232435671	0.0699788816000000008	0.244413379600000008
6232437671	0.0643987137999999931	0.24658688849999999
6232439671	0.0656489876	0.245144199099999988
6232441671	0.0687261370000000066	0.245494615500000013
6232443671	0.0676458660999999933	0.245056135000000008
6232445671	0.0672803651999999974	0.244669907599999986
6232447671	0.0692115819999999937	0.245736910599999997
6232449671	0.0669944142000000048	0.24160608389999999
6232451671	0.0639005676999999939	0.246622845499999993
6232453671	0.0660507431000000034	0.244147941099999988
6232455671	0.0677062878999999951	0.242079808300000004
6232457671	0.0703142412999999966	0.24365314099999999
6232459671	0.0731937197000000067	0.242076468099999997
6232461671	0.0737862737000000019	0.245277653300000009
6232463671	0.0718386540999999962	0.242556195400000008
6232465671	0.0720367291999999965	0.241196177300000009
6232467671	0.073373844699999996	0.243539872699999993
6232469671	0.0690718069000000046	0.245792838300000011
6232471671	0.0717337316999999974	0.244496426999999988
6232473671	0.0716497910000000043	0.245856665000000002
6232475671	0.071590160299999997	0.244410307100000002
6232477671	0.0741232064000000024	0.243001940599999994
6232479671	0.0721925971000000055	0.242003862300000011
6232481671	0.0732621449000000063	0.242871048199999995
6232483671	0.073378080499999998	0.246729565099999992
6232485671	0.0762366678999999992	0.243393603600000008
6232487671	0.076460639299999994	0.240456909599999991
6232489671	0.070656327599999999	0.2442338805
6232491671	0.0744409996000000018	0.243698989000000005
6232493671	0.073307566099999999	0.242487893700000012
6232495671	0.0776106631000000047	0.245803352000000003
6232497671	0.0776526324000000046	0.242765865299999994
6232499671	0.0786875449999999976	0.24207305400000001
6232501671	0.0749641979999999958	0.244372357000000012
6232503671	0.0800738041000000067	0.2437366054
6232505671	0.078479182999999994	0.241062082000000011
6232507671	0.0776321298999999992	0.240343035499999996
6232509671	0.0787326814999999985	0.244576078400000008
6232511671	0.0792651629999999996	0.242662530799999998
6232513671	0.0836230582000000028	0.243925418799999988
6232515671	0.0775116331000000047	0.242800581900000007
6232517671	0.0781832279999999935	0.241805607099999986
6232519671	0.0763585388999999948	0.238349245999999987
6232521671	0.0817125300999999998	0.239110311200000009
6232523671	0.0814717804999999934	0.240760465700000009
6232525671	0.0803378000000000009	0.241430459200000003
6232527671	0.0819263566999999943	0.240388037299999996
6232529671	0.0805920373000000023	0.236496054799999994
6232531671	0.0842930719000000023	0.24424731320000001
6232533671	0.0792073818999999985	0.236733791599999993
6232535671	0.0806058971000000041	0.237830944999999988
6232537671	0.0820301734999999976	0.2432359989
6232539671	0.0851815996999999991	0.237184804700000001
6232541671	0.0832682093000000068	0.239588824199999995
6232543671	0.0808535348999999959	0.241612640099999998
6232545671	0.0835018532000000036	0.239501713000000005
6232547671	0.0815724852999999972	0.237348090799999994
6232549671	0.0824905741999999997	0.240039103799999987
6232551671	0.0838150841000000063	0.237116113099999998
6232553671	0.0841165838000000055	0.238586576800000005
6232555671	0.0842056615000000008	0.239746128199999992
6232557671	0.0869768367000000042	0.240640091
6232559671	0.0872088597000000021	0.238803445199999992
6232561671	0.0884724902999999979	0.234937035099999997
6232563671	0.0868028314999999967	0.24020574959999999
6232565671	0.0867138184999999978	0.237977221399999994
6232567671	0.0877162994000000029	0.235097227699999994
6232569671	0.0884252425000000009	0.240208663699999991
6232571671	0.0885320931999999949	0.238586048500000009
6232573671	0.092790579600000006	0.23728662989999999
6232575671	0.0887780930000000024	0.240402180500000007
6232577671	0.0902122484999999946	0.237484361899999996
6232579671	0.0886811027000000002	0.237191157600000008
6232581671	0.0937768739000000018	0.235202831499999987
6232583671	0.0895778497999999979	0.236355901199999996
6232585671	0.0914820712000000008	0.238020701299999998
6232587671	0.0906668345000000014	0.235991586899999994
6232589671	0.0944331927999999959	0.237681999300000002
6232591671	0.0924974701000000066	0.237634328099999986
6232593671	0.0905252770999999956	0.236502519800000005
6232595671	0.0955920615000000057	0.237732940599999998
6232597671	0.0914463197999999949	0.237647986400000011
6232599671	0.0942506391999999998	0.233930764200000002
6232601671	0.0941273599999999933	0.230357105199999995
6232603671	0.0920921762999999949	0.237731205800000012
6232605671	0.0962550781999999966	0.237666503400000007
6232607671	0.0923927127000000042	0.233016599299999988
6232609671	0.0981295340999999988	0.231881587800000011
6232611671	0.0975738753999999958	0.231065039800000011
6232613671	0.0971616881000000043	0.230799584400000007
6232615671	0.0953105803000000029	0.233293159800000011
6232617671	0.0969198695000000054	0.229361546999999999
6232619671	0.0973029809999999967	0.232318960500000005
6232621671	0.101316723900000003	0.232681556399999989
6232623671	0.0972992919999999956	0.234388808599999998
6232625671	0.102806142599999997	0.232063225699999987
6232627671	0.100567978200000005	0.231197242100000006
6232629671	0.102481590499999997	0.230296530999999999
6232631671	0.102705162000000003	0.231329783099999992
6232633671	0.102723544999999999	0.231956391300000009
6232635671	0.100617028400000003	0.228065261500000005
6232637671	0.0995802709000000036	0.230117608000000001
6232639671	0.104944525100000005	0.231385223800000012
6232641671	0.100948975299999993	0.229910610799999998
6232643671	0.101833920699999997	0.225000928500000003
6232645671	0.103853656700000005	0.224645260000000013
6232647671	0.104028652299999996	0.228756529200000003
6232649671	0.101298930800000006	0.231782431399999989
6232651671	0.104676471600000001	0.226929346899999995
6232653671	0.105879731000000005	0.22716453419999999
6232655671	0.105514358599999997	0.229223360399999992
6232657671	0.102601545399999994	0.227013944200000012
6232659671	0.106114105200000003	0.230378877700000012
6232661671	0.104011879400000007	0.227644354599999987
6232663671	0.108353654699999996	0.225983880199999987
6232665671	0.108059412300000005	0.227704102999999991
6232667671	0.105846695500000004	0.225683018699999988
6232669671	0.1073234619	0.22673209259999999
6232671671	0.1056585092	0.226251857100000009
6232673671	0.1066116961	0.23012996899999999
6232675671	0.111134616500000005	0.226195185699999995
6232677671	0.112502692500000001	0.2281286441
6232679671	0.109248637199999998	0.223522430900000013
6232681671	0.108855197400000006	0.222396342200000013
6232683671	0.111358121899999996	0.225375809300000007
6232685671	0.108077013700000002	0.228956631100000002
6232687671	0.108971499700000002	0.224297332200000005
6232689671	0.110466820499999993	0.223792762400000012
6232691671	0.1101049521	0.22492865749999999
6232693671	0.109182938399999999	0.221857708099999995
6232695671	0.111272658100000005	0.222475971999999994
6232697671	0.112282288899999999	0.220170246300000011
6232699671	0.112088949699999996	0.225230203999999989
6232701671	0.110348813099999998	0.219147319300000004
6232703671	0.110599652600000001	0.219634621499999988
6232705671	0.114402770700000003	0.223476166000000004
6232707671	0.1124006803	0.222458309599999987
6232709671	0.113568650699999996	0.224457281700000011
6232711671	0.114424717100000004	0.217659826299999998
6232713671	0.113538322900000002	0.2194758557
6232715671	0.112494917700000002	0.219198651699999997
6232717671	0.114118008500000007	0.217764699099999987
6232719671	0.115717502900000005	0.219126017099999987
6232721671	0.117613701299999998	0.219670430599999994
6232723671	0.118673264299999998	0.218157877299999997
6232725671	0.117835668099999999	0.215799075700000009
6232727671	0.118413749099999993	0.217476097300000004
6232729671	0.116240526400000002	0.213775370900000011
6232731671	0.119812829999999995	0.215329080799999989
6232733671	0.118865234299999997	0.217540463500000003
6232735671	0.121827327799999996	0.214546187100000008
6232737671	0.118916688199999995	0.210898709699999992
6232739671	0.120153164399999998	0.217632481900000008
6232741671	0.121909547699999996	0.214052735999999993
6232743671	0.126400168400000013	0.215771586600000009
6232745671	0.124599173199999996	0.215047325300000008
6232747671	0.122873272000000006	0.211629725200000007
6232749671	0.120187604000000003	0.212742718999999997
6232751671	0.120614860300000001	0.213170813600000009
6232753671	0.122485175599999996	0.214091331899999987
6232755671	0.123532841700000007	0.213831897599999987
6232757671	0.1259953563	0.210491007499999994
6232759671	0.126075719800000013	0.210572654400000003
6232761671	0.124445123099999999	0.213989074700000004
6232763671	0.126015068600000002	0.210307504799999989
6232765671	0.125524667700000009	0.210170381999999989
6232767671	0.128528918999999991	0.208561038700000007
6232769671	0.128998125200000008	0.204440737300000008
6232771671	0.125001556600000008	0.208885358699999996
6232773671	0.12695811609999999	0.209230833799999988
6232775671	0.126483006399999987	0.206409250699999991
6232777671	0.128759132199999987	0.208488583599999999
6232779671	0.125932169300000008	0.205454261599999993
6232781671	0.129185275099999997	0.203821146199999997
6232783671	0.132745417799999987	0.20454813799999999
6232785671	0.129264096599999989	0.204555351200000013
6232787671	0.132164374700000004	0.203349006599999993
6232789671	0.134419871699999999	0.205257597399999991
6232791671	0.131107875499999998	0.20731089359999999
6232793671	0.127434361200000013	0.2044138868
6232795671	0.1310166777	0.206441922800000011
6232797671	0.132331487899999989	0.203482635100000003
6232799671	0.128963131600000003	0.2021520339
6232801671	0.133981206699999994	0.198510840699999996
6232803671	0.133389212400000012	0.200419385199999994
6232805671	0.131198441299999996	0.199689759900000013
6232807671	0.132156591699999992	0.1965103302
6232809671	0.134543686800000006	0.198674210299999987
6232811671	0.139746627499999998	0.19732522890000001
6232813671	0.135850486100000001	0.193788646099999989
6232815671	0.135748950199999996	0.197920484899999999
6232817671	0.13598732320000001	0.194785460299999991
6232819671	0.138408005299999998	0.193914748899999989
6232821671	0.139184404099999992	0.196612954300000004
6232823671	0.135290210999999994	0.196157450499999997
6232825671	0.139780181799999986	0.196890024699999999
6232827671	0.137396731500000008	0.192415847899999992
6232829671	0.136263146800000012	0.194834397999999992
6232831671	0.136929693999999991	0.1948928885
6232833671	0.137835362500000003	0.193193181999999991
6232835671	0.143521408299999986	0.192885502699999989
6232837671	0.139394855099999992	0.193618392899999991
6232839671	0.139728036299999997	0.192972015400000002
6232841671	0.1397073073	0.191501628099999988
6232843671	0.141064148499999986	0.191088723099999996
6232845671	0.140584306699999995	0.188375541300000005
6232847671	0.141980093299999999	0.189052269999999994
6232849671	0.145858147999999993	0.184932415200000005
6232851671	0.141277740900000004	0.187774857200000006
6232853671	0.142727312899999986	0.181729660900000006
6232855671	0.147250603400000013	0.184832162800000005
6232857671	0.14096331849999999	0.182578329900000003
6232859671	0.145730260400000006	0.186482163899999998
6232861671	0.144415037400000001	0.181820201200000003
6232863671	0.145179967999999993	0.180308125000000014
6232865671	0.146755562499999992	0.186102676299999992
6232867671	0.145280517599999992	0.18157847869999999
6232869671	0.152510306099999993	0.182945968699999989
6232871671	0.144277222900000002	0.177550165700000012
6232873671	0.149663724800000009	0.177875428700000005
6232875671	0.143835180000000007	0.177908586600000002
6232877671	0.147639600199999999	0.177201019500000001
6232879671	0.142314248100000013	0.1799088613
6232881671	0.149597964100000008	0.178430719799999998
6232883671	0.150087043899999995	0.170163659599999989
6232885671	0.149236683600000003	0.175821589499999986
6232887671	0.151201896000000002	0.175522705599999995
6232889671	0.150689936899999988	0.172565465000000001
6232891671	0.150597676499999999	0.171550546700000001
6232893671	0.148956826300000011	0.16980205109999999
6232895671	0.148007105999999999	0.16956154209999999
6232897671	0.151624811700000001	0.170714540800000009
6232899671	0.152628525500000001	0.16833282120000001
6232901671	0.150659674800000004	0.165188840300000001
6232903671	0.153884310899999988	0.165994196600000005
6232905671	0.15175483649999999	0.169060908700000012
6232907671	0.151180005700000009	0.169231594699999988
6232909671	0.152781636299999996	0.1656658362
6232911671	0.152441858600000008	0.165620691300000011
6232913671	0.1511488094	0.164270523800000012
6232915671	0.152817835799999996	0.161666049499999992
6232917671	0.154513461299999988	0.160197663900000009
6232919671	0.154065207199999998	0.162420251200000004
6232921671	0.153255085399999991	0.161634002400000004
6232923671	0.150039780300000009	0.158156527999999991
6232925671	0.153825644799999994	0.158670013500000012
6232927671	0.154980806700000001	0.153796551499999989
6232929671	0.155930864100000011	0.155032063100000006
6232931671	0.154826263900000011	0.154246575200000013
6232933671	0.156524284900000005	0.155597308299999987
6232935671	0.152993425300000013	0.152699115599999991
6232937671	0.155023423800000004	0.152541787799999995
6232939671	0.150427506799999999	0.149407611200000012
6232941671	0.156250433500000008	0.148781824199999996
6232943671	0.155776844999999997	0.150156395599999992
6232945671	0.153221973399999989	0.145931556200000007
6232947671	0.157590963599999995	0.14907146269999999
6232949671	0.155786881399999994	0.143735162599999994
6232951671	0.153427223700000004	0.143834151399999999
6232953671	0.158921173700000001	0.14616237230000001
6232955671	0.157222143300000006	0.141185888499999995
6232957671	0.156384003399999999	0.141382241900000011
6232959671	0.156587183600000013	0.141697190599999995
6232961671	0.159357778300000003	0.14103362350000001
6232963671	0.160479554899999988	0.141052799099999987
6232965671	0.157441166900000012	0.135521550699999993
6232967671	0.157793467399999998	0.134648840399999997
6232969671	0.159741470400000002	0.134801822300000013
6232971671	0.157594909100000014	0.134665179999999995
6232973671	0.156837887499999995	0.129405158399999998
6232975671	0.160692113800000008	0.132475665800000003
6232977671	0.15398992210000001	0.130697342900000013
6232979671	0.160491536200000007	0.12683933959999999
6232981671	0.156864377999999999	0.125310350699999989
6232983671	0.152992208800000001	0.126341739499999994
6232985671	0.158131351899999995	0.125470589999999993
6232987671	0.154548943999999994	0.126598404800000008
6232989671	0.157325305599999993	0.124666006699999998
6232991671	0.158519979400000011	0.1219873021
6232993671	0.155932100200000007	0.1249863269
6232995671	0.157960261800000001	0.120943583199999996
6232997671	0.157952417099999992	0.120958738100000004
6232999671	0.153549941800000006	0.120500025499999996
6233001671	0.154483212799999992	0.117436500499999999
6233003671	0.154703953499999991	0.116683096599999994
6233005671	0.157686404400000008	0.114152227800000006
6233007671	0.156726633799999987	0.108995508500000005
6233009671	0.156372348900000013	0.112199049600000003
6233011671	0.153013326100000013	0.110099280300000005
6233013671	0.1561663727	0.1057981848
6233015671	0.154380801900000003	0.108095007399999998
6233017671	0.155784183500000006	0.109090939499999998
6233019671	0.154029927399999989	0.106798065299999995
6233021671	0.151850184400000005	0.105097865999999998
6233023671	0.154451812599999988	0.102659453299999995
6233025671	0.155830332999999988	0.100745601599999998
6233027671	0.151273171399999989	0.100928205800000004
6233029671	0.148971731899999987	0.101651028000000004
6233031671	0.150918777700000006	0.0971405476999999962
6233033671	0.147951160999999998	0.0979247911999999998
6233035671	0.153457794099999989	0.0954563548000000039
6233037671	0.14685313920000001	0.0929523302000000023
6233039671	0.152675106199999994	0.0976169291999999938
6233041671	0.150370931499999999	0.0937692207999999972
6233043671	0.148021488199999995	0.0917141503000000052
6233045671	0.148287925200000004	0.0891337418999999936
6233047671	0.147340975900000004	0.0876018258999999994
6233049671	0.142745535400000012	0.089764846199999998
6233051671	0.142558413999999994	0.0823197375999999981
6233053671	0.146433670200000005	0.0870512989000000043
6233055671	0.146906676900000005	0.0833190126000000059
6233057671	0.142361828299999993	0.0784513242000000055
6233059671	0.143011351499999995	0.0815714881000000058
6233061671	0.141695505500000013	0.0779058507000000011
6233063671	0.140031251200000012	0.0835034983000000064
6233065671	0.137010291899999997	0.0778075079000000031
6233067671	0.138562911000000011	0.0765547522000000064
6233069671	0.138943953000000009	0.0748426975999999938
6233071671	0.13703035790000001	0.0726423796999999954
6233073671	0.137019373100000008	0.0715922850000000055
6233075671	0.137117859799999992	0.0708096015999999939
6233077671	0.13910902650000001	0.0680358097999999994
6233079671	0.136110645599999996	0.0690397880999999991
6233081671	0.130599479099999999	0.0686312865999999938
6233083671	0.130763988299999995	0.0631883206999999947
6233085671	0.133719309000000008	0.066567033400000003
6233087671	0.127608960999999993	0.0638989159000000057
6233089671	0.129066967599999999	0.0657433709999999949
6233091671	0.128524131699999988	0.0631325776999999977
6233093671	0.129094473900000006	0.0627562797000000006
6233095671	0.128199435899999992	0.0614864947999999994
6233097671	0.128593803499999992	0.0595989655999999979
6233099671	0.12651708049999999	0.0583149493000000019
6233101671	0.121968185000000007	0.0584167110000000031
6233103671	0.120686312700000006	0.0586346802999999986
6233105671	0.123140989800000003	0.0528907138999999971
6233107671	0.117736705299999994	0.0535501349999999987
6233109671	0.118120122999999994	0.0525220558000000018
6233111671	0.116987798700000006	0.0544055682999999984
6233113671	0.112961620999999998	0.0559830097000000027
6233115671	0.113660761499999999	0.0470938291999999994
6233117671	0.113811055699999997	0.0490372840000000004
6233119671	0.112118214600000002	0.0485117922000000007
6233121671	0.111025529900000003	0.044861537299999997
6233123671	0.109133503199999995	0.0483981138999999977
6233125671	0.108461740200000004	0.0501172132999999978
6233127671	0.107158698900000002	0.0446074736999999971
6233129671	0.107181105400000004	0.0477638937999999985
6233131671	0.105143291400000005	0.0420325481999999986
6233133671	0.101125828099999995	0.042877122400000002
6233135671	0.101593499099999998	0.0413350727999999973
6233137671	0.099977077999999997	0.0417622138000000032
6233139671	0.100838175599999996	0.0404640061999999995
6233141671	0.1002453497	0.0432907037999999966
6233143671	0.098823047799999994	0.0393281757000000023
6233145671	0.0917934859999999936	0.0385966552999999976
6233147671	0.0934504364999999976	0.0361857786000000028
6233149671	0.0929978151000000058	0.0356271616999999999
6233151671	0.0902802174000000013	0.0362151354000000009
6233153671	0.0898376887999999957	0.0369630260999999974
6233155671	0.0888777693000000063	0.0389454949000000022
6233157671	0.0825155853999999939	0.0372164222000000017
6233159671	0.0847843385999999949	0.0352143997999999972
6233161671	0.0808127386000000031	0.0387180240999999981
6233163671	0.0823314361999999966	0.0373536715999999991
6233165671	0.0810108343000000009	0.0341899820000000007
6233167671	0.0790255462999999991	0.0346628464999999969
6233169671	0.0737721845999999987	0.0336907764999999984
6233171671	0.0753917134999999988	0.0307763965000000007
6233173671	0.0711015923000000022	0.0331249431999999996
6233175671	0.0702120789999999967	0.032097055200000002
6233177671	0.0701677817000000009	0.0327553615999999978
6233179671	0.0641925098000000055	0.0304396439000000005
6233181671	0.0636642795000000039	0.0364772995999999988
6233183671	0.0667221263000000037	0.0296670316999999989
6233185671	0.060952458000000001	0.0318963752000000003
6233187671	0.0606860405999999977	0.0330321999999999977
6233189671	0.0548710265999999974	0.0303959009999999995
6233191671	0.0556594728999999996	0.0301387215
6233193671	0.0565376143999999983	0.032264461799999998
6233195671	0.0576267021000000032	0.0313550182000000011
6233197671	0.0509790531999999991	0.0312494510999999989
6233199671	0.0536981230000000004	0.0334188864000000002
6233201671	0.0509969362000000023	0.0307844284999999988
6233203671	0.0523707366000000021	0.0346944168000000025
6233205671	0.0451121532999999991	0.0338918489000000003
6233207671	0.0507756987999999979	0.0320856423000000016
6233209671	0.0438203065999999974	0.0325124198999999989
6233211671	0.0416368742	0.0352442628999999966
6233213671	0.0443674449999999984	0.0331361677999999979
6233215671	0.0390516310999999977	0.0326190546000000026
6233217671	0.0383602113000000022	0.0341365731999999991
6233219671	0.0358656770999999999	0.0327122243000000021
6233221671	0.0319942991999999996	0.034386659600000001
6233223671	0.0318218144999999966	0.0333018365000000011
6233225671	0.0294260492999999998	0.0342974344
6233227671	0.0288436705999999994	0.033958662399999999
6233229671	0.0295849068999999992	0.0334606892999999989
6233231671	0.0256314919999999988	0.033875715100000002
6233233671	0.0234778024000000009	0.0342711976999999987
6233235671	0.0286657335999999999	0.0348296602000000011
6233237671	0.0229584052000000004	0.0368619961000000024
6233239671	0.0200521469000000015	0.0378408511999999975
6233241671	0.0245447838000000008	0.0381566621999999966
6233243671	0.0158432256	0.0381244527999999999
6233245671	0.0150254667999999997	0.042013822499999999
6233247671	0.0137039556999999992	0.0391513373999999997
6233249671	0.0131106157999999993	0.0375876081999999972
6233251671	0.0125186606999999998	0.0453662210999999996
6233253671	0.0157546666000000016	0.0417071753000000031
6233255671	0.0118547210000000004	0.0441158632000000009
6233257671	0.00892020869999999959	0.0438014263000000015
6233259671	0.00839458560000000062	0.0456102985000000002
6233261671	0.00623430360000000027	0.0452066654999999998
6233263671	0.00829527430000000059	0.0483443562000000007
6233265671	0.00425255990000000025	0.0468066507000000007
6233267671	0.00366985339999999997	0.0462200590000000008
6233269671	-0.000996785800000000088	0.0468797124000000023
6233271671	-0.00115089870000000005	0.0522406997999999984
6233273671	-0.00287899089999999998	0.0551618030000000023
6233275671	0.00118649259999999992	0.0489932533999999989
6233277671	-0.00544420869999999966	0.0545346326000000006
6233279671	-0.00585720029999999958	0.0551599555999999977
6233281671	-0.00566961139999999988	0.053841370999999999
6233283671	-0.00647772350000000007	0.0554407098000000015
6233285671	-0.00393021820000000015	0.0553957458
6233287671	-0.0111989080000000005	0.0565900694999999995
6233289671	-0.00853875060000000054	0.0586679470999999994
6233291671	-0.00882723849999999914	0.0563453376000000034
6233293671	-0.0116820008999999995	0.0608255109999999988
6233295671	-0.0154595103999999994	0.0589242272999999997
6233297671	-0.0114020467999999993	0.0575813369000000019
6233299671	-0.0132159631999999999	0.061046544799999998
6233301671	-0.0148836611000000008	0.062099148899999998
6233303671	-0.0130811973999999994	0.0652559498000000043
6233305671	-0.0147450407999999995	0.0636042406000000005
6233307671	-0.0147822843000000002	0.0671785297000000031
6233309671	-0.0199586798000000003	0.066068856499999995
6233311671	-0.0195278044000000012	0.0682070448999999995
6233313671	-0.0200081959000000011	0.0720766567000000052
6233315671	-0.0192954104000000008	0.0689862395000000045
6233317671	-0.0213897176000000001	0.0723901073000000062
6233319671	-0.0202001612000000004	0.0700310596999999951
6233321671	-0.0226103635000000011	0.0717806138000000038
6233323671	-0.0198779401000000015	0.0709007596000000018
6233325671	-0.0235534765	0.0754425556000000025
6233327671	-0.0238299013000000011	0.0724766419999999939
6233329671	-0.024834034599999999	0.0765675182000000037
6233331671	-0.0212048518999999984	0.0779853742999999933
6233333671	-0.0251138282999999983	0.081081584799999995
6233335671	-0.027497989300000001	0.0780819888999999961
6233337671	-0.028660623100000001	0.0776982890999999981
6233339671	-0.0293693296999999985	0.0797577401000000019
6233341671	-0.0303612537000000002	0.0825319355000000004
6233343671	-0.0270607323999999989	0.0828536390000000067
6233345671	-0.0286144028999999987	0.0801933997999999953
6233347671	-0.0291817776000000001	0.0834002771000000032
6233349671	-0.0313195641999999969	0.0904354891000000022
6233351671	-0.0290600427000000001	0.0841266442999999975
6233353671	-0.0310094004999999992	0.0876568481000000038
6233355671	-0.0293422511000000011	0.0875449824999999932
6233357671	-0.0267409556000000014	0.0932907345999999943
6233359671	-0.0340501359000000003	0.0879525295000000013
6233361671	-0.0305799842000000002	0.0936314089000000044
6233363671	-0.0323746762000000007	0.0908487030999999973
6233365671	-0.0343644807999999996	0.0955266200000000065
6233367671	-0.0381563956999999981	0.0938718679000000028
6233369671	-0.0312956131000000012	0.0973562932999999936
6233371671	-0.0340925298000000002	0.0952016796999999998
6233373671	-0.0307817433999999987	0.0993981790000000032
6233375671	-0.0346113311999999979	0.0973517542999999957
6233377671	-0.0311848535000000017	0.103492525700000004
6233379671	-0.0333307887000000025	0.0986848478999999973
6233381671	-0.0360290870000000013	0.103805357400000006
6233383671	-0.0371382327000000026	0.103891731000000001
6233385671	-0.0363182799000000001	0.1024961863
6233387671	-0.0387075767999999973	0.101818285999999994
6233389671	-0.0366957639999999988	0.106490052399999993
6233391671	-0.0374257157000000007	0.106982929500000004
6233393671	-0.0351957072999999968	0.107332799699999995
6233395671	-0.0370310902999999997	0.108387984699999995
6233397671	-0.0388912528999999993	0.111201250500000001
6233399671	-0.038186392999999999	0.106127155000000001
6233401671	-0.0382144104000000026	0.113485201999999993
6233403671	-0.0381911165999999982	0.1112717129
6233405671	-0.0429613967000000013	0.111349849099999995
6233407671	-0.0390606031000000006	0.111218237400000003
6233409671	-0.0414213444999999986	0.116156814400000002
6233411671	-0.0371697973000000015	0.116415004399999994
6233413671	-0.0410678365000000031	0.118772709599999998
6233415671	-0.0391946685000000017	0.116087680600000007
6233417671	-0.0385247088000000015	0.118715668499999996
6233419671	-0.0372452844000000019	0.119291229999999998
6233421671	-0.0357427040000000001	0.119513657800000006
6233423671	-0.0394973983000000001	0.117116743800000006
6233425671	-0.0410267727999999998	0.122706136499999993
6233427671	-0.0372329404999999988	0.122626016700000007
6233429671	-0.0381844755999999966	0.123134558399999997
6233431671	-0.0379747575999999989	0.124086252600000002
6233433671	-0.0384676452999999988	0.125226959599999993
6233435671	-0.0400438846999999973	0.123205162699999995
6233437671	-0.0355464356999999967	0.127473081099999996
6233439671	-0.0433168905000000035	0.123417840799999998
6233441671	-0.0366346008000000001	0.133810842200000002
6233443671	-0.0380066351999999996	0.130524982699999986
6233445671	-0.0378936784999999998	0.129388057100000009
6233447671	-0.0357230332999999983	0.1302926264
6233449671	-0.0396946065000000001	0.129784875999999993
6233451671	-0.033097579600000003	0.132054670000000013
6233453671	-0.0350745369000000015	0.133382915500000004
6233455671	-0.0411070399999999975	0.130212927499999992
6233457671	-0.0392265357999999967	0.135675786200000009
6233459671	-0.0372159349999999986	0.134428642999999987
6233461671	-0.036392053700000003	0.134651239199999995
6233463671	-0.0394181924999999975	0.132703918400000009
6233465671	-0.0384939783999999965	0.137573095899999998
6233467671	-0.0400820043000000015	0.14006438060000001
6233469671	-0.0391642528000000004	0.138136424799999991
6233471671	-0.0355025288000000022	0.138884946300000006
6233473671	-0.0343897477000000007	0.138317267399999999
6233475671	-0.0378158701000000028	0.141698513800000009
6233477671	-0.0340137511999999975	0.142386286000000001
6233479671	-0.0363053710000000029	0.143461039799999995
6233481671	-0.0397140251000000014	0.144258228399999994
6233483671	-0.0379251499000000034	0.141382303699999989
6233485671	-0.0380613476999999978	0.1436752902
6233487671	-0.0401088875000000025	0.144269402600000013
6233489671	-0.0358219836999999972	0.141004410599999991
6233491671	-0.0333140463999999983	0.149277620400000005
6233493671	-0.0362371327000000007	0.150523075799999989
6233495671	-0.0374838424000000017	0.14786210629999999
6233497671	-0.0362604173000000002	0.148549486199999997
6233499671	-0.0324892610999999998	0.148281002100000003
6233501671	-0.0348532865999999983	0.150769740799999996
6233503671	-0.0334855233000000002	0.153658095699999997
6233505671	-0.0373625170999999992	0.152401264199999997
6233507671	-0.0347825271000000019	0.154343657500000009
6233509671	-0.0367833920999999994	0.15254639049999999
6233511671	-0.0372094368999999967	0.152466628100000001
6233513671	-0.0353395768000000013	0.152293044900000007
6233515671	-0.0337823346999999996	0.155616486299999995
6233517671	-0.0340073373000000026	0.15927915379999999
6233519671	-0.0363670331000000013	0.153562739599999998
6233521671	-0.0295419081	0.157674619999999988
6233523671	-0.0342879534000000014	0.158673529000000008
6233525671	-0.0315757502999999967	0.156191579200000014
6233527671	-0.033417973400000002	0.160505645499999988
6233529671	-0.0363219449	0.158020063900000007
6233531671	-0.0336046107000000024	0.159077451300000006
6233533671	-0.0305728279999999998	0.1580297903
6233535671	-0.0327962933000000012	0.159884921099999994
6233537671	-0.0338632947999999989	0.160901369099999997
6233539671	-0.0361813408999999975	0.15603434229999999
6233541671	-0.0311690826999999997	0.160524021500000003
6233543671	-0.0278553524999999996	0.161515089700000003
6233545671	-0.0305892695999999999	0.161076248799999988
6233547671	-0.0330979281	0.161556958700000003
6233549671	-0.0291590187999999986	0.163532557999999995
6233551671	-0.0280511917999999999	0.164353187900000003
6233553671	-0.0253838096000000013	0.16683123150000001
6233555671	-0.0302352710000000011	0.164848878700000007
6233557671	-0.0311313605	0.169267535599999991
6233559671	-0.0273893101999999992	0.167932821300000007
6233561671	-0.027390175499999999	0.165971310300000008
6233563671	-0.0307540856000000015	0.169872597399999992
6233565671	-0.0282649480999999994	0.168147764100000013
6233567671	-0.0279314049999999994	0.168636522600000005
6233569671	-0.0267401794000000012	0.16905459610000001
6233571671	-0.0300400023000000002	0.167475138500000009
6233573671	-0.0279750414999999988	0.169845681800000009
6233575671	-0.0291823494999999995	0.170557244800000007
6233577671	-0.0302875457000000015	0.170228354299999995
6233579671	-0.0244982948000000006	0.168821077300000011
6233581671	-0.0290318947999999993	0.170264952100000005
6233583671	-0.0247570496999999987	0.172184420300000002
6233585671	-0.0275344266999999997	0.1706619053
6233587671	-0.0250487117000000002	0.171894028300000001
6233589671	-0.0282713279999999983	0.170065907999999988
6233591671	-0.025036953800000001	0.177047156700000013
6233593671	-0.0271596753999999996	0.17126833520000001
6233595671	-0.0254645249000000004	0.173493426499999992
6233597671	-0.0254101748000000009	0.175666322699999988
6233599671	-0.0244337077000000014	0.174169423500000004
6233601671	-0.0192469104999999988	0.175563859300000014
6233603671	-0.026965368	0.174492426199999995
6233605671	-0.0229160570000000001	0.177081306599999988
6233607671	-0.0253184810000000003	0.177140364599999989
6233609671	-0.0200993653999999994	0.177993586600000003
6233611671	-0.0233373875999999987	0.176722277399999989
6233613671	-0.0241124670999999999	0.181353480499999997
6233615671	-0.0235449759999999987	0.178817418899999997
6233617671	-0.0218298152999999995	0.180792463200000003
6233619671	-0.0203988225000000002	0.178277606300000002
6233621671	-0.0219715275999999987	0.181749107999999993
6233623671	-0.0213868439999999986	0.176553372300000011
6233625671	-0.0239799870999999991	0.176808771300000001
6233627671	-0.0207274937999999999	0.178635320399999992
6233629671	-0.0211774597000000016	0.182907737900000006
6233631671	-0.01814669	0.182711302500000006
6233633671	-0.0207425824999999987	0.183553150299999995
6233635671	-0.0201988615999999996	0.182010534899999993
6233637671	-0.0200626520000000003	0.186680340899999991
6233639671	-0.0191624931000000005	0.183098711200000014
6233641671	-0.0164397442999999997	0.183403686700000013
6233643671	-0.0219486020999999989	0.182849752300000001
6233645671	-0.0177581267999999994	0.18707143309999999
6233647671	-0.016814382499999999	0.183744048399999998
6233649671	-0.0197936735000000009	0.187756690899999995
6233651671	-0.0164678995999999987	0.188201548699999999
6233653671	-0.0139804222000000002	0.183731001700000007
6233655671	-0.0191040989000000015	0.186947900800000011
6233657671	-0.0152554892999999994	0.189624368300000012
6233659671	-0.0150750290000000002	0.184174603900000011
6233661671	-0.016081735199999999	0.189382343499999994
6233663671	-0.0150801523999999996	0.187208881900000013
6233665671	-0.0154031632999999998	0.187083858800000002
6233667671	-0.0135920946000000001	0.186879089599999992
6233669671	-0.0176880979999999993	0.188641403200000002
6233671671	-0.0126600984	0.185042019299999999
6233673671	-0.0152372258000000003	0.187323083499999987
6233675671	-0.0164497441000000001	0.190523601600000009
6233677671	-0.0133578232000000005	0.187171645400000003
6233679671	-0.0135556778000000006	0.194009645199999997
6233681671	-0.0137252025999999999	0.191084855199999987
6233683671	-0.0133734262	0.191239962099999994
6233685671	-0.0149766936999999999	0.188200397200000008
6233687671	-0.0108120800999999996	0.188804764000000014
6233689671	-0.0113991939999999996	0.192881966099999996
6233691671	-0.00877741819999999957	0.189280421700000007
6233693671	-0.0103288766000000001	0.189433858399999988
6233695671	-0.00815998889999999984	0.189224851700000002
6233697671	-0.00939883969999999978	0.191921309000000012
6233699671	-0.0102126210999999995	0.194817923400000009
6233701671	-0.00878487680000000076	0.190590202399999992
6233703671	-0.0103394294000000008	0.193157031400000012
6233705671	-0.0111075449999999999	0.19358819599999999
6233707671	-0.00901179250000000084	0.191770645600000011
6233709671	-0.00756798879999999972	0.193941929799999996
6233711671	-0.00767031350000000039	0.195510543499999995
6233713671	-0.00842184519999999992	0.1928628966
6233715671	-0.00931848159999999932	0.193032228299999997
6233717671	-0.00690219640000000034	0.194617209900000004
6233719671	-0.00874443299999999937	0.1950364718
6233721671	-0.00630207820000000009	0.195027481000000003
6233723671	-0.00531156239999999984	0.195907889899999993
6233725671	-0.0044812869	0.195373972600000001
6233727671	-0.00830337740000000081	0.197210513599999998
6233729671	-0.00312184050000000003	0.195646254999999991
6233731671	-0.00683318330000000015	0.197401361199999986
6233733671	-0.00542018410000000023	0.196582758400000002
6233735671	-0.00470534369999999966	0.200331211700000011
6233737671	-0.00602689219999999991	0.197435514799999989
6233739671	-0.00490925140000000003	0.197006046200000007
6233741671	-0.00388838970000000015	0.197540266599999986
6233743671	-0.00815191260000000008	0.197478607899999992
6233745671	-0.00596252669999999992	0.196573247700000009
6233747671	-0.000930919599999999983	0.199547224500000009
6233749671	-0.00667085699999999965	0.197651837699999999
6233751671	-0.00623191839999999962	0.201986733000000002
6233753671	-0.000952521700000000032	0.201576134500000004
6233755671	-0.00192764530000000007	0.197259613199999989
6233757671	-0.00395455630000000023	0.198597020200000002
6233759671	-0.00133237169999999997	0.200119819599999998
6233761671	-0.00214408069999999984	0.200702082300000001
6233763671	-0.0015409925000000001	0.197359562300000013
6233765671	-0.00362543480000000013	0.20133487759999999
6233767671	-0.00271882200000000008	0.199794957800000006
6233769671	0.00165404929999999999	0.203653355499999994
6233771671	0.000727154799999999986	0.201520670799999996
6233773671	-0.00292173540000000009	0.198524162899999995
6233775671	0.00117693599999999995	0.204428592200000009
6233777671	0.00246008099999999981	0.204481332999999987
6233779671	0.00127073130000000009	0.20209121599999999
6233781671	-0.000421551700000000011	0.201533895299999988
6233783671	0.0012724240999999999	0.202241650100000003
6233785671	0.00244638510000000017	0.203919115200000001
6233787671	0.00594866720000000043	0.204842699200000006
6233789671	0.00227836910000000017	0.201537685900000013
6233791671	0.00110480069999999999	0.202990159700000006
6233793671	0.00259769689999999991	0.203086126700000008
6233795671	0.000410715799999999975	0.201855286800000006
6233797671	0.00626234250000000034	0.204125259599999997
6233799671	0.00302378279999999987	0.202302947799999994
6233801671	0.0036662407000000001	0.206551982200000012
6233803671	0.00248914489999999987	0.202871704600000008
6233805671	0.00330922690000000005	0.204701759300000008
6233807671	0.00362471709999999999	0.204359357299999989
6233809671	0.0048691091000000004	0.205830127400000007
6233811671	0.00624246210000000031	0.204986562399999989
6233813671	0.00656864299999999988	0.204385238899999988
6233815671	0.00549422569999999996	0.206384909199999994
6233817671	0.00867353430000000064	0.204089497600000003
6233819671	0.00613462769999999994	0.2052249669
6233821671	0.00797565589999999977	0.204335967600000001
6233823671	0.00807326660000000015	0.207783669599999998
6233825671	0.00904113359999999915	0.206929277999999994
6233827671	0.00661751159999999974	0.207674665000000008
6233829671	0.00719461259999999974	0.207895369599999991
6233831671	0.00772051270000000036	0.204560173399999989
6233833671	0.00990105559999999996	0.20583409250000001
6233835671	0.0079184063999999995	0.208601865500000011
6233837671	0.00657786409999999971	0.205728299100000012
6233839671	0.00770376220000000035	0.206259641500000007
6233841671	0.00989492590000000047	0.205649314199999989
6233843671	0.0111687999	0.20833201400000001
6233845671	0.00589200570000000031	0.20617892530000001
6233847671	0.00752805180000000029	0.205265301900000002
6233849671	0.00928221419999999964	0.207885274000000009
6233851671	0.0118577439999999999	0.205167046600000014
6233853671	0.00841515760000000057	0.206551545899999994
6233855671	0.00946525970000000084	0.207901179699999994
6233857671	0.00920926690000000055	0.207660367699999987
6233859671	0.00420062180000000014	0.20977017240000001
6233861671	0.0146346536000000003	0.208269200300000012
6233863671	0.0115692620999999999	0.207877668099999996
6233865671	0.0122566498999999995	0.205851090900000006
6233867671	0.0120652371000000008	0.20725770369999999
6233869671	0.00656737440000000009	0.208368634899999988
6233871671	0.0133288104999999997	0.210443664800000013
6233873671	0.0166684196000000014	0.207067538699999998
6233875671	0.0134216926	0.203058163000000014
6233877671	0.0113677890999999993	0.208954617700000012
6233879671	0.0115450857000000007	0.209374166400000006
6233881671	0.0149933051999999994	0.209775671699999999
6233883671	0.0161026600999999991	0.206956110199999987
6233885671	0.0153245975999999999	0.211115224900000009
6233887671	0.0171292538000000008	0.209157515999999988
6233889671	0.0166660079999999995	0.2074156469
6233891671	0.0138539773000000005	0.211203803999999995
6233893671	0.0147458807000000001	0.210318394299999989
6233895671	0.0157561903000000003	0.210803868799999988
6233897671	0.016443118100000001	0.213345496400000001
6233899671	0.0146419671000000001	0.209410809400000009
6233901671	0.0153410834000000003	0.208877170400000006
6233903671	0.0169116384000000015	0.211125434499999987
6233905671	0.0170699261000000005	0.209405626099999992
6233907671	0.0182521964000000002	0.214856869099999986
6233909671	0.0188932204999999985	0.212158194200000011
6233911671	0.016211431200000001	0.210275991200000012
6233913671	0.0178153861000000004	0.21111473389999999
6233915671	0.0210439250999999994	0.209444106200000008
6233917671	0.0187761544000000016	0.211092798999999998
6233919671	0.018581575999999999	0.208794709599999989
6233921671	0.0153794879000000006	0.214098116599999999
6233923671	0.0219336510999999998	0.211869603399999995
6233925671	0.0218544945999999997	0.216539913400000006
6233927671	0.0222339541999999994	0.208752916099999991
6233929671	0.0212873478999999997	0.21043557169999999
6233931671	0.019304360999999999	0.212534297499999997
6233933671	0.0215642392000000016	0.209510189000000013
6233935671	0.0220108998000000007	0.214601279400000011
6233937671	0.0216231050000000001	0.209331916700000009
6233939671	0.0228694226000000014	0.211147674099999988
6233941671	0.0203679376000000002	0.213748720100000011
6233943671	0.0212074478999999989	0.210469163399999992
6233945671	0.0237217836000000008	0.209546784200000002
6233947671	0.0267752469999999985	0.214088047400000009
6233949671	0.0252947954000000003	0.215480988300000009
6233951671	0.0221519847999999998	0.21607502549999999
6233953671	0.0244203566999999996	0.214248056999999992
6233955671	0.0245687974000000017	0.211312780300000003
6233957671	0.0249996707000000006	0.211588922900000004
6233959671	0.0234183706999999998	0.213560249499999993
6233961671	0.0263488456000000003	0.210783174800000001
6233963671	0.0247275734000000011	0.209325804899999995
6233965671	0.0215057017999999989	0.21424612509999999
6233967671	0.0242032723999999998	0.211707983099999997
6233969671	0.0255041295000000001	0.210883119600000002
6233971671	0.0278343901999999997	0.216333263500000011
6233973671	0.0231423050999999998	0.216773255599999992
6233975671	0.0245471249999999995	0.214549565500000011
6233977671	0.0249689347999999985	0.214413199700000001
6233979671	0.0266228181000000008	0.212535671600000003
6233981671	0.0277085577999999985	0.216600071799999988
6233983671	0.0277574730999999991	0.216202814399999999
6233985671	0.0264382649000000011	0.214412963499999998
6233987671	0.0283723277999999995	0.214282850200000013
6233989671	0.0288673737999999985	0.218036237699999996
6233991671	0.0286558560000000004	0.217878182499999989
6233993671	0.0335968432999999983	0.212661270499999999
6233995671	0.0276349333000000009	0.214017863599999997
6233997671	0.0271689126999999989	0.213534728199999996
6233999671	0.0295055466999999995	0.213680272000000004
6234001671	0.0305993358999999999	0.214711762299999998
6234003671	0.0337584388999999999	0.215743598300000006
6234005671	0.0272964033000000009	0.216127045999999989
6234007671	0.0274867887000000005	0.216223387600000011
6234009671	0.0301835932000000008	0.215282585800000009
6234011671	0.0287725427000000006	0.215696070099999998
6234013671	0.0257647659000000001	0.214954893099999989
6234015671	0.0278641316999999993	0.217249668499999993
6234017671	0.0312903465000000033	0.211020553400000005
6234019671	0.028955301499999999	0.214138809200000002
6234021671	0.0329680918000000017	0.216456967
6234023671	0.0328735516000000019	0.219313028999999993
6234025671	0.0295422892999999999	0.216988400100000006
6234027671	0.0326063509999999987	0.216635205500000011
6234029671	0.032497692100000003	0.21591941910000001
6234031671	0.0341763671000000005	0.21595994939999999
6234033671	0.0345195400000000013	0.218091319099999986
6234035671	0.0349366622999999973	0.217667150799999987
6234037671	0.0321617988000000021	0.213923494999999991
6234039671	0.0296518363999999993	0.214722977600000003
6234041671	0.0310538866000000004	0.218046584999999987
6234043671	0.028853135299999999	0.215185574399999996
6234045671	0.0345516079999999975	0.211504048299999997
6234047671	0.0347076813000000012	0.214555610300000005
6234049671	0.0357404461000000034	0.218091880399999993
6234051671	0.0359598439999999978	0.21403737049999999
6234053671	0.0380497257000000019	0.214048664500000013
6234055671	0.0338060568999999991	0.219303126999999987
6234057671	0.0364524608000000028	0.216058212899999991
6234059671	0.0351218432999999969	0.21484356369999999
6234061671	0.0364640885999999997	0.215887181700000014
6234063671	0.0339420942000000017	0.218002748999999996
6234065671	0.0359165182999999985	0.215314116
6234067671	0.03683144	0.212311895700000003
6234069671	0.0365742194999999978	0.217238194699999998
6234071671	0.0362853547000000012	0.218615686300000001
6234073671	0.0384018641999999966	0.215704235900000013
6234075671	0.0385190514999999983	0.218030450799999997
6234077671	0.0375798835000000012	0.215968278000000014
6234079671	0.0340701403000000028	0.216337376299999995
6234081671	0.033017682399999998	0.217943823799999992
6234083671	0.0368681723000000017	0.219277068800000002
6234085671	0.0388282439999999979	0.217459338199999991
6234087671	0.0362519628999999968	0.216722596600000011
6234089671	0.038533316300000002	0.216410717199999991
6234091671	0.036032541199999997	0.217536852400000008
6234093671	0.0382576660000000027	0.216594521600000006
6234095671	0.0388132337999999993	0.21676136700000001
6234097671	0.0391476993999999995	0.219078022000000011
6234099671	0.0389304134000000024	0.219721250499999993
6234101671	0.0383521371000000028	0.217959509699999998
6234103671	0.0398334279999999971	0.213389674400000007
6234105671	0.0404785121999999969	0.221151344299999997
6234107671	0.0434272420999999992	0.217797682200000009
6234109671	0.0411861757000000009	0.221496680299999998
6234111671	0.0421725505000000028	0.220153143699999998
6234113671	0.0399746822000000002	0.216711137199999987
6234115671	0.0410286100000000001	0.220093440700000004
6234117671	0.0398041660000000019	0.217351513200000013
6234119671	0.0397029014999999985	0.220074279900000003
6234121671	0.0405742222000000027	0.215103233000000005
6234123671	0.0426443277999999995	0.216314641000000002
6234125671	0.0417780310000000002	0.213898265400000009
6234127671	0.0406690519999999972	0.216445476599999992
6234129671	0.0421932349000000012	0.219228129500000007
6234131671	0.0448983031000000019	0.2158892902
6234133671	0.0468886234999999971	0.214962159399999991
6234135671	0.0429281803000000003	0.217085827600000003
6234137671	0.0415683992000000016	0.222640150300000006
6234139671	0.0446384936999999968	0.217013112499999994
6234141671	0.0404473184000000013	0.220824947900000013
6234143671	0.0447824746999999981	0.219048102699999997
6234145671	0.0446534420000000015	0.221514128199999993
6234147671	0.0465252925999999969	0.217511103700000014
6234149671	0.0463170990000000005	0.216396326299999997
6234151671	0.0458829372000000013	0.21479700639999999
6234153671	0.044694823699999997	0.217074816400000009
6234155671	0.0470773520999999973	0.215982693199999992
6234157671	0.0464978841999999989	0.21973511879999999
6234159671	0.0433009618999999971	0.217292704199999992
6234161671	0.0501251606999999974	0.221395756400000004
6234163671	0.0476698362999999972	0.219108889800000012
6234165671	0.0484066407999999976	0.21960180239999999
6234167671	0.0450695277000000005	0.221181184800000014
6234169671	0.0482899417999999997	0.219780368899999995
6234171671	0.0495676488000000026	0.218456864800000011
6234173671	0.043602138399999997	0.216758750100000008
6234175671	0.0430191525999999991	0.217480319000000005
6234177671	0.0467874522000000029	0.218071557199999988
6234179671	0.0503213049000000023	0.215235743899999998
6234181671	0.048584221900000002	0.215890208400000005
6234183671	0.0514849856999999994	0.223367537499999991
6234185671	0.0500826009999999974	0.218564511699999992
6234187671	0.0478431533000000034	0.221286008799999989
6234189671	0.050727398600000001	0.217617220599999994
6234191671	0.0471739153000000008	0.221194721099999991
6234193671	0.0552781073999999983	0.215654689000000011
6234195671	0.0491492555000000025	0.221519109299999989
6234197671	0.0489594684999999988	0.220540425600000006
6234199671	0.0541157620999999991	0.218794791999999988
6234201671	0.0482422211000000031	0.21575348829999999
6234203671	0.0495833471000000012	0.22035186570000001
6234205671	0.0518343974999999971	0.2143484685
6234207671	0.0490391129000000009	0.218130540900000003
6234209671	0.0528957117000000004	0.2153174967
6234211671	0.0526778706999999971	0.218465130000000007
6234213671	0.0503014961999999968	0.218462174399999987
6234215671	0.0507471741000000004	0.221235406100000004
6234217671	0.0547436744999999989	0.218252794100000008
6234219671	0.0502394850000000004	0.219329774199999994
6234221671	0.0537789042999999994	0.220421875699999992
6234223671	0.0506834244999999975	0.2201387816
6234225671	0.0495577827999999984	0.216592745400000009
6234227671	0.0561102140999999999	0.218838523199999996
6234229671	0.0526588079000000001	0.220098814599999998
6234231671	0.0544986467000000002	0.221450850899999996
6234233671	0.0526275678999999982	0.218363644100000004
6234235671	0.0554582482999999987	0.219611034700000013
6234237671	0.0547810575000000008	0.217142715799999997
6234239671	0.0530358646000000031	0.2219376079
6234241671	0.0524794358000000016	0.217824010799999995
6234243671	0.0523195310000000025	0.217007722900000005
6234245671	0.053635320799999997	0.220668011400000003
6234247671	0.0553770535999999966	0.215441088000000003
6234249671	0.0567255793000000022	0.218555756299999987
6234251671	0.0589584732	0.218821226199999996
6234253671	0.0559619056000000004	0.218692334399999994
6234255671	0.0554817930000000015	0.218477124100000003
6234257671	0.0516621932999999992	0.216826948900000011
6234259671	0.0564986461000000009	0.218929703199999992
6234261671	0.0525362332999999987	0.219911047700000001
6234263671	0.052367875500000001	0.22089821200000001
6234265671	0.0550654853000000014	0.218170689400000006
6234267671	0.059417277999999997	0.220849200299999993
6234269671	0.0576722174000000032	0.218740818000000004
6234271671	0.0602238741999999994	0.222718352799999991
6234273671	0.0602453060999999998	0.2180733584
6234275671	0.0563881273000000002	0.222796724000000002
6234277671	0.0584659268999999995	0.215850538000000008
6234279671	0.0591239059999999969	0.223588927800000004
6234281671	0.0567891182000000022	0.217280636299999996
6234283671	0.0571938171000000023	0.216815811999999997
6234285671	0.0571974556999999967	0.216995816000000008
6234287671	0.0578288471999999984	0.218286266499999992
6234289671	0.0581057592000000026	0.215796460999999995
6234291671	0.0579293665000000027	0.221295622999999997
6234293671	0.0572961328000000034	0.218790023100000008
6234295671	0.0596535733999999998	0.221738658100000013
6234297671	0.0600463020000000028	0.220007523799999993
6234299671	0.0571586985000000006	0.220035193200000007
6234301671	0.0601543407999999974	0.219415391200000004
6234303671	0.061850951500000001	0.216996008800000001
6234305671	0.0612509207999999972	0.220088918599999989
6234307671	0.0600667507999999989	0.217082193600000001
6234309671	0.0615677604999999989	0.215836089799999992
6234311671	0.0618754061999999966	0.217381793399999995
6234313671	0.0591093484999999988	0.217489862199999995
6234315671	0.0613009008999999966	0.220690022799999996
6234317671	0.0681341297999999984	0.21912124999999999
6234319671	0.0657154194999999969	0.218184715400000007
6234321671	0.0618017837000000014	0.219427049900000004
6234323671	0.0615493568000000033	0.223197162799999987
6234325671	0.0626057738000000003	0.220384459499999991
6234327671	0.0625368654000000024	0.217335434500000008
6234329671	0.0645638357999999968	0.216924112400000008
6234331671	0.062292711399999999	0.217382840399999999
6234333671	0.0623874069999999989	0.216940716499999992
6234335671	0.0630185781999999944	0.218012882800000002
6234337671	0.0636609892999999982	0.216937248500000013
6234339671	0.0636996269999999948	0.219483859100000012
6234341671	0.0629074862000000012	0.218989542199999998
6234343671	0.0657430689000000068	0.221058337399999999
6234345671	0.0632729929000000052	0.218634433500000003
6234347671	0.0664584252000000042	0.218446920300000014
6234349671	0.0656492931000000057	0.218074660799999986
6234351671	0.0658059148000000038	0.216478324400000005
6234353671	0.0646147640000000051	0.219987701199999997
6234355671	0.0673043108000000029	0.216105776299999996
6234357671	0.0677661863999999975	0.219712300400000005
6234359671	0.0659292060000000041	0.216360806099999997
6234361671	0.0642013693000000052	0.219027472000000001
