# freq, I e Q
6228440076	-0.176322939200000001	0.176260154899999993
6228442076	-0.172698665599999995	0.175170914900000002
6228444076	-0.177233832899999999	0.175375359199999997
6228446076	-0.176202742899999987	0.174439261600000006
6228448076	-0.177405558500000005	0.178594375
6228450076	-0.173082949099999994	0.173997216199999999
6228452076	-0.176768744400000011	0.174176263500000011
6228454076	-0.178530539399999993	0.173758586200000009
6228456076	-0.176557828100000008	0.180040978099999999
6228458076	-0.174585642699999988	0.180998978199999994
6228460076	-0.176510311199999992	0.178656357099999996
6228462076	-0.177009182300000012	0.175997545799999988
6228464076	-0.17404583039999999	0.176748367200000006
6228466076	-0.175213255600000006	0.1756582753
6228468076	-0.175156559500000003	0.179073567699999991
6228470076	-0.174919573800000006	0.17824196040000001
6228472076	-0.179089483599999988	0.180724245400000011
6228474076	-0.175037595399999996	0.180335129799999994
6228476076	-0.174934234900000013	0.17622589729999999
6228478076	-0.176685723099999997	0.178846408200000001
6228480076	-0.174467770500000008	0.181541064299999999
6228482076	-0.174970855799999991	0.181736862599999993
6228484076	-0.174794732700000011	0.17943973190000001
6228486076	-0.172314938000000001	0.17729292499999999
6228488076	-0.174445075599999999	0.180263322599999998
6228490076	-0.173106511600000013	0.181086115500000006
6228492076	-0.172405644999999996	0.177238005599999998
6228494076	-0.171636354299999988	0.180124411900000003
6228496076	-0.170974380000000009	0.178059795999999992
6228498076	-0.169229748099999994	0.180619216500000013
6228500076	-0.172977144700000002	0.181880996900000008
6228502076	-0.172090858900000004	0.180662116699999986
6228504076	-0.17140722659999999	0.178296131200000013
6228506076	-0.170413051900000001	0.18240441730000001
6228508076	-0.172433331200000012	0.177648073099999998
6228510076	-0.168655095499999991	0.185581850500000006
6228512076	-0.168214603800000001	0.17844308619999999
6228514076	-0.175026308900000011	0.181469622500000011
6228516076	-0.168609823999999991	0.18281075329999999
6228518076	-0.17148397600000001	0.184018798799999994
6228520076	-0.167075039700000011	0.177746097200000008
6228522076	-0.170146795699999992	0.181693559899999996
6228524076	-0.170493036399999992	0.182478062599999991
6228526076	-0.168370067099999993	0.182815856700000001
6228528076	-0.168457665499999992	0.183490680900000008
6228530076	-0.170203149100000006	0.185626598100000012
6228532076	-0.171498977699999999	0.182600459200000009
6228534076	-0.167898190199999992	0.179988764100000004
6228536076	-0.168921620299999992	0.188272858799999998
6228538076	-0.170103008800000011	0.187793235400000008
6228540076	-0.168017703099999999	0.185263739300000008
6228542076	-0.171805479300000008	0.185172802199999986
6228544076	-0.165492980099999992	0.187917025099999996
6228546076	-0.167208259400000003	0.18318458339999999
6228548076	-0.16620257690000001	0.1833868528
6228550076	-0.169315912000000013	0.184945252599999999
6228552076	-0.169095590600000012	0.187707962000000006
6228554076	-0.16341514339999999	0.186979372000000005
6228556076	-0.166977584900000003	0.186206666900000012
6228558076	-0.16719768539999999	0.184952767399999995
6228560076	-0.167615401800000008	0.183732787099999989
6228562076	-0.165820586999999992	0.187048408999999999
6228564076	-0.166624299000000003	0.185527958100000001
6228566076	-0.164993063599999989	0.185591375100000011
6228568076	-0.166691249399999991	0.1900543237
6228570076	-0.161732689099999993	0.187037055300000005
6228572076	-0.162456982400000005	0.183923939199999997
6228574076	-0.163304023699999995	0.185110565599999999
6228576076	-0.164337831500000003	0.183829056099999999
6228578076	-0.16461962790000001	0.186814290900000013
6228580076	-0.164278186900000012	0.1878396487
6228582076	-0.163241201000000002	0.188451576199999998
6228584076	-0.162102154999999998	0.187419308300000004
6228586076	-0.164126424599999987	0.184365272999999996
6228588076	-0.166305663500000006	0.186417229600000012
6228590076	-0.166311923	0.1876091483
6228592076	-0.161805897300000001	0.188013168700000011
6228594076	-0.162636106700000005	0.189362115500000011
6228596076	-0.165389146200000003	0.188668578599999998
6228598076	-0.160131249499999989	0.189585290399999995
6228600076	-0.162968077600000011	0.186916319899999989
6228602076	-0.156078491900000005	0.188034459799999998
6228604076	-0.160142898899999997	0.187921623900000001
6228606076	-0.161427788900000008	0.186478299399999992
6228608076	-0.161787670900000013	0.192767876799999988
6228610076	-0.162622543899999999	0.188024820399999987
6228612076	-0.1601087172	0.190299077300000008
6228614076	-0.1604879377	0.188199770300000013
6228616076	-0.156761829600000013	0.189798530100000001
6228618076	-0.161214468700000002	0.189370930399999998
6228620076	-0.159874967499999993	0.189922331599999994
6228622076	-0.157253165499999986	0.188123855400000012
6228624076	-0.159477882099999996	0.191903208999999991
6228626076	-0.160536496000000001	0.191258857799999987
6228628076	-0.159755505699999995	0.192709446700000009
6228630076	-0.15787841729999999	0.192852874199999996
6228632076	-0.161894222000000004	0.192393565600000011
6228634076	-0.156396805400000005	0.18940984629999999
6228636076	-0.157465141000000003	0.192674371700000013
6228638076	-0.158324747799999999	0.19064674370000001
6228640076	-0.158430605400000007	0.189837657800000004
6228642076	-0.157713009799999998	0.190694465499999993
6228644076	-0.159836578400000012	0.19212787240000001
6228646076	-0.158127572599999988	0.191084468000000007
6228648076	-0.158113596800000006	0.190023948100000006
6228650076	-0.156401161499999997	0.191955367799999999
6228652076	-0.156581730400000008	0.192732887800000002
6228654076	-0.15566023100000001	0.192733476900000006
6228656076	-0.153189820000000004	0.194159592800000003
6228658076	-0.155278015800000002	0.196947627399999992
6228660076	-0.155586433899999987	0.196301240999999987
6228662076	-0.154565933799999999	0.191652771999999999
6228664076	-0.15532885099999999	0.193416045499999995
6228666076	-0.159827253400000008	0.197308839799999997
6228668076	-0.152322889500000003	0.19373656689999999
6228670076	-0.154164439200000003	0.194602633599999991
6228672076	-0.147719759000000006	0.19449553759999999
6228674076	-0.155073608299999999	0.199343278200000001
6228676076	-0.15211993900000001	0.194423470200000004
6228678076	-0.152907915499999991	0.194599697699999991
6228680076	-0.153684567299999991	0.198908568300000005
6228682076	-0.156581034099999988	0.195574277800000002
6228684076	-0.151749131000000009	0.197688643200000014
6228686076	-0.1502350566	0.19635309279999999
6228688076	-0.153706650500000014	0.200340483000000014
6228690076	-0.151964295500000013	0.200461730300000002
6228692076	-0.149641045299999997	0.195706708199999996
6228694076	-0.149826080800000011	0.199520033900000004
6228696076	-0.152441247400000007	0.196468705599999988
6228698076	-0.150294838399999992	0.198240330500000006
6228700076	-0.152441823400000009	0.198906222100000002
6228702076	-0.15204291880000001	0.198753548599999996
6228704076	-0.149251397300000005	0.19876740670000001
6228706076	-0.149920566499999991	0.198335220000000007
6228708076	-0.147892898800000006	0.197846896900000013
6228710076	-0.153088533400000004	0.199683774499999994
6228712076	-0.149352753599999999	0.194919716100000001
6228714076	-0.144040416899999996	0.200241733300000002
6228716076	-0.144592223600000014	0.198195425700000011
6228718076	-0.147974547099999992	0.197756731099999999
6228720076	-0.14814331280000001	0.203153412700000008
6228722076	-0.143712272499999988	0.196732653199999996
6228724076	-0.144717507299999992	0.19866086220000001
6228726076	-0.147071453699999993	0.200183543900000011
6228728076	-0.14749979190000001	0.205243261099999991
6228730076	-0.1400591645	0.198682077600000007
6228732076	-0.146722389499999994	0.199154981499999995
6228734076	-0.142906367499999992	0.201041308499999988
6228736076	-0.145489363300000007	0.199967642899999992
6228738076	-0.146040696100000006	0.19742373399999999
6228740076	-0.144376261300000003	0.205484376999999996
6228742076	-0.142853540899999992	0.20201066279999999
6228744076	-0.143239878999999987	0.202878393699999993
6228746076	-0.141036739299999991	0.198904070500000002
6228748076	-0.146410523900000006	0.2002731435
6228750076	-0.1453785628	0.204943897000000014
6228752076	-0.141031842800000001	0.203322425299999998
6228754076	-0.141074097900000001	0.204166758000000004
6228756076	-0.141624722099999989	0.202375405499999994
6228758076	-0.139112052000000014	0.203771385899999991
6228760076	-0.135661444999999992	0.203036255100000007
6228762076	-0.139829115700000006	0.20434790089999999
6228764076	-0.138832088500000006	0.200463398799999998
6228766076	-0.140268487400000003	0.205396105200000012
6228768076	-0.139319227099999998	0.203927380399999997
6228770076	-0.141926764300000008	0.205399446600000007
6228772076	-0.139206105100000005	0.205068601900000008
6228774076	-0.134487066500000002	0.206689939299999986
6228776076	-0.13720224780000001	0.208448153299999994
6228778076	-0.135530012100000014	0.205561388099999992
6228780076	-0.136959653900000006	0.204113885100000003
6228782076	-0.137665219400000011	0.206558533999999988
6228784076	-0.136432408300000002	0.2086100491
6228786076	-0.137986313299999996	0.20658359770000001
6228788076	-0.137627869099999994	0.208202516899999995
6228790076	-0.136555162000000008	0.211861050200000012
6228792076	-0.135302613300000013	0.208131398100000004
6228794076	-0.132431150599999992	0.204045818399999995
6228796076	-0.134474704100000009	0.206345023500000002
6228798076	-0.133947509999999992	0.207623413000000007
6228800076	-0.133065927000000001	0.205184344600000013
6228802076	-0.132926934100000005	0.206579212200000001
6228804076	-0.133030966199999989	0.211622128100000001
6228806076	-0.137593947299999991	0.206593566799999989
6228808076	-0.133067231400000013	0.209504639999999992
6228810076	-0.133509086100000007	0.20518906340000001
6228812076	-0.130259156300000012	0.211236755199999987
6228814076	-0.12927746200000001	0.210881708599999995
6228816076	-0.132520305499999991	0.207237715699999991
6228818076	-0.132409662099999992	0.205126645299999993
6228820076	-0.132708161099999999	0.210010902899999991
6228822076	-0.129757625300000012	0.210199251100000012
6228824076	-0.126311300500000001	0.209323566399999994
6228826076	-0.128828317599999992	0.207939138999999995
6228828076	-0.127515105099999998	0.209628261700000013
6228830076	-0.127735699199999997	0.21071898389999999
6228832076	-0.132050389600000012	0.209810586100000002
6228834076	-0.128474565000000013	0.210390700099999994
6228836076	-0.123738063300000006	0.211862710700000012
6228838076	-0.127824322500000004	0.212020287800000012
6228840076	-0.124544198999999994	0.211084900800000003
6228842076	-0.124334201199999994	0.209885940500000007
6228844076	-0.124760594000000002	0.209160162900000002
6228846076	-0.124500650599999999	0.212896942199999994
6228848076	-0.125839430199999991	0.210435721200000009
6228850076	-0.122643132000000002	0.213354438899999999
6228852076	-0.128402228600000001	0.211454332100000003
6228854076	-0.126635183000000012	0.215961495499999989
6228856076	-0.125521814799999992	0.211668628299999995
6228858076	-0.122768691499999999	0.213958345599999988
6228860076	-0.12536783809999999	0.211033862099999997
6228862076	-0.121516893099999995	0.214851617200000011
6228864076	-0.123837554000000002	0.212886331200000001
6228866076	-0.122691866299999994	0.211782702699999992
6228868076	-0.122844387499999999	0.21558334870000001
6228870076	-0.121009328099999994	0.213836796100000004
6228872076	-0.119543141699999994	0.213456091600000009
6228874076	-0.119717728100000004	0.212083013099999995
6228876076	-0.121719164800000001	0.214835149800000014
6228878076	-0.117604179000000003	0.214532502300000011
6228880076	-0.116568415300000006	0.2137463057
6228882076	-0.119192986900000006	0.216009524400000014
6228884076	-0.115519861400000007	0.211444257899999988
6228886076	-0.115675963699999995	0.217599045399999996
6228888076	-0.114716099899999993	0.216596514800000001
6228890076	-0.113015965299999993	0.214513133999999994
6228892076	-0.113640532399999994	0.216161651600000004
6228894076	-0.114585332200000001	0.217709564800000005
6228896076	-0.114833203199999997	0.216587073500000005
6228898076	-0.113028420500000004	0.216235693300000004
6228900076	-0.108958180000000002	0.217155262300000013
6228902076	-0.113995448799999996	0.215597031500000008
6228904076	-0.111007711300000006	0.219139572000000005
6228906076	-0.1093328774	0.215339138799999996
6228908076	-0.112497970099999997	0.216576985700000002
6228910076	-0.1091974998	0.214387333200000002
6228912076	-0.110407681300000005	0.214566783000000011
6228914076	-0.110792398299999997	0.218436882199999988
6228916076	-0.1116705947	0.220080554499999997
6228918076	-0.106569431199999995	0.217397873699999994
6228920076	-0.107309331999999993	0.213693530599999987
6228922076	-0.105162557099999998	0.213510484599999995
6228924076	-0.109125455199999999	0.213399402900000007
6228926076	-0.108018943399999998	0.218483476799999993
6228928076	-0.102064609400000006	0.217059282200000009
6228930076	-0.105734720700000007	0.21895719990000001
6228932076	-0.103925324900000005	0.21415549989999999
6228934076	-0.105743783499999994	0.215947644299999991
6228936076	-0.107997802800000001	0.216721832400000008
6228938076	-0.106145795400000006	0.215609651799999996
6228940076	-0.105372734300000007	0.213035733100000013
6228942076	-0.104482799799999998	0.220362049799999987
6228944076	-0.102484071100000004	0.214077668800000009
6228946076	-0.100480339799999999	0.218778396300000011
6228948076	-0.101336319899999999	0.215701430100000008
6228950076	-0.102631040699999995	0.220269714499999991
6228952076	-0.096712686000000006	0.224210847299999988
6228954076	-0.0998267677999999936	0.219305608200000002
6228956076	-0.0945285867000000002	0.216552048500000011
6228958076	-0.0991406667000000047	0.217770628699999996
6228960076	-0.0952923222999999958	0.217585968699999993
6228962076	-0.0965597658999999969	0.223933939199999987
6228964076	-0.0973478509999999991	0.218754232200000009
6228966076	-0.0977914093000000068	0.216968264100000002
6228968076	-0.0973542077000000006	0.213244944600000014
6228970076	-0.0986377917000000048	0.217142249000000009
6228972076	-0.0934781336999999934	0.218552892400000004
6228974076	-0.0951582435999999976	0.218215080700000008
6228976076	-0.0953113560999999943	0.218852008099999995
6228978076	-0.0945012687000000018	0.2195718012
6228980076	-0.0908704085999999939	0.220721588999999996
6228982076	-0.0893793635999999975	0.220209484399999988
6228984076	-0.0908210812000000006	0.217257481400000008
6228986076	-0.0904494324000000016	0.220948610900000009
6228988076	-0.0888294203000000032	0.219376145100000003
6228990076	-0.085193639700000004	0.219517534900000005
6228992076	-0.0858450739999999934	0.222647730200000005
6228994076	-0.0883193971999999966	0.219297778100000007
6228996076	-0.0861053385000000032	0.219312800599999996
6228998076	-0.0875843860000000002	0.219882838299999994
6229000076	-0.0838883567999999941	0.217497224999999988
6229002076	-0.0867494838999999934	0.217090382599999993
6229004076	-0.086061698300000003	0.220212275900000004
6229006076	-0.0848039260999999961	0.215805101299999996
6229008076	-0.0838669550000000069	0.217073474200000005
6229010076	-0.0793226330999999979	0.22002023770000001
6229012076	-0.0850457106000000046	0.2231769911
6229014076	-0.080480951300000006	0.221217829000000005
6229016076	-0.0811669126999999963	0.219540176100000012
6229018076	-0.0792566011999999986	0.218364087900000003
6229020076	-0.0821256627000000045	0.219792028
6229022076	-0.0818998583999999974	0.219069430399999987
6229024076	-0.0749103606999999977	0.222189635999999996
6229026076	-0.0768041509000000067	0.218868775799999998
6229028076	-0.0760045909999999963	0.21967371690000001
6229030076	-0.0749838681000000035	0.22069085590000001
6229032076	-0.0751251488999999939	0.218648151600000007
6229034076	-0.0720294353999999942	0.217316625000000013
6229036076	-0.0751631930999999975	0.222147220300000003
6229038076	-0.0718310013999999969	0.220483815599999994
6229040076	-0.0726310965000000058	0.218831197000000005
6229042076	-0.0744092902000000056	0.214564135600000011
6229044076	-0.0689088110999999948	0.221819186800000012
6229046076	-0.0704551840999999984	0.216622880399999995
6229048076	-0.0652818820999999938	0.218465584900000009
6229050076	-0.0692816737999999988	0.222590682900000003
6229052076	-0.0670383271000000031	0.222925451299999994
6229054076	-0.0691251219999999972	0.220120851700000009
6229056076	-0.0686742250999999998	0.219814330800000013
6229058076	-0.0662387588999999999	0.220762926599999992
6229060076	-0.0636808975999999943	0.218879205399999999
6229062076	-0.0658656496000000063	0.219323381399999989
6229064076	-0.0670267825000000067	0.217806397699999987
6229066076	-0.0613825965999999987	0.217207947799999995
6229068076	-0.0601699672000000005	0.22129641550000001
6229070076	-0.0619331182999999993	0.219059202199999997
6229072076	-0.0595668081000000002	0.221382274399999995
6229074076	-0.0559441047999999982	0.218930077599999995
6229076076	-0.0558245049000000021	0.220550331799999999
6229078076	-0.0582474714000000005	0.216366433699999999
6229080076	-0.0577601478000000015	0.21619327390000001
6229082076	-0.0558153387000000015	0.218325494300000006
6229084076	-0.0563783085000000017	0.21676661559999999
6229086076	-0.0521080569999999993	0.21627191509999999
6229088076	-0.0527224509999999966	0.218804115699999996
6229090076	-0.0498150830999999975	0.217928893099999993
6229092076	-0.0486742179999999983	0.216992696799999996
6229094076	-0.0502065416000000014	0.218076007200000005
6229096076	-0.0495134893999999992	0.215121579400000013
6229098076	-0.050986575800000003	0.218024306499999987
6229100076	-0.0491793780999999972	0.213997265900000011
6229102076	-0.0443677327999999968	0.215390792599999992
6229104076	-0.0466585543000000019	0.214660541600000004
6229106076	-0.0455203498999999998	0.211145539699999996
6229108076	-0.047457086699999998	0.213290405399999994
6229110076	-0.042212872999999998	0.211814553399999994
6229112076	-0.0456347993000000007	0.211705429299999998
6229114076	-0.0422333054999999985	0.211824945600000009
6229116076	-0.0376737253999999966	0.217206205799999996
6229118076	-0.0398914589000000028	0.211199554900000003
6229120076	-0.0386142606999999999	0.213778783599999994
6229122076	-0.0377174691999999992	0.211561487100000001
6229124076	-0.0365815909000000022	0.209807284900000002
6229126076	-0.0310749157999999984	0.211476094100000012
6229128076	-0.0383829239999999988	0.211733619200000001
6229130076	-0.0334742286999999972	0.212931987500000003
6229132076	-0.0391813525999999968	0.209839865699999989
6229134076	-0.0354473709999999984	0.208523384300000003
6229136076	-0.0341702514999999984	0.206402592200000012
6229138076	-0.0341709297999999995	0.2077384236
6229140076	-0.0293246233999999995	0.207295616099999996
6229142076	-0.0324991831000000023	0.208175814399999992
6229144076	-0.0300022336999999986	0.207956943899999996
6229146076	-0.0271066207000000003	0.207030760499999994
6229148076	-0.0255703024999999994	0.205586909200000001
6229150076	-0.0282170664000000009	0.206133815599999992
6229152076	-0.0233935197000000004	0.203843258299999996
6229154076	-0.0236117555999999992	0.203630497399999999
6229156076	-0.0243527522999999989	0.203481627100000007
6229158076	-0.0221141348000000008	0.200650970699999986
6229160076	-0.0221718360000000003	0.20122612640000001
6229162076	-0.0194208278999999998	0.203844320699999998
6229164076	-0.0212509009999999991	0.200972745700000011
6229166076	-0.0183056202000000008	0.200109159499999995
6229168076	-0.0173579818999999996	0.198289219500000002
6229170076	-0.0158597525999999989	0.202715916899999987
6229172076	-0.0179761597000000009	0.200264043499999989
6229174076	-0.0124608072999999996	0.20025493359999999
6229176076	-0.0156062723999999993	0.196129718000000008
6229178076	-0.0127824856000000008	0.197648685299999988
6229180076	-0.0161048999999999984	0.197718663300000014
6229182076	-0.0105456373000000006	0.192725970599999991
6229184076	-0.00981982259999999996	0.194504467099999995
6229186076	-0.0103186770999999997	0.189934138700000005
6229188076	-0.0128028615000000002	0.19193995920000001
6229190076	-0.0118753199000000004	0.193647040399999998
6229192076	-0.00982161940000000032	0.191714013399999994
6229194076	-0.00820812500000000014	0.190723200000000009
6229196076	-0.0064058416	0.192845892800000002
6229198076	-0.00678015900000000001	0.188126712000000001
6229200076	-0.00702711030000000014	0.189102242799999987
6229202076	-0.00220635980000000002	0.185531959200000013
6229204076	-0.0040984582999999998	0.188248056599999991
6229206076	-0.00296355429999999986	0.18474975460000001
6229208076	0.000426568099999999979	0.182870500500000005
6229210076	0.00252458080000000007	0.1876559535
6229212076	-0.000925905800000000035	0.179493926100000006
6229214076	-0.00252430079999999999	0.181489362999999987
6229216076	0.00414576470000000037	0.177808400300000002
6229218076	0.00372742450000000019	0.179606916599999999
6229220076	0.00395121000000000014	0.179718690300000011
6229222076	0.00504053499999999963	0.174783005999999991
6229224076	0.00466805869999999991	0.176507055299999993
6229226076	0.00380868829999999985	0.178065693200000014
6229228076	0.00523062849999999992	0.177425537999999994
6229230076	0.00616284269999999978	0.172254262299999988
6229232076	0.00843665929999999967	0.172671198299999995
6229234076	0.00405922129999999968	0.170520455799999998
6229236076	0.00899160509999999934	0.16859654939999999
6229238076	0.0128793119000000008	0.169428599000000013
6229240076	0.00867638289999999972	0.167517908599999987
6229242076	0.0120407367000000005	0.168487021200000003
6229244076	0.00995604440000000084	0.168314367800000003
6229246076	0.0128420806999999994	0.16710879649999999
6229248076	0.0101491298999999997	0.163712058100000002
6229250076	0.0114577562000000004	0.161640871600000013
6229252076	0.0150880635000000003	0.160136088499999996
6229254076	0.0159865273999999988	0.158357095000000003
6229256076	0.0103247367	0.158791037899999987
6229258076	0.0130799782	0.156180101200000004
6229260076	0.0139185456999999999	0.153538214099999987
6229262076	0.0148705380000000009	0.154289082100000002
6229264076	0.0151256242999999995	0.154778201899999995
6229266076	0.017930952	0.150611419299999993
6229268076	0.0179789955000000008	0.148003066600000011
6229270076	0.0189791184000000016	0.148699273399999998
6229272076	0.0211432018999999985	0.146650140799999995
6229274076	0.0199632704000000001	0.145205811299999987
6229276076	0.0175986916000000007	0.1434504375
6229278076	0.0216592489000000006	0.144801078700000002
6229280076	0.021045387799999999	0.142958236300000013
6229282076	0.0191150622999999992	0.139755461100000006
6229284076	0.0228325355999999986	0.139265910900000012
6229286076	0.0226580640999999999	0.137184677499999991
6229288076	0.0205021069000000007	0.134499545400000003
6229290076	0.0211943423999999998	0.133964221200000011
6229292076	0.0230819511000000012	0.132274901599999994
6229294076	0.0223748016999999987	0.128587103400000013
6229296076	0.0232550509000000009	0.128337588800000013
6229298076	0.0225565395000000002	0.122356852500000002
6229300076	0.0240033026999999996	0.123429593800000001
6229302076	0.0210037502000000008	0.1217980439
6229304076	0.0240595525000000011	0.12767162239999999
6229306076	0.0223682550000000001	0.121426101100000003
6229308076	0.0215158626999999991	0.116021107100000007
6229310076	0.0184937769999999994	0.120670209599999995
6229312076	0.0245256532999999985	0.117473410799999997
6229314076	0.0229414878000000003	0.113514205800000004
6229316076	0.0230432432000000006	0.113242970499999998
6229318076	0.0209543865999999995	0.109445371599999994
6229320076	0.0242670669999999998	0.111190026499999997
6229322076	0.0223774485999999988	0.106964498000000005
6229324076	0.0259539680999999987	0.105961019700000006
6229326076	0.0221809638000000017	0.105964735800000001
6229328076	0.0211593527000000017	0.107808458499999996
6229330076	0.0194708276999999985	0.0980200898999999959
6229332076	0.020697858999999999	0.100395752500000005
6229334076	0.0196624920000000002	0.0983239122999999965
6229336076	0.0185107137000000005	0.0984799997999999954
6229338076	0.0182926565999999985	0.0952693373000000066
6229340076	0.0197825296000000012	0.0935404093999999964
6229342076	0.0192429229999999986	0.0955978194000000059
6229344076	0.0169501028999999998	0.0914222254999999956
6229346076	0.0182524485000000007	0.0883817283000000037
6229348076	0.0152982303999999996	0.0884658313000000057
6229350076	0.0206623855999999995	0.0877764526999999933
6229352076	0.0220064734000000005	0.0902727465000000007
6229354076	0.0164827695999999989	0.0861769462000000069
6229356076	0.0114331033000000006	0.0845740514999999971
6229358076	0.0162436169000000005	0.0796234574999999944
6229360076	0.0161364241000000012	0.080235664799999995
6229362076	0.0145841831000000002	0.0762959661000000011
6229364076	0.0121948270999999997	0.0748574404999999971
6229366076	0.0125880049999999993	0.0773748055000000046
6229368076	0.0139588917	0.0725250290000000047
6229370076	0.0112204664000000003	0.0760281646999999977
6229372076	0.00997810220000000005	0.0721962334000000039
6229374076	0.00986300870000000017	0.0699672939999999993
6229376076	0.00633862109999999961	0.0681410160999999931
6229378076	0.00565457289999999994	0.0704771351000000046
6229380076	0.00775323069999999965	0.0679799754999999978
6229382076	0.0052889781000000002	0.0683972907999999963
6229384076	0.00805759250000000031	0.0639785375999999961
6229386076	0.00177379009999999995	0.0631033661000000023
6229388076	-0.000592346700000000019	0.0659459092999999941
6229390076	0.00222654509999999995	0.0590837963999999993
6229392076	0.00143547500000000008	0.0586570350999999976
6229394076	-0.0023511897999999999	0.0603068058000000018
6229396076	-0.00318303720000000017	0.057586612500000002
6229398076	-0.00307064609999999983	0.0558420900999999983
6229400076	-0.00459529959999999994	0.0566766885000000026
6229402076	-0.00527110820000000011	0.0559637118999999975
6229404076	-0.00512925329999999995	0.0540662044999999994
6229406076	-0.00747804289999999972	0.0523545161999999994
6229408076	-0.00579785209999999964	0.0521928108000000029
6229410076	-0.00788905210000000016	0.0510601510999999994
6229412076	-0.0106690594	0.0464189249999999998
6229414076	-0.0107385972999999996	0.0457312186999999995
6229416076	-0.0141239532000000008	0.0468938974999999966
6229418076	-0.0136898813999999994	0.0446353375999999982
6229420076	-0.0112159049000000004	0.0463500983000000033
6229422076	-0.0151494547000000004	0.0421408061999999986
6229424076	-0.0171184433000000011	0.040449168700000003
6229426076	-0.0170479670000000007	0.0428381871000000011
6229428076	-0.0225858277999999996	0.0415761566999999985
6229430076	-0.022577101799999999	0.0438631603999999967
6229432076	-0.0211156353000000012	0.0421577169999999973
6229434076	-0.0214727673999999986	0.0424530425000000031
6229436076	-0.0227490433000000006	0.038963766900000002
6229438076	-0.0269338328999999994	0.0403250574999999972
6229440076	-0.0270948275999999995	0.0378765422000000018
6229442076	-0.0260143970000000016	0.0341626381999999978
6229444076	-0.0282680517000000013	0.0370825467999999978
6229446076	-0.0266295528000000011	0.0346728774999999975
6229448076	-0.0290979713000000008	0.0352295895999999997
6229450076	-0.0316298098999999999	0.030399686799999999
6229452076	-0.034889362799999997	0.0317210589000000015
6229454076	-0.0328021526000000022	0.0344549559000000005
6229456076	-0.0388932598999999976	0.0333945433000000028
6229458076	-0.0401250713000000023	0.0313945611000000027
6229460076	-0.0425843056999999983	0.0297800972000000011
6229462076	-0.0445295215999999966	0.0315854599000000014
6229464076	-0.0403536696999999972	0.0277369347000000002
6229466076	-0.0466854526000000034	0.029684654500000001
6229468076	-0.0432458214000000021	0.0274001684000000009
6229470076	-0.045755754400000001	0.0267376351000000005
6229472076	-0.0484868528000000007	0.0294849646
6229474076	-0.0474111789000000033	0.0270995810999999989
6229476076	-0.0515697632000000003	0.0294890589000000002
6229478076	-0.0481819844000000025	0.0270703366999999993
6229480076	-0.0509372697000000027	0.0296465859000000012
6229482076	-0.0499878445999999976	0.0310702300999999986
6229484076	-0.0597717421999999984	0.0256780843999999987
6229486076	-0.0596374933999999982	0.0256779123999999991
6229488076	-0.0580131092999999973	0.0266219720000000007
6229490076	-0.0600534643999999992	0.0272252715999999999
6229492076	-0.0622814197	0.026117248400000001
6229494076	-0.0620626182000000026	0.0243749982000000011
6229496076	-0.0634976502999999998	0.0285147546000000009
6229498076	-0.0668756246000000026	0.0285838593000000002
6229500076	-0.0643526637000000068	0.0246479851999999999
6229502076	-0.0646613360999999942	0.0271769946999999984
6229504076	-0.069851247800000002	0.0256683454999999984
6229506076	-0.0670633323000000003	0.0229883090999999998
6229508076	-0.0699724968000000058	0.0242398389999999991
6229510076	-0.0706726411999999971	0.0268879423999999999
6229512076	-0.072623815800000005	0.0237225486999999985
6229514076	-0.0726643606999999997	0.0263553782999999993
6229516076	-0.0701581721999999935	0.0269954319999999998
6229518076	-0.0754144640999999949	0.0260726272000000002
6229520076	-0.0783825345000000034	0.0238063841000000012
6229522076	-0.0769275481000000066	0.0265767912999999995
6229524076	-0.0801954621999999978	0.0222927711000000008
6229526076	-0.0768718283000000002	0.0294200303000000003
6229528076	-0.0829301052000000066	0.0228677093000000005
6229530076	-0.0824018467000000032	0.0260436946000000002
6229532076	-0.0817172914000000028	0.0306078704999999986
6229534076	-0.0819123786999999964	0.0262602450000000015
6229536076	-0.086731473200000006	0.0275940923000000012
6229538076	-0.0858278645999999978	0.027347482900000001
6229540076	-0.0852151416999999967	0.0319507357999999977
6229542076	-0.0862611610000000029	0.0288766810000000013
6229544076	-0.0899770329999999979	0.0259365270999999988
6229546076	-0.090054610800000004	0.0275408931999999995
6229548076	-0.0907993175999999985	0.0310440768000000006
6229550076	-0.0927213957000000005	0.0276844551000000015
6229552076	-0.092595045599999995	0.0279399980999999985
6229554076	-0.0930592321999999944	0.0269224111999999995
6229556076	-0.0949513857000000017	0.0284059936999999998
6229558076	-0.0964226864999999933	0.0304831552999999984
6229560076	-0.0955366643999999987	0.0291251675000000002
6229562076	-0.096578804800000001	0.0273905077000000004
6229564076	-0.0963969484999999959	0.0304826768999999984
6229566076	-0.0983371326999999962	0.0338216365000000019
6229568076	-0.0996213611999999943	0.0283614950999999983
6229570076	-0.101892777399999995	0.0306934612000000009
6229572076	-0.101887683800000003	0.0305509657999999996
6229574076	-0.102125724099999995	0.0325832203000000001
6229576076	-0.103217306499999995	0.0295333530999999996
6229578076	-0.105318923999999994	0.0351651169000000013
6229580076	-0.108912735299999994	0.0350414754000000009
6229582076	-0.108805550000000001	0.0328368962
6229584076	-0.111511797999999995	0.0349504489000000002
6229586076	-0.110735563600000003	0.0403495774000000029
6229588076	-0.109021757499999997	0.0350325876999999994
6229590076	-0.111977071100000006	0.0401707365999999996
6229592076	-0.113838125900000003	0.033954663000000003
6229594076	-0.111805395099999996	0.0359676349999999978
6229596076	-0.112415729000000006	0.037614447500000002
6229598076	-0.111478193099999998	0.035052011299999998
6229600076	-0.111653401799999996	0.0386047180000000031
6229602076	-0.114282271399999996	0.035892658600000002
6229604076	-0.119579904900000006	0.0362323460999999999
6229606076	-0.118426547899999998	0.0422577929000000005
6229608076	-0.113479695199999994	0.0363243779999999974
6229610076	-0.1178586987	0.0424178965999999977
6229612076	-0.118836637999999994	0.0397199321000000008
6229614076	-0.118508869700000005	0.0421409115000000029
6229616076	-0.120941612500000004	0.0473184727999999971
6229618076	-0.1209187491	0.0408722622999999965
6229620076	-0.123126701000000005	0.0404425791000000007
6229622076	-0.121131512499999996	0.0440771200999999987
6229624076	-0.122417118399999997	0.0463939296000000015
6229626076	-0.121673552599999998	0.0442284792999999982
6229628076	-0.124547746000000001	0.0465823817000000015
6229630076	-0.122780248100000003	0.0422746374000000022
6229632076	-0.123356865199999999	0.046364994100000001
6229634076	-0.127315284599999995	0.0462880766999999999
6229636076	-0.127630214999999991	0.0478559111999999967
6229638076	-0.129320771599999995	0.0451505920000000033
6229640076	-0.127696856100000006	0.0481888941999999987
6229642076	-0.126382511800000014	0.046830830900000002
6229644076	-0.128146274300000002	0.0463657654000000016
6229646076	-0.129047504000000007	0.047402154299999999
6229648076	-0.132325632999999998	0.0486174841999999982
6229650076	-0.127684387600000004	0.050553387499999998
6229652076	-0.132157351400000012	0.0481424022999999979
6229654076	-0.130628198700000003	0.0495584046000000014
6229656076	-0.131671547299999997	0.0517813414
6229658076	-0.1328557343	0.0501037992000000001
6229660076	-0.133982030199999991	0.0514834659999999986
6229662076	-0.133410909100000002	0.0520523379000000022
6229664076	-0.13584584990000001	0.0557618122999999979
6229666076	-0.131522804500000007	0.0529974120000000007
6229668076	-0.134952706799999989	0.056493750500000002
6229670076	-0.134277806199999988	0.0515156640000000027
6229672076	-0.135298324800000008	0.0573596203999999985
6229674076	-0.136328685000000005	0.0529483296000000034
6229676076	-0.135876149000000002	0.0556436519000000004
6229678076	-0.138177163399999997	0.0566537631999999985
6229680076	-0.141282621400000002	0.0574341463999999968
6229682076	-0.138703909600000008	0.0572842196999999997
6229684076	-0.142319867500000002	0.0559532413999999992
6229686076	-0.140273963800000012	0.0573249985000000017
6229688076	-0.13841858700000001	0.0583847709000000006
6229690076	-0.140782199800000007	0.0614294577000000022
6229692076	-0.137964306099999989	0.0605998493000000013
6229694076	-0.141425000800000006	0.0579369195999999975
6229696076	-0.139899356700000005	0.0583093256000000032
6229698076	-0.143389862499999993	0.0611504585999999989
6229700076	-0.14161629449999999	0.0595578008999999992
6229702076	-0.141701956299999987	0.0603690834999999967
6229704076	-0.145172537800000001	0.0634497249999999985
6229706076	-0.141315273800000002	0.0644689950999999956
6229708076	-0.140465788300000005	0.0651120954999999946
6229710076	-0.141335578699999992	0.0659942082999999957
6229712076	-0.139450974899999997	0.058825793199999997
6229714076	-0.141573904899999992	0.0644191125999999947
6229716076	-0.147284716300000007	0.0659736357999999995
6229718076	-0.142874312599999997	0.0680845545000000052
6229720076	-0.141796801299999997	0.0667644965000000062
6229722076	-0.144747614999999996	0.0678316845999999973
6229724076	-0.142836916799999991	0.0669674682999999993
6229726076	-0.145766105300000004	0.0708366906999999962
6229728076	-0.147496997500000004	0.0689348424000000015
6229730076	-0.144976369699999996	0.0691831464000000063
6229732076	-0.144972646799999993	0.0693163727000000035
6229734076	-0.145172320399999999	0.0704136766000000025
6229736076	-0.144666821000000001	0.0692378408000000056
6229738076	-0.146551341800000012	0.0709842963999999937
6229740076	-0.147615773099999986	0.071604412800000003
6229742076	-0.1493126699	0.0710029372999999991
6229744076	-0.147155543899999991	0.0719401922000000027
6229746076	-0.148883082999999999	0.0718688219000000045
6229748076	-0.148157007099999988	0.0728527372000000034
6229750076	-0.147192439400000014	0.0736168368999999961
6229752076	-0.148503608700000012	0.0754769688999999966
6229754076	-0.152813459699999987	0.0744597367999999954
6229756076	-0.150131908600000002	0.0735627553000000045
6229758076	-0.148743350599999991	0.077022961900000006
6229760076	-0.148347300200000004	0.0745426901000000031
6229762076	-0.149827890500000005	0.0752680066000000064
6229764076	-0.1511827543	0.0755042199999999969
6229766076	-0.149767269400000014	0.0747874587000000035
6229768076	-0.148737322899999996	0.0770207351000000012
6229770076	-0.153719378399999995	0.0803696556000000062
6229772076	-0.151362600799999997	0.0784505067000000056
6229774076	-0.152314823200000005	0.0829855136999999993
6229776076	-0.15044009559999999	0.0811139240000000039
6229778076	-0.148420873700000011	0.0799133634000000065
6229780076	-0.15201075289999999	0.0773182783000000012
6229782076	-0.153039616699999992	0.0812491030999999975
6229784076	-0.153377467600000011	0.0798641404000000055
6229786076	-0.154821068000000006	0.0840077508999999972
6229788076	-0.155391290399999993	0.082282147299999997
6229790076	-0.153458827200000009	0.0825934767000000014
6229792076	-0.155401061099999988	0.0789115472999999956
6229794076	-0.154712562999999997	0.0855783341999999947
6229796076	-0.1541837083	0.083681126699999997
6229798076	-0.154551873899999997	0.0852237859000000014
6229800076	-0.150563296799999996	0.0883587794000000037
6229802076	-0.151969555899999997	0.0845911294000000064
6229804076	-0.152881380399999989	0.0850129728999999973
6229806076	-0.155263885399999996	0.0847396782999999959
6229808076	-0.156951872999999992	0.0881688292000000068
6229810076	-0.152007733099999987	0.0883553497000000021
6229812076	-0.151686508500000011	0.0900590398000000042
6229814076	-0.157116680700000011	0.090802291800000004
6229816076	-0.156925211799999992	0.0846407217000000045
6229818076	-0.155647598999999998	0.0893921810999999955
6229820076	-0.154688383000000013	0.0864175692000000023
6229822076	-0.157861478599999994	0.0886282458000000051
6229824076	-0.158041786900000009	0.0874715826000000002
6229826076	-0.15656617719999999	0.0890923849999999962
6229828076	-0.152324219499999997	0.0926268425000000006
6229830076	-0.157228288299999991	0.0946772981000000013
6229832076	-0.156770446300000005	0.089523156399999998
6229834076	-0.153614940799999988	0.0870438619999999996
6229836076	-0.154583134399999989	0.0905625508999999967
6229838076	-0.154658683399999997	0.0918616641999999983
6229840076	-0.15259403290000001	0.0934797906000000012
6229842076	-0.155331615400000012	0.0906569891000000017
6229844076	-0.157847964899999998	0.0921187762999999965
6229846076	-0.157835617700000014	0.0956248489000000035
6229848076	-0.157804302099999988	0.094278569699999995
6229850076	-0.154635792900000013	0.0972958587999999958
6229852076	-0.154892299300000008	0.0974857954000000054
6229854076	-0.155572756700000009	0.0954955752999999963
6229856076	-0.159530447900000011	0.0961733998999999978
6229858076	-0.157067667699999997	0.0930581590999999958
6229860076	-0.158234804000000007	0.0953565717000000035
6229862076	-0.157245332200000004	0.0991179742999999946
6229864076	-0.155050184600000002	0.0962736695000000059
6229866076	-0.160162768000000011	0.0953458440999999934
6229868076	-0.157017344700000006	0.100065028200000003
6229870076	-0.155636919099999993	0.0963592013000000025
6229872076	-0.156145515600000007	0.0995152858000000057
6229874076	-0.156130532799999999	0.0997066627000000039
6229876076	-0.159755928800000002	0.0985646381999999988
6229878076	-0.15954775530000001	0.100824795300000006
6229880076	-0.157418509600000006	0.0984383630999999953
6229882076	-0.157746198799999987	0.101374074199999997
6229884076	-0.1556854919	0.0998414155000000025
6229886076	-0.158079670100000014	0.101860795000000004
6229888076	-0.159177328099999987	0.103403691699999994
6229890076	-0.159605080600000004	0.0971542668999999942
6229892076	-0.160141530000000004	0.103665996799999993
6229894076	-0.159080579299999997	0.102366024700000002
6229896076	-0.160565422600000007	0.105991882600000004
6229898076	-0.160756580199999999	0.104722425199999997
6229900076	-0.157505436199999987	0.108004117199999999
6229902076	-0.160458502100000011	0.103943414600000006
6229904076	-0.158862427400000006	0.104298010100000005
6229906076	-0.160729640199999996	0.104982630800000004
6229908076	-0.160411618499999992	0.1088087955
6229910076	-0.157075280399999989	0.106934889699999994
6229912076	-0.161890718699999991	0.107859267600000003
6229914076	-0.160757458999999991	0.1049900634
6229916076	-0.159776008299999994	0.108256979099999998
6229918076	-0.159952483799999989	0.110176771600000001
6229920076	-0.159174537899999996	0.111182930599999993
6229922076	-0.156360821099999991	0.108201380299999997
6229924076	-0.16012360040000001	0.109896924000000007
6229926076	-0.157460122899999999	0.107107690500000005
6229928076	-0.160996025699999989	0.109829273000000005
6229930076	-0.157999217100000006	0.110332586499999996
6229932076	-0.158432966700000011	0.111608830899999997
6229934076	-0.157576402700000007	0.109898494700000002
6229936076	-0.157698563000000014	0.107634908099999996
6229938076	-0.157842350500000006	0.112420784699999998
6229940076	-0.156778363100000012	0.111375521000000005
6229942076	-0.157970967699999992	0.109033504500000003
6229944076	-0.156809536400000005	0.112105748599999999
6229946076	-0.156888974300000011	0.110951152400000003
6229948076	-0.157867024800000005	0.110097621899999998
6229950076	-0.160245660300000009	0.112578118099999999
6229952076	-0.162692771300000011	0.113840413400000007
6229954076	-0.1563883264	0.113186320500000007
6229956076	-0.156677701000000003	0.115555118100000007
6229958076	-0.157295315200000008	0.111385471799999997
6229960076	-0.158919890300000005	0.115193414199999997
6229962076	-0.158777264499999987	0.115647533799999994
6229964076	-0.158805638599999993	0.111368589200000007
6229966076	-0.157905343799999986	0.119395770700000001
6229968076	-0.155360366299999997	0.1183330415
6229970076	-0.159459538900000003	0.115664757000000007
6229972076	-0.160834400799999999	0.118079920699999993
6229974076	-0.160734113900000003	0.116180897000000005
6229976076	-0.157358754500000003	0.119751385700000004
6229978076	-0.161111699800000008	0.115069642799999997
6229980076	-0.159808030699999992	0.117889111800000002
6229982076	-0.158379627500000009	0.120928187699999995
6229984076	-0.159766556000000004	0.113184429700000005
6229986076	-0.160203858599999999	0.120563517999999995
6229988076	-0.160388936799999993	0.119433059300000005
6229990076	-0.158642757500000009	0.119560787900000007
6229992076	-0.158485498400000008	0.121825398599999996
6229994076	-0.159700327700000005	0.117135731500000007
6229996076	-0.159268221300000012	0.121374955000000007
6229998076	-0.159297956699999993	0.121148961700000002
6230000076	-0.159871969599999997	0.119354218900000003
6230002076	-0.159634292799999994	0.1206299552
6230004076	-0.158641464499999996	0.119244662700000004
6230006076	-0.16126614219999999	0.117955078599999999
6230008076	-0.160927887600000014	0.120057958000000006
6230010076	-0.157205046799999998	0.123074867300000002
6230012076	-0.160722899199999991	0.122217196200000003
6230014076	-0.16036896619999999	0.124298815699999995
6230016076	-0.15938814979999999	0.121804463399999993
6230018076	-0.156655441199999995	0.123356618900000006
6230020076	-0.154988067000000007	0.121421441000000005
6230022076	-0.159616990099999995	0.121714343200000005
6230024076	-0.160495152700000004	0.12592217280000001
6230026076	-0.157622441800000013	0.123472936000000005
6230028076	-0.164741710900000005	0.126582773399999987
6230030076	-0.155707224199999994	0.121670382199999996
6230032076	-0.156221146499999991	0.125367047600000003
6230034076	-0.16058297769999999	0.125426241100000002
6230036076	-0.158121427000000009	0.127167461600000004
6230038076	-0.1547946251	0.12731830890000001
6230040076	-0.155077118600000008	0.123471615199999996
6230042076	-0.158097436499999994	0.131194970800000005
6230044076	-0.159290530600000008	0.125268702199999998
6230046076	-0.160079253700000007	0.130908291900000001
6230048076	-0.157039328499999992	0.126274975099999992
6230050076	-0.15658909330000001	0.130533828699999993
6230052076	-0.158796215299999988	0.127116360799999994
6230054076	-0.161018718899999996	0.128317935100000002
6230056076	-0.160048306800000012	0.130556522899999999
6230058076	-0.154988350100000005	0.126511794900000002
6230060076	-0.159883794699999998	0.129758251999999991
6230062076	-0.155023863399999989	0.128778300499999998
6230064076	-0.158038976299999995	0.127985499599999997
6230066076	-0.158942460000000008	0.130724011400000006
6230068076	-0.156355320900000011	0.133903564000000003
6230070076	-0.157714944299999993	0.130252871999999992
6230072076	-0.155435062499999999	0.132036258500000003
6230074076	-0.161282305699999989	0.129768721300000001
6230076076	-0.159891861999999996	0.130991810099999995
6230078076	-0.157807973800000001	0.132529389999999997
6230080076	-0.158838214000000005	0.131135162
6230082076	-0.15690830389999999	0.128774511499999994
6230084076	-0.155584630499999987	0.130550606399999991
6230086076	-0.156859299199999996	0.131658868499999998
6230088076	-0.154687592900000004	0.130340270799999991
6230090076	-0.154304437099999997	0.133860114800000013
6230092076	-0.154265419999999986	0.13248245010000001
6230094076	-0.157468564000000005	0.130072835800000008
6230096076	-0.155768920799999988	0.138243830600000006
6230098076	-0.158246308700000005	0.133084981500000005
6230100076	-0.156686400599999998	0.13295219359999999
6230102076	-0.158378576800000004	0.135959219999999992
6230104076	-0.158471164100000006	0.134993842400000008
6230106076	-0.158657148500000011	0.137731803900000005
6230108076	-0.157710474200000006	0.137360415300000011
6230110076	-0.157382580699999997	0.135141475600000005
6230112076	-0.153776875400000013	0.131924775999999994
6230114076	-0.152922979799999997	0.135886944399999987
6230116076	-0.155588630400000011	0.139690234299999994
6230118076	-0.157768337199999997	0.135377125399999992
6230120076	-0.158174478199999996	0.138288059800000002
6230122076	-0.156248873099999991	0.137840369200000007
6230124076	-0.155534276599999993	0.134057809899999991
6230126076	-0.156004938900000001	0.139673426999999989
6230128076	-0.156424177199999986	0.1402712827
6230130076	-0.153130648600000002	0.13823791769999999
6230132076	-0.150257152000000005	0.140274748100000013
6230134076	-0.153944420800000009	0.141185032399999993
6230136076	-0.155659256999999995	0.140138020800000013
6230138076	-0.156065641000000005	0.137513084899999999
6230140076	-0.154662944999999996	0.139335106699999989
6230142076	-0.153460309200000006	0.144301337700000004
6230144076	-0.1555561429	0.138749501200000014
6230146076	-0.155874263699999988	0.143299897499999995
6230148076	-0.155488678800000002	0.141114400499999987
6230150076	-0.152001487800000001	0.1407569984
6230152076	-0.155763809100000011	0.139522013
6230154076	-0.152261825200000006	0.141672300599999995
6230156076	-0.155918459300000006	0.141666135599999993
6230158076	-0.156887705999999988	0.141887350100000004
6230160076	-0.154242719400000006	0.145031688699999994
6230162076	-0.157075114799999999	0.144935902199999994
6230164076	-0.150531804600000013	0.140064035899999995
6230166076	-0.151972271699999995	0.139843234499999997
6230168076	-0.154425382199999989	0.142534801399999994
6230170076	-0.155417726899999997	0.143820630000000005
6230172076	-0.155216246499999988	0.142580885800000001
6230174076	-0.153887635999999994	0.143670442399999987
6230176076	-0.156006842199999995	0.144618908800000001
6230178076	-0.156524082300000006	0.143294815900000011
6230180076	-0.154046803700000012	0.144948346099999986
6230182076	-0.154775102199999987	0.143481707099999994
6230184076	-0.1534560851	0.14519610220000001
6230186076	-0.150710812299999997	0.144153729799999991
6230188076	-0.155262803300000002	0.144734690100000007
6230190076	-0.151800814499999992	0.143146801699999993
6230192076	-0.152605647000000011	0.145409070000000001
6230194076	-0.154335177200000007	0.14513631090000001
6230196076	-0.152650567399999992	0.149613517700000004
6230198076	-0.150527041	0.145213925800000004
6230200076	-0.152499791899999987	0.144345394999999987
6230202076	-0.153313865299999991	0.150555121900000005
6230204076	-0.15138146990000001	0.146316548200000007
6230206076	-0.152649607100000001	0.144201951200000011
6230208076	-0.150689041500000009	0.142772795499999994
6230210076	-0.152620095000000011	0.145404255700000012
6230212076	-0.148152645199999988	0.148090459899999999
6230214076	-0.152129544499999991	0.148931132999999993
6230216076	-0.154380123199999997	0.150206733700000011
6230218076	-0.153449783899999997	0.14508132809999999
6230220076	-0.152680575600000007	0.151183460600000014
6230222076	-0.1490981371	0.150419711099999992
6230224076	-0.149466865100000013	0.15248395549999999
6230226076	-0.152942452499999992	0.146538045000000006
6230228076	-0.151100428600000003	0.149691303999999997
6230230076	-0.1510587719	0.150928541299999996
6230232076	-0.14983645470000001	0.151982851899999993
6230234076	-0.153669168100000003	0.150380202600000012
6230236076	-0.151009139200000003	0.148527885500000012
6230238076	-0.152610044700000003	0.152105923899999995
6230240076	-0.149599618099999998	0.151803806699999988
6230242076	-0.151891006800000006	0.14912030309999999
6230244076	-0.151755058800000009	0.150267142200000009
6230246076	-0.153716051100000001	0.151973698399999996
6230248076	-0.150336290700000014	0.14858398049999999
6230250076	-0.151280771799999991	0.152692650600000007
6230252076	-0.15081997459999999	0.155130553300000001
6230254076	-0.149921773400000014	0.154371323300000002
6230256076	-0.150315699899999988	0.151576976499999988
6230258076	-0.150782394300000011	0.153501752399999997
6230260076	-0.151026646200000003	0.150711335199999991
6230262076	-0.148263601299999992	0.151257390900000011
6230264076	-0.151172996700000006	0.154568206699999988
6230266076	-0.146782117099999998	0.154142554799999998
6230268076	-0.151087996800000013	0.153234236299999993
6230270076	-0.149191026799999987	0.152908286000000004
6230272076	-0.151966505800000012	0.15209441239999999
6230274076	-0.152121129900000013	0.157436957300000013
6230276076	-0.150485189399999997	0.152886353899999994
6230278076	-0.150521875700000002	0.156739829999999997
6230280076	-0.150875597100000008	0.15539306759999999
6230282076	-0.146820916299999993	0.158304217100000005
6230284076	-0.148211468799999996	0.156084514099999988
6230286076	-0.148937830699999996	0.153974207700000004
6230288076	-0.149323779800000001	0.155969711700000013
6230290076	-0.147853496100000009	0.151912710000000006
6230292076	-0.150567707699999997	0.153408785600000014
6230294076	-0.147670181000000011	0.1557281898
6230296076	-0.148781415	0.158891666799999998
6230298076	-0.149367451499999998	0.156366988099999993
6230300076	-0.150517255999999988	0.15634412310000001
6230302076	-0.14710718980000001	0.157037941300000011
6230304076	-0.145199044599999993	0.155514565100000002
6230306076	-0.144818415300000003	0.158744688100000003
6230308076	-0.151300082800000013	0.157750971399999995
6230310076	-0.146850332599999994	0.154877827699999998
6230312076	-0.148436808899999995	0.158942512199999997
6230314076	-0.147475474500000009	0.155718427500000006
6230316076	-0.151659469500000005	0.158647815400000003
6230318076	-0.14800457219999999	0.161744687800000009
6230320076	-0.147207124699999997	0.157377644099999991
6230322076	-0.145563839400000006	0.160550029399999988
6230324076	-0.146221747600000007	0.157741480099999998
6230326076	-0.149568046900000001	0.158930708000000004
6230328076	-0.148777548700000012	0.160165142199999999
6230330076	-0.148989008000000006	0.156640576700000006
6230332076	-0.14780245689999999	0.163644265300000008
6230334076	-0.145288658399999993	0.159288848900000002
6230336076	-0.148980493699999994	0.1616478831
6230338076	-0.149910308999999992	0.159889055299999999
6230340076	-0.14771199430000001	0.160271625499999987
6230342076	-0.148034611799999993	0.161004504900000012
6230344076	-0.146970764300000001	0.162390332999999998
6230346076	-0.147689319099999994	0.160220496099999998
6230348076	-0.149931116400000009	0.160118546700000003
6230350076	-0.145152442200000009	0.160771884899999995
6230352076	-0.147444487099999993	0.161771301700000009
6230354076	-0.145841791199999987	0.163116596000000003
6230356076	-0.146613904699999992	0.163200131400000004
6230358076	-0.145477072799999996	0.161911751500000006
6230360076	-0.144792082699999991	0.1613043069
6230362076	-0.14503982339999999	0.162596013499999997
6230364076	-0.145283413100000008	0.16127102069999999
6230366076	-0.145057058399999994	0.162025668799999994
6230368076	-0.146861766799999988	0.1597009546
6230370076	-0.144196951699999992	0.166003278799999987
6230372076	-0.147334039500000014	0.162864141900000009
6230374076	-0.143070821399999992	0.162538685399999994
6230376076	-0.143771468799999996	0.160522396399999989
6230378076	-0.144770923500000009	0.164141378100000013
6230380076	-0.144321005899999993	0.165093823199999989
6230382076	-0.140940644899999995	0.163481746700000014
6230384076	-0.144582325499999997	0.165728652799999987
6230386076	-0.146078653899999994	0.161584451900000009
6230388076	-0.145530028499999992	0.164148241700000003
6230390076	-0.14681817359999999	0.160913369599999995
6230392076	-0.143521070599999995	0.168250527099999991
6230394076	-0.142194306800000003	0.16733422819999999
6230396076	-0.14347761819999999	0.162387380500000011
6230398076	-0.142301118899999995	0.163149775599999991
6230400076	-0.144642385499999998	0.163616395800000008
6230402076	-0.144995162900000002	0.16449300180000001
6230404076	-0.146196733299999992	0.166355378199999987
6230406076	-0.144992909800000014	0.164937723000000008
6230408076	-0.146246837399999996	0.163742655300000012
6230410076	-0.144279942599999988	0.164015192899999995
6230412076	-0.14636511960000001	0.166470895499999993
6230414076	-0.144514159100000011	0.167334097099999995
6230416076	-0.140741613999999987	0.166298016999999992
6230418076	-0.144076314900000002	0.168014492500000001
6230420076	-0.141384144999999989	0.165831897400000011
6230422076	-0.142705804500000005	0.163821180700000013
6230424076	-0.144700233799999994	0.166964782899999997
6230426076	-0.14290947200000001	0.164011136899999993
6230428076	-0.145300932900000013	0.170184985799999994
6230430076	-0.141555544700000008	0.164311384700000007
6230432076	-0.1419830802	0.166232899399999995
6230434076	-0.138320016399999995	0.167302572300000008
6230436076	-0.146325204200000003	0.169145096599999989
6230438076	-0.141553267600000005	0.16899274680000001
6230440076	-0.140109101099999994	0.170059034199999987
