# freq, I e Q
6186441701	0.237477286199999998	0.0776355314999999935
6186443701	0.236375752800000005	0.0783278260000000032
6186445701	0.238053504599999993	0.076751313700000004
6186447701	0.234068536699999996	0.0830555624000000048
6186449701	0.23671828780000001	0.0780574853000000068
6186451701	0.228351075300000012	0.0735816341000000013
6186453701	0.236910650800000011	0.0793644263999999933
6186455701	0.236848429500000013	0.0777668576000000028
6186457701	0.235490271599999995	0.0775137936000000055
6186459701	0.234765836799999988	0.0754302647999999937
6186461701	0.2329573432	0.0767305759999999948
6186463701	0.236356795400000014	0.0778202543999999968
6186465701	0.236120987799999987	0.0746834034999999952
6186467701	0.234036142400000008	0.0745594729000000067
6186469701	0.2355167393	0.0751521566000000057
6186471701	0.236936535300000001	0.0750666876999999955
6186473701	0.234916473999999986	0.0788256791999999984
6186475701	0.235089485200000003	0.0771596063000000026
6186477701	0.234956328299999989	0.077061184899999996
6186479701	0.238590822799999991	0.0805598445000000052
6186481701	0.237899518700000007	0.0734631077999999965
6186483701	0.23426200920000001	0.0741086365000000052
6186485701	0.237918575900000012	0.0740193060000000069
6186487701	0.2334868685	0.073856211300000002
6186489701	0.236268942300000007	0.0774268352000000021
6186491701	0.236431613200000001	0.0735019514999999957
6186493701	0.237647409799999987	0.0754563932999999937
6186495701	0.240160562399999999	0.0731322452000000012
6186497701	0.235408627399999987	0.0712163083999999974
6186499701	0.234639365200000005	0.0790420681999999958
6186501701	0.234736621300000003	0.0736964598000000026
6186503701	0.234818676799999987	0.0693559455000000019
6186505701	0.235240875999999988	0.070679441400000001
6186507701	0.239234282100000001	0.0702405950000000029
6186509701	0.233031785299999988	0.0694472453000000017
6186511701	0.233771450600000014	0.0731482633999999965
6186513701	0.238174341099999992	0.0707562991999999974
6186515701	0.237084997600000014	0.0723568507999999971
6186517701	0.238255059399999997	0.0726627546000000041
6186519701	0.235329008499999992	0.0716406722000000051
6186521701	0.235517890099999988	0.0697310495999999974
6186523701	0.235932976600000011	0.0756766180000000011
6186525701	0.237035646799999999	0.0736882130000000024
6186527701	0.237659809500000013	0.0686915901000000051
6186529701	0.239245578399999992	0.0686491302000000053
6186531701	0.235160408799999998	0.072411875700000003
6186533701	0.239103655400000004	0.0681132648999999979
6186535701	0.241045507999999992	0.0708892770999999949
6186537701	0.237039803399999999	0.0713045072000000058
6186539701	0.235272140500000004	0.0724258926999999941
6186541701	0.236507630400000002	0.0698642383000000061
6186543701	0.237048811700000001	0.0686076421000000047
6186545701	0.239171117300000013	0.066134599500000002
6186547701	0.237223418200000008	0.0688914092000000033
6186549701	0.235620192300000003	0.0682308053000000025
6186551701	0.237105587000000007	0.0686168961000000049
6186553701	0.239568898800000013	0.0690130285999999982
6186555701	0.24187661290000001	0.0647679233999999965
6186557701	0.237733304199999995	0.0674587006999999989
6186559701	0.238516125400000001	0.0663911655999999961
6186561701	0.239928555200000004	0.0665893689999999955
6186563701	0.239015638700000005	0.0684941225000000042
6186565701	0.237331377799999993	0.0684956817000000051
6186567701	0.239560617799999986	0.0672202694999999989
6186569701	0.238296574900000002	0.0682076543999999979
6186571701	0.237042120699999997	0.0624762458999999978
6186573701	0.23668310070000001	0.0679139042999999942
6186575701	0.236585176799999991	0.0689551751000000018
6186577701	0.237870634199999986	0.0641599880000000011
6186579701	0.239798113300000004	0.0622048046999999979
6186581701	0.240567571099999988	0.0654175699999999943
6186583701	0.236016829300000008	0.064980331500000002
6186585701	0.239038160199999988	0.0638692062000000005
6186587701	0.239824148399999992	0.0654026874000000064
6186589701	0.234398186300000005	0.060984089499999998
6186591701	0.237753353400000006	0.0623350512999999995
6186593701	0.239019321199999996	0.0662472612000000044
6186595701	0.239120767499999998	0.0633995895000000059
6186597701	0.237820822200000004	0.0650932332999999974
6186599701	0.236814400700000011	0.0616590367000000028
6186601701	0.238374876600000007	0.0643036198999999975
6186603701	0.238628110700000007	0.0594910744999999977
6186605701	0.241373824799999998	0.0600321463999999999
6186607701	0.23887784740000001	0.0607982863999999984
6186609701	0.236946634900000008	0.0644315948000000055
6186611701	0.237852638199999994	0.0619624776999999974
6186613701	0.242812457700000012	0.0613528725000000025
6186615701	0.237498714899999991	0.0640828061999999948
6186617701	0.238137806899999999	0.0674260089999999951
6186619701	0.244019698400000012	0.0615502423000000021
6186621701	0.241457920599999987	0.0619096733000000024
6186623701	0.241787684599999997	0.058751403100000002
6186625701	0.237264036300000009	0.0609649073999999971
6186627701	0.238133276799999988	0.0619969762999999993
6186629701	0.240737040000000013	0.0581748296999999998
6186631701	0.239991091999999989	0.0589275944999999995
6186633701	0.239910233700000003	0.061261570500000001
6186635701	0.241543750400000007	0.059191442900000002
6186637701	0.241921843100000006	0.0548921923999999978
6186639701	0.239430094199999999	0.0606605422000000005
6186641701	0.239878987799999999	0.0598765283000000023
6186643701	0.23985420830000001	0.0593545174000000009
6186645701	0.237551900499999996	0.0595395422999999979
6186647701	0.236464346299999989	0.060568187699999998
6186649701	0.238913295299999995	0.0551570279000000024
6186651701	0.24199843800000001	0.0549599217999999987
6186653701	0.240942271200000002	0.0563319442999999989
6186655701	0.240953755500000005	0.0586989509999999992
6186657701	0.239132307200000005	0.0566557219999999986
6186659701	0.238697724400000005	0.0558596716000000007
6186661701	0.242484845599999999	0.059068301400000002
6186663701	0.240542769600000012	0.0544248791999999981
6186665701	0.239827587700000011	0.0563342102999999997
6186667701	0.242384516500000008	0.0537659670999999992
6186669701	0.240384748600000003	0.0548389338000000032
6186671701	0.237239299699999989	0.0585881056999999969
6186673701	0.236160516799999998	0.0561252485000000023
6186675701	0.240175530400000004	0.0515971552000000014
6186677701	0.240377409300000011	0.0543170488999999979
6186679701	0.236749290599999995	0.0536741280000000015
6186681701	0.24160587850000001	0.0540708531000000034
6186683701	0.238573253200000002	0.0529681302999999992
6186685701	0.237613262900000011	0.0541980563999999998
6186687701	0.241574325400000012	0.0554496293999999987
6186689701	0.242601718299999991	0.0531163346999999966
6186691701	0.238048740799999992	0.0533651029999999971
6186693701	0.239068755299999991	0.055077174399999998
6186695701	0.239319271	0.0540094420999999991
6186697701	0.23974490100000001	0.0514544456000000025
6186699701	0.23699679139999999	0.0530324676000000009
6186701701	0.239954197499999994	0.0500556999000000002
6186703701	0.241456123100000003	0.0510921672999999979
6186705701	0.243659042800000003	0.0508395542999999991
6186707701	0.240375963999999998	0.0485521398999999992
6186709701	0.241443138700000004	0.0502854355999999975
6186711701	0.243874316799999991	0.0487392992999999969
6186713701	0.240742567699999993	0.0497267496000000017
6186715701	0.241712102600000006	0.051715669899999997
6186717701	0.239730428800000006	0.048369818600000003
6186719701	0.242378371000000009	0.0469132561000000017
6186721701	0.237125705399999998	0.0521945711999999978
6186723701	0.239752981700000006	0.0499546277999999982
6186725701	0.235571292799999998	0.0485594946999999971
6186727701	0.241409043500000003	0.050120153399999999
6186729701	0.241329158900000007	0.0477064993000000034
6186731701	0.241093840400000009	0.0462304659000000034
6186733701	0.237623934600000003	0.0463740950999999985
6186735701	0.241337555799999992	0.0482979550999999979
6186737701	0.239870195600000002	0.0479716303999999996
6186739701	0.241996186700000004	0.0472066034999999995
6186741701	0.242024966300000005	0.0468968472000000011
6186743701	0.243074820400000002	0.0469361484999999967
6186745701	0.240530371900000012	0.0475277513999999984
6186747701	0.242629066300000001	0.0459284214000000024
6186749701	0.240280140700000006	0.0506498955000000001
6186751701	0.240001565899999991	0.0417784344000000016
6186753701	0.244242990399999998	0.0421605118000000015
6186755701	0.241481419599999997	0.0433230868000000005
6186757701	0.2403541649	0.0427925456000000023
6186759701	0.240611758799999992	0.0431917430999999991
6186761701	0.24496551929999999	0.0427915801999999984
6186763701	0.242548840500000001	0.045636243299999997
6186765701	0.240095314300000001	0.043236324399999998
6186767701	0.238968176199999993	0.0435792654999999987
6186769701	0.240702255799999987	0.0419521831999999997
6186771701	0.241733241300000012	0.039997559000000002
6186773701	0.242067662500000003	0.0418318681000000026
6186775701	0.238157845099999987	0.0470130872999999991
6186777701	0.241535612700000013	0.0396485686999999976
6186779701	0.241984262400000011	0.0442335535000000016
6186781701	0.243833794800000003	0.0435448505999999971
6186783701	0.240798193299999991	0.041566335599999997
6186785701	0.242041170999999999	0.0417664271000000031
6186787701	0.241782258999999999	0.042407120999999999
6186789701	0.238233416100000012	0.043514161400000001
6186791701	0.241926774399999989	0.0400651689000000033
6186793701	0.239358562699999999	0.0437713013000000026
6186795701	0.239323886600000008	0.041018927400000002
6186797701	0.238541362499999993	0.0380944651999999967
6186799701	0.239685225299999999	0.0381201523000000014
6186801701	0.243602263799999996	0.0372870063000000015
6186803701	0.240570058400000009	0.0382598800000000031
6186805701	0.240183632099999989	0.0422235264999999971
6186807701	0.239992424300000007	0.0396239552999999994
6186809701	0.239744146699999994	0.0390150049999999984
6186811701	0.240554099900000012	0.0405652395000000027
6186813701	0.239317813500000004	0.0369399205000000008
6186815701	0.241985874299999987	0.0382925615999999969
6186817701	0.241158518900000007	0.0366106760000000017
6186819701	0.239209307700000012	0.035080119600000001
6186821701	0.240070679399999987	0.0331810484000000031
6186823701	0.241824152799999997	0.0379326223000000032
6186825701	0.242324423700000013	0.0344187671999999986
6186827701	0.243262906400000006	0.0356975672999999966
6186829701	0.241471426200000006	0.037702932699999997
6186831701	0.239934274899999994	0.0324709970000000014
6186833701	0.244798297400000003	0.0377979539000000003
6186835701	0.240643319500000008	0.0362058822999999988
6186837701	0.241590947800000011	0.0385634519999999981
6186839701	0.239841459899999998	0.034854412500000001
6186841701	0.238633539400000011	0.0360946385999999994
6186843701	0.241621910500000009	0.0328735106999999971
6186845701	0.240656874999999992	0.0339687123000000021
6186847701	0.241512959999999999	0.0385362019999999986
6186849701	0.239445237400000011	0.0350881597999999975
6186851701	0.23943956059999999	0.037575336899999999
6186853701	0.242477104400000004	0.0316840961000000032
6186855701	0.238361708300000003	0.0339570022000000027
6186857701	0.242484345699999992	0.0327868722999999987
6186859701	0.240488924399999998	0.0335582757000000009
6186861701	0.238691480300000008	0.0327264467000000017
6186863701	0.240481548999999989	0.0287608269999999992
6186865701	0.23945374559999999	0.0339839197999999981
6186867701	0.240952105599999994	0.0327134733999999983
6186869701	0.238695870899999996	0.0332844191999999983
6186871701	0.240579243400000004	0.0279214041000000017
6186873701	0.239004931799999987	0.0301966442000000009
6186875701	0.239910185400000003	0.0289428966000000003
6186877701	0.240901038000000012	0.0323568067999999986
6186879701	0.241601497199999987	0.0269690346999999983
6186881701	0.24177806839999999	0.0263204315999999994
6186883701	0.240796365699999987	0.0298113916999999985
6186885701	0.240276284499999992	0.0266793108000000015
6186887701	0.242370958199999986	0.0263663087000000004
6186889701	0.240968625999999991	0.0265671845000000004
6186891701	0.244298009300000007	0.0260272759000000006
6186893701	0.241321631600000003	0.0235964998000000002
6186895701	0.241051682500000003	0.0258519182999999986
6186897701	0.241184480099999987	0.0267342591000000011
6186899701	0.239557837200000012	0.0290036346000000014
6186901701	0.237190212000000011	0.0281656066000000004
6186903701	0.240057724700000003	0.0272057887000000005
6186905701	0.235292358000000007	0.0261555883999999988
6186907701	0.236859396299999997	0.0236787260000000006
6186909701	0.238002216900000008	0.0259030680999999992
6186911701	0.237800785399999992	0.026633655400000001
6186913701	0.240424914500000003	0.0232558796000000012
6186915701	0.240745384700000009	0.0239269727000000001
6186917701	0.238437978999999994	0.0252640802000000005
6186919701	0.240882892900000006	0.0231350196999999987
6186921701	0.239234417899999996	0.0256396430000000002
6186923701	0.237693770700000001	0.0240167355999999985
6186925701	0.236444574600000013	0.0225508007000000017
6186927701	0.239635528200000003	0.0230895386999999987
6186929701	0.238920120699999988	0.0227125622000000013
6186931701	0.240526174700000012	0.0187473390999999996
6186933701	0.238486848400000007	0.0238280521000000002
6186935701	0.239752962099999994	0.0179752034000000005
6186937701	0.238184299399999994	0.0194040553999999983
6186939701	0.241220527399999995	0.0201077799999999987
6186941701	0.237146861900000006	0.0207083755999999987
6186943701	0.238455137099999992	0.0175197801
6186945701	0.241913519900000012	0.0175986136000000001
6186947701	0.235640230400000011	0.020672823600000001
6186949701	0.24151470659999999	0.0219258422000000001
6186951701	0.239880498500000011	0.0172368214000000013
6186953701	0.2394026759	0.0154991938999999995
6186955701	0.239629379300000001	0.0172109250999999998
6186957701	0.232534415999999994	0.0204952400000000014
6186959701	0.240853289199999987	0.0171920982999999999
6186961701	0.239380968199999988	0.0193624737999999984
6186963701	0.243109885299999995	0.0176767352999999995
6186965701	0.241154565300000012	0.0129500608999999992
6186967701	0.236635310200000004	0.0130570879999999997
6186969701	0.237590268800000004	0.0163377655000000004
6186971701	0.238078514399999996	0.0179976997000000014
6186973701	0.237934763100000002	0.0139906643000000004
6186975701	0.237438806400000008	0.0159559379999999994
6186977701	0.238228217299999989	0.0124453906
6186979701	0.238765464000000011	0.0128161613999999997
6186981701	0.235143791299999988	0.0136772092000000001
6186983701	0.23400638800000001	0.0114674800000000004
6186985701	0.236791843700000004	0.0113489000000000003
6186987701	0.239692927800000011	0.0150957130999999998
6186989701	0.236648305700000006	0.0135946581000000004
6186991701	0.237547399100000001	0.0163524716999999993
6186993701	0.235622839700000003	0.0127648391999999992
6186995701	0.237308086499999987	0.0103059077999999998
6186997701	0.239820079500000005	0.00735802019999999991
6186999701	0.237257386600000009	0.0106803625000000003
6187001701	0.2357546529	0.0113818991000000005
6187003701	0.235691613200000011	0.0102674353000000006
6187005701	0.241631965300000001	0.00961075370000000033
6187007701	0.232355769399999995	0.00678447179999999966
6187009701	0.237875731499999993	0.0108133479000000008
6187011701	0.239834626400000001	0.00782954639999999986
6187013701	0.235067986600000001	0.00372655340000000021
6187015701	0.234822762399999996	0.00573118990000000012
6187017701	0.232091632999999992	0.00719977119999999984
6187019701	0.235375067500000007	0.00464868669999999977
6187021701	0.234831747499999993	0.00416898100000000042
6187023701	0.237754090499999987	0.00440619889999999993
6187025701	0.236457033099999991	0.00199436929999999984
6187027701	0.235873488599999986	0.00259794859999999987
6187029701	0.234247817999999997	0.00351163710000000021
6187031701	0.234211030200000003	0.00479816269999999972
6187033701	0.236718020800000012	0.00193266000000000011
6187035701	0.233815536399999996	0.00107773830000000006
6187037701	0.239390558400000009	0.00391087009999999992
6187039701	0.234171566400000003	0.00945526990000000039
6187041701	0.2336937392	0.00335765129999999979
6187043701	0.234481248700000006	0.0002294683
6187045701	0.233510391399999989	0.00297578499999999989
6187047701	0.233521951899999997	0.00436663259999999984
6187049701	0.232860588400000013	0.00380248629999999999
6187051701	0.233191351699999994	0.00205113690000000015
6187053701	0.235364207900000011	-0.00040183459999999999
6187055701	0.232927243899999997	-0.00203240019999999981
6187057701	0.235790134699999987	-0.000943151199999999997
6187059701	0.233892921000000004	-0.00109046630000000011
6187061701	0.234766110299999997	-0.00192671709999999992
6187063701	0.230876120299999987	0.000996698500000000025
6187065701	0.23591592480000001	-0.00317988030000000005
6187067701	0.232115909199999998	-0.000725683500000000033
6187069701	0.234453113099999999	-0.00123777790000000011
6187071701	0.228874970399999988	-0.00100303520000000006
6187073701	0.234183088399999989	-0.00286166570000000002
6187075701	0.23286126339999999	-0.00396021370000000043
6187077701	0.233211804500000008	-0.00627519569999999971
6187079701	0.231036553300000003	-0.0073859043999999997
6187081701	0.228964195300000006	-0.00647556349999999989
6187083701	0.229419212900000002	-0.0095508840000000008
6187085701	0.230559258600000011	-0.00333423120000000007
6187087701	0.233211839799999987	-0.0017101302000000001
6187089701	0.232356821600000013	-0.00499721330000000002
6187091701	0.229952889599999988	-0.00473099829999999982
6187093701	0.232380996300000003	-0.00580096049999999971
6187095701	0.235969594000000005	-0.00753720919999999964
6187097701	0.230916872800000006	-0.0088394901999999994
6187099701	0.229696142200000009	-0.00663662339999999962
6187101701	0.231676327900000006	-0.00871848289999999949
6187103701	0.22831536999999999	-0.0103548752000000004
6187105701	0.231311706799999989	-0.00628022989999999989
6187107701	0.228906021500000001	-0.0110659221999999998
6187109701	0.231944949000000011	-0.0114168981999999992
6187111701	0.228640912599999996	-0.0117334910000000004
6187113701	0.227188907500000009	-0.0118159478000000005
6187115701	0.2287361953	-0.0142927891999999994
6187117701	0.226383942199999993	-0.0128879140000000003
6187119701	0.229097834700000003	-0.0135936510999999996
6187121701	0.226674446599999996	-0.0150337710999999992
6187123701	0.226568194000000001	-0.0152341439999999998
6187125701	0.226039902099999995	-0.0124527059999999992
6187127701	0.228668060799999989	-0.0128963388000000005
6187129701	0.228884548699999996	-0.0160432086000000008
6187131701	0.225166000700000007	-0.0162454104000000002
6187133701	0.227621959600000007	-0.0159028262999999989
6187135701	0.228388544199999988	-0.0160335675999999996
6187137701	0.223345960600000004	-0.0175937276999999989
6187139701	0.223080863800000001	-0.0193299268999999989
6187141701	0.22405747279999999	-0.0157547009999999994
6187143701	0.222736515800000007	-0.0179093510000000004
6187145701	0.225252961499999987	-0.0164970789
6187147701	0.222074171699999989	-0.0190589474000000016
6187149701	0.222592805799999988	-0.0187013618
6187151701	0.223520957200000009	-0.0179130781000000003
6187153701	0.223519397399999986	-0.0226238885999999993
6187155701	0.221916543500000008	-0.0205788338000000015
6187157701	0.225805444699999996	-0.0225169476
6187159701	0.222266844600000013	-0.0225513315000000006
6187161701	0.2225581586	-0.0197365661999999997
6187163701	0.220926268799999992	-0.020582096099999999
6187165701	0.224262905300000009	-0.0206581018999999998
6187167701	0.2190898664	-0.0216576453000000002
6187169701	0.220402775599999989	-0.0229129993000000004
6187171701	0.2188213299	-0.0212928783999999996
6187173701	0.219820876999999998	-0.0226159218000000009
6187175701	0.221156345899999995	-0.0251792651999999985
6187177701	0.217548259699999996	-0.0237483146000000006
6187179701	0.214046284899999995	-0.0272922547999999987
6187181701	0.2183761018	-0.0265217795999999999
6187183701	0.217077701300000009	-0.0241636227000000016
6187185701	0.217866455099999995	-0.0280028998999999994
6187187701	0.218588843100000013	-0.027670184300000001
6187189701	0.220028123599999986	-0.0273995460000000003
6187191701	0.215507767999999988	-0.0323066409000000027
6187193701	0.213359357599999994	-0.0301406725
6187195701	0.217356051500000008	-0.0275214025000000001
6187197701	0.215697132300000011	-0.0286008765000000005
6187199701	0.218242604300000004	-0.0333098083000000003
6187201701	0.215658114799999995	-0.0345247238999999984
6187203701	0.214350360299999987	-0.0325319784000000015
6187205701	0.211764839300000007	-0.0358312916000000023
6187207701	0.21273523259999999	-0.0311336780000000014
6187209701	0.214518473900000006	-0.0321762479999999976
6187211701	0.211838465700000006	-0.0314023906000000033
6187213701	0.210145654099999996	-0.0343431885000000034
6187215701	0.21519472449999999	-0.0294056421999999984
6187217701	0.21382604220000001	-0.0336576929000000011
6187219701	0.209315069200000009	-0.033964502700000003
6187221701	0.212369302199999999	-0.033566518699999999
6187223701	0.212141462400000008	-0.0340210428999999995
6187225701	0.208482868300000013	-0.037576975700000001
6187227701	0.209558215399999997	-0.0365259401000000011
6187229701	0.205069346499999999	-0.0359539442999999986
6187231701	0.210646079399999991	-0.038218083600000001
6187233701	0.210004198700000005	-0.0420298782000000024
6187235701	0.205558359999999996	-0.0378222983000000013
6187237701	0.206406464699999986	-0.0379598056000000003
6187239701	0.202950965600000005	-0.0398262188000000003
6187241701	0.207806486200000001	-0.0375045838999999992
6187243701	0.207189137800000006	-0.0404648234999999967
6187245701	0.201687479400000008	-0.0410186592000000017
6187247701	0.200131871999999988	-0.0441719730000000033
6187249701	0.20265537380000001	-0.0399059298000000034
6187251701	0.20511202340000001	-0.0397741274999999991
6187253701	0.200976407899999987	-0.0408794301000000027
6187255701	0.198530387400000008	-0.0403322829999999966
6187257701	0.200659534400000006	-0.0424303805999999978
6187259701	0.198674499599999999	-0.0415033024999999986
6187261701	0.197556220300000002	-0.048290869799999997
6187263701	0.193185007999999991	-0.0477227964999999976
6187265701	0.195530887300000011	-0.0460239814999999983
6187267701	0.195717586700000001	-0.0448639839000000012
6187269701	0.194965200799999988	-0.0479230297000000013
6187271701	0.194688221100000003	-0.0456529036999999971
6187273701	0.192746920699999991	-0.0407308487999999969
6187275701	0.192906624999999998	-0.0477250964
6187277701	0.193670782699999988	-0.0447073455999999966
6187279701	0.194558425099999988	-0.0485772936000000016
6187281701	0.192468608699999988	-0.046474689399999998
6187283701	0.188290147699999993	-0.0479233553999999992
6187285701	0.192414449999999987	-0.0461961566000000032
6187287701	0.18858914269999999	-0.0508276653999999994
6187289701	0.189569720899999988	-0.0492563771999999997
6187291701	0.187824113399999992	-0.0507860613999999988
6187293701	0.184520250899999988	-0.0487714597999999999
6187295701	0.18574645179999999	-0.050387614499999997
6187297701	0.188461884299999993	-0.0489099227999999983
6187299701	0.179434472600000006	-0.0519560156000000023
6187301701	0.176473861399999987	-0.0514895786000000022
6187303701	0.178578507800000008	-0.0514386147999999974
6187305701	0.181597564099999997	-0.0507885123999999993
6187307701	0.177656385400000005	-0.0528137759999999998
6187309701	0.178250025000000006	-0.0517548336000000012
6187311701	0.176604011100000013	-0.049491766999999999
6187313701	0.176403874999999988	-0.0536712587000000019
6187315701	0.172395385799999995	-0.0516127458999999997
6187317701	0.177885615500000011	-0.0484654633999999987
6187319701	0.178122532199999989	-0.0521975775000000017
6187321701	0.174038986700000009	-0.0551937419000000026
6187323701	0.173379996700000011	-0.0520826818999999969
6187325701	0.172049428700000007	-0.0522470100000000034
6187327701	0.171390586399999989	-0.0563032175999999968
6187329701	0.170153873000000011	-0.0544610406999999977
6187331701	0.166979743399999991	-0.0535014558000000001
6187333701	0.166998949000000008	-0.0526347965999999987
6187335701	0.170141187299999996	-0.0576157731000000034
6187337701	0.163610126900000014	-0.0547527416000000017
6187339701	0.164511541600000005	-0.0527427379000000029
6187341701	0.16578459370000001	-0.0534690026999999971
6187343701	0.165134230699999995	-0.056096565000000001
6187345701	0.16221735570000001	-0.0540108969000000008
6187347701	0.160895530199999998	-0.054735194899999999
6187349701	0.161601011200000005	-0.0564125166999999983
6187351701	0.155770606400000011	-0.0556291298000000031
6187353701	0.159925798300000005	-0.0540598833000000001
6187355701	0.158198209000000006	-0.0539596202999999969
6187357701	0.155754107100000011	-0.0563902594999999979
6187359701	0.155132620599999993	-0.0553418344999999992
6187361701	0.156630870000000005	-0.053789020299999997
6187363701	0.150030268100000003	-0.0504774496000000017
6187365701	0.151989248800000004	-0.0579669765999999975
6187367701	0.151791860899999992	-0.0578499343000000027
6187369701	0.152329256800000007	-0.0551763704000000008
6187371701	0.147027235199999995	-0.0553404898000000034
6187373701	0.149142895500000011	-0.0554743405999999981
6187375701	0.144476265999999992	-0.0544323649000000021
6187377701	0.1463913399	-0.0553155109000000034
6187379701	0.1417392455	-0.0556707977999999978
6187381701	0.141903181900000008	-0.0551592299000000022
6187383701	0.141784067300000011	-0.0546426758999999998
6187385701	0.139172360500000009	-0.0551133616000000007
6187387701	0.137509293100000013	-0.0532720377999999981
6187389701	0.135996687700000007	-0.0554439025999999974
6187391701	0.136259050399999998	-0.0507411005999999984
6187393701	0.13569708350000001	-0.0522026240999999974
6187395701	0.137429212699999997	-0.0504685663999999978
6187397701	0.127373584399999989	-0.0492232624999999965
6187399701	0.129951273400000011	-0.051059769599999999
6187401701	0.130119212300000009	-0.0511124752000000002
6187403701	0.125437155900000014	-0.0526782765999999972
6187405701	0.125982652400000006	-0.0491598826999999974
6187407701	0.129672439299999998	-0.0506658628999999971
6187409701	0.128638552099999998	-0.0518596793000000028
6187411701	0.120995284600000003	-0.0451392929000000026
6187413701	0.123596086100000002	-0.0477444490000000013
6187415701	0.122665329700000006	-0.0488532617999999988
6187417701	0.123510117000000003	-0.0432922739999999986
6187419701	0.118910696900000001	-0.0426338294000000034
6187421701	0.115034448499999997	-0.0455269292000000034
6187423701	0.114408634499999995	-0.042840210099999998
6187425701	0.117791365199999998	-0.044531246699999999
6187427701	0.120143293799999995	-0.0418397715999999989
6187429701	0.115761612599999994	-0.0393192434000000021
6187431701	0.114870143499999994	-0.0466773663000000019
6187433701	0.115672389599999995	-0.0407851357000000025
6187435701	0.115581944500000006	-0.0387066553999999979
6187437701	0.110967781299999999	-0.0389207674000000003
6187439701	0.112240474000000007	-0.0373897014999999971
6187441701	0.109095465700000005	-0.0409724334000000009
6187443701	0.105490743200000001	-0.0348346707000000005
6187445701	0.108401886899999994	-0.0353367622999999978
6187447701	0.107384984200000005	-0.0384021750999999981
6187449701	0.104952341500000004	-0.0357159771999999986
6187451701	0.107263207200000002	-0.0360403515999999993
6187453701	0.102325395499999999	-0.0366349143000000016
6187455701	0.101352859399999995	-0.0297220509999999993
6187457701	0.100655298099999999	-0.0278360144000000011
6187459701	0.102786862300000004	-0.0268084399000000015
6187461701	0.0982580942000000068	-0.0202927952999999994
6187463701	0.100313006499999996	-0.0243842514999999989
6187465701	0.0961293326000000059	-0.0268585894999999984
6187467701	0.0976699250000000047	-0.0208858968000000013
6187469701	0.0948401068000000042	-0.0207592769999999996
6187471701	0.0946925027000000002	-0.0190199263
6187473701	0.0946838202999999989	-0.0199539442000000004
6187475701	0.0973483021000000059	-0.0192616406000000011
6187477701	0.092325950599999998	-0.0167283454000000005
6187479701	0.091269956499999999	-0.0186207466999999995
6187481701	0.0918748654000000053	-0.0157766298999999985
6187483701	0.0892082882999999938	-0.0178799421000000007
6187485701	0.0916855770999999986	-0.0136910034999999999
6187487701	0.0903456338999999997	-0.0157680728999999992
6187489701	0.0891979603999999981	-0.0077006873999999996
6187491701	0.0868925641999999943	-0.00670784270000000012
6187493701	0.0886765751999999963	-0.00572918319999999974
6187495701	0.0859212533000000001	-0.00419566830000000016
6187497701	0.087099445999999997	-0.00208895959999999981
6187499701	0.0883502594000000058	-0.00443496190000000016
6187501701	0.0848356569999999949	-0.00294191009999999987
6187503701	0.0869530824000000063	0.00108239560000000009
6187505701	0.0837313053999999973	-0.00381282480000000009
6187507701	0.0837767095000000045	0.00356360750000000006
6187509701	0.0840932347000000052	0.00331776170000000004
6187511701	0.0865376204999999954	0.0057560446999999999
6187513701	0.0876424274999999947	0.00475917069999999987
6187515701	0.0873355521999999995	0.0101547926000000004
6187517701	0.0824941010000000002	0.0142848652999999996
6187519701	0.0834025937999999939	0.0147142139999999998
6187521701	0.0824720954000000006	0.00697773389999999973
6187523701	0.0864007948999999942	0.0121279843999999998
6187525701	0.084672855199999994	0.00895489539999999931
6187527701	0.0849550091000000063	0.0176343369999999999
6187529701	0.0808191657999999952	0.0197646921000000017
6187531701	0.0800886246999999996	0.0175115315000000001
6187533701	0.0844640787000000004	0.0180831829999999992
6187535701	0.0832083978999999946	0.020295349800000001
6187537701	0.0835268136999999938	0.0262752223000000014
6187539701	0.0797009810999999985	0.0224307616999999994
6187541701	0.0811435050000000047	0.0256380159000000017
6187543701	0.0847772433999999936	0.0288757549999999995
6187545701	0.0855844490000000069	0.0279373433000000004
6187547701	0.0851259649000000035	0.034302517400000003
6187549701	0.0858850200000000064	0.0348072530999999977
6187551701	0.0857763443999999958	0.0314243603999999968
6187553701	0.0853525606999999964	0.0374970436000000018
6187555701	0.0898322242999999993	0.0416453292999999988
6187557701	0.0881994769999999984	0.0349070034999999987
6187559701	0.0848724014000000054	0.0369988783999999973
6187561701	0.085366038199999994	0.0384858830999999998
6187563701	0.0876427379000000034	0.0356409375999999986
6187565701	0.0866042038999999958	0.0370783288999999988
6187567701	0.0873408531000000043	0.042405250999999998
6187569701	0.0899559865000000014	0.041353261500000002
6187571701	0.0882707273999999986	0.0432288741000000018
6187573701	0.0874614212999999946	0.0436936420999999992
6187575701	0.0929442166999999986	0.0442018965999999985
6187577701	0.0910512064999999954	0.0504966723000000034
6187579701	0.0935013970999999944	0.0517726389000000009
6187581701	0.0894566975999999958	0.0513303702999999972
6187583701	0.0867679960999999944	0.0468365547999999993
6187585701	0.0906877663999999944	0.0558586090999999979
6187587701	0.0931321563000000047	0.0519595225000000008
6187589701	0.0914744801000000052	0.0496545358000000034
6187591701	0.0948449405000000023	0.0592769801000000013
6187593701	0.0953507236000000064	0.0595041401999999997
6187595701	0.099177610200000002	0.0608975847000000001
6187597701	0.096658743500000005	0.0588271563999999969
6187599701	0.101377503300000005	0.0560032047000000033
6187601701	0.0946912731000000008	0.0619655543000000031
6187603701	0.101952297799999994	0.0602554116000000028
6187605701	0.0988286084999999981	0.0618931542000000015
6187607701	0.0978912873999999988	0.0677445831000000054
6187609701	0.0971071772000000055	0.0629741523000000025
6187611701	0.104417730599999994	0.0612999565999999968
6187613701	0.103775364100000003	0.0647507553999999985
6187615701	0.102158321699999999	0.0630013952000000044
6187617701	0.1039567671	0.0648858119000000066
6187619701	0.107127970200000006	0.0686249198999999976
6187621701	0.103854230699999994	0.067234316200000005
6187623701	0.107054728900000007	0.0686923670000000042
6187625701	0.103513862200000001	0.069728719699999997
6187627701	0.109614137400000006	0.0714163795000000018
6187629701	0.107450413699999997	0.0734542244999999983
6187631701	0.111000043399999998	0.0722052923999999957
6187633701	0.1067988827	0.0712374278999999971
6187635701	0.107550528500000006	0.0682358675999999997
6187637701	0.110417037699999998	0.0756604765999999984
6187639701	0.1119213399	0.0772650775000000012
6187641701	0.116952814000000002	0.0752282315000000062
6187643701	0.116306983799999999	0.0779604492999999982
6187645701	0.111925863400000006	0.0752388828000000037
6187647701	0.112194793299999998	0.0754493309999999945
6187649701	0.117228418099999995	0.0765711560999999957
6187651701	0.118695446900000001	0.0777880655999999976
6187653701	0.116755305899999995	0.0760691815999999937
6187655701	0.121305340999999997	0.081817799400000002
6187657701	0.122876781599999998	0.0835702972000000044
6187659701	0.116725450699999997	0.0801656414999999956
6187661701	0.124514109499999998	0.078643545499999995
6187663701	0.12568996830000001	0.0850027376999999973
6187665701	0.124891460400000001	0.082276367000000003
6187667701	0.122105328599999993	0.0811262861000000002
6187669701	0.124318479800000006	0.0815898649000000031
6187671701	0.121803151200000001	0.0789807242999999992
6187673701	0.128734899000000014	0.0873937186000000032
6187675701	0.127495422599999991	0.0851054269999999974
6187677701	0.12686559389999999	0.0832054881000000024
6187679701	0.131217680799999986	0.0848410428000000022
6187681701	0.131018160999999994	0.082202619399999996
6187683701	0.130761300299999994	0.0861663052000000013
6187685701	0.129666623600000003	0.0860332850999999954
6187687701	0.131352538099999999	0.0859947687000000016
6187689701	0.135256283100000013	0.0851377021000000039
6187691701	0.136120274499999999	0.0837514240000000049
6187693701	0.136352646800000005	0.0867997338000000007
6187695701	0.136642108900000003	0.0895480025000000013
6187697701	0.134376223999999989	0.0860992562999999961
6187699701	0.139051728099999994	0.0881672740000000038
6187701701	0.140644485499999999	0.0864295684000000036
6187703701	0.14200554030000001	0.0834381448000000026
6187705701	0.141039533900000014	0.0868550485000000039
6187707701	0.140381272299999998	0.0871529077999999985
6187709701	0.14261567389999999	0.0872832478999999994
6187711701	0.140459429999999996	0.0844744058999999936
6187713701	0.140548073400000001	0.0899533826000000064
6187715701	0.142096522599999997	0.0854125498999999955
6187717701	0.138852778499999996	0.0894877911999999998
6187719701	0.142699084400000009	0.0851489504000000064
6187721701	0.145755128499999997	0.0900994910000000038
6187723701	0.146167063000000014	0.0904792023000000056
6187725701	0.146193997699999995	0.0884063741000000042
6187727701	0.144662989200000008	0.0893795009000000057
6187729701	0.147626114499999989	0.0891329198999999961
6187731701	0.150558286000000013	0.0866994620999999993
6187733701	0.149553334499999996	0.0875367350999999988
6187735701	0.152808735400000006	0.0873472067999999935
6187737701	0.151768924700000002	0.0894666610000000029
6187739701	0.147195375900000008	0.0893110154999999933
6187741701	0.150419087400000012	0.0867229233000000044
6187743701	0.15298039699999999	0.0897824722999999991
6187745701	0.151196713300000007	0.0889455796999999992
6187747701	0.15026481550000001	0.0863441535000000066
6187749701	0.154769315699999993	0.0901018712999999971
6187751701	0.156852410400000003	0.0883022282999999936
6187753701	0.157606063800000001	0.0919551608999999992
6187755701	0.15660068969999999	0.0848008630000000041
6187757701	0.159792456599999994	0.0877574299999999974
6187759701	0.159633276299999988	0.0890411400000000047
6187761701	0.155471336099999996	0.0878124844999999959
6187763701	0.156725826799999995	0.0875824473000000048
6187765701	0.163606721099999991	0.0890299928999999934
6187767701	0.163954299199999987	0.0887875917000000014
6187769701	0.162220993000000008	0.0912619013000000034
6187771701	0.161296046100000007	0.0871035990999999982
6187773701	0.163160515199999995	0.0885366087000000052
6187775701	0.16203138680000001	0.0879339251000000044
6187777701	0.164428076799999989	0.0881891075999999968
6187779701	0.164165209700000009	0.0903618984000000014
6187781701	0.164990633500000011	0.0885225748999999978
6187783701	0.162677543499999994	0.0888820283999999933
6187785701	0.164575795100000005	0.0929607947000000018
6187787701	0.166549525199999993	0.0904687733999999938
6187789701	0.162655928499999991	0.0882443247000000014
6187791701	0.165602614000000009	0.0895457452999999931
6187793701	0.163587801899999996	0.0851914188000000017
6187795701	0.17118120819999999	0.0862114115999999958
6187797701	0.167976022599999997	0.092390712599999994
6187799701	0.167775953000000005	0.0886396707000000061
6187801701	0.172192794900000001	0.0864617939000000002
6187803701	0.167484199700000003	0.0866961121000000001
6187805701	0.171788711600000005	0.0886136857999999944
6187807701	0.170264533500000009	0.0886267372999999942
6187809701	0.168967525000000007	0.0891981193999999977
6187811701	0.172424496199999999	0.0865303941000000049
6187813701	0.172699891200000011	0.0844073027000000059
6187815701	0.175467281199999992	0.0900159008000000066
6187817701	0.172612697199999998	0.0853653568999999945
6187819701	0.1734163913	0.0851003424000000008
6187821701	0.173380060800000013	0.0872682999999999931
6187823701	0.174677044700000006	0.0837405177999999972
6187825701	0.177251458599999995	0.0831818453000000013
6187827701	0.178592015599999987	0.0841034747999999943
6187829701	0.174190359600000011	0.0868605166000000067
6187831701	0.182985075599999991	0.085491126700000003
6187833701	0.178772021899999994	0.087132890399999996
6187835701	0.179041604500000007	0.0865358068000000036
6187837701	0.178454425100000008	0.0843322707000000032
6187839701	0.175674251499999989	0.0857278628999999931
6187841701	0.181295400699999998	0.0850982071000000034
6187843701	0.179809041199999992	0.0805053616000000055
6187845701	0.183616542399999999	0.0821033813000000001
6187847701	0.18422508239999999	0.0835208038999999958
6187849701	0.183230514399999989	0.084365327599999998
6187851701	0.18307564409999999	0.0840282856999999966
6187853701	0.182651971200000013	0.087119683200000006
6187855701	0.180493907600000003	0.0860446425000000042
6187857701	0.184707401599999987	0.0839699314999999974
6187859701	0.184436221300000008	0.0812092650000000027
6187861701	0.186914731599999995	0.0820835637999999951
6187863701	0.185493594499999997	0.0823132295000000014
6187865701	0.184900168100000012	0.082625100600000001
6187867701	0.184885966799999996	0.0806808479999999995
6187869701	0.18538549130000001	0.0854750831000000016
6187871701	0.185787908800000012	0.0838564032999999931
6187873701	0.185854707499999994	0.0816146197999999962
6187875701	0.187953813500000011	0.0825838713000000002
6187877701	0.185206272799999988	0.0808347405999999963
6187879701	0.187628779999999995	0.079434565400000004
6187881701	0.188100198800000007	0.0807791043999999958
6187883701	0.190380727	0.0784699390000000024
6187885701	0.190931624900000013	0.0811942960999999935
6187887701	0.18338069030000001	0.0803482303999999981
6187889701	0.190845705300000001	0.0788358470000000006
6187891701	0.192219366800000013	0.0799406279000000053
6187893701	0.189326222399999994	0.0812007010999999945
6187895701	0.192639869999999991	0.0765877194999999983
6187897701	0.192530175500000011	0.0826088559999999944
6187899701	0.190987622800000006	0.0765769959
6187901701	0.192818558599999995	0.0779147574000000065
6187903701	0.189156771299999998	0.0799832642999999954
6187905701	0.190118808199999989	0.077797466100000004
6187907701	0.19428723140000001	0.0761115851999999982
6187909701	0.191507825100000001	0.0764405246000000038
6187911701	0.190953366699999988	0.0772073887000000042
6187913701	0.198141288500000012	0.0766082102999999931
6187915701	0.195665642400000006	0.0790918723000000046
6187917701	0.194859598200000012	0.0781685428000000043
6187919701	0.197605715200000004	0.0753448334000000053
6187921701	0.197984673599999994	0.0701663557000000021
6187923701	0.196984939400000003	0.0726680886999999942
6187925701	0.19898833660000001	0.0766402951000000054
6187927701	0.194687406600000001	0.072943546600000006
6187929701	0.198206206400000001	0.0771563187999999983
6187931701	0.195451496599999996	0.0745030329000000019
6187933701	0.19557945739999999	0.0716502938000000006
6187935701	0.19663946269999999	0.0746094164999999976
6187937701	0.197819497399999988	0.0742369404000000066
6187939701	0.196662565399999989	0.0771740127000000026
6187941701	0.200303060000000005	0.0776183485000000034
6187943701	0.202619661799999989	0.0753963428000000019
6187945701	0.1991762963	0.0753458062999999983
6187947701	0.195673226000000006	0.0738063627000000028
6187949701	0.199678731599999992	0.0727736590000000044
6187951701	0.197097606300000006	0.0754634223999999937
6187953701	0.199388901300000004	0.075009889499999996
6187955701	0.200619697499999999	0.0721597207999999934
6187957701	0.197869501700000006	0.0755354793999999941
6187959701	0.203487560200000001	0.0740832986999999943
6187961701	0.202490823399999992	0.0702161394999999966
6187963701	0.201701414899999987	0.0740323095000000042
6187965701	0.201497279400000007	0.0700534045999999938
6187967701	0.203885161399999987	0.0702135764000000051
6187969701	0.202386179299999996	0.0712218649000000009
6187971701	0.204000422600000009	0.0709250847000000018
6187973701	0.205049281800000011	0.069431032700000006
6187975701	0.204428927399999988	0.0698025203999999982
6187977701	0.203396164099999999	0.069099592200000004
6187979701	0.201662864599999991	0.0677177251000000008
6187981701	0.206802859199999994	0.072434729500000003
6187983701	0.205632221400000009	0.0735133667999999935
6187985701	0.207849587700000005	0.068026239500000002
6187987701	0.203208697299999991	0.0701701757000000037
6187989701	0.206367128300000008	0.0683323160999999984
6187991701	0.201939734799999993	0.0699750994999999987
6187993701	0.202550369400000013	0.0671179487999999935
6187995701	0.204097284399999995	0.0690790398000000055
6187997701	0.210831142599999993	0.0620590790000000031
6187999701	0.203228549400000014	0.0686512880999999991
6188001701	0.20349265259999999	0.0688582316999999944
6188003701	0.209143834400000006	0.073043480899999999
6188005701	0.204657256300000007	0.0658968053999999942
6188007701	0.206738351900000006	0.0678083131000000033
6188009701	0.207750925700000005	0.0642460729000000064
6188011701	0.209941782100000002	0.0672003963000000065
6188013701	0.208574846000000008	0.065773195399999998
6188015701	0.208996210500000001	0.0634049247000000038
6188017701	0.206761686500000014	0.066649951299999996
6188019701	0.207746032599999991	0.0623286390999999995
6188021701	0.207439485000000007	0.065254190399999995
6188023701	0.207869040700000007	0.0691282733999999954
6188025701	0.211960889000000013	0.0642594013000000047
6188027701	0.209853626900000007	0.0640406184999999933
6188029701	0.207480514899999996	0.0643083448000000002
6188031701	0.211488973800000007	0.0644701840999999942
6188033701	0.20842080260000001	0.0629235508000000054
6188035701	0.210325870500000012	0.0602403442999999983
6188037701	0.212770456100000005	0.0634660662000000042
6188039701	0.207766935099999994	0.061431374900000002
6188041701	0.210531657099999991	0.0636737284000000042
6188043701	0.207850885200000002	0.0604611624999999986
6188045701	0.212158762700000003	0.0614305209000000005
6188047701	0.213867286900000009	0.0651733307999999983
6188049701	0.213374813400000002	0.0648084253999999943
6188051701	0.212647567600000004	0.0626679579000000014
6188053701	0.215168463000000004	0.0601270539999999992
6188055701	0.212398533400000006	0.0575648202999999997
6188057701	0.214176572600000004	0.0610504498000000034
6188059701	0.213912480699999991	0.0599379176000000014
6188061701	0.214796103799999999	0.0633699826999999938
6188063701	0.211967488000000009	0.0581072988999999998
6188065701	0.213019571600000013	0.0586144285000000029
6188067701	0.215095407999999988	0.0604479160999999987
6188069701	0.212017335100000009	0.0596039558999999983
6188071701	0.214448835599999998	0.061914470800000003
6188073701	0.217157510599999992	0.0579111165999999997
6188075701	0.213709062100000013	0.0614914302999999968
6188077701	0.211459887900000004	0.0585681862999999983
6188079701	0.214871231100000004	0.0582079070999999976
6188081701	0.215025241700000008	0.056383543799999998
6188083701	0.214867273400000003	0.0606562511000000026
6188085701	0.214242700400000013	0.0565478042000000028
6188087701	0.217724536400000002	0.0619111473999999981
6188089701	0.217288035500000004	0.0590382306999999995
6188091701	0.213953369700000007	0.0564690353999999992
6188093701	0.213933020899999993	0.0550494923999999969
6188095701	0.214952698999999997	0.0532865324000000029
6188097701	0.217105176600000005	0.0586821143999999989
6188099701	0.220045690399999994	0.0565752004999999988
6188101701	0.214194155100000005	0.0551835048999999994
6188103701	0.217165154100000007	0.0549915376000000011
6188105701	0.216997380900000009	0.0574734289999999995
6188107701	0.214727094300000004	0.0569185633000000024
6188109701	0.215848138599999989	0.055111394000000001
6188111701	0.215118030900000007	0.0560956499999999969
6188113701	0.216576376099999995	0.054917158700000003
6188115701	0.217032305600000003	0.0549961492999999982
6188117701	0.216837299900000002	0.0527982021999999981
6188119701	0.215741626699999994	0.0530901623000000003
6188121701	0.21814055160000001	0.0528106365000000008
6188123701	0.214626017599999996	0.053281245900000003
6188125701	0.212940378399999991	0.0534292427999999986
6188127701	0.216507321700000005	0.0566286746999999993
6188129701	0.216185199599999989	0.055383761699999999
6188131701	0.217861901100000005	0.0554115889000000028
6188133701	0.216756191999999986	0.0565105856000000031
6188135701	0.219186776899999991	0.0501164440999999974
6188137701	0.217330192000000005	0.0520741951999999994
6188139701	0.218540296800000006	0.050425172800000001
6188141701	0.2169826433	0.052140568499999998
6188143701	0.215646503999999989	0.0531826788000000009
6188145701	0.217716996100000004	0.0520190405000000022
6188147701	0.215169133900000004	0.0508948971000000028
6188149701	0.219511544899999994	0.0510522720999999971
6188151701	0.22008408530000001	0.0499275912999999974
6188153701	0.215230454999999987	0.0543069393999999969
6188155701	0.220438838999999998	0.0522419088000000004
6188157701	0.222423686399999987	0.0494560591999999993
6188159701	0.2220196002	0.0477203251000000023
6188161701	0.219945724700000012	0.0480492428000000027
6188163701	0.222069470999999991	0.0495015115999999991
6188165701	0.220728052600000002	0.0465755875000000014
6188167701	0.219074208599999987	0.0491094486000000011
6188169701	0.219236673999999993	0.049015363800000003
6188171701	0.220931893299999987	0.049504711899999998
6188173701	0.221896355500000003	0.0513192530000000022
6188175701	0.219665134499999998	0.0482817284000000013
6188177701	0.222653291400000009	0.0465496339999999995
6188179701	0.218414792999999996	0.0475879153999999999
6188181701	0.224487754499999997	0.0488032217999999976
6188183701	0.220248046700000005	0.0476816915999999993
6188185701	0.222302275699999996	0.0469035838000000024
6188187701	0.221043946500000005	0.0490313713000000012
6188189701	0.219820390199999993	0.0441075095999999972
6188191701	0.224619649799999987	0.0454960411000000023
6188193701	0.225335381700000004	0.0463190387999999967
6188195701	0.223430039100000005	0.0481261551999999995
6188197701	0.219635693100000001	0.0484567673000000018
6188199701	0.220612901	0.0453538751999999976
6188201701	0.219974107599999996	0.0452242519999999995
6188203701	0.224838629499999998	0.046280646100000003
6188205701	0.223533291800000006	0.0475628504999999965
6188207701	0.223553944000000004	0.0420333302999999978
6188209701	0.222160102700000001	0.0421992952000000004
6188211701	0.224780983699999992	0.049619689699999997
6188213701	0.224534532399999986	0.0472291193999999984
6188215701	0.2221327944	0.043314860099999998
6188217701	0.224503316799999991	0.0415923383999999979
6188219701	0.223683897200000009	0.0441007803000000032
6188221701	0.225640883699999989	0.0480040164000000019
6188223701	0.223428129800000014	0.0479426169999999999
6188225701	0.222947744899999994	0.0418785840000000034
6188227701	0.225728244699999997	0.0450608405999999989
6188229701	0.223755089500000004	0.039448172099999998
6188231701	0.225066850200000002	0.0399626007999999977
6188233701	0.222019503099999987	0.0443041750000000012
6188235701	0.225520257000000002	0.0443216868000000028
6188237701	0.223253962700000003	0.0421493874000000018
6188239701	0.225980078100000009	0.0451126010999999966
6188241701	0.222655909699999988	0.0408664061999999967
6188243701	0.226163553299999986	0.0387267016999999977
6188245701	0.224448455399999997	0.0408616499999999994
6188247701	0.223063743199999998	0.0378068241999999985
6188249701	0.222767660199999995	0.0396343020999999976
6188251701	0.224644305699999991	0.0412066535999999969
6188253701	0.227031673900000008	0.040220310799999999
6188255701	0.220834272599999992	0.0402162698000000027
6188257701	0.222723378700000002	0.0404327236999999992
6188259701	0.225521954899999988	0.0386774790000000007
6188261701	0.225851372299999992	0.0401257357999999995
6188263701	0.230828406799999997	0.0432150351000000002
6188265701	0.226531122499999987	0.0419287242999999976
6188267701	0.229890274000000006	0.0369494362999999992
6188269701	0.227055806999999998	0.0366481846000000014
6188271701	0.224029948300000004	0.0401997667000000003
6188273701	0.225250754100000006	0.0401928043000000026
6188275701	0.225510024400000009	0.0401886710999999966
6188277701	0.225562820999999997	0.0402948128999999974
6188279701	0.225000450699999993	0.0387270721000000026
6188281701	0.22605034160000001	0.035817422699999997
6188283701	0.229655775000000006	0.0405094958999999977
6188285701	0.229261265200000008	0.0421875276999999979
6188287701	0.22628762790000001	0.0387876441999999988
6188289701	0.226850013500000003	0.0388451557000000017
6188291701	0.228659545699999994	0.0361856603999999998
6188293701	0.228633852400000004	0.0360012071000000017
6188295701	0.223207019300000004	0.0407259875999999993
6188297701	0.227573472700000001	0.0356056782999999988
6188299701	0.228471943799999994	0.034802909600000001
6188301701	0.226277252900000003	0.0308566091000000015
6188303701	0.228508405500000011	0.036218204599999998
6188305701	0.229155339399999991	0.0369729420000000017
6188307701	0.22600446669999999	0.0363211430000000002
6188309701	0.225920747000000005	0.0339918228000000017
6188311701	0.228388559299999988	0.0312403699999999999
6188313701	0.228302984200000003	0.0363440179999999988
6188315701	0.232539618000000003	0.034165491499999999
6188317701	0.226993789800000012	0.0318694825999999987
6188319701	0.229153266299999991	0.0402056947000000026
6188321701	0.229225035800000004	0.0313699566999999999
6188323701	0.228477120199999995	0.031979038500000001
6188325701	0.225685040100000012	0.0321511131000000033
6188327701	0.23264381919999999	0.0308616749000000003
6188329701	0.226799830400000013	0.0324857514999999999
6188331701	0.230445551700000001	0.0305658305999999998
6188333701	0.231953627200000012	0.0333801984999999996
6188335701	0.228629770199999999	0.0305821166999999984
6188337701	0.224407531500000007	0.0351334260000000023
6188339701	0.227680012600000009	0.0301853494999999999
6188341701	0.227389075800000007	0.0337382733999999976
6188343701	0.232285653199999997	0.0310125932999999986
6188345701	0.227804532100000012	0.0319587600999999971
6188347701	0.228881607999999986	0.0321325631999999986
6188349701	0.227774134699999992	0.0311995802000000003
6188351701	0.229403037300000001	0.0326201502999999976
6188353701	0.227202962499999994	0.0316880824999999991
6188355701	0.232100543599999987	0.0297370084999999985
6188357701	0.231581836399999991	0.0284891365999999993
6188359701	0.227646999500000002	0.0299894108000000013
6188361701	0.229657102499999988	0.0300849779000000005
6188363701	0.230980632699999994	0.0280352898999999996
6188365701	0.229695044500000001	0.0324935884000000022
6188367701	0.232121146400000006	0.0307701026999999995
6188369701	0.230960631999999999	0.0289368389999999989
6188371701	0.230099817000000012	0.0282079733999999992
6188373701	0.229914696299999999	0.0268242945999999996
6188375701	0.227520566899999999	0.0280577088000000009
6188377701	0.228285237800000013	0.0281305006000000003
6188379701	0.224740981000000006	0.0276635205000000002
6188381701	0.23261510760000001	0.0265701277000000013
6188383701	0.232040937899999994	0.0319158158999999983
6188385701	0.232459353400000013	0.0256032056999999993
6188387701	0.230675197500000012	0.0279109753999999995
6188389701	0.230476784600000012	0.0280948009000000012
6188391701	0.227132012299999991	0.0307931130999999983
6188393701	0.230560177700000007	0.0269894287999999996
6188395701	0.230952644699999987	0.0271892427999999992
6188397701	0.231477416600000013	0.0264424358000000005
6188399701	0.228049102899999995	0.0284238275999999998
6188401701	0.230295179500000002	0.0241659944000000015
6188403701	0.232811897200000006	0.0258127865000000005
6188405701	0.231038593799999997	0.0263889500999999992
6188407701	0.232315179900000002	0.0246928192000000005
6188409701	0.226867875699999999	0.0254799669999999992
6188411701	0.231929852999999991	0.0276494748999999984
6188413701	0.229729386199999996	0.0243447086999999986
6188415701	0.23173910310000001	0.0267620270999999986
6188417701	0.229127947100000007	0.0235235830000000007
6188419701	0.230321122999999989	0.0264844719999999985
6188421701	0.230405855100000001	0.0241490292999999995
6188423701	0.231243443399999998	0.0239189638999999996
6188425701	0.2315969061	0.0276384466000000016
6188427701	0.22978352769999999	0.0252844144
6188429701	0.231285620200000014	0.0253703015000000011
6188431701	0.229393449599999993	0.0252816805999999984
6188433701	0.229171659999999999	0.0259861382000000016
6188435701	0.23359631480000001	0.0262657490000000014
6188437701	0.233994474300000005	0.0243338303999999991
6188439701	0.2300582303	0.0244526212
6188441701	0.231473661100000005	0.0217501067000000006
