# freq, I e Q
4385770000	0.347868995199999975	-0.41129548840000002
4385790000	0.345688439800000025	-0.414020900000000025
4385810000	0.347119388699999976	-0.415756750299999978
4385830000	0.341174499099999973	-0.41769293289999998
4385850000	0.339600495499999988	-0.416445419300000008
4385870000	0.341224030499999997	-0.420453108199999981
4385890000	0.338921660800000024	-0.422434246700000016
4385910000	0.335373770800000026	-0.424397822699999983
4385930000	0.340048587100000022	-0.430274921199999993
4385950000	0.334406366999999982	-0.426708940300000006
4385970000	0.33180642669999999	-0.429938066299999977
4385990000	0.325066638600000013	-0.4296325379
4386010000	0.326553022799999981	-0.434086498799999998
4386030000	0.326223319800000022	-0.434827221500000027
4386050000	0.324542742800000006	-0.435439881799999984
4386070000	0.318843741299999983	-0.439283327200000018
4386090000	0.315445724300000008	-0.443581755700000024
4386110000	0.312962426899999979	-0.437164116400000025
4386130000	0.310128549899999995	-0.442698976099999975
4386150000	0.311404275600000002	-0.442164053599999995
4386170000	0.304592202899999998	-0.443844120000000009
4386190000	0.306279016000000015	-0.44627896509999998
4386210000	0.303178642499999984	-0.44929001540000002
4386230000	0.299214129399999973	-0.453946965500000021
4386250000	0.299906988500000027	-0.448137581499999993
4386270000	0.297587166700000016	-0.458491727800000026
4386290000	0.288246853700000027	-0.457407076500000009
4386310000	0.291402237600000003	-0.458358611999999999
4386330000	0.290404480700000023	-0.456002545799999992
4386350000	0.286926231199999993	-0.459721741999999989
4386370000	0.28574234380000002	-0.462798826100000005
4386390000	0.288522526999999973	-0.461997221100000022
4386410000	0.279008400200000006	-0.463815810699999997
4386430000	0.275539355799999996	-0.467896515100000021
4386450000	0.277212568100000001	-0.468339178899999986
4386470000	0.270424645299999988	-0.468262756499999988
4386490000	0.269773694900000027	-0.466915973699999987
4386510000	0.267452491100000023	-0.471727733300000007
4386530000	0.267811578200000011	-0.47102370640000002
4386550000	0.265354328500000014	-0.472851372900000011
4386570000	0.264313177100000019	-0.473476307400000018
4386590000	0.256487454599999998	-0.476749648999999998
4386610000	0.254599440100000018	-0.478498196599999981
4386630000	0.256652539299999982	-0.479220407399999992
4386650000	0.249330240099999989	-0.480233484499999974
4386670000	0.247022613499999988	-0.478683891600000022
4386690000	0.249666764799999996	-0.480369599199999997
4386710000	0.242472040599999994	-0.488381848800000018
4386730000	0.24445209200000001	-0.4861384916
4386750000	0.234986452600000006	-0.484711580600000025
4386770000	0.235676133199999999	-0.489686983099999973
4386790000	0.23490354699999999	-0.490367108499999982
4386810000	0.2318758078	-0.491942464799999979
4386830000	0.22766405449999999	-0.493906630700000016
4386850000	0.22707006460000001	-0.490345757800000004
4386870000	0.220518328900000005	-0.494313862200000009
4386890000	0.226396881900000013	-0.495546494599999998
4386910000	0.219938055699999996	-0.499317913700000005
4386930000	0.213468063099999994	-0.497329572300000022
4386950000	0.217608071900000005	-0.497041606000000025
4386970000	0.214135405100000009	-0.501283650500000011
4386990000	0.208132518999999988	-0.502643834999999983
4387010000	0.209478298600000001	-0.501053997600000023
4387030000	0.204720744700000012	-0.506225162599999945
4387050000	0.20463819820000001	-0.501051407599999998
4387070000	0.2027215822	-0.504095850500000053
4387090000	0.19746527559999999	-0.506696563600000038
4387110000	0.192800386900000009	-0.507183459199999964
4387130000	0.194510164799999996	-0.51032116059999999
4387150000	0.188885585500000008	-0.510553779800000052
4387170000	0.186678588400000012	-0.509990954000000052
4387190000	0.183628958399999986	-0.5124811373
4387210000	0.17958902169999999	-0.510189793500000044
4387230000	0.180172799699999997	-0.518104192699999966
4387250000	0.173610234000000002	-0.513401723099999985
4387270000	0.174508700699999991	-0.517069309100000041
4387290000	0.174345620199999995	-0.518634783200000005
4387310000	0.168945447299999996	-0.518833751099999962
4387330000	0.159586220800000012	-0.518940768700000055
4387350000	0.166459061500000005	-0.521240809300000052
4387370000	0.157380501899999997	-0.518818175599999987
4387390000	0.154301365899999987	-0.525649858099999978
4387410000	0.149553102800000004	-0.520366751299999986
4387430000	0.153387531900000013	-0.524361111699999993
4387450000	0.147675080399999992	-0.52712883789999998
4387470000	0.151704981399999994	-0.526692873400000039
4387490000	0.147746419399999995	-0.52419016340000002
4387510000	0.142819265899999992	-0.524055204000000052
4387530000	0.136117250299999992	-0.52613366380000004
4387550000	0.134908062500000009	-0.526558323900000014
4387570000	0.138147837500000009	-0.527512783299999954
4387590000	0.1309253202	-0.530795819800000013
4387610000	0.126519549499999995	-0.531923539400000034
4387630000	0.1266475393	-0.527982060799999986
4387650000	0.122327887600000004	-0.532973069700000024
4387670000	0.121229225100000004	-0.534818284999999949
4387690000	0.121122404200000006	-0.532534428199999965
4387710000	0.113100795800000001	-0.536237971200000052
4387730000	0.112356913399999994	-0.530656640799999968
4387750000	0.107733018900000005	-0.53240691480000002
4387770000	0.108106751500000001	-0.53058557340000001
4387790000	0.1059556361	-0.536384281200000035
4387810000	0.101348623900000004	-0.540316719500000042
4387830000	0.0965258065999999998	-0.537554772100000022
4387850000	0.0927619400000000011	-0.536832837299999976
4387870000	0.0922313144000000001	-0.537454376899999975
4387890000	0.0893633999999999956	-0.537509679000000018
4387910000	0.0875352608000000004	-0.534692532899999962
4387930000	0.0823850274999999993	-0.536712296000000033
4387950000	0.0834042923000000019	-0.54070394799999999
4387970000	0.0772618292000000068	-0.541569906300000015
4387990000	0.0782085894999999948	-0.539847351299999945
4388010000	0.0763304268000000036	-0.540671562300000019
4388030000	0.0682480498000000019	-0.541214675800000045
4388050000	0.0681162708999999977	-0.539794257399999977
4388070000	0.0665367107999999957	-0.543918829500000034
4388090000	0.0610532422000000033	-0.54070770850000005
4388110000	0.0584628634999999966	-0.544469121100000009
4388130000	0.0563994936999999974	-0.54365194360000002
4388150000	0.0541607747999999986	-0.541063056000000042
4388170000	0.0517022701000000029	-0.543334104900000003
4388190000	0.0489687852999999979	-0.544434917899999982
4388210000	0.0503175598000000016	-0.542672566200000039
4388230000	0.0422191593000000032	-0.541629726599999972
4388250000	0.0411817354999999968	-0.548203485399999968
4388270000	0.0400132107000000029	-0.547646090500000016
4388290000	0.0349092386000000032	-0.547512354199999995
4388310000	0.0318273089999999981	-0.544661852399999979
4388330000	0.0276465029000000015	-0.546614791099999997
4388350000	0.0265889179999999996	-0.544948739900000034
4388370000	0.0237915960000000017	-0.546072429199999987
4388390000	0.0197769827999999988	-0.545740560799999996
4388410000	0.0155485220000000004	-0.544549261999999978
4388430000	0.0145077525999999998	-0.545284206399999971
4388450000	0.0111320644000000007	-0.545464245899999978
4388470000	0.0117239913000000001	-0.544972903599999947
4388490000	0.00865932760000000072	-0.545429473600000048
4388510000	0.00300358819999999981	-0.544757199299999995
4388530000	0.00515480229999999966	-0.548701173500000028
4388550000	-0.00457891830000000007	-0.548349532200000045
4388570000	-0.00467881099999999973	-0.542659085499999971
4388590000	-0.00811987850000000025	-0.549313140999999949
4388610000	-0.00886246480000000073	-0.547767102200000022
4388630000	-0.0122765120999999994	-0.545610547400000034
4388650000	-0.0161398737999999993	-0.546729617400000034
4388670000	-0.0180425900000000007	-0.546973879499999982
4388690000	-0.0207892910999999993	-0.547370730999999999
4388710000	-0.0233460415000000011	-0.543568156299999994
4388730000	-0.0270635088000000003	-0.547541912200000036
4388750000	-0.0285698669999999988	-0.546069408699999981
4388770000	-0.0305075230000000017	-0.545254399599999995
4388790000	-0.0365984802999999997	-0.545098525100000009
4388810000	-0.0342218545000000027	-0.546873753099999971
4388830000	-0.0405272328000000001	-0.543744040300000009
4388850000	-0.0449131919999999976	-0.547874923600000008
4388870000	-0.044830077599999997	-0.549445290099999983
4388890000	-0.0500418452999999985	-0.545049460999999957
4388910000	-0.0511402547999999998	-0.545250396399999948
4388930000	-0.0558178131000000022	-0.544664809100000036
4388950000	-0.0560398116999999973	-0.544990565099999991
4388970000	-0.0600997919999999991	-0.544105525199999995
4388990000	-0.0633431707000000066	-0.544069036999999978
4389010000	-0.0679036142000000037	-0.540390489099999982
4389030000	-0.0686173622000000039	-0.544536939799999953
4389050000	-0.0701013533999999966	-0.545394329800000022
4389070000	-0.0753366020000000025	-0.542625273299999988
4389090000	-0.0791963720999999954	-0.54125988150000004
4389110000	-0.0771448393000000038	-0.542235242900000025
4389130000	-0.0846350552000000034	-0.545353155699999981
4389150000	-0.0844993752000000042	-0.539715522299999972
4389170000	-0.0888017804999999966	-0.546261332299999958
4389190000	-0.0916753725999999991	-0.538312809899999967
4389210000	-0.0944946700999999972	-0.537349167999999988
4389230000	-0.0960246453999999972	-0.540745673300000007
4389250000	-0.0980895051000000018	-0.541222387599999966
4389270000	-0.0995845892000000038	-0.542125912799999998
4389290000	-0.102615346699999999	-0.539757633000000014
4389310000	-0.106598249899999997	-0.539109034200000004
4389330000	-0.107701658300000003	-0.538790159599999985
4389350000	-0.1189139112	-0.539222439400000031
4389370000	-0.117780679099999994	-0.535396400899999958
4389390000	-0.117533939099999998	-0.533406642700000044
4389410000	-0.122294777300000004	-0.534898213299999981
4389430000	-0.12571883880000001	-0.540607911299999966
4389450000	-0.129141367600000001	-0.532956772499999953
4389470000	-0.127746437800000001	-0.534678040399999999
4389490000	-0.134252768900000014	-0.532238200200000011
4389510000	-0.135239752299999988	-0.535455472600000038
4389530000	-0.133049220899999987	-0.532255159999999949
4389550000	-0.140179957599999988	-0.529300837700000026
4389570000	-0.1444438153	-0.532049036700000033
4389590000	-0.147482017599999987	-0.529191829900000021
4389610000	-0.148256005100000005	-0.527835116999999965
4389630000	-0.150565949199999993	-0.527954602700000053
4389650000	-0.154022184700000009	-0.522270901099999962
4389670000	-0.158245771899999998	-0.528498719100000014
4389690000	-0.156536461999999987	-0.5253809116
4389710000	-0.159765734900000012	-0.525736950500000022
4389730000	-0.166442198200000002	-0.523455890000000035
4389750000	-0.171326831699999987	-0.526137440900000031
4389770000	-0.171407588700000002	-0.524522512999999968
4389790000	-0.174974814099999987	-0.521599011800000012
4389810000	-0.17878448520000001	-0.523692198100000006
4389830000	-0.177225830000000001	-0.522185939300000013
4389850000	-0.179590718199999999	-0.516921633299999961
4389870000	-0.17924904559999999	-0.519229673200000019
4389890000	-0.186274541799999999	-0.518749032699999946
4389910000	-0.18743671810000001	-0.515244429999999976
4389930000	-0.193168130699999996	-0.513796844200000047
4389950000	-0.193655565000000002	-0.51291953619999997
4389970000	-0.195648489399999986	-0.514830247400000052
4389990000	-0.200545935799999991	-0.517058590099999993
4390010000	-0.201537125300000008	-0.517738598200000011
4390030000	-0.20370492200000001	-0.511132092500000024
4390050000	-0.208059641500000003	-0.508953642100000048
4390070000	-0.210227383299999987	-0.507875327399999965
4390090000	-0.216282887700000009	-0.507423164999999954
4390110000	-0.217697918900000009	-0.506538158400000049
4390130000	-0.217734116199999994	-0.506365456699999994
4390150000	-0.219436894500000007	-0.506321421999999965
4390170000	-0.223448111199999994	-0.505359355199999971
4390190000	-0.22390106600000001	-0.504977705399999977
4390210000	-0.229414199799999996	-0.497960408999999993
4390230000	-0.234798712900000012	-0.499876076300000027
4390250000	-0.237389340700000007	-0.498361227299999987
4390270000	-0.239848082299999987	-0.495833270400000026
4390290000	-0.239453384500000005	-0.495956049499999996
4390310000	-0.244019838200000005	-0.498130952399999993
4390330000	-0.243143573599999996	-0.494029539999999989
4390350000	-0.247050509899999993	-0.49457706680000002
4390370000	-0.247358486200000005	-0.492851344999999996
4390390000	-0.250859969100000024	-0.491647005699999973
4390410000	-0.252986949100000025	-0.490171857300000013
4390430000	-0.257456189200000019	-0.488363659399999983
4390450000	-0.258313311099999998	-0.48658651679999998
4390470000	-0.260747514800000024	-0.483338791900000009
4390490000	-0.267195995899999983	-0.483452523500000009
4390510000	-0.268432284000000021	-0.483578646399999978
4390530000	-0.275259635300000027	-0.482355915899999987
4390550000	-0.270903073400000027	-0.479064310900000012
4390570000	-0.2747742554	-0.475651630800000003
4390590000	-0.275833532900000011	-0.477730019800000016
4390610000	-0.281263258399999994	-0.476147666999999997
4390630000	-0.284670163699999978	-0.473313332199999992
4390650000	-0.281658272900000006	-0.475367929999999994
4390670000	-0.287055094399999988	-0.476621174799999991
4390690000	-0.287086222499999988	-0.470417362999999977
4390710000	-0.291148149899999986	-0.466828422099999973
4390730000	-0.293610160299999978	-0.46864257279999999
4390750000	-0.296509342100000017	-0.464520686199999977
4390770000	-0.2992162565	-0.461057723199999991
4390790000	-0.304789594900000016	-0.459599438999999999
4390810000	-0.306052673499999983	-0.466418175900000009
4390830000	-0.306105366400000023	-0.454412988999999989
4390850000	-0.311207731400000021	-0.457515900400000008
4390870000	-0.311739066100000017	-0.458653909699999973
4390890000	-0.313142322799999984	-0.456298260700000013
4390910000	-0.3184580038	-0.450485479999999994
4390930000	-0.318950636299999979	-0.450260618399999979
4390950000	-0.320464652199999978	-0.448241349200000028
4390970000	-0.320455534900000005	-0.451043376800000007
4390990000	-0.325511997900000016	-0.444777757699999998
4391010000	-0.328262802099999973	-0.446680937399999978
4391030000	-0.32726340869999998	-0.44297737199999998
4391050000	-0.332847884400000016	-0.440318775800000006
4391070000	-0.337799883899999986	-0.43973835
4391090000	-0.338868550599999985	-0.438096787300000012
4391110000	-0.340999746599999987	-0.435862336999999989
4391130000	-0.339714336700000008	-0.434860946099999979
4391150000	-0.344929945399999993	-0.432893106000000027
4391170000	-0.347411046599999995	-0.426280713899999997
4391190000	-0.348621848700000014	-0.432449427800000008
4391210000	-0.351954397299999999	-0.431928930499999975
4391230000	-0.352799176699999995	-0.42501207000000002
4391250000	-0.355061735699999992	-0.423931668799999994
4391270000	-0.355742969899999983	-0.423237941299999976
4391290000	-0.360969935700000022	-0.418340148600000017
4391310000	-0.359397096199999988	-0.419810757599999973
4391330000	-0.363415044099999973	-0.415865435000000006
4391350000	-0.366701294899999974	-0.41648971600000001
4391370000	-0.367191816100000012	-0.41640592970000001
4391390000	-0.370973968300000012	-0.413980768900000018
4391410000	-0.370233114899999993	-0.411280772500000003
4391430000	-0.375214717500000017	-0.409977739299999977
4391450000	-0.373836672400000014	-0.403023420000000021
4391470000	-0.375850057399999993	-0.402852975000000002
4391490000	-0.379339274700000006	-0.401273421000000019
4391510000	-0.382830751700000027	-0.397289470500000019
4391530000	-0.382853256199999992	-0.393634274299999976
4391550000	-0.387965119999999997	-0.394116480400000024
4391570000	-0.390008354200000018	-0.394480064299999988
4391590000	-0.392881298200000006	-0.391601628300000004
4391610000	-0.390340570300000023	-0.388256361300000019
4391630000	-0.398059041800000013	-0.389987006999999997
4391650000	-0.3993446457	-0.381446861699999973
4391670000	-0.401256704199999981	-0.383358891500000021
4391690000	-0.398170509499999992	-0.386655028399999989
4391710000	-0.406027353899999999	-0.382779123399999976
4391730000	-0.402347852200000022	-0.374007371500000019
4391750000	-0.406710034399999976	-0.374826425399999996
4391770000	-0.41024793380000002	-0.375192874499999995
4391790000	-0.409633130000000012	-0.368579955800000025
4391810000	-0.411776161799999985	-0.366893235799999995
4391830000	-0.418086289599999994	-0.363279271299999984
4391850000	-0.414996123900000013	-0.360279968100000014
4391870000	-0.420568522100000008	-0.361752349899999992
4391890000	-0.423815831600000026	-0.36378055170000001
4391910000	-0.423860781999999991	-0.355817839700000027
4391930000	-0.42318127459999999	-0.354321478600000017
4391950000	-0.424503700300000009	-0.350879855199999979
4391970000	-0.431413188100000011	-0.353187025499999974
4391990000	-0.43173936730000001	-0.347084708199999981
4392010000	-0.431358090899999991	-0.344941908299999989
4392030000	-0.432133386800000019	-0.345073469600000016
4392050000	-0.437614327099999978	-0.341746859299999983
4392070000	-0.441489446999999979	-0.339048796400000019
4392090000	-0.436835593999999994	-0.335765304200000003
4392110000	-0.442931608099999985	-0.336477195299999976
4392130000	-0.441343769300000022	-0.33128274219999998
4392150000	-0.447561128699999977	-0.332031836000000025
4392170000	-0.447472685799999992	-0.328497875100000003
4392190000	-0.450732779899999991	-0.326517534200000015
4392210000	-0.448268747500000009	-0.321852252599999999
4392230000	-0.452835426099999994	-0.321157511000000007
4392250000	-0.454568984700000012	-0.316293895200000008
4392270000	-0.455027208999999988	-0.31150096770000002
4392290000	-0.458395183500000025	-0.314233550500000014
4392310000	-0.457723482899999978	-0.315627444199999996
4392330000	-0.460894641900000013	-0.305187266600000007
4392350000	-0.4641398672	-0.309279088500000021
4392370000	-0.462734900900000024	-0.304391851400000024
4392390000	-0.46686862229999998	-0.301153815200000008
4392410000	-0.467778616699999983	-0.298765680500000019
4392430000	-0.4692926241	-0.295739481799999981
4392450000	-0.469916189099999992	-0.293124909400000022
4392470000	-0.473233452599999993	-0.291559985199999983
4392490000	-0.47564601820000002	-0.290169956299999976
4392510000	-0.475874311599999988	-0.289311728599999984
4392530000	-0.481445128399999978	-0.283804875499999998
4392550000	-0.479603041999999979	-0.281285225400000005
4392570000	-0.48000638280000002	-0.277948264800000011
4392590000	-0.481392404300000021	-0.281405477899999978
4392610000	-0.485041878599999976	-0.278438944500000007
4392630000	-0.482809229600000001	-0.270441511299999993
4392650000	-0.483782609899999994	-0.275134952200000005
4392670000	-0.485163814299999996	-0.269470095000000021
4392690000	-0.487931995800000018	-0.26337216229999999
4392710000	-0.490972287999999979	-0.262042809900000007
4392730000	-0.48860026740000001	-0.261455178600000004
4392750000	-0.49134224700000001	-0.257742484599999988
4392770000	-0.493605108600000009	-0.253853773999999976
4392790000	-0.494990970899999994	-0.252107778599999999
4392810000	-0.497761935900000008	-0.249959785699999992
4392830000	-0.496545504299999996	-0.250074637400000022
4392850000	-0.495446086800000018	-0.242951731300000001
4392870000	-0.498999579199999987	-0.240991131100000006
4392890000	-0.500961533400000048	-0.23777093769999999
4392910000	-0.500408305799999953	-0.235568113899999987
4392930000	-0.505245962299999962	-0.235997544400000009
4392950000	-0.505591866099999954	-0.228582756100000006
4392970000	-0.502035326899999967	-0.230475466699999992
4392990000	-0.510086240999999996	-0.224376963799999996
4393010000	-0.507773105199999963	-0.221045067499999998
4393030000	-0.505293950999999963	-0.219589880200000004
4393050000	-0.51108285210000004	-0.217099846600000007
4393070000	-0.515048414999999982	-0.211105902000000012
4393090000	-0.514146813800000047	-0.210490773399999997
4393110000	-0.513870732100000005	-0.214351273199999998
4393130000	-0.518891042300000049	-0.204252470500000005
4393150000	-0.520644813700000042	-0.2045499593
4393170000	-0.520356305900000038	-0.202870410100000009
4393190000	-0.520383862700000033	-0.201312938599999991
4393210000	-0.520538115000000023	-0.196031516200000006
4393230000	-0.517452844799999978	-0.190917015999999995
4393250000	-0.527480968999999966	-0.19478673199999999
4393270000	-0.526886159899999984	-0.186918791100000009
4393290000	-0.524182026900000042	-0.183031889899999994
4393310000	-0.522716139000000024	-0.181263087500000003
4393330000	-0.522252991999999971	-0.179065298300000009
4393350000	-0.5311526419	-0.1763675522
4393370000	-0.532405476400000022	-0.174061855399999993
4393390000	-0.529968061000000046	-0.169084066799999988
4393410000	-0.530899542799999957	-0.16847354719999999
4393430000	-0.532850415800000032	-0.168258165200000004
4393450000	-0.534600604199999996	-0.158098090100000005
4393470000	-0.538563234199999963	-0.1573495486
4393490000	-0.536237915499999995	-0.157360774300000006
4393510000	-0.534075197700000004	-0.152534530700000004
4393530000	-0.533739231300000005	-0.14966261950000001
4393550000	-0.544154754000000018	-0.145816733899999995
4393570000	-0.537622330699999984	-0.146048690600000003
4393590000	-0.540114730700000045	-0.141641522800000003
4393610000	-0.536555948299999974	-0.137998499999999996
4393630000	-0.540324400299999952	-0.13511096010000001
4393650000	-0.538129477300000048	-0.131393761199999987
4393670000	-0.544046493900000039	-0.130067012700000012
4393690000	-0.546147119899999978	-0.125886739100000006
4393710000	-0.542853878900000031	-0.123893994499999993
4393730000	-0.545393157799999972	-0.119253477900000002
4393750000	-0.543565372999999963	-0.117074937500000004
4393770000	-0.546113846599999953	-0.115231283500000004
4393790000	-0.550482513900000026	-0.111616585800000001
4393810000	-0.548749398699999946	-0.109120992900000005
4393830000	-0.545782172100000018	-0.101499265500000005
4393850000	-0.546382041099999993	-0.103254939399999995
4393870000	-0.548012530800000008	-0.0985793274999999941
4393890000	-0.547279968200000022	-0.0986733144999999978
4393910000	-0.546408172000000025	-0.0942903033000000029
4393930000	-0.551332986100000033	-0.0865276477000000016
4393950000	-0.550933556100000055	-0.0887485263000000052
4393970000	-0.548845971300000013	-0.0811373331999999947
4393990000	-0.549742723900000008	-0.0839363057000000051
4394010000	-0.551300376200000053	-0.0807193835000000054
4394030000	-0.553468578299999958	-0.0755398396999999999
4394050000	-0.549600027700000049	-0.0719408960000000042
4394070000	-0.553399117899999959	-0.0664119046000000018
4394090000	-0.554832005199999978	-0.0626470164000000052
4394110000	-0.553148838499999962	-0.0632692063999999998
4394130000	-0.556386399199999993	-0.0588190952999999989
4394150000	-0.554278242800000043	-0.0536830969999999991
4394170000	-0.556554044099999978	-0.0544218907999999973
4394190000	-0.55507943500000001	-0.0471939996000000014
4394210000	-0.55675233540000002	-0.0480931008999999979
4394230000	-0.552557635899999955	-0.0453422124999999995
4394250000	-0.553472705300000034	-0.0388200583000000016
4394270000	-0.555450474599999966	-0.0380064453999999982
4394290000	-0.557060656899999951	-0.032528721699999999
4394310000	-0.555458740700000009	-0.0327820055999999971
4394330000	-0.556831795599999957	-0.0288860473999999999
4394350000	-0.559212283000000032	-0.0231425120999999984
4394370000	-0.556615467800000041	-0.0240996561999999998
4394390000	-0.556285853600000046	-0.0162035651999999988
4394410000	-0.55970464919999996	-0.0150760146999999994
4394430000	-0.554919271199999953	-0.0118391416000000003
4394450000	-0.559387086099999986	-0.00902581799999999969
4394470000	-0.555307141400000037	-0.000321609299999999984
4394490000	-0.552971339399999984	0.000961486299999999997
4394510000	-0.557370535200000017	0.00648223079999999969
4394530000	-0.554212496200000015	0.00648386569999999992
4394550000	-0.552630206100000021	0.0115716666000000006
4394570000	-0.554692932899999991	0.0147346973999999999
4394590000	-0.556138972499999995	0.0167086972999999986
4394610000	-0.555731067600000017	0.0214044889999999988
4394630000	-0.55526849519999999	0.0236087817999999991
4394650000	-0.55500476529999998	0.0270231610000000004
4394670000	-0.556955824600000038	0.0293965921999999984
4394690000	-0.555420801200000036	0.0392481658999999997
4394710000	-0.554088916099999995	0.0391611649000000034
4394730000	-0.554335292099999988	0.0418720336999999984
4394750000	-0.554437678600000039	0.0458982404999999996
4394770000	-0.553745284100000013	0.0511198766000000027
4394790000	-0.554889954600000013	0.052356406799999998
4394810000	-0.55001188769999998	0.0558249775999999989
4394830000	-0.55224927410000002	0.0593306899999999984
4394850000	-0.551568534700000002	0.0639228074999999979
4394870000	-0.553063831000000006	0.0665266867000000039
4394890000	-0.549539475500000041	0.0740621900999999944
4394910000	-0.547148960599999956	0.0749880760999999951
4394930000	-0.548822041300000008	0.0773493244000000024
4394950000	-0.546879105000000032	0.0835717302999999939
4394970000	-0.544008485099999994	0.0867334139999999948
4394990000	-0.549970623899999955	0.0933021648000000037
4395010000	-0.545976282399999957	0.0950834601000000029
4395030000	-0.544779902200000055	0.0986706009000000023
4395050000	-0.546176387699999988	0.106819730900000007
4395070000	-0.540008492799999962	0.110730547499999998
4395090000	-0.54099194500000003	0.115453741100000007
4395110000	-0.540033413299999987	0.118370345099999996
4395130000	-0.537647498500000043	0.120259931
4395150000	-0.536969315100000011	0.128152267200000003
4395170000	-0.533008507200000037	0.130560701000000001
4395190000	-0.536415794800000012	0.130735269500000001
4395210000	-0.531249915900000036	0.139258401700000006
4395230000	-0.531663399200000053	0.14335538610000001
4395250000	-0.524475740700000026	0.150617522199999992
4395270000	-0.528547794900000034	0.15954778389999999
4395290000	-0.523561735799999983	0.161490599099999993
4395310000	-0.520080150900000038	0.165102992799999987
4395330000	-0.517264524899999967	0.170443462600000012
4395350000	-0.514751410200000037	0.177893293199999997
4395370000	-0.510045850000000023	0.184311675600000002
4395390000	-0.506754359099999996	0.192723654200000011
4395410000	-0.503001305700000012	0.198907152199999993
4395430000	-0.499131262799999975	0.201970610500000008
4395450000	-0.491998362500000008	0.209804492499999995
4395470000	-0.485832740099999993	0.217380274300000009
4395490000	-0.479840423800000027	0.225177673200000011
4395510000	-0.470085986100000019	0.233980799399999995
4395530000	-0.464194355399999981	0.242257597600000013
4395550000	-0.451149693600000012	0.243519622500000005
4395570000	-0.441416941600000001	0.254809914299999996
4395590000	-0.424140544900000027	0.261308152100000024
4395610000	-0.413711539999999989	0.268030998099999973
4395630000	-0.388489432299999993	0.276321897099999991
4395650000	-0.370806075999999984	0.277895130900000009
4395670000	-0.342495623199999988	0.27709163349999999
4395690000	-0.310907576000000019	0.277979489299999993
4395710000	-0.276007315799999986	0.264552877099999972
4395730000	-0.237227322600000012	0.245785983099999994
4395750000	-0.201400835499999986	0.210107695399999989
4395770000	-0.17583328849999999	0.160094823500000011
4395790000	-0.168921743600000007	0.104802029300000002
4395810000	-0.177391458499999988	0.0444678950000000003
4395830000	-0.207954920500000001	-0.0015783708
4395850000	-0.243784433500000008	-0.0408529567999999996
4395870000	-0.283432909999999982	-0.0619321737999999969
4395890000	-0.322819446399999987	-0.0668925296999999947
4395910000	-0.359022200399999991	-0.0702941495
4395930000	-0.388345864799999996	-0.0599227686000000023
4395950000	-0.417316594699999988	-0.0494884147999999982
4395970000	-0.436664792199999985	-0.0393290175000000006
4395990000	-0.452855720399999995	-0.0284884213000000004
4396010000	-0.469199679400000014	-0.0102106213999999997
4396030000	-0.482860273100000015	-0.00186169900000000008
4396050000	-0.496429591000000003	0.0120382176999999993
4396070000	-0.497780473700000003	0.0246089996999999984
4396090000	-0.502458960400000043	0.0357265569999999991
4396110000	-0.507631390400000049	0.050121820999999997
4396130000	-0.514347618900000025	0.0529996062000000004
4396150000	-0.514535267299999988	0.0671548587999999946
4396170000	-0.519775635500000055	0.0753659552999999954
4396190000	-0.521543703400000003	0.0822539966999999983
4396210000	-0.516368971400000043	0.0913562497999999973
4396230000	-0.517631763300000047	0.0993920506999999981
4396250000	-0.523408002399999961	0.109243484599999996
4396270000	-0.523288653199999954	0.117903842800000005
4396290000	-0.52008389129999999	0.116754655999999998
4396310000	-0.525303186899999996	0.124608626799999997
4396330000	-0.524906340699999974	0.129971286600000013
4396350000	-0.524844641599999995	0.141051679099999994
4396370000	-0.526517982899999959	0.145024600799999986
4396390000	-0.524933336599999967	0.148811563000000008
4396410000	-0.522048267099999963	0.155099496899999995
4396430000	-0.519644705599999979	0.160104994499999986
4396450000	-0.520289505900000004	0.161149269900000003
4396470000	-0.521608951900000006	0.170658279999999996
4396490000	-0.517719833699999965	0.174724436700000013
4396510000	-0.518601584100000013	0.179671765799999994
4396530000	-0.513924543200000028	0.182390853200000008
4396550000	-0.517736034300000036	0.190083066800000006
4396570000	-0.511997994899999975	0.190615342500000007
4396590000	-0.512818136899999999	0.195408073999999987
4396610000	-0.510616490199999995	0.197081764200000009
4396630000	-0.504519337299999981	0.205857518399999995
4396650000	-0.509155974400000044	0.210759065500000009
4396670000	-0.508516611300000032	0.211531977600000004
4396690000	-0.509691977799999973	0.213862029499999995
4396710000	-0.508348456600000054	0.221338059599999998
4396730000	-0.504294946799999977	0.226022453799999995
4396750000	-0.504274747600000017	0.227059525000000012
4396770000	-0.502402085900000017	0.228985584500000006
4396790000	-0.497286638299999972	0.233312313900000012
4396810000	-0.496516617499999979	0.236679146099999987
4396830000	-0.495083517699999975	0.240755850399999999
4396850000	-0.49385935860000002	0.244618125999999991
4396870000	-0.49265503049999998	0.245116869099999996
4396890000	-0.492359404599999995	0.251955910000000005
4396910000	-0.491765807599999993	0.254921467299999982
4396930000	-0.493187254899999983	0.255854430600000016
4396950000	-0.482517105300000027	0.261797281900000012
4396970000	-0.484051496199999987	0.266610741300000009
4396990000	-0.484335419499999975	0.266292673400000013
4397010000	-0.485158405000000015	0.26958519110000001
4397030000	-0.484468588600000027	0.273559695300000016
4397050000	-0.478384990600000004	0.273200052699999973
4397070000	-0.47992659059999998	0.277223671599999999
4397090000	-0.475623249799999981	0.28272701280000001
4397110000	-0.475341564200000011	0.286673826199999982
4397130000	-0.474842709299999999	0.287811385400000008
4397150000	-0.470873734599999982	0.290577930799999995
4397170000	-0.469221938599999999	0.299451291200000025
4397190000	-0.472369458199999981	0.293267072999999989
4397210000	-0.464735863999999999	0.303698876999999978
4397230000	-0.465905898400000018	0.299870150800000013
4397250000	-0.464080078900000026	0.30798645899999999
4397270000	-0.462664779199999987	0.307453569199999999
4397290000	-0.462381257800000001	0.311403624499999976
4397310000	-0.456305514099999976	0.313485519699999993
4397330000	-0.460473362300000022	0.317729789699999987
4397350000	-0.456338633800000004	0.318625931699999976
4397370000	-0.454845403699999984	0.322900942700000027
4397390000	-0.453712962200000014	0.327258751999999986
4397410000	-0.444153367500000007	0.324972285999999999
4397430000	-0.451020334999999994	0.328409404500000002
4397450000	-0.44424090970000002	0.337201250800000019
4397470000	-0.440100827999999999	0.338747045299999994
4397490000	-0.438984430400000014	0.334777292999999976
4397510000	-0.443702733800000026	0.33808582869999998
4397530000	-0.440141025500000005	0.343093823500000006
4397550000	-0.439031165999999973	0.342116958699999973
4397570000	-0.435756797799999984	0.34881813880000001
4397590000	-0.429896039900000027	0.350502065699999976
4397610000	-0.430847790200000025	0.352253335100000009
4397630000	-0.426851564299999986	0.352742799699999998
4397650000	-0.425178817099999995	0.358964149399999988
4397670000	-0.427712544299999997	0.363119828500000019
4397690000	-0.426970529300000012	0.362688187399999973
4397710000	-0.422677660600000005	0.364988343100000001
4397730000	-0.418071455199999997	0.369266329599999998
4397750000	-0.414214988700000009	0.368308150700000003
4397770000	-0.41573157500000002	0.370099657799999981
4397790000	-0.417410533699999975	0.371023907200000003
4397810000	-0.414988747300000016	0.375404556900000019
4397830000	-0.409517875799999986	0.378649177800000014
4397850000	-0.40343837170000002	0.382458661300000002
4397870000	-0.404789054799999992	0.382961107999999995
4397890000	-0.401313210199999992	0.38429007300000001
4397910000	-0.39696296809999998	0.38677032779999998
4397930000	-0.396507208800000011	0.391223327600000004
4397950000	-0.396773479900000003	0.392468940099999997
4397970000	-0.394709729399999987	0.392820132599999983
4397990000	-0.393224232399999984	0.394372233199999978
4398010000	-0.389041566999999977	0.394168466900000014
4398030000	-0.388760368799999978	0.402078051900000011
4398050000	-0.388037084600000026	0.401444847900000013
4398070000	-0.382615610399999972	0.40951682519999999
4398090000	-0.375624617800000005	0.404752669499999995
4398110000	-0.379108610899999976	0.409376906599999979
4398130000	-0.379843982299999994	0.409471162700000002
4398150000	-0.373249924399999988	0.415731086999999999
4398170000	-0.369620441799999977	0.416550822499999973
4398190000	-0.371668013600000013	0.418186172000000023
4398210000	-0.372707165700000009	0.419062875999999973
4398230000	-0.367029131900000027	0.423234582999999998
4398250000	-0.361698247199999989	0.424174719199999994
4398270000	-0.360352638700000005	0.426774107299999983
4398290000	-0.358697841600000011	0.427699141999999977
4398310000	-0.358853943299999978	0.430443429200000005
4398330000	-0.354701878299999995	0.431368924499999973
4398350000	-0.349045302900000021	0.433572593200000023
4398370000	-0.349163096700000009	0.433555827900000024
4398390000	-0.349572138799999987	0.438448077200000008
4398410000	-0.341799909600000007	0.437767583399999993
4398430000	-0.341645224299999994	0.439611316400000007
4398450000	-0.341909737400000024	0.446615919799999983
4398470000	-0.336342744000000027	0.445412811399999997
4398490000	-0.336187039799999976	0.444091861799999987
4398510000	-0.333740350899999982	0.448327898599999997
4398530000	-0.33348194510000001	0.448788934500000014
4398550000	-0.327272829499999973	0.452424744499999976
4398570000	-0.326484742800000005	0.454620533900000012
4398590000	-0.321078676200000024	0.456035156699999999
4398610000	-0.318036887400000023	0.453176882999999975
4398630000	-0.31486472040000002	0.459688122099999985
4398650000	-0.315342483700000009	0.459393370600000017
4398670000	-0.31294153819999998	0.462581781099999978
4398690000	-0.312760870899999988	0.464749710900000002
4398710000	-0.309328008900000007	0.462269856699999981
4398730000	-0.305868766999999986	0.468684128199999994
4398750000	-0.304888894099999974	0.463957891399999989
4398770000	-0.300784480999999992	0.468892562000000013
4398790000	-0.300153916500000006	0.469436319099999999
4398810000	-0.295921014500000024	0.473706899199999976
4398830000	-0.293916063700000008	0.476034763699999974
4398850000	-0.291974276600000027	0.476435642800000003
4398870000	-0.290697782999999987	0.477611919200000012
4398890000	-0.286428586799999996	0.482421773599999992
4398910000	-0.281725351800000023	0.480936048599999999
4398930000	-0.283558657200000008	0.481585144799999976
4398950000	-0.279776352100000014	0.483669673199999983
4398970000	-0.275810681000000002	0.489751994400000001
4398990000	-0.273267070200000017	0.490095402199999974
4399010000	-0.270451773000000006	0.488314453400000015
4399030000	-0.265808215999999986	0.491099753999999999
4399050000	-0.265407789299999974	0.490987107599999972
4399070000	-0.261842111300000013	0.489651943799999989
4399090000	-0.261171990999999992	0.49514147930000002
4399110000	-0.259102048299999999	0.495813202800000019
4399130000	-0.252801555499999997	0.495057921899999975
4399150000	-0.249708584099999992	0.498711972299999973
4399170000	-0.252116390099999976	0.496766657800000011
4399190000	-0.247379357500000008	0.502252763600000041
4399210000	-0.243888467299999995	0.498074521900000011
4399230000	-0.243989791799999994	0.504299798300000046
4399250000	-0.241029611599999999	0.501000729499999964
4399270000	-0.238383826699999996	0.504265042100000005
4399290000	-0.238177205100000011	0.508293927900000053
4399310000	-0.232967200600000007	0.504773647800000003
4399330000	-0.230978283000000006	0.507327983000000038
4399350000	-0.227942971699999997	0.507710844899999958
4399370000	-0.223469904899999988	0.513509710200000025
4399390000	-0.223945085900000007	0.516124340700000017
4399410000	-0.223186482900000011	0.515109947200000029
4399430000	-0.216124765100000005	0.511658269799999954
4399450000	-0.212254693599999988	0.516281479300000012
4399470000	-0.209236813599999988	0.516156900300000054
4399490000	-0.206537698299999989	0.520805738800000029
4399510000	-0.205219636799999994	0.520497932499999982
4399530000	-0.203326649299999995	0.519725025900000026
4399550000	-0.195721578400000012	0.51712482999999998
4399570000	-0.196298704399999996	0.523046873299999993
4399590000	-0.192171167799999987	0.523576874900000044
4399610000	-0.193369955199999999	0.525638012900000007
4399630000	-0.189479752299999998	0.522909045799999972
4399650000	-0.183349759499999987	0.530838614300000011
4399670000	-0.185952160000000005	0.531843234100000006
4399690000	-0.183245870199999994	0.52885062989999998
4399710000	-0.177551069899999997	0.528537162899999968
4399730000	-0.173816424599999991	0.532004739000000004
4399750000	-0.172157086300000012	0.53033857129999995
4399770000	-0.168824155700000006	0.530514113700000012
4399790000	-0.164823937300000001	0.527249648500000001
4399810000	-0.162932078199999997	0.535569181399999983
4399830000	-0.162752554999999993	0.53501211280000005
4399850000	-0.159410592600000012	0.535748444400000023
4399870000	-0.15653660920000001	0.538121072299999947
4399890000	-0.154537285999999996	0.533206758199999964
4399910000	-0.152463142299999993	0.534544122899999974
4399930000	-0.143031668400000006	0.541335947700000042
4399950000	-0.145504792800000005	0.541568574599999963
4399970000	-0.140583625399999995	0.542706694000000045
4399990000	-0.135528709599999991	0.540212274199999953
4400010000	-0.138500280700000006	0.54337252469999997
4400030000	-0.134349725499999989	0.543834685600000034
4400050000	-0.130406021799999994	0.544212212599999967
4400070000	-0.129163038199999997	0.545014646599999986
4400090000	-0.125053042899999994	0.54333994699999999
4400110000	-0.122502038199999996	0.548676945700000029
4400130000	-0.120175870599999998	0.544810754599999947
4400150000	-0.114235636400000007	0.550075721499999948
4400170000	-0.113568640299999996	0.551584268399999966
4400190000	-0.116409359300000001	0.545448377900000003
4400210000	-0.107610565399999997	0.548591648599999981
4400230000	-0.107037538900000007	0.546768646700000027
4400250000	-0.104226802300000004	0.550374835700000009
4400270000	-0.0969676945000000068	0.549211250799999995
4400290000	-0.0977609083000000045	0.550314894100000007
4400310000	-0.0917513474999999967	0.549830704100000012
4400330000	-0.0911898077999999945	0.550818284400000024
4400350000	-0.0874226176999999965	0.554003827599999998
4400370000	-0.0829470924000000054	0.550455561799999993
4400390000	-0.0821039754999999954	0.552747329699999956
4400410000	-0.0813208564000000023	0.548176483799999947
4400430000	-0.0739583080000000004	0.552836419000000023
4400450000	-0.0747522543000000012	0.556411075199999994
4400470000	-0.0730584635999999982	0.554368506999999955
4400490000	-0.0701687128000000049	0.554027565199999961
4400510000	-0.0642374656000000016	0.552951605900000032
4400530000	-0.0652645369000000031	0.55466442090000001
4400550000	-0.0592435721000000026	0.552358572800000003
4400570000	-0.0560049058999999988	0.555224119200000032
4400590000	-0.0519713159999999966	0.553075055800000048
4400610000	-0.051338350900000003	0.554565676399999985
4400630000	-0.0521691040000000009	0.562056310999999975
4400650000	-0.0468288977999999981	0.558091939800000048
4400670000	-0.0424396651000000028	0.557331373300000044
4400690000	-0.0387385817999999979	0.558312264300000027
4400710000	-0.0388306689999999982	0.558260484099999954
4400730000	-0.0354979778999999981	0.55856822549999996
4400750000	-0.0338626674999999988	0.560695688699999972
4400770000	-0.0261754878999999989	0.555548646199999996
4400790000	-0.0242257968000000011	0.557759781899999973
4400810000	-0.024170768799999999	0.556105313300000015
4400830000	-0.0186211039999999994	0.558615357400000012
4400850000	-0.0151769887999999992	0.555716797899999948
4400870000	-0.0140190939999999993	0.558250124700000017
4400890000	-0.00874393719999999944	0.560949086299999955
4400910000	-0.0028702764999999999	0.556771224300000034
4400930000	-0.00610054080000000006	0.558895406500000025
4400950000	-0.00156041709999999996	0.557118651899999984
4400970000	0.00343886659999999983	0.557248392300000006
4400990000	0.00329739180000000005	0.560277734799999982
4401010000	0.00696256909999999965	0.560385467100000034
4401030000	0.0115952903999999996	0.557705044400000016
4401050000	0.0170859954999999994	0.55863102099999995
4401070000	0.0179884148000000015	0.560320916400000035
4401090000	0.0186277024000000013	0.557773697100000021
4401110000	0.024178080099999999	0.557505393300000041
4401130000	0.0238273765000000005	0.559195195699999981
4401150000	0.0288206335999999994	0.558924103399999983
4401170000	0.0285513883999999989	0.552777016800000021
4401190000	0.0300591457000000013	0.556242657600000023
4401210000	0.0347218462999999977	0.557723714400000015
4401230000	0.0380050268000000011	0.557561396800000053
4401250000	0.0421287367000000024	0.553809893000000053
4401270000	0.0432885267999999976	0.557303394499999993
4401290000	0.0451041185999999997	0.556502180299999982
4401310000	0.049887880699999998	0.553404848400000038
4401330000	0.0572618475999999987	0.553042053300000003
4401350000	0.0554229617000000022	0.557471600299999981
4401370000	0.0560455289999999967	0.557184863200000047
4401390000	0.0641962058999999974	0.555177210999999948
4401410000	0.0653224993000000032	0.553930679399999959
4401430000	0.0610631224999999972	0.550900869000000015
4401450000	0.0666877076000000069	0.553458154099999988
4401470000	0.0716238356000000048	0.552677937100000016
4401490000	0.0726760161000000043	0.553304363099999974
4401510000	0.0777805508000000007	0.552252724899999992
4401530000	0.0817972478000000003	0.550043775799999968
4401550000	0.0820092895999999932	0.551233251999999951
4401570000	0.0872142936000000063	0.551910152599999981
4401590000	0.0866464777000000019	0.551390601000000036
4401610000	0.0950016357999999977	0.55357182869999999
4401630000	0.0918315323999999988	0.549207157899999965
4401650000	0.0972347023999999976	0.550342399499999968
4401670000	0.100858857900000001	0.550164698699999954
4401690000	0.102246675699999998	0.546929266399999947
4401710000	0.107695253899999996	0.549715433699999978
4401730000	0.111696944899999998	0.546255266399999995
4401750000	0.108220990899999994	0.547720209199999974
4401770000	0.114889151300000006	0.545580425200000052
4401790000	0.121206242300000003	0.548158210900000054
4401810000	0.120405511100000001	0.543744283200000011
4401830000	0.123536544100000006	0.547378735699999952
4401850000	0.125842405800000001	0.546608221800000016
4401870000	0.131124833299999993	0.545691256000000013
4401890000	0.130768799500000005	0.542128459900000026
4401910000	0.136317328399999993	0.539645551000000001
4401930000	0.132031658699999999	0.542554871899999958
4401950000	0.142197686699999992	0.539365396500000038
4401970000	0.142233397300000008	0.538886811699999968
4401990000	0.144238131399999997	0.538678044199999984
4402010000	0.152401268899999998	0.538848587800000001
4402030000	0.14939006090000001	0.53665718699999998
4402050000	0.1530903666	0.53544971490000004
4402070000	0.157052599399999993	0.532500330299999991
4402090000	0.157643035500000001	0.536765910299999982
4402110000	0.159732693199999998	0.534146688199999997
4402130000	0.166145383000000008	0.533705010599999974
4402150000	0.165416893199999998	0.532853307300000023
4402170000	0.169352146600000003	0.535312697700000006
4402190000	0.171068053400000003	0.531867825099999969
4402210000	0.173981167200000009	0.528866098399999984
4402230000	0.177995412200000008	0.529130204899999956
4402250000	0.178055239199999993	0.529922447300000043
4402270000	0.183648759599999989	0.526952627599999945
4402290000	0.185033511499999997	0.526345865799999979
4402310000	0.188018214900000008	0.52838612829999998
4402330000	0.193448856199999991	0.526267555600000048
4402350000	0.191940976900000004	0.52559344929999996
4402370000	0.197338003399999989	0.52430997580000005
4402390000	0.199840507800000011	0.521472849499999946
4402410000	0.202557638000000012	0.517982024499999971
4402430000	0.207578269199999998	0.518954290699999987
4402450000	0.206978174600000009	0.520183623899999947
4402470000	0.210366549300000011	0.517817456600000003
4402490000	0.212032849299999993	0.520280066700000043
4402510000	0.215322797900000001	0.51619072070000005
4402530000	0.218248842999999998	0.516815408000000032
4402550000	0.221196141000000013	0.510149139000000029
4402570000	0.221557103599999999	0.513662875299999988
4402590000	0.228856963899999988	0.508865245199999983
4402610000	0.230557625900000007	0.511991786900000023
4402630000	0.234160526799999991	0.505723367500000021
4402650000	0.233053485000000005	0.50772305299999998
4402670000	0.234301146300000013	0.503657332199999974
4402690000	0.238911217399999987	0.505064401000000052
4402710000	0.240692223799999994	0.506443893899999997
4402730000	0.246430912000000002	0.501384177599999981
4402750000	0.247818609400000001	0.499346127400000006
4402770000	0.251202992700000016	0.498870518500000026
4402790000	0.251300281000000014	0.500892758100000002
4402810000	0.2509811656	0.496606739100000028
4402830000	0.25855562339999999	0.497382917799999991
4402850000	0.258797801100000002	0.496683772000000023
4402870000	0.261645375899999977	0.492671273199999982
4402890000	0.268101875200000006	0.490555182799999989
4402910000	0.265977261799999976	0.492361939500000012
4402930000	0.271307330499999999	0.488631064999999976
4402950000	0.272563787499999988	0.489303915799999989
4402970000	0.275629633599999979	0.485260655799999996
4402990000	0.277443743799999976	0.486482766399999988
4403010000	0.278487083999999996	0.485369263900000014
4403030000	0.281510454399999999	0.479406684299999997
4403050000	0.285688567000000004	0.480132080399999994
4403070000	0.288531223299999973	0.477976817900000017
4403090000	0.290245294900000006	0.475550988399999985
4403110000	0.291325654599999984	0.475590348399999974
4403130000	0.295042399100000019	0.473944238500000004
4403150000	0.294717857400000005	0.47223829220000002
4403170000	0.300386838400000022	0.472709298499999986
4403190000	0.304412588599999978	0.473335153800000019
4403210000	0.306189792199999977	0.466240149499999978
4403230000	0.307619740400000008	0.466760192600000012
4403250000	0.306932040299999986	0.469383695699999992
4403270000	0.313878422200000007	0.46659324390000001
4403290000	0.314055600699999993	0.462401995200000027
4403310000	0.315195469299999975	0.462115161800000007
4403330000	0.319618041000000019	0.456188851000000006
4403350000	0.320744667699999986	0.455949557999999977
4403370000	0.320546939400000008	0.45383043839999998
4403390000	0.326932767600000007	0.454009903300000017
4403410000	0.324578546899999987	0.454249191800000007
4403430000	0.33071479669999998	0.451435359199999997
4403450000	0.332823517899999977	0.448694308400000019
4403470000	0.334794822499999978	0.44602007389999998
4403490000	0.337417217800000002	0.444765245199999992
4403510000	0.338875089500000004	0.445743898799999982
4403530000	0.339619036699999988	0.443826433500000006
4403550000	0.345187429699999992	0.438769551599999974
4403570000	0.346611848700000003	0.440704326599999974
4403590000	0.351705741299999985	0.438004317099999985
4403610000	0.352904468099999979	0.437245786099999978
4403630000	0.350330561799999995	0.433666169599999984
4403650000	0.357104344600000012	0.430773613200000016
4403670000	0.358686488299999995	0.430720203099999976
4403690000	0.359281139600000021	0.430136265100000026
4403710000	0.358193962699999979	0.42722581409999999
4403730000	0.361627890900000026	0.422568334200000006
4403750000	0.366789432199999987	0.422497339299999997
4403770000	0.366481770099999993	0.419050349099999997
4403790000	0.366376239400000026	0.423783863900000002
4403810000	0.371813366199999995	0.413794568500000015
4403830000	0.368541766100000001	0.414950064600000001
4403850000	0.373606702899999976	0.413405553199999998
4403870000	0.376552076600000007	0.414791814199999997
4403890000	0.378650829700000024	0.408859041599999973
4403910000	0.381386609099999996	0.406204170899999994
4403930000	0.388280349099999977	0.404179766699999998
4403950000	0.383507100699999992	0.403583245300000004
4403970000	0.388681257800000013	0.400420461700000008
4403990000	0.389819952400000003	0.399986371999999979
4404010000	0.395032086800000015	0.400577815700000006
4404030000	0.396909486899999997	0.394824206100000019
4404050000	0.398209950199999996	0.390125318200000015
4404070000	0.397665814399999984	0.391452377799999973
4404090000	0.399508416799999988	0.389962243400000019
4404110000	0.403876701000000005	0.388817284900000004
4404130000	0.405792709500000015	0.38867325530000002
4404150000	0.405278678000000003	0.382278499100000002
4404170000	0.409836645300000024	0.381283470899999977
4404190000	0.411374549099999987	0.375864903299999997
4404210000	0.413128077699999985	0.373106924100000015
4404230000	0.412581116299999995	0.374390255299999974
4404250000	0.416787518600000018	0.375391921299999987
4404270000	0.415953063700000014	0.372572707000000003
4404290000	0.418279029700000027	0.3666402842
4404310000	0.420456444900000004	0.365960997200000027
4404330000	0.424312076500000024	0.365788515699999983
4404350000	0.422928871599999978	0.361815165100000002
4404370000	0.426076122499999987	0.357457985699999981
4404390000	0.428262797699999975	0.361401617800000019
4404410000	0.429126827300000013	0.354418202299999985
4404430000	0.431245907699999986	0.353364728199999978
4404450000	0.432582972800000021	0.350886063999999998
4404470000	0.439268833600000019	0.346670533700000005
4404490000	0.440489039400000004	0.344448833700000012
4404510000	0.44263632009999998	0.345231133899999987
4404530000	0.442106682400000006	0.338853744800000023
4404550000	0.440484681200000006	0.341436209900000009
4404570000	0.445076943900000022	0.33746762520000001
4404590000	0.445846363299999993	0.334121280999999992
4404610000	0.443050429199999984	0.332575684799999993
4404630000	0.452457525000000027	0.331511623600000027
4404650000	0.453471227899999996	0.327559179699999981
4404670000	0.455760462199999994	0.323277890600000006
4404690000	0.456839711900000001	0.323900715800000016
4404710000	0.457365277999999986	0.321815349699999975
4404730000	0.456308721500000014	0.317559899899999998
4404750000	0.461075054200000001	0.317533944000000012
4404770000	0.463889777599999997	0.31412478399999999
4404790000	0.464787606399999997	0.312739019399999985
4404810000	0.464466074299999976	0.308654109200000026
4404830000	0.462458225800000011	0.305903750600000024
4404850000	0.471472649500000007	0.303726484299999988
4404870000	0.467844172700000005	0.303172739700000027
4404890000	0.472211758799999992	0.301643591499999975
4404910000	0.470301026899999974	0.298759280199999977
4404930000	0.474787151700000021	0.296781567899999987
4404950000	0.475481604900000021	0.288805124299999993
4404970000	0.475863464700000016	0.294368459799999982
4404990000	0.477054214600000026	0.290272124999999992
4405010000	0.478657341800000025	0.284750497800000002
4405030000	0.480807249200000009	0.283070221700000013
4405050000	0.482664873200000011	0.282320086699999973
4405070000	0.485269386700000027	0.278236438799999986
4405090000	0.483400969600000008	0.27526452400000001
4405110000	0.488233605999999987	0.27676722669999998
4405130000	0.486803048100000024	0.269967918500000015
4405150000	0.487989622600000006	0.271685174600000023
4405170000	0.490913303000000023	0.265414831899999981
4405190000	0.491772145400000027	0.266607116799999988
4405210000	0.493065459900000003	0.262282420000000016
4405230000	0.493583376600000012	0.260245188100000024
4405250000	0.496026397100000016	0.257012677500000009
4405270000	0.494370768700000018	0.252559042299999981
4405290000	0.499918333900000011	0.248370067
4405310000	0.505759062899999945	0.247240263200000004
4405330000	0.500788976499999983	0.244100532099999989
4405350000	0.506696085299999988	0.245671831199999996
4405370000	0.506300500399999964	0.242467504700000003
4405390000	0.503291055299999956	0.239875552900000011
4405410000	0.507734035100000036	0.23524928610000001
4405430000	0.501709090199999985	0.236616033400000009
4405450000	0.510340475100000024	0.231636931900000009
4405470000	0.51471238939999997	0.228485510000000003
4405490000	0.510936018899999955	0.228734591999999987
4405510000	0.512661959999999972	0.225478863400000007
4405530000	0.511369151200000038	0.220544218900000005
4405550000	0.51144403159999996	0.221073351299999998
4405570000	0.519568627700000008	0.217577259500000009
4405590000	0.519338631600000045	0.207711785199999999
4405610000	0.518284468900000017	0.210001289099999988
4405630000	0.52046709950000003	0.206414724800000005
4405650000	0.519882281400000035	0.206639151599999987
4405670000	0.520419852299999985	0.198561077499999988
4405690000	0.524194037400000035	0.198181025199999999
4405710000	0.524748015300000037	0.199368027700000006
4405730000	0.523659240700000028	0.197926589699999989
4405750000	0.525504540400000053	0.191186157899999987
4405770000	0.52827870219999995	0.187888990099999986
