# freq, I e Q
4385770000	0.350450210300000009	-0.411940631900000021
4385790000	0.349101304300000026	-0.413921892700000016
4385810000	0.347293463400000002	-0.416619107200000005
4385830000	0.344741533400000022	-0.418030423900000003
4385850000	0.342190769700000008	-0.419473841600000008
4385870000	0.3400193621	-0.421332361799999999
4385890000	0.339837980500000025	-0.4229308081
4385910000	0.334705610599999981	-0.424037570099999983
4385930000	0.332044349299999986	-0.426187524500000026
4385950000	0.331904976299999988	-0.425217357199999979
4385970000	0.328976658899999996	-0.430569806900000018
4385990000	0.326743324000000002	-0.431593354099999993
4386010000	0.326507000499999978	-0.432029926900000028
4386030000	0.323153910499999975	-0.435443769799999991
4386050000	0.321637967999999996	-0.437019989900000017
4386070000	0.318047413100000009	-0.439888827199999999
4386090000	0.317748806599999989	-0.441573933500000015
4386110000	0.313431998200000006	-0.442305039399999989
4386130000	0.312342599200000015	-0.4436374025
4386150000	0.309878793799999996	-0.444437306300000001
4386170000	0.306817813599999989	-0.449266747099999975
4386190000	0.304603005599999976	-0.447984224900000005
4386210000	0.302931090600000008	-0.448845868300000006
4386230000	0.301086332700000014	-0.449728105699999992
4386250000	0.297321645299999993	-0.450706714399999986
4386270000	0.296871852400000025	-0.45495563080000001
4386290000	0.294967800200000019	-0.455796635800000016
4386310000	0.290753574999999986	-0.456570532099999982
4386330000	0.289459764100000017	-0.459265452299999988
4386350000	0.285888667699999988	-0.461200711500000027
4386370000	0.28386634329999999	-0.461824922400000004
4386390000	0.282178125499999988	-0.462672593700000023
4386410000	0.278373084800000004	-0.463599052000000011
4386430000	0.27840219989999998	-0.465592530999999976
4386450000	0.276086014800000001	-0.467831666300000004
4386470000	0.272151945700000009	-0.468153341700000003
4386490000	0.270056451799999986	-0.471165832100000015
4386510000	0.268355986499999977	-0.471413099900000021
4386530000	0.265943249599999987	-0.472730570399999994
4386550000	0.263892516799999977	-0.473726844599999974
4386570000	0.260949607099999981	-0.472860281499999979
4386590000	0.258418140600000013	-0.478347690900000011
4386610000	0.255289555499999987	-0.479911920300000017
4386630000	0.254669450700000022	-0.479063543500000022
4386650000	0.251809889899999972	-0.481120728399999975
4386670000	0.249976539500000011	-0.482675723100000009
4386690000	0.246540192299999988	-0.483970222700000008
4386710000	0.243992811799999987	-0.483512242300000006
4386730000	0.241246999999999989	-0.486293460100000019
4386750000	0.240238963199999989	-0.486624740300000025
4386770000	0.237096419199999991	-0.48901759010000001
4386790000	0.23528204820000001	-0.489833230200000025
4386810000	0.233061670100000007	-0.492412435900000001
4386830000	0.228275379599999995	-0.492017829600000012
4386850000	0.228265411800000012	-0.492636448900000024
4386870000	0.222187176900000005	-0.493674037600000004
4386890000	0.221666429500000012	-0.495288880200000003
4386910000	0.220065383400000009	-0.494534221100000004
4386930000	0.217607804099999996	-0.498829419399999974
4386950000	0.214188400499999987	-0.498775085000000007
4386970000	0.213077742099999995	-0.502484304700000051
4386990000	0.208763047499999993	-0.502210463699999998
4387010000	0.20657103369999999	-0.500900309499999974
4387030000	0.203573413099999989	-0.503149396800000037
4387050000	0.201430485100000001	-0.504372627099999971
4387070000	0.196234884800000009	-0.505354787799999983
4387090000	0.195637688300000001	-0.507412216900000046
4387110000	0.193689058299999994	-0.50889396269999998
4387130000	0.191316183800000011	-0.508972812200000013
4387150000	0.188671082099999998	-0.510655486300000017
4387170000	0.185599997900000008	-0.512092396899999969
4387190000	0.180963529499999998	-0.511687434399999974
4387210000	0.182404145900000009	-0.514769606400000024
4387230000	0.177153212799999987	-0.514555374900000029
4387250000	0.174980914399999993	-0.514182117399999972
4387270000	0.172785592399999993	-0.515662845000000036
4387290000	0.170364587699999986	-0.516385896499999997
4387310000	0.167666488499999988	-0.51815712260000002
4387330000	0.165818264100000001	-0.518697955900000007
4387350000	0.164538599600000002	-0.519273006000000037
4387370000	0.161296938899999992	-0.520913963000000035
4387390000	0.157934929899999993	-0.520119108399999974
4387410000	0.156154548300000001	-0.520511750000000051
4387430000	0.150549271900000003	-0.522621785000000005
4387450000	0.149545702100000011	-0.52492850329999996
4387470000	0.146210793799999988	-0.525410376099999965
4387490000	0.143475457899999992	-0.524705078700000049
4387510000	0.139775785200000002	-0.527399633899999998
4387530000	0.140872591299999989	-0.527606744199999977
4387550000	0.136484819199999996	-0.528259970399999945
4387570000	0.132116226100000012	-0.528271333700000012
4387590000	0.130240142000000003	-0.529795146899999958
4387610000	0.127377918400000012	-0.530668173000000021
4387630000	0.124986891700000005	-0.531501265499999986
4387650000	0.122606490499999998	-0.530630154899999984
4387670000	0.119532900600000005	-0.531589489599999965
4387690000	0.116913793799999999	-0.531038495600000049
4387710000	0.115487080399999997	-0.532583667499999969
4387730000	0.112366835200000001	-0.535911750100000028
4387750000	0.107812715200000006	-0.534721151499999992
4387770000	0.107318921900000003	-0.535093527899999977
4387790000	0.104054969900000002	-0.535096163800000024
4387810000	0.100650415699999995	-0.535945740900000023
4387830000	0.0994327509000000054	-0.536632110500000037
4387850000	0.0962639114999999934	-0.538154398099999987
4387870000	0.0940574054999999964	-0.535121193099999948
4387890000	0.0886315642999999931	-0.540204640100000022
4387910000	0.0878802179999999961	-0.539301227199999955
4387930000	0.085146477799999995	-0.538637141799999997
4387950000	0.0826715432000000028	-0.540662136200000032
4387970000	0.0776859143000000057	-0.541112317600000003
4387990000	0.0746580498000000009	-0.539273612899999977
4388010000	0.0748267256999999991	-0.539721265399999983
4388030000	0.071647058700000002	-0.541527618199999949
4388050000	0.0695510480000000042	-0.541541489300000012
4388070000	0.0634244164999999971	-0.54188853579999996
4388090000	0.0638518869999999961	-0.541057381400000037
4388110000	0.0589956354999999974	-0.543390073099999982
4388130000	0.0585945656999999967	-0.543627364699999949
4388150000	0.0531094579999999983	-0.54410160959999998
4388170000	0.0540837755000000003	-0.543243624699999983
4388190000	0.0485952628999999983	-0.544778072199999963
4388210000	0.0452648209999999968	-0.543408523600000026
4388230000	0.0436113142000000009	-0.542841121299999951
4388250000	0.0401423091999999967	-0.54425102940000003
4388270000	0.0385461954999999981	-0.5440303098
4388290000	0.036523145600000001	-0.548623276699999995
4388310000	0.0320831384999999969	-0.545708790599999993
4388330000	0.0277658206000000012	-0.546171976100000012
4388350000	0.0262786412000000011	-0.544586988599999988
4388370000	0.0231860691999999993	-0.54703468420000001
4388390000	0.0193065536999999995	-0.547801112000000034
4388410000	0.0183600158999999985	-0.546505114500000055
4388430000	0.0168102013000000008	-0.546980308900000045
4388450000	0.0111908285999999992	-0.546004818100000011
4388470000	0.00998850740000000077	-0.548346732299999973
4388490000	0.0068316223000000004	-0.546269382700000028
4388510000	0.00461233389999999958	-0.548868743400000025
4388530000	0.000901900999999999983	-0.544664630600000033
4388550000	0.00032276780000000001	-0.546303332300000055
4388570000	-0.00252000780000000016	-0.548543473700000006
4388590000	-0.0051863237000000003	-0.549314541600000039
4388610000	-0.0090354189999999994	-0.548984863199999951
4388630000	-0.0145381026999999996	-0.54549928280000004
4388650000	-0.0165885529999999989	-0.546157686399999953
4388670000	-0.0191921559000000005	-0.547280597099999988
4388690000	-0.0207140983999999986	-0.547319840699999949
4388710000	-0.0241617608000000011	-0.546319364300000054
4388730000	-0.027528799100000001	-0.546146903100000025
4388750000	-0.028437924199999999	-0.546519431699999947
4388770000	-0.0331368843999999968	-0.547710604199999951
4388790000	-0.0348865183999999967	-0.544952241199999965
4388810000	-0.0370520235999999975	-0.544053222800000014
4388830000	-0.0401492286000000032	-0.543768167600000019
4388850000	-0.0425984853000000024	-0.546941963199999992
4388870000	-0.046296283700000003	-0.545455238299999978
4388890000	-0.0477543323000000006	-0.545284659999999977
4388910000	-0.0507949253000000017	-0.543564318100000055
4388930000	-0.0558153860000000016	-0.545468060399999954
4388950000	-0.0571268960000000034	-0.544235530200000039
4388970000	-0.0608163133000000009	-0.546664256899999979
4388990000	-0.0627619653	-0.545627360000000006
4389010000	-0.0671995142000000045	-0.541599276799999974
4389030000	-0.0678753968999999957	-0.542735728300000053
4389050000	-0.0725473588999999974	-0.544066273700000047
4389070000	-0.0742768218000000036	-0.542816960899999978
4389090000	-0.077821742200000002	-0.543671145699999969
4389110000	-0.0807450038000000064	-0.541780413300000041
4389130000	-0.0810515435000000034	-0.543645282199999968
4389150000	-0.0864206703999999964	-0.539543116399999967
4389170000	-0.0905460086000000053	-0.543672986999999996
4389190000	-0.0904671160999999946	-0.540428453500000017
4389210000	-0.0942287063000000064	-0.539304089199999948
4389230000	-0.0976072961999999988	-0.539264094500000013
4389250000	-0.099799379699999996	-0.540741978200000029
4389270000	-0.102225747899999997	-0.537581770099999967
4389290000	-0.103638173400000005	-0.538851054999999968
4389310000	-0.108707396799999995	-0.537462682699999972
4389330000	-0.110276163699999999	-0.537332784299999977
4389350000	-0.112526629399999994	-0.538084341499999952
4389370000	-0.115512679899999998	-0.536360379100000007
4389390000	-0.119033447900000006	-0.537605687200000015
4389410000	-0.120593306299999994	-0.53579361670000003
4389430000	-0.124018153500000006	-0.53337582640000003
4389450000	-0.126852802099999995	-0.536754056699999982
4389470000	-0.130252011400000006	-0.534252198799999967
4389490000	-0.132811824200000012	-0.533062582200000024
4389510000	-0.135026509200000006	-0.533390811500000006
4389530000	-0.138178965799999998	-0.532272717799999961
4389550000	-0.140815786999999998	-0.531663274200000036
4389570000	-0.144464845400000014	-0.529567957899999997
4389590000	-0.146827346299999995	-0.530760436799999957
4389610000	-0.148663265999999988	-0.532041130600000023
4389630000	-0.150202656500000004	-0.527996312099999976
4389650000	-0.154160715000000004	-0.526166124900000032
4389670000	-0.155492833599999991	-0.525927093900000031
4389690000	-0.160606881600000001	-0.527460954100000046
4389710000	-0.16085938629999999	-0.523690972299999946
4389730000	-0.164776845300000002	-0.521427185700000018
4389750000	-0.167720901100000014	-0.524794870100000033
4389770000	-0.170814900699999994	-0.522537959700000054
4389790000	-0.17289306069999999	-0.521339693499999979
4389810000	-0.176666504700000004	-0.520429573899999998
4389830000	-0.179988619399999994	-0.518190871000000053
4389850000	-0.183361131300000008	-0.518963749099999982
4389870000	-0.18455167019999999	-0.51836110550000003
4389890000	-0.186012863199999989	-0.51791889170000005
4389910000	-0.189751054400000008	-0.514529052500000028
4389930000	-0.192651277900000001	-0.514616004199999977
4389950000	-0.193182992400000003	-0.514815740700000024
4389970000	-0.198358462699999988	-0.513722610400000002
4389990000	-0.199031909700000009	-0.51329471069999999
4390010000	-0.204268482499999987	-0.511693912899999992
4390030000	-0.203616279499999997	-0.511469424299999975
4390050000	-0.20947124419999999	-0.508757388599999971
4390070000	-0.20843137719999999	-0.509435423400000031
4390090000	-0.211483868699999994	-0.508528763599999989
4390110000	-0.216113158999999999	-0.505830185999999959
4390130000	-0.217942962800000001	-0.506622248799999952
4390150000	-0.220679426699999987	-0.503063340099999978
4390170000	-0.222258507599999988	-0.501470958199999983
4390190000	-0.224539234000000004	-0.502365420800000018
4390210000	-0.229788230499999996	-0.500875461000000022
4390230000	-0.232882680700000011	-0.499021815300000005
4390250000	-0.234504757300000005	-0.499695050099999982
4390270000	-0.237621801699999996	-0.497563091600000007
4390290000	-0.238661543000000004	-0.496524446800000019
4390310000	-0.241026073400000013	-0.494479444300000015
4390330000	-0.244608890500000009	-0.493560723400000012
4390350000	-0.24700619330000001	-0.491518830399999995
4390370000	-0.249932302800000006	-0.49199257569999999
4390390000	-0.250787241599999988	-0.490518355600000011
4390410000	-0.254754583199999995	-0.490342507500000024
4390430000	-0.256369826000000023	-0.488065111900000015
4390450000	-0.259383627100000014	-0.488092957699999996
4390470000	-0.26090498270000001	-0.484928710599999979
4390490000	-0.264275444899999989	-0.484232088399999983
4390510000	-0.267867895099999975	-0.481566067300000011
4390530000	-0.268223741999999987	-0.481081736500000023
4390550000	-0.275460680899999977	-0.479462211999999999
4390570000	-0.277892153199999992	-0.477440931000000013
4390590000	-0.277075424000000015	-0.475341004299999981
4390610000	-0.281932418899999981	-0.474533981499999979
4390630000	-0.284215578199999985	-0.473644520000000013
4390650000	-0.284584091099999992	-0.470664129300000011
4390670000	-0.288187279600000013	-0.471675195200000008
4390690000	-0.29077591060000002	-0.47056292919999998
4390710000	-0.290527373199999994	-0.467701113000000002
4390730000	-0.296901036200000024	-0.465367346999999987
4390750000	-0.294793731299999973	-0.465220130999999981
4390770000	-0.300146322600000015	-0.464815937600000006
4390790000	-0.300464573100000021	-0.462962771699999998
4390810000	-0.305074034400000027	-0.460950442800000026
4390830000	-0.304505516400000009	-0.459454665900000003
4390850000	-0.306934135300000022	-0.456379447599999988
4390870000	-0.310553498900000002	-0.454081287700000003
4390890000	-0.314847535600000006	-0.452376547999999989
4390910000	-0.317081922199999977	-0.453431751200000011
4390930000	-0.318161523000000002	-0.450951323399999993
4390950000	-0.320932586999999991	-0.450656561999999983
4390970000	-0.324403808100000024	-0.44803221510000002
4390990000	-0.324659643200000014	-0.448470757499999984
4391010000	-0.327884164500000019	-0.445012121900000002
4391030000	-0.329616052300000018	-0.44254561739999998
4391050000	-0.334943659599999999	-0.440738473199999981
4391070000	-0.333615555900000027	-0.43995992690000002
4391090000	-0.338452575300000003	-0.436035822100000026
4391110000	-0.34079879569999999	-0.437832028099999992
4391130000	-0.342241214700000018	-0.43527230779999998
4391150000	-0.343119843799999991	-0.433768014500000021
4391170000	-0.345906790099999972	-0.4302146268
4391190000	-0.347223769299999985	-0.429558034600000027
4391210000	-0.351820681099999977	-0.427350816600000016
4391230000	-0.354055797399999983	-0.424182808899999986
4391250000	-0.355471444899999989	-0.425072441000000023
4391270000	-0.357374845399999974	-0.424164698000000007
4391290000	-0.357547447299999988	-0.420462909499999982
4391310000	-0.36151719240000002	-0.419433530300000024
4391330000	-0.364303655399999982	-0.416038605499999992
4391350000	-0.368107037899999989	-0.414593129599999999
4391370000	-0.368977814899999979	-0.412507504000000025
4391390000	-0.370109803500000001	-0.410232584299999981
4391410000	-0.372925520600000004	-0.408543879599999993
4391430000	-0.376033287699999996	-0.406863426799999983
4391450000	-0.376860793699999974	-0.405837052099999984
4391470000	-0.378884615300000005	-0.403726247400000016
4391490000	-0.382192676100000017	-0.403318795200000024
4391510000	-0.383457114200000004	-0.399424702199999981
4391530000	-0.385132120899999986	-0.398804546900000001
4391550000	-0.386404074500000028	-0.394046544100000007
4391570000	-0.388932325899999987	-0.395143407000000002
4391590000	-0.39265101149999998	-0.390792156200000018
4391610000	-0.392245591900000024	-0.389771625999999982
4391630000	-0.39595448430000002	-0.386814900700000019
4391650000	-0.396856348699999972	-0.386982551200000024
4391670000	-0.400032775900000026	-0.382651780200000013
4391690000	-0.404538723200000006	-0.381999600800000005
4391710000	-0.403794418900000007	-0.380339633800000021
4391730000	-0.405923881099999995	-0.376505457900000007
4391750000	-0.407754777899999976	-0.375077214699999995
4391770000	-0.410439355299999975	-0.372489242499999984
4391790000	-0.410617532399999985	-0.370484983300000015
4391810000	-0.413475982799999975	-0.367867708700000018
4391830000	-0.412491396600000004	-0.366917153900000015
4391850000	-0.4182631718	-0.364757010800000003
4391870000	-0.420381640599999995	-0.361833385499999993
4391890000	-0.4217726329	-0.360931694299999994
4391910000	-0.423035701699999989	-0.357403568900000024
4391930000	-0.424570464199999997	-0.354132653500000005
4391950000	-0.428328364199999978	-0.355323353900000027
4391970000	-0.428289403299999982	-0.351280423600000002
4391990000	-0.432231144399999989	-0.347629151700000028
4392010000	-0.43311327690000001	-0.345900900600000005
4392030000	-0.431346479499999991	-0.346509729599999983
4392050000	-0.437741760400000013	-0.343162295200000023
4392070000	-0.438914433100000001	-0.340079202199999986
4392090000	-0.440721167099999978	-0.338497842400000026
4392110000	-0.440600818599999999	-0.33515475010000001
4392130000	-0.444635197599999976	-0.332287411799999988
4392150000	-0.44622016619999999	-0.331403151900000026
4392170000	-0.448613632300000009	-0.330163251699999993
4392190000	-0.44995204179999998	-0.325852379199999986
4392210000	-0.449444443699999974	-0.32331271960000002
4392230000	-0.451601990600000003	-0.320344652600000002
4392250000	-0.456250775200000014	-0.318263123199999998
4392270000	-0.455659902100000014	-0.317957731399999999
4392290000	-0.457196306499999983	-0.313396898899999998
4392310000	-0.459480150600000026	-0.313121897300000007
4392330000	-0.460668491700000016	-0.310815834100000021
4392350000	-0.462931968400000005	-0.308476862799999973
4392370000	-0.462477962899999984	-0.305640917499999998
4392390000	-0.463220024900000027	-0.301778755600000004
4392410000	-0.465390704699999991	-0.296780284999999977
4392430000	-0.470656412400000002	-0.296939057499999992
4392450000	-0.470579906300000017	-0.294057292999999997
4392470000	-0.471723025000000018	-0.291965611700000016
4392490000	-0.471759893300000011	-0.290320573699999973
4392510000	-0.476381963899999983	-0.287113677299999981
4392530000	-0.477363146700000018	-0.285060986000000016
4392550000	-0.478103459700000011	-0.282847608099999981
4392570000	-0.477811670899999985	-0.280021012000000014
4392590000	-0.479937072999999992	-0.276926631699999981
4392610000	-0.482137173099999983	-0.274567970300000019
4392630000	-0.483473507600000019	-0.273089834699999978
4392650000	-0.482660965300000022	-0.268876837500000021
4392670000	-0.486216731000000013	-0.268364234199999996
4392690000	-0.488371526100000009	-0.263687548800000005
4392710000	-0.488618217399999999	-0.262313338200000024
4392730000	-0.490702484300000019	-0.261007865900000025
4392750000	-0.490931570799999994	-0.258046180399999991
4392770000	-0.493496296100000009	-0.254914026000000016
4392790000	-0.495339784700000008	-0.251904700199999998
4392810000	-0.497211553699999975	-0.249124814100000008
4392830000	-0.497486882999999991	-0.246887749600000012
4392850000	-0.499962037400000003	-0.244435838600000011
4392870000	-0.499817891299999983	-0.243585972499999998
4392890000	-0.499688703000000012	-0.237239724600000007
4392910000	-0.503875122099999961	-0.236599432599999993
4392930000	-0.504056013100000033	-0.233493891499999995
4392950000	-0.506883865599999983	-0.230602816699999991
4392970000	-0.50620321909999999	-0.225538418500000004
4392990000	-0.50670223780000001	-0.224423015599999998
4393010000	-0.509534795200000001	-0.223922451599999989
4393030000	-0.510557803300000002	-0.217460537000000009
4393050000	-0.511984569	-0.216770062000000013
4393070000	-0.513415507599999987	-0.214949984799999994
4393090000	-0.515363107200000004	-0.21104703050000001
4393110000	-0.51471605669999998	-0.210839331800000002
4393130000	-0.516149951000000051	-0.205020545299999996
4393150000	-0.518293391099999945	-0.203322295300000011
4393170000	-0.518760102500000042	-0.201223365600000009
4393190000	-0.521596478099999983	-0.1993917261
4393210000	-0.519893259599999991	-0.194537624699999995
4393230000	-0.522823391099999979	-0.191827645800000002
4393250000	-0.524562033799999994	-0.189343256600000009
4393270000	-0.522912913999999951	-0.187753977099999997
4393290000	-0.525475270599999988	-0.184133883899999989
4393310000	-0.52711958120000002	-0.180594168700000002
4393330000	-0.52576132760000005	-0.177742683699999987
4393350000	-0.529257173700000028	-0.178088426900000013
4393370000	-0.526284176600000042	-0.17263918880000001
4393390000	-0.529667306899999968	-0.169332548700000002
4393410000	-0.531165003899999988	-0.16695999210000001
4393430000	-0.528611995500000043	-0.164545900699999997
4393450000	-0.532654891500000005	-0.162364662399999998
4393470000	-0.533462211400000053	-0.158275217100000004
4393490000	-0.533669371799999959	-0.154199440399999999
4393510000	-0.534347088400000003	-0.152083711399999988
4393530000	-0.534994620999999948	-0.151221545000000013
4393550000	-0.534886885799999989	-0.146326053600000006
4393570000	-0.537992542499999948	-0.14493606810000001
4393590000	-0.54079580989999998	-0.141660251399999992
4393610000	-0.537606231699999992	-0.137252084899999988
4393630000	-0.540796677899999967	-0.136729755499999994
4393650000	-0.54053816610000005	-0.132386948799999987
4393670000	-0.541787989200000042	-0.129858798500000011
4393690000	-0.543283420500000003	-0.126900943699999991
4393710000	-0.543248508400000052	-0.123054174599999996
4393730000	-0.544813909199999946	-0.120505071199999994
4393750000	-0.542632141599999951	-0.117459110800000002
4393770000	-0.543975044399999996	-0.115944916199999998
4393790000	-0.544777998199999947	-0.109840890299999994
4393810000	-0.546330387200000045	-0.109728748299999998
4393830000	-0.546465686300000031	-0.105867288899999995
4393850000	-0.547434381900000044	-0.102507332800000003
4393870000	-0.548756255699999973	-0.0990089048000000055
4393890000	-0.549271292999999994	-0.0960668105000000022
4393910000	-0.547278076999999974	-0.0917858519000000067
4393930000	-0.549923266500000008	-0.0888105037000000014
4393950000	-0.549338505299999946	-0.086173661400000004
4393970000	-0.549554455100000006	-0.0854973671999999935
4393990000	-0.552885063700000012	-0.0823085810000000057
4394010000	-0.549828374900000028	-0.0803169938
4394030000	-0.551780224299999955	-0.075479714200000006
4394050000	-0.554335578500000037	-0.0720043784999999936
4394070000	-0.552069395299999988	-0.0670537754999999958
4394090000	-0.552312737299999967	-0.0661723787000000063
4394110000	-0.554449567299999946	-0.0616467013999999966
4394130000	-0.552328565499999979	-0.0593439837999999997
4394150000	-0.553810332800000027	-0.0569415451999999989
4394170000	-0.552863295500000018	-0.0525975591000000034
4394190000	-0.555016455299999989	-0.0509820590000000032
4394210000	-0.554599706199999987	-0.0462272045000000006
4394230000	-0.556227651000000045	-0.0437916085000000024
4394250000	-0.555257635899999991	-0.0404004971000000018
4394270000	-0.555495529899999951	-0.0351206073000000021
4394290000	-0.556245111600000008	-0.0331114762000000035
4394310000	-0.555769836600000011	-0.029637993599999999
4394330000	-0.554295760000000026	-0.0281831142999999992
4394350000	-0.556483364199999997	-0.0229932555000000004
4394370000	-0.556732534600000051	-0.0215868471000000006
4394390000	-0.556396977699999962	-0.0145865083000000003
4394410000	-0.553853322499999967	-0.0130082264999999992
4394430000	-0.556865921899999949	-0.00992569540000000014
4394450000	-0.555505124500000003	-0.00538743910000000041
4394470000	-0.554695509099999984	-0.00229304610000000001
4394490000	-0.556777955199999952	-0.000550045100000000017
4394510000	-0.556369013299999993	0.00349461749999999995
4394530000	-0.555408118599999945	0.00652804319999999993
4394550000	-0.555731585500000014	0.0120126742000000002
4394570000	-0.557242794500000027	0.0134408263999999996
4394590000	-0.557474537099999945	0.0180560505000000003
4394610000	-0.555521644399999959	0.0197820429000000013
4394630000	-0.557367549900000037	0.0228363110999999994
4394650000	-0.55591355440000001	0.0283239365000000007
4394670000	-0.555936219000000009	0.0321464605000000014
4394690000	-0.555061594300000016	0.0362882025999999996
4394710000	-0.554155237100000031	0.0364773226000000006
4394730000	-0.555133417099999971	0.0396819401000000002
4394750000	-0.55473794750000005	0.0436439087999999989
4394770000	-0.552618695699999996	0.0488244952999999995
4394790000	-0.554190339399999954	0.0532457863000000003
4394810000	-0.554415838800000005	0.0560264175000000017
4394830000	-0.552419939600000021	0.0617610545999999969
4394850000	-0.553732611399999963	0.0625432637999999985
4394870000	-0.55250110149999998	0.0678875852999999974
4394890000	-0.550911405000000021	0.0709725910999999959
4394910000	-0.550886076099999955	0.076331766199999998
4394930000	-0.548771585500000048	0.0794787785999999941
4394950000	-0.548800671600000012	0.0828422521999999939
4394970000	-0.546425727200000044	0.0881756191999999994
4394990000	-0.547183759000000047	0.0924890755000000037
4395010000	-0.544459091100000014	0.0951604179999999966
4395030000	-0.545026529399999959	0.100655068900000005
4395050000	-0.543750760899999963	0.104039780900000003
4395070000	-0.543573901000000026	0.105958901699999997
4395090000	-0.542975121600000055	0.110516778800000007
4395110000	-0.539407482700000052	0.117268131299999995
4395130000	-0.539783036799999949	0.123450095600000004
4395150000	-0.535225065600000049	0.123960208700000005
4395170000	-0.53495409660000004	0.129178005499999998
4395190000	-0.530286601599999963	0.134742617799999992
4395210000	-0.533249981099999992	0.138630005100000009
4395230000	-0.530200386800000034	0.143504960999999986
4395250000	-0.527788694800000013	0.151430279599999995
4395270000	-0.526385493499999968	0.155642268100000009
4395290000	-0.521027311700000051	0.161566610899999991
4395310000	-0.521154985999999987	0.166772143399999989
4395330000	-0.517645383900000033	0.171557745900000003
4395350000	-0.514118028599999999	0.17790056500000001
4395370000	-0.509086590500000047	0.185529341900000005
4395390000	-0.506903003499999949	0.189936481800000001
4395410000	-0.499951499399999999	0.197151580999999992
4395430000	-0.498162955500000004	0.203317832199999993
4395450000	-0.490935172199999992	0.210283724000000005
4395470000	-0.487910879899999983	0.2186637575
4395490000	-0.481687988199999972	0.225560489599999997
4395510000	-0.470645943999999983	0.234623368999999998
4395530000	-0.461663368500000004	0.241039146499999996
4395550000	-0.451915634200000027	0.248465963399999989
4395570000	-0.437100210400000022	0.25628582649999998
4395590000	-0.421887834000000017	0.267009523699999973
4395610000	-0.404012469500000027	0.271735009299999997
4395630000	-0.382022500799999998	0.279429853999999978
4395650000	-0.352797090599999974	0.284878240100000013
4395670000	-0.317759844299999983	0.282785208700000013
4395690000	-0.274246939799999978	0.272916647899999976
4395710000	-0.226469692199999989	0.244616895700000003
4395730000	-0.182806573400000005	0.195171496800000011
4395750000	-0.156618357900000005	0.126095748300000005
4395770000	-0.157566149300000014	0.0599084554999999991
4395790000	-0.179627582400000013	0.00727914320000000014
4395810000	-0.210475142899999995	-0.0326930990999999976
4395830000	-0.249695886000000006	-0.0585654145000000029
4395850000	-0.289752006200000023	-0.0739568659000000017
4395870000	-0.324796376900000017	-0.0792404802999999991
4395890000	-0.357612278900000025	-0.0769584898000000017
4395910000	-0.386885269300000001	-0.0704089398000000005
4395930000	-0.410996222799999977	-0.0611690182000000013
4395950000	-0.433164358699999974	-0.0500020409000000027
4395970000	-0.449661022899999985	-0.0365145283000000015
4395990000	-0.464914659399999985	-0.0247790895000000004
4396010000	-0.476503844600000004	-0.0130086129000000009
4396030000	-0.488443983299999995	0.00305002900000000011
4396050000	-0.494912093100000006	0.0145488874000000001
4396070000	-0.501428292399999975	0.0257759595000000008
4396090000	-0.504973467899999973	0.0369610667000000032
4396110000	-0.513124574500000041	0.047960820799999998
4396130000	-0.51234297129999995	0.0558994645000000026
4396150000	-0.517599856000000025	0.0660512184000000002
4396170000	-0.51787642629999997	0.0771483293999999931
4396190000	-0.520610090200000042	0.0839108519999999941
4396210000	-0.520967293699999945	0.0912945096000000039
4396230000	-0.521835832900000018	0.100436288700000001
4396250000	-0.522215177500000016	0.106481911200000001
4396270000	-0.524016397399999945	0.115288400599999993
4396290000	-0.523835409399999952	0.1202691917
4396310000	-0.52308311399999996	0.126298151400000003
4396330000	-0.523206713200000006	0.13205936800000001
4396350000	-0.522479284099999997	0.137731172699999987
4396370000	-0.524188002499999972	0.144247214600000007
4396390000	-0.522290717399999993	0.14836211199999999
4396410000	-0.519843706700000019	0.15633298670000001
4396430000	-0.520102389700000001	0.159412389799999998
4396450000	-0.521638985700000002	0.165179649200000001
4396470000	-0.51739163119999998	0.170234399400000014
4396490000	-0.51743924210000003	0.173576658599999989
4396510000	-0.516802633800000022	0.177480974300000011
4396530000	-0.515582607399999948	0.181713289299999997
4396550000	-0.514482791499999981	0.188506196500000001
4396570000	-0.514422520999999966	0.19274542950000001
4396590000	-0.512590210599999985	0.197581105700000009
4396610000	-0.511282731500000032	0.19970092980000001
4396630000	-0.508471978400000024	0.2032306324
4396650000	-0.510799737799999987	0.208871596800000003
4396670000	-0.505595388200000051	0.211415810700000012
4396690000	-0.5071596679	0.214675790400000011
4396710000	-0.50410277130000003	0.218764147999999992
4396730000	-0.504929656199999966	0.222916543100000003
4396750000	-0.502410587700000022	0.227449923899999989
4396770000	-0.500536972699999971	0.230673936299999993
4396790000	-0.499950333999999996	0.232766452000000013
4396810000	-0.499378792999999988	0.237553003600000007
4396830000	-0.497788339899999988	0.242240693899999998
4396850000	-0.49562035710000002	0.245740973299999999
4396870000	-0.495160302499999982	0.24902128200000001
4396890000	-0.494511447200000009	0.252959547000000007
4396910000	-0.4905564543	0.254335503399999996
4396930000	-0.489380551499999983	0.255849849100000026
4396950000	-0.486569528799999984	0.261753180799999985
4396970000	-0.486783706500000024	0.265924854499999974
4396990000	-0.483629760999999991	0.266058840600000013
4397010000	-0.484528205699999992	0.270507558699999984
4397030000	-0.480764244100000016	0.275565390000000021
4397050000	-0.480759291500000019	0.277307132899999975
4397070000	-0.47799766669999999	0.282136255800000013
4397090000	-0.477596545099999992	0.283332918699999992
4397110000	-0.474968726800000018	0.285695773400000019
4397130000	-0.475744093699999981	0.287173218800000019
4397150000	-0.470829013299999988	0.292468560499999974
4397170000	-0.470334467300000003	0.294706234299999981
4397190000	-0.466474657899999978	0.295973859200000022
4397210000	-0.468625503100000007	0.302676393900000007
4397230000	-0.465116683099999983	0.303621518400000012
4397250000	-0.463769975599999995	0.305981799499999985
4397270000	-0.461563713699999989	0.308498480999999991
4397290000	-0.458397260699999975	0.310870754699999974
4397310000	-0.457112020900000027	0.313834936800000019
4397330000	-0.455163171899999996	0.316558591800000011
4397350000	-0.455929340500000002	0.319769841399999977
4397370000	-0.453906591799999981	0.322804839999999982
4397390000	-0.450443552099999978	0.324139358900000008
4397410000	-0.449189977100000026	0.327768965600000017
4397430000	-0.447285632799999999	0.328832030800000008
4397450000	-0.444533381100000013	0.33332846599999999
4397470000	-0.443574536600000013	0.336377755300000025
4397490000	-0.443711923800000019	0.338445896799999979
4397510000	-0.439801654300000011	0.341765837299999986
4397530000	-0.436905832100000002	0.343046505700000004
4397550000	-0.438518158300000016	0.344006278900000018
4397570000	-0.433385784699999999	0.348652477399999994
4397590000	-0.432068277800000011	0.350554061299999997
4397610000	-0.431863900999999994	0.354569939000000001
4397630000	-0.42752971150000002	0.354729308500000007
4397650000	-0.426400594299999991	0.355075983900000003
4397670000	-0.424502111999999987	0.359419979999999972
4397690000	-0.422734495300000013	0.363204156200000017
4397710000	-0.421392447299999973	0.364130152799999995
4397730000	-0.418208035300000003	0.366848816799999977
4397750000	-0.417179557300000003	0.370766088699999996
4397770000	-0.416760878700000004	0.371065471899999999
4397790000	-0.412164647900000014	0.373447901000000027
4397810000	-0.410801742899999989	0.376940379800000003
4397830000	-0.405514157799999997	0.378875981600000022
4397850000	-0.406192791399999975	0.380308761499999981
4397870000	-0.405489399699999975	0.384828386299999992
4397890000	-0.403864525899999993	0.38385010759999999
4397910000	-0.398570688800000017	0.387136634899999998
4397930000	-0.400038989199999973	0.389377170699999997
4397950000	-0.397123595699999998	0.391108508399999999
4397970000	-0.393417972599999999	0.3937365793
4397990000	-0.390043843599999995	0.39540506780000001
4398010000	-0.388611099199999976	0.400224000600000018
4398030000	-0.384529672300000014	0.398824577199999974
4398050000	-0.385601539100000001	0.402870249800000024
4398070000	-0.381956933700000001	0.407541127499999989
4398090000	-0.380883482399999973	0.407419198699999985
4398110000	-0.377703338599999994	0.408063556599999988
4398130000	-0.375992124500000025	0.410552868700000018
4398150000	-0.373296117199999999	0.411719383300000019
4398170000	-0.371752614699999984	0.415579344100000025
4398190000	-0.370124676799999996	0.4189683716
4398210000	-0.369469899699999993	0.419290320200000011
4398230000	-0.364672142199999993	0.419992818699999992
4398250000	-0.363989876400000023	0.422240006200000018
4398270000	-0.36008250289999999	0.426310757799999995
4398290000	-0.356538679199999986	0.425280901499999975
4398310000	-0.357336206200000006	0.429471572600000018
4398330000	-0.353028514399999993	0.429806974200000025
4398350000	-0.353950891599999984	0.431272035200000015
4398370000	-0.35025929090000002	0.434326782000000022
4398390000	-0.348042727100000004	0.439584463799999992
4398410000	-0.344344969399999978	0.436742840000000021
4398430000	-0.342407677199999982	0.441715913800000026
4398450000	-0.339377144700000022	0.441502337700000025
4398470000	-0.338475121300000015	0.442932229999999982
4398490000	-0.334329008599999977	0.446078463500000022
4398510000	-0.330531491100000019	0.445905041599999996
4398530000	-0.32948131479999998	0.449389427299999977
4398550000	-0.327056734899999979	0.451135053299999977
4398570000	-0.326214536599999994	0.451547004799999985
4398590000	-0.322428508999999974	0.454447832800000007
4398610000	-0.32147708920000001	0.455638625899999983
4398630000	-0.318498163399999978	0.457987502099999999
4398650000	-0.313596453300000022	0.4610266898
4398670000	-0.312546460500000012	0.461303516600000019
4398690000	-0.311897042899999977	0.464912460299999997
4398710000	-0.307591725099999991	0.463966741199999977
4398730000	-0.305714844200000002	0.464509104000000006
4398750000	-0.304023642599999977	0.468622172000000004
4398770000	-0.300976454900000023	0.470657006699999991
4398790000	-0.2999256327	0.470954545300000027
4398810000	-0.295698690300000011	0.472584254300000006
4398830000	-0.292167202299999984	0.473654536299999984
4398850000	-0.290220623200000027	0.475847059299999986
4398870000	-0.288358663999999987	0.476246588500000012
4398890000	-0.285825375100000001	0.480107249800000024
4398910000	-0.283976817599999987	0.482188614500000001
4398930000	-0.281861294699999987	0.481218732400000015
4398950000	-0.278707474700000013	0.484247365900000004
4398970000	-0.274812039499999994	0.484653858300000018
4398990000	-0.272831327299999982	0.488537296999999981
4399010000	-0.272716824199999985	0.486933188800000027
4399030000	-0.268064011599999985	0.48892847690000002
4399050000	-0.265637470200000003	0.490632621300000016
4399070000	-0.261136384200000016	0.490218753499999993
4399090000	-0.261010948799999976	0.494883443899999997
4399110000	-0.257107762999999989	0.49576067159999998
4399130000	-0.25497262770000001	0.496181595199999992
4399150000	-0.252494629099999979	0.495629504300000023
4399170000	-0.249630191499999987	0.498193201299999999
4399190000	-0.247319732200000003	0.501298081099999959
4399210000	-0.244566149700000013	0.501918482100000007
4399230000	-0.24206533320000001	0.502699024200000011
4399250000	-0.242469979199999991	0.504114353900000034
4399270000	-0.237531931899999993	0.505451787399999963
4399290000	-0.234576286599999989	0.505528038200000029
4399310000	-0.232545187300000011	0.509176881399999948
4399330000	-0.229161296900000006	0.509046975499999999
4399350000	-0.224096176899999999	0.510562555799999984
4399370000	-0.223771540099999999	0.509781344800000036
4399390000	-0.221230833900000007	0.51174488210000002
4399410000	-0.219095906099999987	0.513757533399999966
4399430000	-0.216558066999999993	0.514760485699999992
4399450000	-0.213506619000000009	0.515805248900000013
4399470000	-0.210003974600000004	0.518254642799999998
4399490000	-0.207211893600000002	0.518483132900000032
4399510000	-0.203177685599999991	0.517433127200000009
4399530000	-0.202293223800000005	0.520364606200000024
4399550000	-0.200411343999999991	0.522066120199999983
4399570000	-0.195818695500000001	0.523502567999999946
4399590000	-0.194062043999999989	0.525554195500000043
4399610000	-0.190052548300000013	0.52525367700000003
4399630000	-0.189689505600000002	0.52429507689999999
4399650000	-0.186529465899999997	0.525777754199999947
4399670000	-0.183026131499999994	0.527358630599999989
4399690000	-0.181262339800000005	0.529509644799999957
4399710000	-0.177789006100000008	0.528283421399999953
4399730000	-0.175880271499999991	0.530490869600000026
4399750000	-0.172777353299999992	0.530982353099999971
4399770000	-0.170451268099999997	0.533450501999999993
4399790000	-0.16812504310000001	0.532176951099999962
4399810000	-0.164998422199999994	0.532773115599999958
4399830000	-0.159221407700000012	0.535257987499999976
4399850000	-0.159029066699999999	0.536670769999999964
4399870000	-0.154206245399999997	0.537298476200000041
4399890000	-0.152175015200000013	0.539009488799999992
4399910000	-0.151088376400000002	0.538231758899999968
4399930000	-0.146057709799999991	0.53705029010000005
4399950000	-0.144876976699999993	0.539017923199999971
4399970000	-0.142083143100000003	0.540347844499999952
4399990000	-0.138090901099999996	0.540337063199999967
4400010000	-0.1380485662	0.542694285800000009
4400030000	-0.133660284399999996	0.542933574299999999
4400050000	-0.128485849799999996	0.542454130900000053
4400070000	-0.126931794399999992	0.544352844099999955
4400090000	-0.124965444800000006	0.544877938099999959
4400110000	-0.122158562499999998	0.545546731199999968
4400130000	-0.119053758800000006	0.547058604800000015
4400150000	-0.114402838199999995	0.546359925299999993
4400170000	-0.114811843799999994	0.548259759000000013
4400190000	-0.112511928400000003	0.54836020409999997
4400210000	-0.108365070300000005	0.546507357299999996
4400230000	-0.103871359199999999	0.549577576599999951
4400250000	-0.101188670800000005	0.549067769600000033
4400270000	-0.098109702300000004	0.552416018099999961
4400290000	-0.0968393495999999993	0.551962655400000002
4400310000	-0.0928246159000000043	0.552867042499999961
4400330000	-0.0908285729000000014	0.548270227299999968
4400350000	-0.0875065361999999985	0.55083575210000002
4400370000	-0.0852954149999999994	0.552465618399999969
4400390000	-0.0842234654000000027	0.55455210180000003
4400410000	-0.0783061454999999934	0.553248467099999974
4400430000	-0.076004190499999999	0.555486297199999979
4400450000	-0.0748849681000000045	0.551395659300000007
4400470000	-0.0710985704999999996	0.55460057549999997
4400490000	-0.0671119780999999971	0.553739231200000015
4400510000	-0.0670722576999999986	0.553951737300000024
4400530000	-0.0607233255000000013	0.555498791400000025
4400550000	-0.0580486938000000022	0.555171765899999947
4400570000	-0.0564646410000000029	0.555321680599999978
4400590000	-0.054529473600000003	0.556739936699999993
4400610000	-0.0494936123999999977	0.556021751099999961
4400630000	-0.0473601260000000024	0.55808846099999998
4400650000	-0.0446886869000000034	0.558201695499999984
4400670000	-0.0427800611000000025	0.556764673400000021
4400690000	-0.0389149217000000006	0.556843895900000052
4400710000	-0.0355352421000000029	0.5562828997
4400730000	-0.0331871380999999993	0.557502193000000035
4400750000	-0.0286608128000000011	0.558389048300000024
4400770000	-0.0298091044999999992	0.556043952599999947
4400790000	-0.0238753139000000003	0.555793049399999961
4400810000	-0.0221890518999999994	0.559346984199999953
4400830000	-0.0190246038999999992	0.556440446400000011
4400850000	-0.0153787353999999994	0.560306864800000026
4400870000	-0.0126675308	0.558129067300000004
4400890000	-0.0114591221999999996	0.557339997200000048
4400910000	-0.00728680039999999966	0.55676469900000003
4400930000	-0.00445330529999999995	0.558337813399999994
4400950000	-0.000713291499999999965	0.557764305700000018
4400970000	0.00389725770000000013	0.557940701699999986
4400990000	0.00558160309999999969	0.557343747300000025
4401010000	0.00684798419999999974	0.559142332399999997
4401030000	0.00928226300000000067	0.559561219400000032
4401050000	0.0118854428999999994	0.55865055990000001
4401070000	0.0152148953999999993	0.558619633900000023
4401090000	0.0196469356999999997	0.557571540500000018
4401110000	0.0222167587999999999	0.558969404299999972
4401130000	0.0242366988000000012	0.556534768400000046
4401150000	0.0276055668999999997	0.559278731100000037
4401170000	0.0301486476999999996	0.558755453199999974
4401190000	0.0336367890000000003	0.556152717100000027
4401210000	0.033957105199999997	0.557161667200000044
4401230000	0.0397442615999999971	0.556259197399999961
4401250000	0.0402635275000000001	0.557555105699999998
4401270000	0.0434058968999999975	0.557532489700000022
4401290000	0.0448047102000000003	0.555577584300000038
4401310000	0.0495632821000000015	0.55599717609999999
4401330000	0.0537863978999999978	0.556505258299999972
4401350000	0.0556054649999999998	0.555336704999999986
4401370000	0.057883585500000001	0.557419901399999973
4401390000	0.0630465369000000053	0.555380782299999987
4401410000	0.0615031107000000021	0.555066779400000043
4401430000	0.0659198475999999978	0.557009222399999948
4401450000	0.0700455504000000034	0.553995919600000053
4401470000	0.0740626952000000005	0.55269673610000003
4401490000	0.0748217119999999986	0.553033598399999993
4401510000	0.0791220230999999941	0.553815861100000029
4401530000	0.0809241683000000017	0.551543767700000021
4401550000	0.0835887728999999968	0.551991250599999983
4401570000	0.0866945987999999945	0.551951589099999973
4401590000	0.0866540026999999963	0.551450043600000051
4401610000	0.0923734167000000023	0.548451635599999987
4401630000	0.0949173697000000038	0.549668606100000012
4401650000	0.0987128315000000006	0.549458444300000015
4401670000	0.101848495299999994	0.548204612599999974
4401690000	0.105234827099999997	0.549306934400000002
4401710000	0.107144401900000005	0.547543409800000047
4401730000	0.108240535200000002	0.548103996499999968
4401750000	0.112770296500000006	0.546712389099999974
4401770000	0.114868399900000001	0.547922660899999969
4401790000	0.117080969899999998	0.545842523799999979
4401810000	0.118622097600000004	0.545372136300000032
4401830000	0.124878201899999999	0.545847389399999994
4401850000	0.128855033899999999	0.544887849600000029
4401870000	0.131798941400000008	0.544154261600000022
4401890000	0.129698998900000001	0.541621120199999972
4401910000	0.135773113299999998	0.54193388440000001
4401930000	0.137968683000000009	0.540922881600000016
4401950000	0.140115263699999992	0.542281699100000014
4401970000	0.143335318200000006	0.539356718099999966
4401990000	0.145465288400000003	0.541135119600000047
4402010000	0.1487141508	0.537881345600000005
4402030000	0.149063665799999995	0.539570079700000038
4402050000	0.153365989000000008	0.537726996900000032
4402070000	0.156856622700000004	0.536210601399999987
4402090000	0.160784310000000014	0.535125781199999984
4402110000	0.162617549800000011	0.5336171153
4402130000	0.164381055299999995	0.534376987699999972
4402150000	0.168945686699999986	0.535057547800000033
4402170000	0.169707999800000009	0.532896016799999983
4402190000	0.170865641200000001	0.533250452099999994
4402210000	0.177680858299999994	0.530206420399999989
4402230000	0.17983458799999999	0.528840546600000017
4402250000	0.18117966860000001	0.529941079300000006
4402270000	0.18551249119999999	0.528114905599999962
4402290000	0.187522610300000003	0.525584950199999956
4402310000	0.187931594499999993	0.525379939799999973
4402330000	0.193746383299999991	0.525761391299999992
4402350000	0.194980966499999991	0.525867654699999965
4402370000	0.197452734399999996	0.522116899300000048
4402390000	0.200060906799999993	0.521105032300000048
4402410000	0.203105275499999988	0.523015122100000007
4402430000	0.204690960799999988	0.519593944100000038
4402450000	0.206716669800000002	0.518333082499999986
4402470000	0.2124644168	0.515116484400000019
4402490000	0.213053609000000005	0.516230154099999949
4402510000	0.215061852599999992	0.515308965300000033
4402530000	0.219761973299999996	0.514905324200000014
4402550000	0.222281283999999996	0.513400424199999983
4402570000	0.223254540400000007	0.510270878900000002
4402590000	0.225480698300000004	0.510027737699999983
4402610000	0.23008785670000001	0.509604678400000011
4402630000	0.231379400900000004	0.507910389199999979
4402650000	0.234935312000000007	0.505817068699999983
4402670000	0.23733099190000001	0.50510935509999999
4402690000	0.239306524900000012	0.50493524869999995
4402710000	0.242478398600000006	0.502999419799999958
4402730000	0.244942045999999997	0.500799290100000016
4402750000	0.247092259600000003	0.498867277900000017
4402770000	0.248486156900000005	0.499720075099999994
4402790000	0.252655297000000001	0.497908117599999978
4402810000	0.253621143900000012	0.495722038699999978
4402830000	0.257280026499999981	0.497289664199999981
4402850000	0.258939405199999972	0.49241252499999999
4402870000	0.262763297700000009	0.492301924499999988
4402890000	0.264986611500000024	0.491659983099999975
4402910000	0.269386486500000022	0.490615157000000024
4402930000	0.270001535899999978	0.488925623699999978
4402950000	0.273209329000000001	0.486461326299999997
4402970000	0.273151997199999996	0.486610133900000019
4402990000	0.27582490409999999	0.484447533799999996
4403010000	0.279316616799999973	0.481570585699999998
4403030000	0.281833983600000004	0.47996629289999998
4403050000	0.284966021199999975	0.483185031799999998
4403070000	0.288931075500000023	0.478756654000000004
4403090000	0.289754589399999984	0.476886970799999976
4403110000	0.291564737700000021	0.479638521799999995
4403130000	0.29451493740000001	0.472046781600000021
4403150000	0.296445292500000013	0.473407416700000028
4403170000	0.298593840200000016	0.471717665399999986
4403190000	0.301901718799999996	0.471022700399999994
4403210000	0.303582947699999994	0.469218835000000001
4403230000	0.305358235500000019	0.46703553339999998
4403250000	0.308721397700000011	0.466800627600000018
4403270000	0.31082657520000001	0.464524744699999992
4403290000	0.311729924300000016	0.4628047354
4403310000	0.315863592099999979	0.460066010999999997
4403330000	0.320207385899999974	0.459206850200000016
4403350000	0.319483078699999978	0.459360884700000027
4403370000	0.322489169700000022	0.455723580500000003
4403390000	0.327963568300000008	0.453183895299999973
4403410000	0.329288208799999982	0.453654638300000024
4403430000	0.328739238599999983	0.450597276099999999
4403450000	0.332013714500000001	0.448601111499999983
4403470000	0.332322980900000009	0.448756190399999977
4403490000	0.336163798700000016	0.445800520199999994
4403510000	0.337773976099999984	0.442766745999999989
4403530000	0.340112004700000026	0.439416504900000005
4403550000	0.34511741239999999	0.439797403199999992
4403570000	0.345813717899999984	0.439609762899999978
4403590000	0.347061220299999973	0.436420079999999988
4403610000	0.350768435200000006	0.436003048100000012
4403630000	0.35178931619999998	0.433865607200000003
4403650000	0.355268592900000013	0.43128868749999999
4403670000	0.358528944800000027	0.42930577590000002
4403690000	0.358133101999999981	0.427176851099999977
4403710000	0.35981404760000002	0.424274601899999992
4403730000	0.36295627359999999	0.423266919100000027
4403750000	0.363650694100000005	0.421804083499999982
4403770000	0.367814073500000005	0.419712766000000015
4403790000	0.369359858599999979	0.419491887100000016
4403810000	0.370837149899999996	0.415999535699999978
4403830000	0.372708458700000023	0.417680293300000005
4403850000	0.375369202800000024	0.412415066599999991
4403870000	0.379013244799999982	0.411557114599999996
4403890000	0.380485453099999982	0.408312136800000003
4403910000	0.380885856299999992	0.405662045099999979
4403930000	0.384735389900000002	0.40560189390000001
4403950000	0.386182196300000002	0.403969811299999981
4403970000	0.389940716099999973	0.400203570600000003
4403990000	0.390456013300000015	0.398558050100000005
4404010000	0.390374201400000009	0.397813316400000005
4404030000	0.394995865800000012	0.396368864200000004
4404050000	0.395880564800000001	0.393729837299999996
4404070000	0.399352457400000027	0.393373288200000004
4404090000	0.400878886400000023	0.386849857500000005
4404110000	0.403103695699999987	0.386773944500000022
4404130000	0.402974359200000021	0.38726919310000002
4404150000	0.405855709299999978	0.384913323899999993
4404170000	0.408931891300000017	0.381608441500000006
4404190000	0.412648487100000017	0.379745195199999996
4404210000	0.412790445800000017	0.377518836700000027
4404230000	0.414690088999999984	0.374401978400000002
4404250000	0.417187568499999994	0.372458463899999981
4404270000	0.418428415300000023	0.369657126000000003
4404290000	0.421356779899999978	0.368325537799999991
4404310000	0.423982978899999974	0.364543410600000006
4404330000	0.424367186200000024	0.365395439799999999
4404350000	0.426788677800000016	0.360926957200000009
4404370000	0.428551551500000016	0.359126212499999986
4404390000	0.429304076400000012	0.357738358400000012
4404410000	0.430256716799999994	0.356868182599999972
4404430000	0.432987779199999978	0.353670478999999982
4404450000	0.434599426899999974	0.350677871099999983
4404470000	0.434822621600000014	0.348429875700000002
4404490000	0.438820701099999988	0.348232602300000027
4404510000	0.441242489500000001	0.344565446300000022
4404530000	0.442391399399999996	0.343130519999999994
4404550000	0.442841837299999985	0.339887481599999985
4404570000	0.443515003600000013	0.337651712100000001
4404590000	0.445508728899999984	0.335831408300000023
4404610000	0.448742919000000018	0.333109576600000012
4404630000	0.450918190800000007	0.330638754500000021
4404650000	0.451595394400000016	0.3289274794
4404670000	0.452053554099999977	0.326102803800000007
4404690000	0.457327091999999991	0.324146712800000014
4404710000	0.455400105200000016	0.321413087400000019
4404730000	0.45687205879999998	0.319238137199999994
4404750000	0.461123894300000003	0.316113273199999989
4404770000	0.459741468599999981	0.313811119199999988
4404790000	0.462478048600000025	0.312917678199999993
4404810000	0.464801805199999973	0.3102710521
4404830000	0.465538404100000025	0.308530576300000026
4404850000	0.467956567599999984	0.305512591100000008
4404870000	0.469149702200000018	0.301757562699999982
4404890000	0.470684443000000008	0.300231492300000014
4404910000	0.472043480000000015	0.296892282299999977
4404930000	0.472600038399999978	0.296959191000000011
4404950000	0.476049463999999978	0.291998890200000027
4404970000	0.475803468600000001	0.290043322200000009
4404990000	0.478917243100000001	0.288796120499999975
4405010000	0.481347614400000012	0.285894559200000009
4405030000	0.479071813600000007	0.286361522300000004
4405050000	0.481976901700000016	0.283569522199999979
4405070000	0.484213638300000027	0.280783324000000001
4405090000	0.484360972100000009	0.274621419199999994
4405110000	0.485185995400000014	0.274742660899999991
4405130000	0.490006158500000011	0.271905774400000022
4405150000	0.491500974099999988	0.268789826899999973
4405170000	0.49114310830000002	0.266435158299999975
4405190000	0.493265021299999995	0.261362983300000018
4405210000	0.493553279999999983	0.261748249099999997
4405230000	0.492885090000000026	0.259033643699999983
4405250000	0.496108134400000012	0.256330540100000004
4405270000	0.496686983000000026	0.254818766400000007
4405290000	0.499948426999999973	0.251723376599999993
4405310000	0.500869776799999999	0.247699848
4405330000	0.500950523500000022	0.247979696100000008
4405350000	0.504475502400000053	0.246309878600000004
4405370000	0.504575788000000025	0.242760893300000002
4405390000	0.505031873800000031	0.239059362599999992
4405410000	0.507030473599999976	0.236691378899999999
4405430000	0.507040567799999953	0.232780049200000005
4405450000	0.509756360300000044	0.2319457194
4405470000	0.510227889199999951	0.227804137200000006
4405490000	0.511657237600000037	0.225442342699999992
4405510000	0.512152183899999947	0.222513875199999989
4405530000	0.515411637899999997	0.220227229599999991
4405550000	0.514891736100000053	0.217608170399999995
4405570000	0.516799866900000016	0.216199753500000008
4405590000	0.517324330600000049	0.213546645499999993
4405610000	0.518953545599999955	0.210416680500000008
4405630000	0.518973322899999978	0.208689499599999995
4405650000	0.519623832800000018	0.204859262900000005
4405670000	0.521507806400000051	0.203339480600000011
4405690000	0.522360282399999987	0.199639061300000004
4405710000	0.522872827199999946	0.195159096899999995
4405730000	0.523696730599999993	0.194713523700000002
4405750000	0.525194669799999958	0.19116917080000001
4405770000	0.527742764800000042	0.190907211900000012
