 V (V)         fr (Hz)         Qc         Qt      a          b          c          d      k      phi
----------------------------------------------------------------------------------------------------
  0.00    5.810569e+09   77802.34   10611.34  -4.69  -7.02e-08  -3.39e-15   2.47e-20   5.60   0.4357
  0.25    5.809179e+09  179820.01   10048.38 -12.95  -3.30e-08  -7.06e-15   5.11e-21  13.86   0.4462
  0.50    5.805236e+09  101446.83   10509.66  -6.42  -1.08e-07  -1.06e-14   3.87e-20   7.33   0.3819
  0.80    5.796941e+09  103502.67    9788.75  -7.43  -1.47e-07  -6.10e-14   6.38e-20   8.37   0.3377
  1.00    5.789015e+09  137858.58   10538.25  -9.05  -1.29e-07  -4.95e-14   5.67e-20   9.96   0.4554
  1.25    5.776540e+09  321955.23   11525.63 -19.08  -2.48e-08  -4.73e-15   3.61e-21  19.93   0.7298
  1.50    5.761165e+09  167065.38   11148.73  -8.96  -1.25e-07  -4.95e-14   5.40e-20   9.89   0.3901
  1.80    5.738543e+09   78606.81   10991.22  -3.37  -4.08e-08  -1.17e-14   1.24e-20   4.31   0.3748
  2.00    5.720612e+09   33099.58    8893.09  -1.28  -1.32e-08  -5.75e-16   3.65e-21   2.24   0.2927
  2.25    5.694878e+09   64064.22    8460.57  -3.59  -2.37e-08   2.34e-16   5.48e-21   4.54   0.3791
  2.50    5.665286e+09   49654.59    7623.39  -2.71  -7.10e-08  -2.79e-14   2.78e-20   3.69   0.2871
  2.80    5.623839e+09   41248.81    6760.21  -2.39  -4.75e-09  -9.14e-16   9.30e-22   3.35   0.3766
  3.00    5.592125e+09   77146.59    6319.38  -5.20  -2.33e-08  -7.30e-15   3.90e-21   6.13   0.4730
  3.25    5.547297e+09   27920.99    6371.94  -0.56  -2.99e-08  -1.00e-15   2.94e-21   1.49   0.4013
  3.50    5.496259e+09   39429.35    5300.47  -1.48  -1.21e-08  -2.98e-15   1.05e-21   2.45   0.4022
  3.80    5.424693e+09   29015.00    4973.22  -0.44  -2.05e-09  -1.39e-16   1.85e-22   1.42   0.2110
