# freq, I e Q
5664141705	0.163996428700000002	0.230108116299999998
5664144705	0.166618746699999987	0.231642382099999988
5664147705	0.168098851500000007	0.228397064300000008
5664150705	0.170479490799999994	0.230789432099999997
5664153705	0.166761118600000008	0.229278766599999989
5664156705	0.165944651999999998	0.2285832696
5664159705	0.16846176530000001	0.230593875599999998
5664162705	0.165904895200000013	0.226953743799999996
5664165705	0.167683316700000001	0.225717151300000002
5664168705	0.173077352600000012	0.230883584400000008
5664171705	0.17216177760000001	0.227456041999999997
5664174705	0.168334075400000005	0.228033225199999995
5664177705	0.172100089000000012	0.22830259750000001
5664180705	0.170797811699999996	0.229017119399999997
5664183705	0.169776470600000007	0.226412521199999994
5664186705	0.17445965129999999	0.229215896599999996
5664189705	0.169416798899999999	0.226001143900000007
5664192705	0.17443132489999999	0.224598022600000002
5664195705	0.171280803399999987	0.227153089199999991
5664198705	0.171174371200000008	0.230278496299999996
5664201705	0.173165163900000002	0.222416990199999998
5664204705	0.174822758299999992	0.230367865599999999
5664207705	0.17351163280000001	0.227260375699999989
5664210705	0.174237811900000011	0.225675100299999987
5664213705	0.176120112400000001	0.222083992799999991
5664216705	0.173846116200000012	0.224431584099999998
5664219705	0.169900250499999989	0.225553309099999988
5664222705	0.1738553397	0.224740684100000004
5664225705	0.174345111800000008	0.222858373199999987
5664228705	0.1756617013	0.228209866600000005
5664231705	0.178855842300000012	0.225624058799999999
5664234705	0.179592718200000001	0.225741664799999991
5664237705	0.174934894000000007	0.221227607800000003
5664240705	0.180129058700000011	0.220228394999999993
5664243705	0.175327786200000002	0.22311962560000001
5664246705	0.177467498400000007	0.225644779900000009
5664249705	0.175556486699999986	0.223248652500000005
5664252705	0.177718810700000007	0.220148605299999994
5664255705	0.178177346200000003	0.219348105999999987
5664258705	0.175592982199999997	0.225625084400000009
5664261705	0.181301154999999992	0.222585143799999996
5664264705	0.182239043999999989	0.2250508762
5664267705	0.178341547299999986	0.22183243720000001
5664270705	0.179836557899999999	0.218290822899999987
5664273705	0.183324229300000002	0.217154417300000013
5664276705	0.181676322700000004	0.218796096899999987
5664279705	0.180775859000000011	0.221988499499999992
5664282705	0.180464941399999995	0.220888862699999994
5664285705	0.182930654100000006	0.215174368199999994
5664288705	0.180441223699999986	0.219116175800000007
5664291705	0.185107878300000001	0.217874318399999989
5664294705	0.181473527200000012	0.218476695999999998
5664297705	0.182935095299999989	0.216221827000000005
5664300705	0.184404560599999989	0.215475242799999994
5664303705	0.184533087699999987	0.219821234700000007
5664306705	0.184903022199999989	0.217736991600000013
5664309705	0.183462725599999987	0.217347831399999997
5664312705	0.186394860400000001	0.21608234879999999
5664315705	0.1829743603	0.215051885999999998
5664318705	0.188023901500000007	0.218882319399999997
5664321705	0.186318979299999993	0.216331003399999999
5664324705	0.183296776699999997	0.217753237099999997
5664327705	0.185156720699999999	0.2152609895
5664330705	0.184565828799999998	0.219500507099999992
5664333705	0.183565816200000009	0.213457866200000013
5664336705	0.187336439599999988	0.21478758240000001
5664339705	0.186620758400000003	0.211635807199999998
5664342705	0.18551257530000001	0.216496092899999992
5664345705	0.188752598100000002	0.215637975199999998
5664348705	0.187459239400000005	0.212784459199999998
5664351705	0.188924134100000002	0.213555856999999988
5664354705	0.188562524000000009	0.212261863299999992
5664357705	0.188666278500000006	0.212266761899999989
5664360705	0.185003013299999991	0.210514586799999986
5664363705	0.192087392299999993	0.211839810399999995
5664366705	0.188473389699999994	0.213273417599999987
5664369705	0.192617973800000009	0.21202374269999999
5664372705	0.192938741100000005	0.211110603799999991
5664375705	0.193758271300000007	0.206146662899999999
5664378705	0.191013451499999987	0.211868574700000006
5664381705	0.19352659459999999	0.20968729450000001
5664384705	0.188214479099999998	0.211063777300000005
5664387705	0.191133317699999999	0.210847864299999993
5664390705	0.196004588899999999	0.210213513800000001
5664393705	0.192679898300000013	0.20989358629999999
5664396705	0.193996770099999993	0.20991637560000001
5664399705	0.196628149299999999	0.209741622399999994
5664402705	0.195743530100000007	0.208172472899999988
5664405705	0.192106449000000012	0.211050927199999988
5664408705	0.192542204500000008	0.208467553199999989
5664411705	0.199920394299999998	0.20462248320000001
5664414705	0.192233211600000009	0.203288778199999992
5664417705	0.195136118800000008	0.205706264700000002
5664420705	0.195430589200000004	0.205933269899999993
5664423705	0.193483971300000002	0.203623137799999993
5664426705	0.195295886700000004	0.203718654199999988
5664429705	0.196558130100000006	0.204485202199999994
5664432705	0.195925108300000012	0.203496121700000004
5664435705	0.195864223799999987	0.202193427600000003
5664438705	0.195539482799999997	0.202254435300000007
5664441705	0.193517499399999987	0.203127460499999996
5664444705	0.19462119650000001	0.200302194200000006
5664447705	0.197872677699999999	0.2010718856
5664450705	0.204207363499999989	0.200299328299999996
5664453705	0.202737229699999993	0.200499379400000011
5664456705	0.196878299300000004	0.199906103299999999
5664459705	0.20012845709999999	0.201256858300000008
5664462705	0.199647089199999989	0.197586425499999996
5664465705	0.199750583399999987	0.200127137799999993
5664468705	0.199887519300000011	0.196956521400000001
5664471705	0.201299558200000006	0.197170541599999999
5664474705	0.203559572100000002	0.19604874089999999
5664477705	0.19891476050000001	0.201778568299999989
5664480705	0.200743465600000004	0.195067279600000004
5664483705	0.204460920399999996	0.197317120000000013
5664486705	0.201525998200000001	0.193430294700000005
5664489705	0.204188423000000008	0.196835126400000004
5664492705	0.2029876075	0.197874669599999997
5664495705	0.203923255899999989	0.191348745999999986
5664498705	0.204408879500000001	0.193478966199999991
5664501705	0.20270351410000001	0.191888381899999988
5664504705	0.206832192800000009	0.19463974710000001
5664507705	0.201595224600000011	0.19343791569999999
5664510705	0.205044282999999994	0.192634529999999998
5664513705	0.204951821799999989	0.193099607700000009
5664516705	0.2062008008	0.190120010199999995
5664519705	0.203535385000000013	0.191914569199999996
5664522705	0.208551520600000012	0.194379840899999989
5664525705	0.205156261400000012	0.191378304199999988
5664528705	0.206516688899999995	0.188582509000000009
5664531705	0.210995065499999995	0.191649067899999997
5664534705	0.20781697460000001	0.190457721800000007
5664537705	0.210365671100000012	0.188001160400000006
5664540705	0.210633399400000004	0.188803163400000001
5664543705	0.207340247599999999	0.187186527999999991
5664546705	0.208279273200000004	0.188191200800000014
5664549705	0.205776402400000002	0.186418599699999993
5664552705	0.211672466100000012	0.185471274200000008
5664555705	0.208612435799999996	0.187956792300000008
5664558705	0.210839007599999989	0.186556257599999997
5664561705	0.210459154799999992	0.1871280206
5664564705	0.21134507420000001	0.183996878899999994
5664567705	0.208983904299999995	0.183004815600000009
5664570705	0.208885891299999987	0.185441997999999997
5664573705	0.211418593999999987	0.180929416399999987
5664576705	0.211258471499999989	0.178240876500000006
5664579705	0.216026392799999994	0.179293889600000006
5664582705	0.213017682200000003	0.182380115000000009
5664585705	0.210039626499999993	0.184907514299999992
5664588705	0.207408809100000008	0.180120186099999996
5664591705	0.215024529699999994	0.174365055699999993
5664594705	0.213283775799999992	0.178915777199999987
5664597705	0.214002118500000005	0.181308125900000006
5664600705	0.212826710000000002	0.181049321799999996
5664603705	0.212150087999999987	0.177116683999999996
5664606705	0.214061432699999998	0.174805543199999996
5664609705	0.213694564000000004	0.174824517200000001
5664612705	0.2143485849	0.179034323999999995
5664615705	0.214182555400000002	0.176110607899999994
5664618705	0.215967836400000002	0.173008532800000003
5664621705	0.217790790799999995	0.174028807199999996
5664624705	0.212477930199999998	0.174137832999999992
5664627705	0.217637506799999991	0.172506324999999988
5664630705	0.216390001599999993	0.173329634399999988
5664633705	0.217506650999999995	0.168555194299999989
5664636705	0.219169930099999993	0.171005053800000001
5664639705	0.21351543240000001	0.170626625799999987
5664642705	0.220258298999999991	0.168853368799999987
5664645705	0.216192366400000002	0.169878124399999997
5664648705	0.219034564300000012	0.166520241699999988
5664651705	0.215918912099999999	0.168411151199999998
5664654705	0.217796591600000006	0.165850890800000011
5664657705	0.215535601500000007	0.170547926999999988
5664660705	0.21485762759999999	0.167815708799999991
5664663705	0.218995067399999993	0.165950828800000005
5664666705	0.219315732399999991	0.164672589300000005
5664669705	0.218737133299999997	0.164610912299999995
5664672705	0.219433283199999996	0.160913162199999987
5664675705	0.220011040399999996	0.164493905200000012
5664678705	0.21461021629999999	0.164226954600000002
5664681705	0.218508795700000008	0.16285532359999999
5664684705	0.222706244400000003	0.164267134000000009
5664687705	0.224232514999999993	0.162940021099999999
5664690705	0.222591810599999995	0.159485264500000001
5664693705	0.218195434999999993	0.161020823000000007
5664696705	0.219633074600000006	0.157369958899999995
5664699705	0.2245387301	0.155991880500000013
5664702705	0.221700132599999988	0.158596412200000009
5664705705	0.221193382900000013	0.156444242700000014
5664708705	0.22244704039999999	0.154816404200000007
5664711705	0.217513571600000011	0.156329482900000011
5664714705	0.220548786899999988	0.151915631400000001
5664717705	0.224633909900000012	0.14951285110000001
5664720705	0.224044629899999986	0.15414539029999999
5664723705	0.220085999100000013	0.153000658300000009
5664726705	0.225109015699999998	0.154170389500000005
5664729705	0.221270945299999994	0.150645678199999994
5664732705	0.223530176899999988	0.150457740099999987
5664735705	0.22476153439999999	0.147395957399999999
5664738705	0.225263967499999995	0.151034787799999987
5664741705	0.218927153499999999	0.146791035300000011
5664744705	0.224047699399999994	0.149033866300000012
5664747705	0.224220733300000002	0.14660871889999999
5664750705	0.224184344600000002	0.144633804499999991
5664753705	0.222671375199999994	0.142351811599999989
5664756705	0.225232532200000002	0.145280677599999991
5664759705	0.221388374299999996	0.142349934099999992
5664762705	0.226594678800000005	0.141436015299999995
5664765705	0.222429895099999997	0.143875210100000012
5664768705	0.223299303100000013	0.141985643200000011
5664771705	0.225097457299999998	0.143116840599999989
5664774705	0.22487677519999999	0.143813713199999998
5664777705	0.224238558300000002	0.137864580399999992
5664780705	0.224273366800000012	0.14141015870000001
5664783705	0.225599251199999989	0.136999342100000004
5664786705	0.225977079400000003	0.136885062299999999
5664789705	0.224672030999999994	0.139350498299999986
5664792705	0.222509488899999996	0.135255922000000001
5664795705	0.227856735100000013	0.135320713000000009
5664798705	0.222765489799999994	0.135446026800000008
5664801705	0.225072077300000006	0.134119897399999993
5664804705	0.223671136800000003	0.132991191600000003
5664807705	0.227389690700000008	0.133054501200000008
5664810705	0.222182108299999986	0.134189508099999993
5664813705	0.221722729499999993	0.133841088899999988
5664816705	0.226764292499999992	0.127933871799999987
5664819705	0.223713275699999992	0.130011445700000006
5664822705	0.229867743799999996	0.126158740399999997
5664825705	0.221797312100000005	0.125209247999999995
5664828705	0.230553006599999999	0.124716094200000002
5664831705	0.224672655400000004	0.123409841300000003
5664834705	0.223506691899999999	0.12691743250000001
5664837705	0.225748060800000011	0.125207390400000007
5664840705	0.223191118500000008	0.123130668900000004
5664843705	0.22981272920000001	0.124027568500000004
5664846705	0.223490871199999996	0.119897013600000005
5664849705	0.223639286999999992	0.118796254099999998
5664852705	0.224270537299999989	0.119847464400000006
5664855705	0.227212810300000012	0.117973829399999994
5664858705	0.224925867299999999	0.1186066229
5664861705	0.225854532899999988	0.116424948200000003
5664864705	0.225801796400000004	0.116248659099999999
5664867705	0.223261121099999987	0.113851772000000004
5664870705	0.222620842799999996	0.113275967000000005
5664873705	0.226884490800000005	0.113332916500000005
5664876705	0.220190494900000006	0.112561731900000003
5664879705	0.217844287800000008	0.110020583699999994
5664882705	0.224643751199999991	0.109122667600000001
5664885705	0.224956682699999994	0.109597677599999999
5664888705	0.221408564499999988	0.109125576799999999
5664891705	0.21989598769999999	0.107282668799999995
5664894705	0.225052248700000013	0.106063777200000001
5664897705	0.219139059100000005	0.104733191599999997
5664900705	0.2210339526	0.105431266999999995
5664903705	0.220613222400000003	0.104395658700000005
5664906705	0.219345602800000011	0.103099324500000006
5664909705	0.220201064899999993	0.101100683299999994
5664912705	0.221066792799999995	0.0997980539999999972
5664915705	0.220469560399999986	0.0990753914000000041
5664918705	0.216254345099999995	0.0984746182999999969
5664921705	0.212363895599999991	0.097891871500000005
5664924705	0.221102143700000003	0.0990683522999999955
5664927705	0.213210186899999987	0.0995501396999999982
5664930705	0.220830237000000013	0.0946838420000000042
5664933705	0.216256171699999999	0.0940441218999999995
5664936705	0.21816552589999999	0.0952292624000000004
5664939705	0.219376121400000013	0.0926986533000000029
5664942705	0.211342551299999987	0.0935824908999999955
5664945705	0.21532667820000001	0.0870043303000000018
5664948705	0.219223574599999999	0.0888861437999999976
5664951705	0.214768509200000013	0.0886203478999999933
5664954705	0.214421706200000006	0.0863572296999999961
5664957705	0.218161635599999987	0.0829125071999999991
5664960705	0.215841327199999988	0.0868612896999999967
5664963705	0.213708193399999996	0.0820702591999999953
5664966705	0.210717442100000013	0.0863242590999999948
5664969705	0.212320808899999991	0.0833026694999999956
5664972705	0.20911208819999999	0.0818121369999999931
5664975705	0.212374742799999988	0.081764105099999998
5664978705	0.209218416299999987	0.0817474190000000017
5664981705	0.209256291099999991	0.0778562470999999978
5664984705	0.209901624499999995	0.0795172266000000044
5664987705	0.208228893500000012	0.0771453713999999957
5664990705	0.207306961699999986	0.0748123967000000056
5664993705	0.20597914819999999	0.078499813099999996
5664996705	0.207446970600000002	0.0748300878999999947
5664999705	0.204914815500000014	0.0733926800000000018
5665002705	0.21041637869999999	0.0694191296999999985
5665005705	0.201760075900000002	0.0718207517999999989
5665008705	0.202040157999999997	0.0734376652999999963
5665011705	0.201577268700000006	0.0726907103000000027
5665014705	0.201065811099999991	0.0748165514000000004
5665017705	0.200198692600000006	0.0718344308999999959
5665020705	0.19921188070000001	0.0711461500999999996
5665023705	0.197413486700000002	0.0690365505999999962
5665026705	0.194303187500000002	0.0652190225999999956
5665029705	0.196769473800000011	0.0725400717999999944
5665032705	0.195484372200000006	0.0674004800999999931
5665035705	0.196040491600000005	0.0679165074000000063
5665038705	0.196628498200000001	0.0640397481000000018
5665041705	0.192795103400000001	0.066821293899999995
5665044705	0.195105212199999989	0.0651573926000000025
5665047705	0.195003351500000005	0.0603076758000000018
5665050705	0.189451714999999993	0.0647348699000000055
5665053705	0.191255166799999987	0.0633404860999999958
5665056705	0.190303103700000004	0.061025536499999998
5665059705	0.18871556510000001	0.0584468473000000002
5665062705	0.185825700700000013	0.0595797685999999993
5665065705	0.193329248199999998	0.0567554581999999974
5665068705	0.182668631500000012	0.0551730076999999985
5665071705	0.1831671245	0.0559051138999999975
5665074705	0.183327527800000001	0.0565067548000000031
5665077705	0.185816167199999993	0.0526995928000000002
5665080705	0.182575080199999989	0.0575709442000000016
5665083705	0.178418757700000014	0.0580570281999999993
5665086705	0.179115494399999992	0.0567375316000000018
5665089705	0.177688575399999993	0.0546028999000000015
5665092705	0.177741422799999993	0.0500830901999999994
5665095705	0.175285244600000001	0.0558793267999999968
5665098705	0.1755500438	0.0568572789999999967
5665101705	0.172822226999999995	0.0534035938000000029
5665104705	0.177335643999999987	0.0515252859000000021
5665107705	0.168072205199999991	0.0567380295000000021
5665110705	0.170015590100000002	0.0538459407999999987
5665113705	0.170379202400000013	0.0485759886000000016
5665116705	0.169803402999999992	0.0549670037000000028
5665119705	0.165390899000000008	0.0517522386000000001
5665122705	0.165066645799999995	0.0516312988000000028
5665125705	0.163842105500000002	0.0493393279000000004
5665128705	0.16521194689999999	0.0523359887999999968
5665131705	0.164237897800000004	0.0489878762999999967
5665134705	0.161981792200000002	0.0539218641000000012
5665137705	0.161467594399999997	0.0520518510000000031
5665140705	0.163047870600000006	0.0482032538999999996
5665143705	0.158320213900000006	0.0443550979000000012
5665146705	0.158383395499999996	0.0480791605000000025
5665149705	0.156845520099999997	0.0464248957000000032
5665152705	0.15496928330000001	0.0485360927999999997
5665155705	0.153641641200000012	0.0486969228000000004
5665158705	0.150937563599999991	0.0488212420000000008
5665161705	0.149402576399999987	0.0470850105999999977
5665164705	0.146951448799999995	0.0471595325999999981
5665167705	0.151322889200000005	0.0527875535000000007
5665170705	0.147090836499999988	0.0477614214999999981
5665173705	0.152336801699999996	0.0453385321000000022
5665176705	0.145415068099999989	0.0456746948999999999
5665179705	0.143091113599999986	0.0495781440999999989
5665182705	0.143253212099999999	0.0523736325999999974
5665185705	0.142707422499999986	0.0481369306000000025
5665188705	0.14031682740000001	0.0479722818000000023
5665191705	0.135345086199999992	0.0482054749999999976
5665194705	0.138328680199999998	0.050356510799999997
5665197705	0.13824532140000001	0.0527362697999999991
5665200705	0.138567397600000003	0.0537443405000000013
5665203705	0.131514064600000008	0.0508092249999999995
5665206705	0.1340789701	0.0480314619000000026
5665209705	0.132716803299999991	0.0490322911
5665212705	0.13296342080000001	0.0487375139000000013
5665215705	0.132363224599999996	0.0508567494999999994
5665218705	0.127969379900000013	0.0511614628000000016
5665221705	0.130062967899999993	0.051287219600000003
5665224705	0.12711475920000001	0.0531463218000000001
5665227705	0.123513369900000003	0.0464658177000000019
5665230705	0.128006016700000003	0.0533121386999999974
5665233705	0.125510555899999987	0.0519097773000000012
5665236705	0.122379769999999999	0.0559164092999999973
5665239705	0.124727941600000003	0.0549486564999999982
5665242705	0.120743136799999998	0.0555608787999999978
5665245705	0.118720056300000001	0.0541785227000000022
5665248705	0.120076191200000001	0.0564251002000000015
5665251705	0.117601409500000004	0.0564878649999999982
5665254705	0.118092543800000005	0.0588133221000000025
5665257705	0.117208586000000003	0.0589641768999999982
5665260705	0.1177356081	0.0587754212999999984
5665263705	0.110067281700000005	0.0593585639000000012
5665266705	0.1126465366	0.0596014028000000015
5665269705	0.1144894526	0.0635049181000000018
5665272705	0.114917536400000006	0.0598897635999999997
5665275705	0.113522298199999996	0.0615244846999999997
5665278705	0.111205412200000006	0.0579295698999999983
5665281705	0.113924302000000005	0.0611922734999999982
5665284705	0.110619313900000002	0.0659578507000000008
5665287705	0.109547151800000006	0.0636744312000000062
5665290705	0.109014515699999995	0.0644645254999999945
5665293705	0.103984076999999994	0.0617373636999999989
5665296705	0.104065247999999999	0.0628929178999999977
5665299705	0.104539787699999998	0.0689955911999999977
5665302705	0.105585273899999998	0.0653223589000000021
5665305705	0.102831535500000001	0.0644885743999999983
5665308705	0.105016240100000005	0.0662867540999999977
5665311705	0.103808558999999995	0.0673313469999999997
5665314705	0.101478771999999995	0.0684146850000000029
5665317705	0.100806606500000007	0.0724761153000000047
5665320705	0.0984408561999999959	0.0709739516000000015
5665323705	0.0985373134000000067	0.0728249916999999941
5665326705	0.102804486299999998	0.0716306545000000017
5665329705	0.0973701904999999951	0.0739600264000000035
5665332705	0.0953129885999999954	0.0775391015999999933
5665335705	0.0947849726000000031	0.0734432108000000056
5665338705	0.0977595343000000061	0.0743389331000000042
5665341705	0.0986844946000000056	0.0777279564000000062
5665344705	0.0962504765999999956	0.081338713300000004
5665347705	0.0939123459999999938	0.079440063800000002
5665350705	0.0981579825999999989	0.0771082527999999989
5665353705	0.0882718799000000026	0.0817953329999999978
5665356705	0.0973080248000000037	0.0806073375999999953
5665359705	0.0920080818000000022	0.0787724496000000024
5665362705	0.0918958648000000045	0.0819961027999999981
5665365705	0.091428161899999999	0.0819293529999999964
5665368705	0.090733146099999995	0.083987866800000005
5665371705	0.0886431562999999978	0.0857312056999999933
5665374705	0.0909762013000000036	0.0839842112000000057
5665377705	0.0922195336000000004	0.0851254488000000031
5665380705	0.0914321312999999969	0.0902036794000000003
5665383705	0.090777467700000003	0.0889407985999999956
5665386705	0.0909164836999999948	0.0891730575999999941
5665389705	0.0904019660000000003	0.0892999138000000053
5665392705	0.0886370065999999984	0.0880189621999999949
5665395705	0.0899406422999999983	0.0901741045999999991
5665398705	0.0857271381999999971	0.0914058355000000045
5665401705	0.0845953764000000052	0.0935827330999999957
5665404705	0.0906137278000000018	0.0940374709000000031
5665407705	0.0881824380000000019	0.0991082578999999964
5665410705	0.0893937119000000058	0.0938049601999999955
5665413705	0.0881767861000000014	0.0922734766000000012
5665416705	0.0882495373	0.101321219200000007
5665419705	0.0878580553000000014	0.0975983017999999952
5665422705	0.0859880895999999978	0.0944845851000000042
5665425705	0.0909516585000000044	0.0966763325000000034
5665428705	0.0849865910000000002	0.0981852737000000059
5665431705	0.0858029763000000001	0.0993549204000000047
5665434705	0.0863585077000000034	0.0981058263000000041
5665437705	0.0814358441000000016	0.101398335699999995
5665440705	0.0857385271000000032	0.101578184599999996
5665443705	0.0859748827999999993	0.1051110356
5665446705	0.0856473633000000012	0.104201752699999997
5665449705	0.0881571434999999931	0.106633309199999998
5665452705	0.0853228854000000064	0.105414859599999994
5665455705	0.0840863049000000057	0.107953654299999993
5665458705	0.0833861443000000063	0.106103799799999995
5665461705	0.0843718517000000001	0.105357187800000002
5665464705	0.0831903474000000032	0.110189452100000002
5665467705	0.0881624062999999958	0.109629094900000001
5665470705	0.0885090723000000051	0.109450648499999997
5665473705	0.0858437987000000013	0.111286582600000003
5665476705	0.0863362688999999989	0.112484673600000001
5665479705	0.0879749952999999973	0.113419629399999999
5665482705	0.0840069194000000047	0.117381779699999994
5665485705	0.0831719471999999987	0.113523405999999993
5665488705	0.0864529277000000013	0.118284040199999996
5665491705	0.0840210839999999959	0.112961148299999994
5665494705	0.0886367004999999986	0.113089716699999995
5665497705	0.0853627255000000001	0.116782851199999996
5665500705	0.087023013199999999	0.121170627200000006
5665503705	0.0873568111999999952	0.116951830300000004
5665506705	0.0886745134000000018	0.119372091999999999
5665509705	0.0871762980999999937	0.119998735199999998
5665512705	0.0897920692000000048	0.121310408999999994
5665515705	0.0870216902999999958	0.117720321899999994
5665518705	0.0853316449999999976	0.117787362699999995
5665521705	0.0923846284000000018	0.124603836300000007
5665524705	0.0871823463000000048	0.1198549961
5665527705	0.0893565166999999994	0.122694921100000007
5665530705	0.0855743382000000025	0.124778957400000001
5665533705	0.0896953429999999968	0.125949488500000012
5665536705	0.0876926489000000031	0.127293463800000006
5665539705	0.0892182165000000027	0.125916065699999996
5665542705	0.0904786551999999938	0.126187395300000005
5665545705	0.089505649100000001	0.125619014800000012
5665548705	0.0868919509999999951	0.127051751699999993
5665551705	0.0896426159999999944	0.129099763199999995
5665554705	0.0912504561999999964	0.129451507299999991
5665557705	0.0945799816999999959	0.130023719199999999
5665560705	0.0908811637000000033	0.130167235200000009
5665563705	0.0912243454000000037	0.129749001700000005
5665566705	0.0919508760000000008	0.132195279599999993
5665569705	0.0946929846999999963	0.128541920599999998
5665572705	0.0901876885999999961	0.131071583500000005
5665575705	0.0912110923000000046	0.131809689099999988
5665578705	0.0926756779999999974	0.13392843330000001
5665581705	0.0921245133000000022	0.132967560000000012
5665584705	0.0954077772999999962	0.134449082400000003
5665587705	0.0931404294000000021	0.132354696599999988
5665590705	0.0902654823999999995	0.134611013800000012
5665593705	0.0950293537999999938	0.137423816799999987
5665596705	0.0952808056000000042	0.135381932700000013
5665599705	0.0944139690999999948	0.137220451999999993
5665602705	0.0948282171999999951	0.141232076000000012
5665605705	0.0919692064000000031	0.140028911000000006
5665608705	0.0940187041000000029	0.138694116199999995
5665611705	0.0953002864000000033	0.134274605699999994
5665614705	0.0925365689000000047	0.137111240200000012
5665617705	0.0919256095999999995	0.138990266000000001
5665620705	0.0961842479000000056	0.141284782199999986
5665623705	0.0933007549999999991	0.142580356699999994
5665626705	0.0984406247000000068	0.140709148499999992
5665629705	0.0973011525000000016	0.140292432200000011
5665632705	0.0959401401000000015	0.137599090600000001
5665635705	0.0965443307000000001	0.140091575200000013
5665638705	0.0971409201	0.14314361510000001
5665641705	0.0982496612999999991	0.146802644700000012
5665644705	0.0980994064000000054	0.141717622300000012
5665647705	0.0980052631000000035	0.14172341229999999
5665650705	0.101309778200000006	0.145601399999999992
5665653705	0.0946365099999999931	0.146082246500000013
5665656705	0.0971919338000000049	0.143364678400000001
5665659705	0.0980294431999999966	0.143322550500000007
5665662705	0.101636407999999998	0.144384881699999995
5665665705	0.102049658599999996	0.146347606299999988
5665668705	0.0985125617999999953	0.147558034100000013
5665671705	0.100949132100000005	0.144809603499999995
5665674705	0.102606560799999996	0.146707731000000008
5665677705	0.100271328199999996	0.141876340399999995
5665680705	0.1004382412	0.144910875900000014
5665683705	0.102821601700000001	0.146355242200000013
5665686705	0.101680711699999995	0.149558131799999994
5665689705	0.097868543200000005	0.146732774199999999
5665692705	0.107897338300000006	0.148057541799999998
5665695705	0.107435832199999998	0.145112424099999998
5665698705	0.107006360699999997	0.147380785399999992
5665701705	0.107465419199999995	0.149151933600000008
5665704705	0.106662992100000006	0.151881868400000009
5665707705	0.104735181199999999	0.153028605200000001
5665710705	0.105921697300000006	0.149608257100000003
5665713705	0.104873223200000004	0.151638411299999998
5665716705	0.105341410699999999	0.148593186500000002
5665719705	0.108602054599999998	0.151473605099999992
5665722705	0.107947941300000003	0.15427405529999999
5665725705	0.107489474700000004	0.154387742100000003
5665728705	0.112108814599999995	0.148883789699999991
5665731705	0.110188557800000003	0.154149663599999986
5665734705	0.107830604900000002	0.151006044300000003
5665737705	0.1067265731	0.153911552499999993
5665740705	0.108800479300000003	0.153193920600000005
5665743705	0.114307705900000001	0.151484381599999995
5665746705	0.109578278400000007	0.154176946199999998
5665749705	0.113961576300000006	0.150151615399999994
5665752705	0.110899030999999995	0.150077594000000009
5665755705	0.1127001693	0.152744319900000008
5665758705	0.1095327522	0.153465976400000009
5665761705	0.111720001999999999	0.152708676999999987
5665764705	0.115806040599999993	0.151072279300000001
5665767705	0.109704873100000003	0.155595350100000002
5665770705	0.1127732288	0.155740892399999997
5665773705	0.112787933199999996	0.155298897699999994
5665776705	0.112794305900000003	0.154253374199999987
5665779705	0.111889129700000006	0.159066307099999998
5665782705	0.111950072400000003	0.15715613610000001
5665785705	0.116124527399999997	0.155293830500000007
5665788705	0.113489452899999996	0.155951259499999995
5665791705	0.115048098400000007	0.15806711200000001
5665794705	0.116641937500000001	0.15645762769999999
5665797705	0.116091135299999995	0.158643890499999995
5665800705	0.114727841400000002	0.152332880400000009
5665803705	0.1176787849	0.155238196800000006
5665806705	0.119794388399999993	0.153013562399999997
5665809705	0.120108915999999996	0.15694465560000001
5665812705	0.116394417299999997	0.153926534700000006
5665815705	0.117725031600000002	0.156730986999999988
5665818705	0.119088627799999999	0.156516767800000012
5665821705	0.117751440099999993	0.158380120200000002
5665824705	0.122207927899999999	0.155648528199999997
5665827705	0.121013582600000003	0.157662316400000002
5665830705	0.121438762899999997	0.159741005800000002
5665833705	0.119685232000000003	0.161874475900000009
5665836705	0.120679632100000003	0.161854035099999988
5665839705	0.121726335899999996	0.159923788900000002
5665842705	0.120865504499999998	0.15626186110000001
5665845705	0.120414306700000001	0.160124399299999998
5665848705	0.120129804600000001	0.157714923499999993
5665851705	0.123901817100000006	0.161936617700000007
5665854705	0.120731076000000007	0.158427165300000006
5665857705	0.121451022000000006	0.157250820799999996
5665860705	0.122999947100000007	0.158931773100000007
5665863705	0.123493030599999998	0.160957052500000003
5665866705	0.124303063399999997	0.160596611400000006
5665869705	0.124904281699999994	0.156169639599999993
5665872705	0.123669380199999998	0.164024151899999998
5665875705	0.1243133186	0.161040971000000005
5665878705	0.126587297500000001	0.160003743100000012
5665881705	0.128311304900000006	0.160322222600000008
5665884705	0.125348042599999987	0.158539688200000001
5665887705	0.127498551900000007	0.162920646499999988
5665890705	0.126582933700000011	0.161602771000000006
5665893705	0.123917508900000001	0.162010310399999996
5665896705	0.129579770099999991	0.165449215300000008
5665899705	0.129175746199999997	0.162212576400000003
5665902705	0.130873758099999987	0.161664360099999987
5665905705	0.129848092199999987	0.160513066399999987
5665908705	0.128488596700000013	0.16144793369999999
5665911705	0.1292328113	0.162080254499999993
5665914705	0.129926400299999995	0.161454065600000002
5665917705	0.126359448699999988	0.161314574300000013
5665920705	0.133032602199999989	0.160040804700000011
5665923705	0.131147272399999987	0.160896129599999993
5665926705	0.129884573499999989	0.160682116000000014
5665929705	0.13082911089999999	0.164413028699999991
5665932705	0.130269192899999997	0.162221441900000013
5665935705	0.132240201899999993	0.163092218600000005
5665938705	0.133604242200000001	0.160512799799999994
5665941705	0.129679146599999989	0.166167742600000001
5665944705	0.132379624400000007	0.162773181500000003
5665947705	0.135692400800000001	0.159563339999999998
5665950705	0.1339344331	0.162436962699999993
5665953705	0.133415193600000009	0.160296326699999991
5665956705	0.134024786700000009	0.16344783160000001
5665959705	0.132882820200000001	0.162104621899999995
5665962705	0.130178463999999994	0.161145781300000013
5665965705	0.134799014200000011	0.161163122999999991
5665968705	0.137012836700000001	0.161459299100000009
5665971705	0.136364710800000011	0.162398593499999994
5665974705	0.135675529200000006	0.162410945000000001
5665977705	0.135291255299999996	0.164640974999999995
5665980705	0.136406770099999991	0.162459007500000002
5665983705	0.13970769320000001	0.158637138700000013
5665986705	0.1346718311	0.162101560300000003
5665989705	0.137417001700000013	0.16229533530000001
5665992705	0.138959615499999994	0.162335676799999995
5665995705	0.140086552499999989	0.160478234199999986
5665998705	0.140118455199999992	0.162458572299999993
5666001705	0.137740854800000007	0.163653876799999987
5666004705	0.135391572999999987	0.163141101000000011
5666007705	0.138402552499999998	0.162493701800000001
5666010705	0.140273332899999992	0.162428587200000002
5666013705	0.141835087599999993	0.162276975600000012
5666016705	0.142770175599999993	0.162636796899999991
5666019705	0.141479200100000008	0.165624650000000012
5666022705	0.142624398600000007	0.160775392600000011
5666025705	0.140581234599999993	0.165360977800000003
5666028705	0.140479313500000008	0.164390033200000008
5666031705	0.144688487700000007	0.162327102299999998
5666034705	0.142582191899999988	0.166924015099999989
5666037705	0.140943927400000002	0.164601455799999991
5666040705	0.144211820600000012	0.163996330699999998
5666043705	0.143102212799999989	0.159403227799999991
5666046705	0.143403781300000005	0.1634253913
5666049705	0.143933056300000001	0.16345115360000001
5666052705	0.142776350699999999	0.161678549700000007
5666055705	0.144967914899999994	0.16233412920000001
5666058705	0.140774758500000013	0.163432998699999998
5666061705	0.146355140299999992	0.163310832399999994
5666064705	0.145672151899999991	0.159436927300000003
5666067705	0.146032603499999997	0.165353589699999998
5666070705	0.148500554899999998	0.16648673550000001
5666073705	0.148310212200000013	0.161227673999999987
5666076705	0.142716652199999988	0.1650078928
5666079705	0.144680812900000011	0.163034270399999986
5666082705	0.148729521599999998	0.160407528800000004
5666085705	0.144621009100000003	0.162976006700000009
5666088705	0.147096869200000008	0.163388724000000013
5666091705	0.149060548399999993	0.162369284800000013
5666094705	0.149171054500000011	0.164867791000000014
5666097705	0.147996231499999992	0.163412739499999987
5666100705	0.150254700500000005	0.164919934800000001
5666103705	0.149082661400000011	0.162935613300000004
5666106705	0.148525771700000003	0.162082184600000012
5666109705	0.148072192200000008	0.162856452600000007
5666112705	0.154373968700000003	0.161361993199999998
5666115705	0.151546919700000005	0.162566103900000009
5666118705	0.149427129699999994	0.162451550800000011
5666121705	0.15257889790000001	0.163153713000000006
5666124705	0.150007619300000006	0.163034612899999987
5666127705	0.150278037700000006	0.1631320926
5666130705	0.151855329799999994	0.16040004129999999
5666133705	0.151662089199999989	0.159080037000000007
5666136705	0.149980276500000009	0.166429033100000012
5666139705	0.153512177599999994	0.158319571399999998
5666142705	0.152461319399999989	0.161622878199999986
5666145705	0.151547839200000006	0.163324201700000005
5666148705	0.152094017999999997	0.161963796999999993
5666151705	0.154908461800000008	0.159232766199999987
5666154705	0.150383434399999988	0.160259544300000001
5666157705	0.151895820999999986	0.160256483599999999
5666160705	0.154555592699999994	0.16109260219999999
5666163705	0.155718947899999988	0.164048131099999994
5666166705	0.156346824899999987	0.165621278700000013
5666169705	0.154763649800000014	0.159570620899999988
5666172705	0.156371907100000013	0.164771647599999987
5666175705	0.155076581800000002	0.164748564200000003
5666178705	0.156880338600000002	0.1646777351
5666181705	0.153505247499999997	0.158196810500000007
5666184705	0.155545955900000005	0.164233102900000011
5666187705	0.159503315600000001	0.163097299599999995
5666190705	0.158620340599999993	0.157784264000000007
5666193705	0.158455718400000001	0.164361801400000007
5666196705	0.158360409199999996	0.159602778499999987
5666199705	0.155894202399999987	0.162889964100000006
5666202705	0.156521600000000011	0.15984039559999999
5666205705	0.15756926269999999	0.161969789700000005
5666208705	0.163398177799999988	0.157364787499999992
5666211705	0.160695305099999991	0.1587289905
5666214705	0.159632339699999987	0.162448295100000001
5666217705	0.159562721800000001	0.163831752200000014
5666220705	0.162273109199999988	0.159610648100000002
5666223705	0.159213811799999994	0.161084210300000003
5666226705	0.163713659499999997	0.161633708399999992
5666229705	0.160840302800000001	0.156892182600000013
5666232705	0.160720475700000004	0.159589825699999993
5666235705	0.161320416800000005	0.159552250300000004
5666238705	0.163223797199999993	0.158459389700000008
5666241705	0.160700956199999995	0.158785847199999997
5666244705	0.159665095000000007	0.160060135299999989
5666247705	0.163490551900000003	0.162969496299999989
5666250705	0.162412222500000009	0.164054939300000008
5666253705	0.160708036500000012	0.15818274630000001
5666256705	0.164237502300000004	0.160688074300000011
5666259705	0.162362714500000005	0.15870015970000001
5666262705	0.165231739900000008	0.157375384000000007
5666265705	0.163381353899999998	0.15683213339999999
5666268705	0.163443503999999989	0.161557604299999991
5666271705	0.164926416900000011	0.155936543700000013
5666274705	0.166069465400000005	0.161079804800000004
5666277705	0.164326494299999987	0.161578835599999998
5666280705	0.160578377599999989	0.162643041200000005
5666283705	0.169788969200000001	0.16016608839999999
5666286705	0.167826859800000006	0.159432917400000013
5666289705	0.166643673299999989	0.159706889399999996
5666292705	0.16573520189999999	0.155607288199999999
5666295705	0.165327353600000004	0.159585198099999992
5666298705	0.1674529991	0.159948857899999991
5666301705	0.164932982099999986	0.157695330200000011
5666304705	0.168851934399999987	0.159695540899999988
5666307705	0.166699310399999995	0.158536697599999998
5666310705	0.168826626400000013	0.159526987199999998
5666313705	0.167382519300000004	0.156979606800000004
5666316705	0.169379961999999995	0.157760081200000013
5666319705	0.1725716474	0.156565953600000002
5666322705	0.170144855499999997	0.158745043000000002
5666325705	0.168044149799999987	0.157556408300000006
5666328705	0.170909890199999998	0.155797631299999989
5666331705	0.171406880300000009	0.156371425199999997
5666334705	0.168393867100000011	0.161508566399999998
5666337705	0.169760149400000004	0.158973126299999989
5666340705	0.173369969099999993	0.159024232900000007
5666343705	0.173421093100000007	0.1535646762
5666346705	0.170466425899999996	0.156690759600000007
5666349705	0.169732345400000012	0.159283582600000001
5666352705	0.171979213600000014	0.156793168399999988
5666355705	0.176075366099999991	0.161215044000000002
5666358705	0.171984636200000013	0.1532187629
5666361705	0.172893963799999995	0.151930715200000011
5666364705	0.170439130200000011	0.159930443499999991
5666367705	0.171376096100000014	0.155810833700000012
5666370705	0.171177800500000005	0.160305342999999989
5666373705	0.171062105900000011	0.156222517700000008
5666376705	0.1739203322	0.154836924500000001
5666379705	0.175933197200000002	0.158212718299999999
5666382705	0.174288369800000009	0.156490953799999999
5666385705	0.177432313700000011	0.155235909599999999
5666388705	0.171426902299999989	0.15703288709999999
5666391705	0.173956705099999998	0.156068113099999989
5666394705	0.171896448400000013	0.152638501600000004
5666397705	0.174343809500000002	0.153653690799999992
5666400705	0.176319663399999993	0.153506243600000009
5666403705	0.173812906500000003	0.157394879600000009
5666406705	0.174980083600000003	0.155432453500000012
5666409705	0.176516842000000007	0.157180404400000001
5666412705	0.174544645500000012	0.155360333200000006
5666415705	0.176202595399999995	0.157466996100000006
5666418705	0.17924605569999999	0.155540142699999995
5666421705	0.181974053800000007	0.153756039600000005
5666424705	0.177813329900000011	0.156038065199999992
5666427705	0.17600826189999999	0.1561070866
5666430705	0.176515913699999999	0.152504566300000005
5666433705	0.17904176899999999	0.15279152230000001
5666436705	0.177871212899999992	0.155405513800000006
5666439705	0.177438968700000005	0.154201593800000009
5666442705	0.178130160300000007	0.152982518300000009
5666445705	0.17864914300000001	0.150930812599999992
5666448705	0.182273839699999995	0.153215814400000011
5666451705	0.180665009900000006	0.152763968199999989
5666454705	0.179549042900000011	0.154089679199999996
5666457705	0.177354524399999991	0.152318544
5666460705	0.180924687899999992	0.153782017699999995
5666463705	0.179839232500000001	0.149050664500000013
5666466705	0.182426853999999999	0.151890750099999999
5666469705	0.182427321899999995	0.151142190499999995
5666472705	0.17973477530000001	0.151930395899999987
5666475705	0.183978965299999991	0.150499331900000005
5666478705	0.178360459299999996	0.154080699099999996
5666481705	0.180152210099999988	0.15132002080000001
5666484705	0.181933920100000007	0.151416378800000001
5666487705	0.180453915399999998	0.151990590700000011
5666490705	0.181877968000000001	0.150540813999999995
5666493705	0.18075398740000001	0.152229153099999986
5666496705	0.183686555499999987	0.149762621799999995
5666499705	0.183958570900000007	0.150755168800000006
5666502705	0.181014365900000002	0.153318767500000008
5666505705	0.184422790199999992	0.149678651800000007
5666508705	0.184449291300000012	0.148678733300000004
5666511705	0.181792264700000011	0.152478127099999999
5666514705	0.185212160900000006	0.153113283200000005
5666517705	0.182993380499999997	0.152561601600000013
5666520705	0.18195921000000001	0.152100853899999999
5666523705	0.182569629099999992	0.151492491600000001
5666526705	0.185721095599999997	0.150972816600000004
5666529705	0.184161186300000002	0.148764179999999996
5666532705	0.182190180000000007	0.147467980400000004
5666535705	0.184321498700000003	0.149325968599999997
5666538705	0.18398650929999999	0.148341798899999988
5666541705	0.185407245800000009	0.150128221400000011
5666544705	0.186839661200000007	0.150389609300000004
5666547705	0.188626133700000004	0.149364051199999986
5666550705	0.184306194199999995	0.143688392100000006
5666553705	0.186554273900000012	0.148125680499999995
5666556705	0.185400601400000004	0.151746499600000001
5666559705	0.184513973400000003	0.144069833600000002
5666562705	0.186334453499999997	0.148323507500000007
5666565705	0.185608044100000008	0.151334013699999992
5666568705	0.187142288299999987	0.147901872600000012
5666571705	0.189202233199999986	0.146302526699999991
5666574705	0.185999822000000009	0.147538091499999996
5666577705	0.184467969700000012	0.147305561000000002
5666580705	0.188987015600000002	0.150269429300000007
5666583705	0.189500777600000003	0.147146488299999989
5666586705	0.18835151180000001	0.145779919099999988
5666589705	0.191838411799999997	0.146760942899999997
5666592705	0.188626183899999994	0.146415932199999987
5666595705	0.1912415737	0.146679569300000007
5666598705	0.186736191899999987	0.146907046900000005
5666601705	0.189245504099999989	0.1467372079
5666604705	0.191129658300000005	0.145483566600000003
5666607705	0.189803005100000005	0.149252657499999997
5666610705	0.189143931300000012	0.146270466500000001
5666613705	0.191677720299999993	0.145856219399999987
5666616705	0.189781591199999988	0.143890404899999991
5666619705	0.190504815599999988	0.147063882400000012
5666622705	0.191830170900000013	0.146487424700000007
5666625705	0.190362815399999996	0.145699635100000002
5666628705	0.190383581999999996	0.147654073200000013
5666631705	0.189792790300000014	0.147456688499999988
5666634705	0.193350257199999986	0.14238296680000001
5666637705	0.191780727300000009	0.141386318799999994
5666640705	0.194792948999999993	0.146649377599999992
5666643705	0.192153619100000006	0.145099693000000002
5666646705	0.190201417399999989	0.143996494100000011
5666649705	0.192653429300000012	0.145761816099999997
5666652705	0.196533392400000007	0.145580548700000006
5666655705	0.196510850799999998	0.145396677000000002
5666658705	0.19341981720000001	0.1413141272
5666661705	0.189394042799999995	0.144577485000000006
5666664705	0.196555338800000007	0.14201641009999999
5666667705	0.192527453500000001	0.142026994299999987
5666670705	0.195174424099999994	0.142345198099999987
5666673705	0.197427536200000003	0.146143273099999998
5666676705	0.1931647695	0.143497031100000005
5666679705	0.195008902600000006	0.141149587599999987
5666682705	0.194438835799999987	0.142761519499999989
5666685705	0.198958025099999991	0.141932907299999994
5666688705	0.19262468499999999	0.144705444999999988
5666691705	0.195522488100000003	0.144567629000000003
5666694705	0.198107985300000011	0.142290760300000013
5666697705	0.194460190100000013	0.143231350099999988
5666700705	0.196659705800000001	0.14413703759999999
5666703705	0.198849934799999989	0.142330390499999987
5666706705	0.19622863069999999	0.141543840400000009
5666709705	0.198564725299999995	0.144901423599999996
5666712705	0.198744709500000005	0.141688821200000009
5666715705	0.200867772999999999	0.142396311599999992
5666718705	0.199290930499999991	0.142794067999999996
5666721705	0.196468448099999998	0.14530989259999999
5666724705	0.197531474799999995	0.137739617799999992
5666727705	0.199973156900000004	0.139691045000000014
5666730705	0.196781203999999987	0.140411787399999988
5666733705	0.202130141099999994	0.141145452199999993
5666736705	0.199071175299999986	0.138525264000000009
5666739705	0.198500542499999988	0.143734853899999987
5666742705	0.201028974100000007	0.139745259000000011
5666745705	0.197081477000000005	0.140198251899999987
5666748705	0.198153633999999995	0.14126959859999999
5666751705	0.19813105310000001	0.136269247099999991
5666754705	0.203119676400000004	0.139642110399999991
5666757705	0.200950983199999988	0.140027104699999988
5666760705	0.201598787800000012	0.140526199500000004
5666763705	0.197134454200000003	0.139285297400000008
5666766705	0.198801274599999994	0.139932260100000011
5666769705	0.204781178099999989	0.130229581099999991
5666772705	0.201631250499999998	0.139314001800000004
5666775705	0.201551236200000011	0.135721131900000014
5666778705	0.203743430800000014	0.136337100300000014
5666781705	0.19767138640000001	0.139555624099999998
5666784705	0.198590914499999993	0.141472016000000006
5666787705	0.201097837499999987	0.137931110299999993
5666790705	0.203433454799999996	0.137117222700000013
5666793705	0.201077860899999988	0.136973891200000003
5666796705	0.202016251400000013	0.13958321709999999
5666799705	0.199380667399999989	0.136535521800000004
5666802705	0.205289777099999987	0.140636738700000014
5666805705	0.202255985400000005	0.138536932000000002
5666808705	0.20412169790000001	0.133621517100000003
5666811705	0.200385544599999993	0.130261353699999999
5666814705	0.203120543099999995	0.133962784499999987
5666817705	0.204575132800000004	0.136190912500000011
5666820705	0.203427339699999987	0.136629790299999998
5666823705	0.208170456300000001	0.136907857800000005
5666826705	0.203798498699999997	0.134218798899999991
5666829705	0.206202931799999989	0.132662325899999989
5666832705	0.205456221900000013	0.134542775599999997
5666835705	0.207264289200000007	0.13647407889999999
5666838705	0.205771161199999997	0.136814521999999994
5666841705	0.206756979099999988	0.135363449699999999
5666844705	0.206159017599999994	0.130122347100000008
5666847705	0.208165710300000001	0.137188523300000004
5666850705	0.205811235199999998	0.131238346000000006
5666853705	0.204874329100000002	0.132855025799999998
5666856705	0.208184558200000008	0.132980080599999995
5666859705	0.204367132700000009	0.132261947200000007
5666862705	0.20468092730000001	0.133735168900000007
5666865705	0.209623658299999988	0.134113950300000007
5666868705	0.206823007899999994	0.134140321499999993
5666871705	0.207182166599999995	0.129697596299999995
5666874705	0.207923473299999995	0.130943717099999996
5666877705	0.209246970899999996	0.133200178199999991
5666880705	0.208989493299999995	0.134740586699999998
5666883705	0.209980281699999993	0.133542701799999997
5666886705	0.20846015679999999	0.132493266299999995
5666889705	0.206202573400000005	0.131297676899999993
5666892705	0.207187183999999996	0.133203941399999998
5666895705	0.208675101299999999	0.133854227299999989
5666898705	0.207418098299999992	0.133734110900000008
5666901705	0.208895187700000012	0.130288007900000002
5666904705	0.210063480699999999	0.128934170200000003
5666907705	0.209177294600000008	0.131720816699999993
5666910705	0.212361010900000008	0.133131317700000001
5666913705	0.207360500700000006	0.128397146099999998
5666916705	0.20762238429999999	0.129053161199999988
5666919705	0.209217956900000002	0.131475821100000001
5666922705	0.210307017200000002	0.132816485900000003
5666925705	0.208950379999999991	0.129318004799999997
5666928705	0.210562853800000005	0.12942641190000001
5666931705	0.210332702900000001	0.129341998699999988
5666934705	0.211443733599999989	0.129074511800000014
5666937705	0.208824706299999996	0.128141398399999995
5666940705	0.210168127799999993	0.128190161599999991
5666943705	0.212347393800000006	0.128663589299999992
5666946705	0.213920464799999988	0.128404958799999996
5666949705	0.211414420699999994	0.129644831799999999
5666952705	0.20995613769999999	0.127096539199999997
5666955705	0.210879243900000013	0.128357545900000009
5666958705	0.214423812999999991	0.129197964999999998
5666961705	0.209346716799999999	0.124151477800000007
5666964705	0.215161656000000007	0.128098607100000011
5666967705	0.210123834700000012	0.126070578999999988
5666970705	0.215223264500000011	0.123478736800000002
5666973705	0.2141435857	0.129653056799999999
5666976705	0.211294971599999992	0.125483734699999988
5666979705	0.211152355300000011	0.126670253499999996
5666982705	0.21343054480000001	0.125428261600000007
5666985705	0.213767907499999993	0.125073709599999999
5666988705	0.213854280300000005	0.124180208
5666991705	0.212330092800000009	0.13009310730000001
5666994705	0.213628581099999992	0.123232449199999997
5666997705	0.216138470400000005	0.126752073999999992
5667000705	0.211685559299999992	0.126360019600000012
5667003705	0.212664385099999992	0.124905525599999997
5667006705	0.2143749452	0.125569006499999997
5667009705	0.216939771300000001	0.126173320300000003
5667012705	0.213976559499999996	0.126482165199999996
5667015705	0.213706535700000005	0.123202151100000004
5667018705	0.212714416099999998	0.122990578399999995
5667021705	0.213460645100000013	0.124824932
5667024705	0.214119847199999991	0.127256663500000006
5667027705	0.219074791299999988	0.121119476599999998
5667030705	0.214412313699999996	0.120081029500000006
5667033705	0.214184202299999987	0.125147879699999992
5667036705	0.214187818499999988	0.123780506600000006
5667039705	0.217985879999999993	0.122494812600000003
5667042705	0.21651557569999999	0.120268850499999996
5667045705	0.215070560999999993	0.1233697671
5667048705	0.21599253060000001	0.121957959699999993
5667051705	0.217845497299999996	0.119772188099999996
5667054705	0.214206679799999994	0.1225635422
5667057705	0.21446451150000001	0.121791860399999993
5667060705	0.218135983100000014	0.123014690800000007
5667063705	0.218004172400000001	0.121002536300000005
5667066705	0.216900259799999995	0.121561492699999996
5667069705	0.217665911200000006	0.1189182508
5667072705	0.217043746700000012	0.120513796800000003
5667075705	0.218376562999999996	0.125284000799999989
5667078705	0.215993634299999987	0.120553046900000002
5667081705	0.217731169899999993	0.118376625799999996
5667084705	0.213740995399999995	0.121679201000000001
5667087705	0.219591035200000007	0.123170659299999999
5667090705	0.221702535099999987	0.120183042000000004
5667093705	0.221570793500000002	0.118763158100000002
5667096705	0.21873280149999999	0.120724209999999998
5667099705	0.220331155000000001	0.122207844999999996
5667102705	0.218813628600000004	0.118919427999999994
5667105705	0.219758643199999992	0.123763280200000006
5667108705	0.218143973399999996	0.120307544599999997
5667111705	0.221404433799999995	0.118577444800000001
5667114705	0.220332045300000001	0.118512755299999994
5667117705	0.220281581100000012	0.118366842900000005
5667120705	0.22030727650000001	0.117577777300000005
5667123705	0.216621369300000005	0.114295035200000006
5667126705	0.21890382089999999	0.119129217999999995
5667129705	0.218685819199999992	0.115591395400000005
5667132705	0.219498729000000004	0.120072020799999998
5667135705	0.223104423299999993	0.118575233899999993
5667138705	0.219951292399999998	0.115418375000000004
5667141705	0.22362152669999999	0.119148391399999998
