# freq, I e Q
6210920000	0.14938562050000001	0.136700800000000011
6210970000	0.152423614499999999	0.131775306000000009
6211020000	0.156197186399999993	0.128777934700000013
6211070000	0.157776899199999987	0.130025313700000006
6211120000	0.158270778100000009	0.127810521499999996
6211170000	0.158729944799999995	0.125457676699999993
6211220000	0.160142619799999997	0.123758610699999994
6211270000	0.162301441800000001	0.125434198299999994
6211320000	0.164895126400000008	0.122268631000000003
6211370000	0.16321626589999999	0.119491791799999997
6211420000	0.167285988999999996	0.115620856199999997
6211470000	0.166258089599999992	0.114899773999999996
6211520000	0.168629463600000001	0.113079650300000001
6211570000	0.171136798700000009	0.109252690700000002
6211620000	0.170021924399999996	0.108188523199999997
6211670000	0.172573396299999987	0.105644718499999998
6211720000	0.17337393009999999	0.104296069300000002
6211770000	0.168295933199999997	0.100992909800000003
6211820000	0.178281393300000007	0.0979078911999999996
6211870000	0.1802879976	0.0958888521000000049
6211920000	0.181166957299999987	0.0936638833000000004
6211970000	0.178353509599999988	0.0921886231000000056
6212020000	0.182661871700000006	0.0878453721999999937
6212070000	0.182331180799999992	0.0865090983000000036
6212120000	0.183009815299999989	0.0859469652000000028
6212170000	0.185730017599999991	0.0808413290000000034
6212220000	0.183448851800000007	0.0797727572000000024
6212270000	0.185870364700000013	0.0790692716999999989
6212320000	0.189969464899999996	0.0750141126999999963
6212370000	0.18987685339999999	0.0724604216000000051
6212420000	0.188236166399999988	0.0726493024000000043
6212470000	0.189965243700000008	0.0685536620999999957
6212520000	0.191799127900000005	0.0693358201999999951
6212570000	0.191539084700000001	0.0625126745000000039
6212620000	0.190952831099999998	0.0645738460000000042
6212670000	0.194356435100000002	0.0598294927000000004
6212720000	0.195051927000000014	0.0560965911000000025
6212770000	0.192880124600000008	0.0561548834000000011
6212820000	0.194654593699999989	0.0553087447999999968
6212870000	0.194928782699999997	0.0493465797999999983
6212920000	0.193516596000000013	0.0472556535000000014
6212970000	0.196333953100000014	0.0401331959000000016
6213020000	0.200447612299999994	0.0446906240999999996
6213070000	0.199613051900000005	0.0417482761999999966
6213120000	0.199885581000000007	0.0353551303999999969
6213170000	0.199256931999999998	0.0329694833999999992
6213220000	0.199716653100000002	0.0371830474999999966
6213270000	0.200476702300000004	0.0310651360000000001
6213320000	0.201956253700000005	0.030116500899999999
6213370000	0.200687432400000004	0.0255727040999999995
6213420000	0.198895530200000004	0.0231399745000000004
6213470000	0.20127265250000001	0.0200320397000000004
6213520000	0.203340764899999998	0.0157057443999999991
6213570000	0.202978333700000013	0.0148979434000000004
6213620000	0.20318162179999999	0.0136227051999999998
6213670000	0.205546767800000002	0.0126321898000000005
6213720000	0.203683652599999987	0.0112931095000000006
6213770000	0.202190375199999994	0.00480220940000000013
6213820000	0.204478716000000005	0.000833771299999999964
6213870000	0.202566552000000011	0.00527984860000000038
6213920000	0.205031616400000005	-0.00145632279999999997
6213970000	0.202043616399999987	-0.0065238665999999999
6214020000	0.207897357599999999	-0.00738589219999999987
6214070000	0.200821243700000013	-0.0106456734999999993
6214120000	0.204918200599999989	-0.00917837529999999957
6214170000	0.203264364599999997	-0.0137358683000000006
6214220000	0.202849720600000005	-0.0155266475000000008
6214270000	0.204264184900000006	-0.0133053217000000008
6214320000	0.200486785000000001	-0.0196044330999999988
6214370000	0.202354556600000013	-0.0290048961000000001
6214420000	0.201650471800000008	-0.0275572905000000014
6214470000	0.2045174035	-0.0300343313999999993
6214520000	0.204116027499999991	-0.0321259975999999975
6214570000	0.197160112800000009	-0.0324493740999999974
6214620000	0.202500672399999998	-0.0369979908999999996
6214670000	0.200561916499999993	-0.0386644818999999987
6214720000	0.197998414600000006	-0.043045700499999999
6214770000	0.198113201900000008	-0.0472585224000000026
6214820000	0.196277151099999991	-0.0464627826999999965
6214870000	0.199247115499999988	-0.0472771281000000029
6214920000	0.196303177899999987	-0.0551208102000000019
6214970000	0.197563821499999986	-0.0553395390000000001
6215020000	0.197518971799999998	-0.0570258759000000018
6215070000	0.195738831899999993	-0.058091944999999999
6215120000	0.194185261199999987	-0.0606178657000000023
6215170000	0.195174885999999992	-0.0667001314999999956
6215220000	0.192636686599999996	-0.0662053613000000013
6215270000	0.191902107999999988	-0.067788242700000001
6215320000	0.18720993050000001	-0.0685620911999999944
6215370000	0.193252105000000007	-0.0731958236000000012
6215420000	0.1860603797	-0.0761446201999999989
6215470000	0.18780944799999999	-0.0794059955000000067
6215520000	0.188506458500000001	-0.0807485582999999951
6215570000	0.181580107299999988	-0.0847500067000000051
6215620000	0.183177645800000011	-0.0867040731000000009
6215670000	0.183385092100000008	-0.0885528770000000021
6215720000	0.182356575100000001	-0.0925920335000000039
6215770000	0.18285050550000001	-0.0958217028999999998
6215820000	0.181221854200000004	-0.0931229439000000048
6215870000	0.180301226600000003	-0.0970787241999999939
6215920000	0.176092775300000004	-0.101998939699999999
6215970000	0.17521096550000001	-0.0992380759999999945
6216020000	0.174024271499999994	-0.102490247800000003
6216070000	0.175772639899999999	-0.102986386700000002
6216120000	0.175714464200000003	-0.109336766099999996
6216170000	0.170867373900000008	-0.107772386999999997
6216220000	0.16771529839999999	-0.109681466500000005
6216270000	0.170416607599999992	-0.117661850200000001
6216320000	0.171231726800000011	-0.116601274399999996
6216370000	0.165518983499999994	-0.117758196999999995
6216420000	0.163346348299999999	-0.121341586799999998
6216470000	0.164023556099999995	-0.124859276399999997
6216520000	0.161541506400000007	-0.124959181799999999
6216570000	0.16302309479999999	-0.128560170299999998
6216620000	0.161928380900000002	-0.129899005900000003
6216670000	0.154958346200000013	-0.131393695499999991
6216720000	0.155640181999999988	-0.134610908700000004
6216770000	0.151121103099999987	-0.133624290700000009
6216820000	0.152953553999999992	-0.135471884600000009
6216870000	0.150254269500000009	-0.135374490799999997
6216920000	0.146743617900000012	-0.139315617000000003
6216970000	0.148881878800000006	-0.141906299000000014
6217020000	0.14244546520000001	-0.144480206100000008
6217070000	0.142815666300000005	-0.147770133599999992
6217120000	0.140088775599999993	-0.146473841699999996
6217170000	0.142471777299999991	-0.147972249700000003
6217220000	0.139227270099999995	-0.152953278599999992
6217270000	0.136815922300000004	-0.15560741119999999
6217320000	0.137774825099999998	-0.157216053999999994
6217370000	0.135916137699999995	-0.158566658199999988
6217420000	0.130050581299999995	-0.159699588700000006
6217470000	0.130366366700000014	-0.160336848199999993
6217520000	0.1261979825	-0.161808001000000007
6217570000	0.123040432300000002	-0.16223998449999999
6217620000	0.121082929699999994	-0.163860750999999999
6217670000	0.118636751200000001	-0.164057927299999989
6217720000	0.119429828099999996	-0.1672155377
6217770000	0.115475224700000004	-0.171112686200000003
6217820000	0.115617539899999996	-0.170391327300000006
6217870000	0.113325361099999994	-0.173727458000000001
6217920000	0.108329033300000002	-0.173690402399999999
6217970000	0.108975646100000004	-0.172932127099999999
6218020000	0.112665184000000002	-0.17637562779999999
6218070000	0.103516308400000007	-0.179023155200000006
6218120000	0.105752092500000006	-0.179781910299999986
6218170000	0.0981212293000000013	-0.183493820700000004
6218220000	0.0973499000000000031	-0.181916254599999994
6218270000	0.0927581420999999962	-0.177846635400000008
6218320000	0.0934147079000000047	-0.184945540399999997
6218370000	0.091853779999999996	-0.182819439800000011
6218420000	0.0895205089999999981	-0.185940141799999986
6218470000	0.0841917063000000021	-0.187488988699999998
6218520000	0.0818421366000000039	-0.18535964760000001
6218570000	0.0848796021000000067	-0.18960622299999999
6218620000	0.0768690791000000012	-0.189987036599999992
6218670000	0.0746474198000000033	-0.192906373699999995
6218720000	0.0737541000999999974	-0.19273314259999999
6218770000	0.0708613012000000042	-0.192626288600000001
6218820000	0.070384915199999995	-0.197193225999999999
6218870000	0.0677443355000000025	-0.192423129500000012
6218920000	0.0649947064000000047	-0.196231916000000006
6218970000	0.0647948358000000058	-0.198874593500000002
6219020000	0.061205416700000001	-0.196995854299999995
6219070000	0.0567517805000000014	-0.203659426599999999
6219120000	0.0553107243000000026	-0.198121767300000001
6219170000	0.0513990360000000021	-0.202432960200000012
6219220000	0.0474132176000000016	-0.20003319759999999
6219270000	0.0444499982000000002	-0.200762742900000013
6219320000	0.0451150285000000012	-0.206122776199999996
6219370000	0.0446208271000000031	-0.20023128870000001
6219420000	0.0395527868000000032	-0.202461748299999994
6219470000	0.0369661839999999992	-0.204666217099999992
6219520000	0.0351744311000000004	-0.204639443100000012
6219570000	0.0275047962999999986	-0.207260091400000013
6219620000	0.027988481400000001	-0.203067251899999995
6219670000	0.0254510402000000004	-0.206335461199999987
6219720000	0.0239558248999999987	-0.206531228799999994
6219770000	0.0236083675000000014	-0.207407231199999986
6219820000	0.0158017530999999996	-0.208331878500000012
6219870000	0.0162297373000000016	-0.206436261300000007
6219920000	0.0140649643999999994	-0.206085214300000014
6219970000	0.0106766229999999997	-0.206206898
6220020000	0.00853044539999999948	-0.204878191600000009
6220070000	0.00610848830000000013	-0.208263913500000009
6220120000	0.00349459689999999986	-0.206238175299999993
6220170000	-0.000574801599999999989	-0.211530432299999988
6220220000	0.000986827299999999902	-0.208191808400000011
6220270000	-0.00356408269999999991	-0.208799539899999997
6220320000	-0.00697669080000000007	-0.208281250700000004
6220370000	-0.00465302549999999961	-0.207891842999999993
6220420000	-0.0139052815	-0.208408369300000007
6220470000	-0.0156321648000000007	-0.20940265999999999
6220520000	-0.0192938674000000011	-0.20715066439999999
6220570000	-0.0162628740000000001	-0.204480244100000014
6220620000	-0.0225172997	-0.208397468100000011
6220670000	-0.0260884827999999999	-0.208698899999999993
6220720000	-0.0259463204000000003	-0.20739961039999999
6220770000	-0.0292024817999999992	-0.206985832400000014
6220820000	-0.0325400732999999998	-0.20533802570000001
6220870000	-0.0309560405000000004	-0.205660158799999992
6220920000	-0.0356968407999999973	-0.205655131299999988
6220970000	-0.0367786219999999969	-0.203406097899999999
6221020000	-0.0420270366999999992	-0.205109263600000008
6221070000	-0.0444963181000000013	-0.201108345999999993
6221120000	-0.0454235204000000004	-0.202546160899999994
6221170000	-0.0499834748999999981	-0.20149250669999999
6221220000	-0.0542547275000000023	-0.204098642200000013
6221270000	-0.0601531127999999984	-0.202434310199999995
6221320000	-0.0573925861999999981	-0.197777793400000013
6221370000	-0.0602561208000000001	-0.197307817599999991
6221420000	-0.0638309075000000059	-0.19870982479999999
6221470000	-0.0675854677999999931	-0.1982657907
6221520000	-0.0660646740000000038	-0.195317454299999999
6221570000	-0.0684894481999999971	-0.198470747499999989
6221620000	-0.0687064906999999975	-0.19428849749999999
6221670000	-0.0745862045999999973	-0.193490996700000001
6221720000	-0.0753358524000000002	-0.19453221770000001
6221770000	-0.0769017778999999957	-0.191118048099999993
6221820000	-0.0799395019999999956	-0.188077125900000003
6221870000	-0.0840274527000000049	-0.1909867965
6221920000	-0.0868994141000000025	-0.191672283199999988
6221970000	-0.0911015186000000005	-0.190191216200000013
6222020000	-0.0919285278000000067	-0.187785561200000006
6222070000	-0.0932415411000000055	-0.187553734400000005
6222120000	-0.0963969031999999948	-0.185296957300000009
6222170000	-0.097912081600000006	-0.187013728500000004
6222220000	-0.0995731569999999955	-0.185516827299999992
6222270000	-0.101626138500000004	-0.181427939700000013
6222320000	-0.105264550299999995	-0.182430861999999999
6222370000	-0.110759259799999996	-0.178341063299999991
6222420000	-0.108486213100000006	-0.180521250299999991
6222470000	-0.114081601500000004	-0.177865267699999996
6222520000	-0.114340799800000004	-0.173479207599999991
6222570000	-0.119087118699999994	-0.171490732199999996
6222620000	-0.122774918299999994	-0.172028889600000012
6222670000	-0.119596288600000003	-0.171975748600000006
6222720000	-0.125131324500000002	-0.170015896599999994
6222770000	-0.124820687400000005	-0.165208837800000008
6222820000	-0.1294219811	-0.165104509799999993
6222870000	-0.130166980399999993	-0.163658517499999989
6222920000	-0.130294081199999995	-0.162838309799999997
6222970000	-0.133186213199999987	-0.16186375380000001
6223020000	-0.133880164699999998	-0.158800391099999993
6223070000	-0.138616679999999992	-0.158861068599999988
6223120000	-0.141673779100000008	-0.154549234300000005
6223170000	-0.143660584899999999	-0.153377067899999997
6223220000	-0.14314755500000001	-0.149505436699999994
6223270000	-0.14846024129999999	-0.149927328700000001
6223320000	-0.149292811800000008	-0.149144165400000001
6223370000	-0.144330997999999988	-0.146107516599999987
6223420000	-0.149465560500000011	-0.142021910000000001
6223470000	-0.154710922599999995	-0.145831622699999996
6223520000	-0.157029792000000001	-0.145023655800000012
6223570000	-0.151889581200000012	-0.140242527499999992
6223620000	-0.161222615600000008	-0.139694441199999991
6223670000	-0.163193803100000007	-0.137713880799999994
6223720000	-0.161466926900000002	-0.132877261999999996
6223770000	-0.165804512600000009	-0.129045697799999998
6223820000	-0.163257589300000006	-0.129036671399999997
6223870000	-0.169588759000000006	-0.12549690429999999
6223920000	-0.170145783100000003	-0.127319984500000011
6223970000	-0.16975779760000001	-0.122041129100000006
6224020000	-0.171781028899999993	-0.121711691799999994
6224070000	-0.175062619700000005	-0.119081975699999995
6224120000	-0.173542642800000008	-0.115995260399999994
6224170000	-0.177465334800000013	-0.116873160300000001
6224220000	-0.177457919500000005	-0.114935319499999994
6224270000	-0.180229832700000009	-0.110010239699999998
6224320000	-0.180078531200000003	-0.105679622200000004
6224370000	-0.18036908900000001	-0.110207142499999994
6224420000	-0.182302893900000013	-0.103568540700000003
6224470000	-0.182470204999999996	-0.101731684599999997
6224520000	-0.186112434399999999	-0.101542509200000006
6224570000	-0.187228724900000004	-0.0983843553000000037
6224620000	-0.190563155499999998	-0.0942139248000000012
6224670000	-0.190989655600000002	-0.0930359206999999966
6224720000	-0.192596495000000006	-0.0927938774999999966
6224770000	-0.196843401100000009	-0.0842230365000000009
6224820000	-0.193669085299999988	-0.0844279116999999968
6224870000	-0.191123921800000013	-0.0835821149000000041
6224920000	-0.198107973200000009	-0.0791380982000000066
6224970000	-0.197769128300000013	-0.0761306971999999998
6225020000	-0.195616390800000012	-0.076087996300000002
6225070000	-0.199740464499999992	-0.0719227662999999962
6225120000	-0.200564993200000014	-0.0695624955000000017
6225170000	-0.202872146700000006	-0.0665432621000000002
6225220000	-0.202684188600000009	-0.0661304286999999935
6225270000	-0.19981861070000001	-0.0644623941000000006
6225320000	-0.207109458800000007	-0.0618258895000000017
6225370000	-0.204413362300000012	-0.058567822700000001
6225420000	-0.20614714449999999	-0.0543818085000000034
6225470000	-0.205270907599999997	-0.0527213191999999983
6225520000	-0.208804676900000014	-0.0499248454000000008
6225570000	-0.208718934800000006	-0.0461445966999999985
6225620000	-0.208405449699999995	-0.0491656732999999971
6225670000	-0.205434357000000012	-0.0445073284999999985
6225720000	-0.209108989500000009	-0.0396421311999999998
6225770000	-0.210850493899999991	-0.0356232819999999992
6225820000	-0.210194497300000005	-0.0386828534000000016
6225870000	-0.209609198800000007	-0.0316243479999999966
6225920000	-0.209855830100000001	-0.0301911501000000013
6225970000	-0.212364442799999997	-0.0248754313999999983
6226020000	-0.214192899999999992	-0.0242270550999999987
6226070000	-0.212379533399999987	-0.0238360822999999986
6226120000	-0.211634254100000002	-0.0181052503000000004
6226170000	-0.213869522400000012	-0.0198223445999999998
6226220000	-0.212891922399999989	-0.0138090172000000008
6226270000	-0.209922020200000004	-0.0102657119000000002
6226320000	-0.212765522200000001	-0.00608426350000000008
6226370000	-0.215552281900000003	-0.0053870233999999996
6226420000	-0.214278818700000012	-0.00132707300000000001
6226470000	-0.216294764299999998	-0.00407313169999999961
6226520000	-0.214214120600000002	0.00678087660000000012
6226570000	-0.211754223699999994	0.00581364170000000027
6226620000	-0.211692313599999987	0.00867423919999999946
6226670000	-0.210663554700000005	0.0100133562999999998
6226720000	-0.212408927299999994	0.0153005141000000008
6226770000	-0.213333786199999986	0.0145622951000000007
6226820000	-0.213712313999999987	0.0187617879000000001
6226870000	-0.213667795699999996	0.0217278088999999994
6226920000	-0.212654501500000009	0.0235841728000000007
6226970000	-0.215280345300000009	0.0259407765999999998
6227020000	-0.209514044099999991	0.0281272670000000009
6227070000	-0.210636591200000001	0.0327336582000000015
6227120000	-0.209579412999999992	0.0348291901999999987
6227170000	-0.21484648810000001	0.0380364610000000006
6227220000	-0.211861432399999994	0.0362256379000000031
6227270000	-0.215010989099999994	0.0443875379999999972
6227320000	-0.206679914800000003	0.0407217944999999984
6227370000	-0.209141150500000012	0.0455702904999999991
6227420000	-0.206681321499999987	0.0511758813999999979
6227470000	-0.207530650799999994	0.0546970404000000007
6227520000	-0.205172215200000008	0.0565191688999999997
6227570000	-0.20953102970000001	0.0570996080000000031
6227620000	-0.204824378499999987	0.061651365700000002
6227670000	-0.20872987509999999	0.0631182535999999933
6227720000	-0.205602214000000005	0.0643916273999999983
6227770000	-0.203105462900000006	0.0675189377999999979
6227820000	-0.204252382399999988	0.0707190813999999945
6227870000	-0.201861418399999992	0.0724985650000000009
6227920000	-0.202190923200000011	0.0752411796999999938
6227970000	-0.199451703899999999	0.0766580486000000005
6228020000	-0.202104634300000002	0.0850836794999999951
6228070000	-0.200598270899999986	0.0844834101000000032
6228120000	-0.2005039552	0.0860559171000000039
6228170000	-0.19781446359999999	0.086361631499999994
6228220000	-0.193764918000000008	0.0912319823999999946
6228270000	-0.194508881299999992	0.0921690653999999998
6228320000	-0.195052237600000011	0.0943490163999999992
6228370000	-0.192025510700000013	0.0983798250000000041
6228420000	-0.189515790999999989	0.100582603399999998
6228470000	-0.191576806099999997	0.102505377699999997
6228520000	-0.185018097399999998	0.104155851999999993
6228570000	-0.188130921400000012	0.1074952401
6228620000	-0.185208367799999996	0.111335605099999999
6228670000	-0.18744680729999999	0.114849083399999996
6228720000	-0.183822398800000009	0.111950403399999995
6228770000	-0.181098330199999991	0.117626908299999999
6228820000	-0.180873375700000005	0.116735040600000006
6228870000	-0.181608367900000012	0.121920622800000003
6228920000	-0.177233388200000008	0.1254014242
6228970000	-0.172751900300000011	0.125439977600000002
6229020000	-0.177943439499999995	0.130731768299999995
6229070000	-0.172421613400000007	0.133554918999999994
6229120000	-0.172711680099999987	0.136132639199999989
6229170000	-0.170313908300000011	0.136463645800000005
6229220000	-0.166921179599999997	0.138501924800000009
6229270000	-0.16567303089999999	0.139760375200000009
6229320000	-0.163034955799999992	0.142328575099999993
6229370000	-0.16429287179999999	0.145626665500000002
6229420000	-0.160313610500000009	0.14482037410000001
6229470000	-0.160062415099999994	0.147689880500000009
6229520000	-0.156121161199999997	0.147613579599999989
6229570000	-0.154963276099999991	0.153536107300000002
6229620000	-0.155250104199999989	0.152647874999999988
6229670000	-0.151240277799999989	0.156419496299999988
6229720000	-0.148509600399999997	0.160504460900000007
6229770000	-0.148763548400000001	0.162408541299999987
6229820000	-0.142779903000000014	0.162328615799999992
6229870000	-0.142284479699999994	0.163558397800000005
6229920000	-0.143911414900000006	0.16470277559999999
6229970000	-0.140579091200000006	0.168959087000000008
6230020000	-0.137604783000000008	0.173715516399999992
6230070000	-0.13215643660000001	0.171235356400000011
6230120000	-0.133798440399999996	0.174407430899999993
6230170000	-0.128182736699999994	0.177011526700000005
6230220000	-0.129328871699999987	0.17325935340000001
6230270000	-0.126972629899999995	0.180358855000000012
6230320000	-0.125793297299999995	0.18116847459999999
6230370000	-0.123524850399999997	0.183350421699999988
6230420000	-0.118933070099999996	0.187663795100000003
6230470000	-0.116496920899999995	0.18521975630000001
6230520000	-0.114346602000000006	0.188695838000000005
6230570000	-0.110384145899999994	0.190189787400000004
6230620000	-0.108562164099999997	0.190783123299999996
6230670000	-0.107044258899999994	0.190179284100000012
6230720000	-0.105155196500000006	0.192665813399999997
6230770000	-0.101955477500000002	0.19601990150000001
6230820000	-0.100265695599999996	0.194365090800000001
6230870000	-0.0998844396999999939	0.195386406000000012
6230920000	-0.0919304732000000013	0.202085686200000003
6230970000	-0.0940711012000000069	0.204455574499999987
6231020000	-0.0900772890000000048	0.198790399600000001
6231070000	-0.0917030263999999984	0.203162448100000004
6231120000	-0.0847139543999999994	0.205359754799999988
6231170000	-0.0807617102000000031	0.205949765300000004
6231220000	-0.079895746099999998	0.209188544799999987
6231270000	-0.0727290800999999959	0.208635674699999996
6231320000	-0.0756482500000000002	0.209211784799999995
6231370000	-0.0696727054000000068	0.212485203799999994
6231420000	-0.0666866812000000003	0.212422018800000001
6231470000	-0.0632135125999999936	0.212619665900000004
6231520000	-0.0652701004999999973	0.209070219499999987
6231570000	-0.0587309636999999995	0.212884234300000003
6231620000	-0.0570569116999999973	0.212594981799999999
6231670000	-0.0566599174000000025	0.213830316399999998
6231720000	-0.049480028500000002	0.218747777599999998
6231770000	-0.0493457492999999983	0.215285810200000011
6231820000	-0.0454225524000000033	0.218382371900000011
6231870000	-0.0429557560999999991	0.220217703300000012
6231920000	-0.0418671400999999985	0.219921313199999996
6231970000	-0.0428767820000000022	0.21776372229999999
6232020000	-0.0373385786999999997	0.220698241699999992
6232070000	-0.0310517595999999993	0.224215199300000001
6232120000	-0.0298507432999999996	0.222317271000000011
6232170000	-0.026810700199999999	0.220587259600000002
6232220000	-0.026389285299999999	0.221758312499999999
6232270000	-0.0193176200999999985	0.221360957200000014
6232320000	-0.0163003408000000002	0.223807005199999992
6232370000	-0.0183477535000000011	0.225145918800000011
6232420000	-0.0124162361000000002	0.22238822929999999
6232470000	-0.00611534899999999996	0.225287824899999989
6232520000	-0.00871316400000000067	0.22162163909999999
6232570000	-0.000959825299999999973	0.223036642099999988
6232620000	-0.000740881899999999965	0.225232630399999995
6232670000	0.00579554820000000026	0.222571650399999987
6232720000	0.00852479949999999931	0.225217664000000012
6232770000	0.00665833059999999984	0.223154052299999989
6232820000	0.0134634481000000007	0.226970909500000012
6232870000	0.0150977203000000008	0.225071935000000001
6232920000	0.0196210611	0.22653341099999999
6232970000	0.0203244693999999997	0.227021374500000012
6233020000	0.0228936964	0.224821354100000009
6233070000	0.0297610781000000012	0.227331735899999998
6233120000	0.0302788052000000016	0.22655375459999999
6233170000	0.0342349420999999987	0.223808448599999987
6233220000	0.0388904840000000029	0.221580017299999987
6233270000	0.0393082733000000017	0.223762364800000002
6233320000	0.0468258497999999995	0.221458791699999991
6233370000	0.0495316509000000016	0.226991878199999997
6233420000	0.0513021759999999979	0.22158570050000001
6233470000	0.055341523400000002	0.226151452000000003
6233520000	0.0564190611000000009	0.220484217799999993
6233570000	0.0627973901000000029	0.222545021799999992
6233620000	0.0689502270000000028	0.217806815300000012
6233670000	0.0694695963999999999	0.218625387199999993
6233720000	0.0726216749000000023	0.216079073099999991
6233770000	0.0742844579999999977	0.218390092199999997
6233820000	0.0790441773999999986	0.217301570400000005
6233870000	0.0830819165000000054	0.215748137199999995
6233920000	0.0860047436000000026	0.216493374099999997
6233970000	0.0885149531000000017	0.211117385399999996
6234020000	0.0912584775999999986	0.210830361299999991
6234070000	0.0969623789000000069	0.206962981399999996
6234120000	0.0997679243000000049	0.207664787900000009
6234170000	0.100590496099999996	0.209782245000000006
6234220000	0.101549950299999997	0.201626711099999995
6234270000	0.110091179400000003	0.202287058399999997
6234320000	0.116110314899999997	0.20091269719999999
6234370000	0.118684434500000005	0.199823655699999991
6234420000	0.1224561391	0.193816282799999989
6234470000	0.123280810399999996	0.194950772800000005
6234520000	0.13007993100000001	0.19063115089999999
6234570000	0.131243699200000008	0.188942419199999989
6234620000	0.135578002800000014	0.185296876400000005
6234670000	0.140317639200000011	0.18544814879999999
6234720000	0.144359011600000003	0.183674379199999988
6234770000	0.146597594299999995	0.176990451699999995
6234820000	0.157055646599999987	0.17275854269999999
6234870000	0.161200514200000006	0.173278730299999989
6234920000	0.164708666899999995	0.16869692859999999
6234970000	0.168737103500000013	0.160816685600000009
6235020000	0.169416468799999997	0.155144978500000003
6235070000	0.175291364700000007	0.150363604799999995
6235120000	0.178602746700000009	0.142801505200000012
6235170000	0.181462391800000011	0.137700459599999991
6235220000	0.189776125099999998	0.129074225099999995
6235270000	0.193321419999999994	0.1164521902
6235320000	0.19757603339999999	0.104522681399999998
6235370000	0.198580622000000012	0.0953437265999999978
6235420000	0.196644754300000002	0.0752899553000000027
6235470000	0.192900880999999996	0.0589026025999999994
6235520000	0.185472358700000006	0.0420304988999999976
6235570000	0.173876413499999993	0.0200608058000000013
6235620000	0.151367799299999994	0.00355326830000000015
6235670000	0.119680790499999995	-0.00567199450000000025
6235720000	0.0913157109999999939	-6.5701e-06
6235770000	0.0604501562000000006	0.0103672932000000006
6235820000	0.0390854436999999999	0.0346141051000000005
6235870000	0.0245823532999999983	0.0545199138
6235920000	0.0319402698999999984	0.0801509613999999981
6235970000	0.0300299280999999987	0.101124681100000002
6236020000	0.037682693500000003	0.115671659400000001
6236070000	0.047651919299999998	0.1311223782
6236120000	0.0577951004000000004	0.137165818900000014
6236170000	0.0649378852000000034	0.143871818600000007
6236220000	0.0768752993000000051	0.149482515799999993
6236270000	0.0844433032999999944	0.151838065500000008
6236320000	0.0899100357000000017	0.148441979899999993
6236370000	0.100749235300000003	0.154369889300000007
6236420000	0.104889277000000003	0.156085986600000004
6236470000	0.114587365900000002	0.151009082699999991
6236520000	0.119986146399999993	0.154979148700000013
6236570000	0.126307735899999996	0.149378464999999988
6236620000	0.129738134000000005	0.148466918100000012
6236670000	0.134101191300000006	0.145148300199999997
6236720000	0.139124024499999999	0.14702628840000001
6236770000	0.140886462600000012	0.146778306500000011
6236820000	0.148092753100000002	0.140085921299999999
6236870000	0.150984886000000013	0.140033501300000002
6236920000	0.155715909799999996	0.138582270000000007
6236970000	0.157104893999999995	0.137136065400000007
6237020000	0.162283022999999998	0.130439945299999999
6237070000	0.166260279099999991	0.133721633899999998
6237120000	0.16736427579999999	0.128527730600000001
6237170000	0.169192930800000002	0.125310431400000005
6237220000	0.17343331070000001	0.121474612800000006
6237270000	0.177285977799999994	0.120207143099999997
6237320000	0.178532431200000008	0.117621541800000007
6237370000	0.182734096499999998	0.118139905899999995
6237420000	0.187421230699999997	0.110401905600000003
6237470000	0.185748566799999987	0.112061862299999995
6237520000	0.187923378000000002	0.111586114299999997
6237570000	0.190790602400000009	0.102368208399999994
6237620000	0.190286999000000012	0.103023912199999998
6237670000	0.193327149100000012	0.0977174531000000041
6237720000	0.196731155099999999	0.0965655849999999955
6237770000	0.198897685399999996	0.0947175517999999939
6237820000	0.202046830499999996	0.0885920117000000007
6237870000	0.197550469799999989	0.0871986163000000036
6237920000	0.202129532299999998	0.0865466621999999991
6237970000	0.205206825300000006	0.0856399030999999977
6238020000	0.206888096399999999	0.0809490739000000015
6238070000	0.21037037589999999	0.0794706889000000027
6238120000	0.206086783400000001	0.0720961610000000058
6238170000	0.210728081900000003	0.0717780046000000005
6238220000	0.208211064599999995	0.0649400990999999955
6238270000	0.212271555000000001	0.0625345790000000068
6238320000	0.215314227299999994	0.0589164146000000014
6238370000	0.216929704100000009	0.0572672709000000002
6238420000	0.217562538700000002	0.0560866620000000024
6238470000	0.218233873100000003	0.0495421533999999969
6238520000	0.215995754300000009	0.0526047413000000005
6238570000	0.218556621899999998	0.0512854722000000013
6238620000	0.223358634800000011	0.0422583496000000017
6238670000	0.221778565000000011	0.0411522111000000024
6238720000	0.22249830109999999	0.036750752400000003
6238770000	0.22613951739999999	0.0348564544000000004
6238820000	0.222455897699999988	0.0309491572000000006
6238870000	0.223550605399999991	0.0274167508999999983
6238920000	0.225057291399999998	0.0261913450999999992
6238970000	0.224364901799999988	0.0230799507999999987
6239020000	0.221374501599999995	0.0213539587999999995
6239070000	0.225750322799999986	0.0169635635000000007
6239120000	0.227194821800000002	0.0110908089000000005
6239170000	0.225921156499999998	0.0124741524000000006
6239220000	0.226585902799999989	0.00688830199999999979
6239270000	0.228373502400000011	0.00298971280000000011
6239320000	0.228418876599999987	0.00276474320000000013
6239370000	0.226440297200000001	-0.0012876761
6239420000	0.227072970799999996	-0.00481537809999999997
6239470000	0.224358591200000013	-0.00960887950000000046
6239520000	0.225780783799999996	-0.0112024829999999992
6239570000	0.232256589499999999	-0.0123666416000000005
6239620000	0.225906222999999989	-0.0178760815000000017
6239670000	0.228565765799999987	-0.0193682225999999985
6239720000	0.228994892199999994	-0.0218825303999999991
6239770000	0.226461087100000014	-0.0279253143000000002
6239820000	0.22836090710000001	-0.0287136678999999999
6239870000	0.228175678100000001	-0.0338120858000000024
6239920000	0.22867105539999999	-0.0376063640000000032
6239970000	0.226919126500000012	-0.0396314827999999994
6240020000	0.226178102299999989	-0.039655677200000003
6240070000	0.22658058989999999	-0.0462121448000000004
6240120000	0.223394154600000006	-0.0483498040000000032
6240170000	0.226026644999999998	-0.0515680593999999978
6240220000	0.223021401000000008	-0.0529499805000000004
6240270000	0.225712466899999992	-0.0552865442000000026
6240320000	0.225847247499999987	-0.0628367246000000046
6240370000	0.226308856199999991	-0.0612734232999999975
6240420000	0.221752486400000004	-0.0657550754000000015
6240470000	0.218712479500000001	-0.0677495193000000051
6240520000	0.222931875400000007	-0.0697603296000000039
6240570000	0.219518919899999998	-0.0749707156999999957
6240620000	0.215374444400000004	-0.0765235598999999961
6240670000	0.215747416500000011	-0.0798393166999999959
6240720000	0.2163586589	-0.0838980856999999997
6240770000	0.214533379999999996	-0.0827936294999999933
6240820000	0.212709710800000007	-0.0875834114999999996
6240870000	0.211581520100000003	-0.0933059819000000013
6240920000	0.212683912000000003	-0.0959839204000000057
6240970000	0.20910636190000001	-0.0978361380999999974
6241020000	0.212425002299999999	-0.100595428900000006
6241070000	0.210157760700000001	-0.102700809899999995
6241120000	0.213274056900000009	-0.107066122499999999
6241170000	0.204426028399999987	-0.107888652299999999
6241220000	0.202186808899999987	-0.109581090899999997
6241270000	0.204676888299999998	-0.112288750000000007
6241320000	0.199400848600000014	-0.118529282
6241370000	0.202371820600000002	-0.122221259099999993
6241420000	0.199148134799999987	-0.124250052599999994
6241470000	0.198662179699999997	-0.122708246199999996
6241520000	0.195955380000000012	-0.127273856800000001
6241570000	0.192267115900000007	-0.129442360300000003
6241620000	0.187771189799999988	-0.135557240999999995
6241670000	0.189131843100000002	-0.138361914499999988
6241720000	0.19011644929999999	-0.137852866299999988
6241770000	0.190788050699999989	-0.140904872200000003
6241820000	0.181987265199999998	-0.143893797699999992
6241870000	0.185152012499999991	-0.144572951599999999
6241920000	0.184251608900000002	-0.147148384800000004
6241970000	0.177971078700000007	-0.149464734900000007
6242020000	0.180343016699999997	-0.152606717800000014
6242070000	0.177318732000000007	-0.15753571529999999
6242120000	0.179104963899999997	-0.159693188000000014
6242170000	0.168567908900000007	-0.162467771399999988
6242220000	0.173963500900000012	-0.162529005199999993
6242270000	0.167686353300000007	-0.16333823489999999
6242320000	0.170156474599999996	-0.16860393600000001
6242370000	0.160562547	-0.1712440093
6242420000	0.159855388799999998	-0.167894350999999997
6242470000	0.158999806500000007	-0.174301068400000009
6242520000	0.157160001500000007	-0.176689107000000012
6242570000	0.156939834	-0.174822996099999989
6242620000	0.152149278599999993	-0.182974208500000013
6242670000	0.151625744000000007	-0.183546929500000011
6242720000	0.149587946999999999	-0.187582374200000013
6242770000	0.145861080000000004	-0.188686399499999991
6242820000	0.144992285500000012	-0.19180523599999999
6242870000	0.145100219899999994	-0.189189781599999995
6242920000	0.141834669899999988	-0.193975689099999987
6242970000	0.136536389000000008	-0.193323929300000003
6243020000	0.132854411400000011	-0.193404145100000008
6243070000	0.133658516799999988	-0.19782657079999999
6243120000	0.128568669699999999	-0.198170863000000003
6243170000	0.130028599299999992	-0.203804242899999988
6243220000	0.126224826000000012	-0.201208125500000001
6243270000	0.121025131600000002	-0.202451654799999992
6243320000	0.124010229599999994	-0.209182904000000003
6243370000	0.119615280300000001	-0.204742598299999995
6243420000	0.112760827300000005	-0.20860001210000001
6243470000	0.108800959799999999	-0.210900640599999994
6243520000	0.109968508800000003	-0.213446850100000002
6243570000	0.105242089999999996	-0.215222741599999989
6243620000	0.0996468107000000047	-0.216921730199999996
6243670000	0.100206263899999995	-0.216361829000000006
6243720000	0.0951780208999999933	-0.21881797389999999
6243770000	0.0942659765000000011	-0.221203670500000005
6243820000	0.0893077070000000001	-0.217453347500000005
6243870000	0.0878362758000000021	-0.226225016700000003
6243920000	0.0874863441999999963	-0.224934292099999988
6243970000	0.0822804798000000004	-0.229412059700000004
6244020000	0.0795314486999999931	-0.228281059499999994
6244070000	0.0774328880999999997	-0.227873458000000001
6244120000	0.076159222400000004	-0.227082935499999999
6244170000	0.0706593533999999995	-0.228132848299999996
6244220000	0.0717708573999999988	-0.231350371100000007
6244270000	0.0660562058000000035	-0.231266554699999988
6244320000	0.0652034778000000065	-0.229956791100000002
6244370000	0.057341225400000001	-0.232128237399999993
6244420000	0.0565918304000000011	-0.235682873099999995
6244470000	0.0545625376999999967	-0.23736308410000001
6244520000	0.0475034114000000007	-0.237002860900000001
6244570000	0.0488964043000000015	-0.235044076099999999
6244620000	0.0452278631000000014	-0.239073995099999992
6244670000	0.0406083444999999973	-0.236350597400000001
6244720000	0.0362669195000000014	-0.24031347119999999
6244770000	0.0372765065000000007	-0.237853888799999996
6244820000	0.0337385127000000007	-0.24054844580000001
6244870000	0.0272515514000000007	-0.240573471499999997
6244920000	0.0258931823999999991	-0.245243929599999994
6244970000	0.0221721845999999986	-0.238796490599999994
6245020000	0.0215908843999999996	-0.241594738599999997
6245070000	0.0174110492999999984	-0.239219623699999995
6245120000	0.0146113874999999997	-0.245710672299999988
6245170000	0.0104844154000000005	-0.24480675930000001
6245220000	0.00756250620000000016	-0.244713467500000004
6245270000	0.00803383950000000069	-0.244847390599999992
6245320000	0.00298119720000000017	-0.241999436900000003
6245370000	-0.00227199059999999998	-0.241676244799999995
6245420000	-0.00875492240000000019	-0.241658860000000003
6245470000	-0.00809422700000000071	-0.244681511200000007
6245520000	-0.0109190572000000003	-0.241857843900000008
6245570000	-0.0166326179999999983	-0.24405899889999999
6245620000	-0.0206395904999999991	-0.237991213600000001
6245670000	-0.0218881905000000015	-0.243654553999999995
6245720000	-0.0249449100000000007	-0.242677478899999993
6245770000	-0.0296146260999999994	-0.243313443800000001
6245820000	-0.0322339208999999974	-0.239480016699999992
6245870000	-0.0326065703999999998	-0.240544670200000005
6245920000	-0.0351813053000000001	-0.242655338999999998
6245970000	-0.0402919672000000006	-0.241848270700000006
6246020000	-0.0426294439000000011	-0.242244805300000005
6246070000	-0.0457457522000000033	-0.241204264599999996
6246120000	-0.0486606551999999998	-0.239053812300000001
6246170000	-0.0550529748000000013	-0.240133208699999989
6246220000	-0.0535615851000000032	-0.238088378600000011
6246270000	-0.0579827693000000005	-0.235541737400000006
6246320000	-0.0612953564000000006	-0.236286350199999995
6246370000	-0.065863150499999995	-0.235801690199999997
6246420000	-0.0694523417000000032	-0.235879286999999993
6246470000	-0.0717076111999999932	-0.232589528200000006
6246520000	-0.0696999586000000004	-0.235698348299999999
6246570000	-0.0742288994000000063	-0.233863820199999989
6246620000	-0.0791274480999999974	-0.231877812600000011
6246670000	-0.0820673061000000009	-0.230685955599999992
6246720000	-0.087710410399999994	-0.230654654999999986
6246770000	-0.0878651126999999976	-0.230085273099999987
6246820000	-0.0910902824999999944	-0.228930544900000005
6246870000	-0.0955190058000000008	-0.229107999499999992
6246920000	-0.0989436650000000001	-0.226013895200000009
6246970000	-0.100963209299999995	-0.227337787099999994
6247020000	-0.104873302700000004	-0.224789794900000006
6247070000	-0.107206933000000004	-0.223546820000000007
6247120000	-0.1141653891	-0.220492883100000009
6247170000	-0.113642661300000003	-0.218221772899999999
6247220000	-0.118906830199999994	-0.215693646699999991
6247270000	-0.119241072000000004	-0.2186486017
6247320000	-0.1187382669	-0.218193243099999989
6247370000	-0.126467147199999991	-0.212907300399999999
6247420000	-0.126828467800000011	-0.211338259199999989
6247470000	-0.131006060400000013	-0.211789753400000003
6247520000	-0.133316828500000012	-0.210115376100000001
6247570000	-0.13866829189999999	-0.208856966100000013
6247620000	-0.136487565799999988	-0.203404383500000008
6247670000	-0.141052523099999993	-0.207473136000000002
6247720000	-0.140847527700000003	-0.199839226799999992
6247770000	-0.145383399100000005	-0.199865153600000012
6247820000	-0.152421901199999987	-0.199924947999999991
6247870000	-0.151701954800000011	-0.194894007600000002
6247920000	-0.152877462900000011	-0.193420380199999992
6247970000	-0.154885163599999987	-0.191579019699999992
6248020000	-0.158237884299999992	-0.188910341199999998
6248070000	-0.160595710199999991	-0.190354789200000013
6248120000	-0.1638258722	-0.18653099170000001
6248170000	-0.167161137099999996	-0.183438433200000001
6248220000	-0.168663406399999993	-0.178311538399999997
6248270000	-0.174949236799999991	-0.180130185599999992
6248320000	-0.174958108499999987	-0.178986182699999996
6248370000	-0.179962591000000005	-0.177341291900000003
6248420000	-0.181553115500000001	-0.171794610900000005
6248470000	-0.174716157499999997	-0.173722393100000011
6248520000	-0.183321723999999991	-0.171848842400000007
6248570000	-0.185558898899999991	-0.169220442400000004
6248620000	-0.186774763099999991	-0.164626428299999988
6248670000	-0.193182830899999991	-0.161107512199999997
6248720000	-0.190711303999999998	-0.161514379099999994
6248770000	-0.192955221300000007	-0.158185599499999996
6248820000	-0.197282717100000005	-0.155817362500000001
6248870000	-0.200408707699999994	-0.150400329199999988
6248920000	-0.199829053000000006	-0.148711271499999992
6248970000	-0.202804958000000007	-0.146882563100000002
6249020000	-0.202437907199999989	-0.143557644699999987
6249070000	-0.206557647300000008	-0.141657636599999998
6249120000	-0.207543491100000005	-0.140477389400000013
6249170000	-0.209661581200000002	-0.13460796450000001
6249220000	-0.212440562199999988	-0.137073325699999998
6249270000	-0.215406699099999988	-0.131950484000000007
6249320000	-0.218315865299999995	-0.125092463600000009
6249370000	-0.216410824899999993	-0.125151805199999994
6249420000	-0.218412331099999996	-0.1230386022
6249470000	-0.217986049500000001	-0.121911470300000005
6249520000	-0.222397653499999987	-0.114147412500000003
6249570000	-0.225453135400000004	-0.110463064400000005
6249620000	-0.225601453499999993	-0.108316167899999996
6249670000	-0.22682160870000001	-0.108828553499999994
6249720000	-0.226388560999999988	-0.104950197800000006
6249770000	-0.229169294800000006	-0.0994458980999999992
6249820000	-0.233204386699999988	-0.098212211100000002
6249870000	-0.234112361399999996	-0.0928490549000000054
6249920000	-0.229953058999999987	-0.0948900931999999975
6249970000	-0.235181461199999997	-0.0925340994
6250020000	-0.235543997799999988	-0.0860563292000000035
6250070000	-0.2389348684	-0.0851633222999999967
6250120000	-0.240197391499999996	-0.0799082759000000059
6250170000	-0.238942276199999998	-0.0784400449000000055
6250220000	-0.241511543500000009	-0.0734489212999999974
6250270000	-0.245132478099999995	-0.0699362059000000064
6250320000	-0.242170068399999994	-0.0675029189000000002
6250370000	-0.242730545200000009	-0.0630825708999999957
6250420000	-0.244810606699999989	-0.0632252638000000006
6250470000	-0.246684607	-0.0543563140999999972
6250520000	-0.248106611000000005	-0.054735096300000001
6250570000	-0.244117703399999997	-0.0533398154999999985
6250620000	-0.250037233099999978	-0.0493721721000000002
6250670000	-0.24520640769999999	-0.0467013505999999967
6250720000	-0.249668180900000009	-0.0410052844000000014
6250770000	-0.251231305700000018	-0.0412563404000000009
6250820000	-0.248987633099999994	-0.0370209229999999972
6250870000	-0.253512058599999979	-0.0350933463000000015
6250920000	-0.251282421400000011	-0.0255112688999999983
6250970000	-0.254587135600000014	-0.0271064568999999991
6251020000	-0.251887848299999995	-0.0226591397000000007
6251070000	-0.253076321400000026	-0.0205432722000000005
6251120000	-0.253619890999999986	-0.0216975335000000012
6251170000	-0.254947195800000026	-0.0152751582999999993
6251220000	-0.252872528799999996	-0.0107897489999999995
6251270000	-0.253799428100000002	-0.00540260660000000011
6251320000	-0.252389287600000012	-0.00547668700000000005
6251370000	-0.255266921699999982	0.000911983199999999959
6251420000	-0.25098693729999999	0.00239012499999999989
6251470000	-0.25358987030000002	0.00551849379999999959
6251520000	-0.249427786799999995	0.00776793269999999977
6251570000	-0.253829374800000007	0.0136001856000000001
6251620000	-0.255598461700000001	0.0188247981999999994
6251670000	-0.254673252800000027	0.0207087367000000008
6251720000	-0.253846336299999975	0.0212664574999999988
6251770000	-0.253728684599999976	0.0278325375000000007
6251820000	-0.249031881099999991	0.0241659083000000004
6251870000	-0.253084105000000004	0.0346479584999999993
6251920000	-0.254850888100000006	0.0394389581999999989
6251970000	-0.247928643400000009	0.0410279492999999981
6252020000	-0.254880243399999984	0.0423905685000000032
6252070000	-0.251869145199999978	0.0494083240999999979
6252120000	-0.249901118700000008	0.0489625242999999974
6252170000	-0.248515083800000008	0.0582378684999999979
6252220000	-0.246862827300000004	0.0583170551000000009
6252270000	-0.24491634000000001	0.058738588500000001
6252320000	-0.24756211010000001	0.0634002761999999942
6252370000	-0.250385135300000006	0.0670492906000000055
6252420000	-0.248348010600000002	0.0684928727999999931
6252470000	-0.246172802100000004	0.0754533010999999948
6252520000	-0.24573975549999999	0.078379417899999998
6252570000	-0.241847508200000005	0.0745945659000000066
6252620000	-0.241259315400000007	0.0819703558000000054
6252670000	-0.2398794863	0.0848916204000000063
6252720000	-0.239286044700000006	0.0922102885000000011
6252770000	-0.240670725199999991	0.0893576063000000032
6252820000	-0.239859713700000005	0.0952050220000000003
6252870000	-0.23589040280000001	0.100559027800000006
6252920000	-0.239840726599999998	0.0991654252999999986
6252970000	-0.234991856199999988	0.102883780600000002
6253020000	-0.23576409579999999	0.107113274600000002
6253070000	-0.232125331500000004	0.107041640499999993
6253120000	-0.233849169299999993	0.112006066799999998
6253170000	-0.2277454109	0.118666937099999995
6253220000	-0.226286238899999992	0.1206256577
6253270000	-0.229283661100000008	0.118642315200000001
6253320000	-0.22466190250000001	0.123452315300000004
6253370000	-0.225457207699999995	0.125919254799999991
6253420000	-0.226265323900000009	0.13089459710000001
6253470000	-0.215865126500000004	0.139268478400000006
6253520000	-0.214216444400000011	0.137055361699999989
6253570000	-0.217639579400000005	0.136689086300000012
6253620000	-0.211949646900000011	0.142145106100000002
6253670000	-0.216639999700000002	0.141674695099999998
6253720000	-0.209744968799999987	0.147064180500000002
6253770000	-0.212791262300000006	0.147621482700000001
6253820000	-0.209116560000000007	0.150730983900000004
6253870000	-0.203508458000000003	0.157157211600000013
6253920000	-0.199889561399999999	0.159100043699999999
6253970000	-0.203292949499999986	0.159525985199999998
6254020000	-0.19622845550000001	0.164386926799999999
6254070000	-0.199380442200000008	0.165727205399999994
6254120000	-0.194979749199999997	0.171343872799999991
6254170000	-0.19024274699999999	0.170460656500000002
6254220000	-0.191760844000000014	0.173639026899999993
6254270000	-0.188248193000000008	0.176777249500000011
6254320000	-0.188703593899999994	0.180158360500000003
6254370000	-0.18433084629999999	0.180727011800000004
6254420000	-0.183632952399999994	0.18161737959999999
6254470000	-0.178130318900000001	0.186121390599999992
6254520000	-0.175238080299999988	0.192427389100000013
6254570000	-0.176341087300000005	0.192925013899999998
6254620000	-0.172342919399999989	0.193022152700000005
6254670000	-0.171802415200000003	0.19554918160000001
6254720000	-0.169088176000000007	0.195306097399999989
6254770000	-0.168359739799999991	0.199869634600000012
6254820000	-0.161730209399999991	0.203836168799999995
6254870000	-0.158464178799999994	0.20506500150000001
6254920000	-0.15570454210000001	0.205608500400000005
6254970000	-0.152982708200000012	0.209402083500000002
6255020000	-0.152080758199999999	0.213730022299999989
6255070000	-0.14431757919999999	0.214560727600000001
6255120000	-0.14608293180000001	0.211541550500000008
6255170000	-0.142640985599999992	0.220137473400000006
6255220000	-0.14193035200000001	0.219391085600000008
6255270000	-0.133555756500000011	0.219073542700000012
6255320000	-0.136785721199999988	0.223121206699999991
6255370000	-0.128435579299999991	0.221043223900000002
6255420000	-0.127030182699999994	0.227530045099999995
6255470000	-0.124963675900000001	0.225761643499999998
6255520000	-0.121956684800000006	0.233247158700000012
6255570000	-0.117689015899999999	0.228755184199999989
6255620000	-0.116381801699999995	0.227491980199999999
6255670000	-0.116255499299999995	0.235898073300000011
6255720000	-0.1101855687	0.234135532600000001
6255770000	-0.103456096400000003	0.237876897899999995
6255820000	-0.102631416500000003	0.240086077600000003
6255870000	-0.102738450199999998	0.238660654999999999
6255920000	-0.0971772812000000069	0.239774348899999989
6255970000	-0.0938614915999999994	0.246137860399999991
6256020000	-0.0927354001999999983	0.24304445529999999
6256070000	-0.0919765622999999949	0.249148530600000001
6256120000	-0.0866573709999999969	0.246971801800000001
6256170000	-0.081455631700000003	0.248824451299999999
6256220000	-0.080177699000000005	0.24843478690000001
6256270000	-0.0730734848999999992	0.251568977699999974
6256320000	-0.0715413064999999987	0.247684345500000014
6256370000	-0.0675695275999999984	0.255273589199999984
6256420000	-0.0641484273000000049	0.248913609899999999
6256470000	-0.0617057233000000011	0.253158928299999975
6256520000	-0.0591646700999999969	0.256336843500000022
6256570000	-0.0539312436999999992	0.259686323399999974
6256620000	-0.0526033325999999968	0.25786800339999999
6256670000	-0.0497306640000000008	0.257038548300000003
6256720000	-0.0466581356999999988	0.257643810600000023
6256770000	-0.0423783728000000012	0.254089392199999986
6256820000	-0.0381554041999999996	0.257419652700000001
6256870000	-0.0375765647999999966	0.259945468499999999
6256920000	-0.0347704333000000004	0.258465571999999977
6256970000	-0.0286465721	0.258465554799999997
6257020000	-0.0233412869000000009	0.261571416999999973
6257070000	-0.0215971847999999987	0.258587822999999994
6257120000	-0.0189626874999999986	0.262497862999999998
6257170000	-0.0146207902000000008	0.262884327799999984
6257220000	-0.00726289930000000028	0.258290482599999982
6257270000	-0.00620180279999999959	0.259428528200000008
6257320000	-0.00485367930000000017	0.26159584629999999
6257370000	-0.00278565949999999996	0.260890303400000023
6257420000	-0.000450111599999999988	0.261010407700000002
6257470000	0.0074660111000000003	0.261200126500000018
6257520000	0.0135268546000000007	0.264394760499999992
6257570000	0.0125452289999999998	0.263269988100000019
6257620000	0.0172623228000000004	0.260528919299999995
6257670000	0.0200286263000000013	0.259651297900000022
6257720000	0.0246020787999999997	0.260181785499999985
6257770000	0.0272274223999999995	0.261261435200000003
6257820000	0.028300207899999999	0.260703889999999994
6257870000	0.0338767306000000018	0.259394192700000026
6257920000	0.0345189534999999978	0.259278000100000017
6257970000	0.040083263299999998	0.256391752799999983
6258020000	0.0413982555000000016	0.261165088699999992
6258070000	0.0451840031000000017	0.258716073599999985
6258120000	0.0506098696999999972	0.257177627299999989
6258170000	0.0513572288000000016	0.253331339499999975
6258220000	0.0575368829000000026	0.254240838400000002
6258270000	0.0585238883000000001	0.257650687300000014
6258320000	0.0670634917999999997	0.256246480499999985
6258370000	0.0650254646999999936	0.252639832499999994
6258420000	0.0698744310999999951	0.251481475899999973
6258470000	0.0737011216999999969	0.251478298900000008
6258520000	0.077908552300000003	0.250884541199999977
6258570000	0.0807514020999999943	0.249564764999999994
6258620000	0.0835965295000000025	0.247014145299999988
6258670000	0.0877703692999999979	0.248356949500000007
6258720000	0.0899766245999999992	0.248779465599999999
6258770000	0.091447610700000001	0.243701330800000004
6258820000	0.0965956317000000036	0.245623414200000001
6258870000	0.0971500686000000002	0.243550867000000004
6258920000	0.100609064799999995	0.241192248800000009
6258970000	0.104689073499999993	0.239091051500000012
6259020000	0.109484665300000006	0.236109219600000003
6259070000	0.1115376597	0.234989831300000007
6259120000	0.116191280300000005	0.234453477800000004
6259170000	0.120917458199999994	0.232682110899999989
6259220000	0.122354046100000002	0.234896113699999992
6259270000	0.122734868799999994	0.230438022100000001
6259320000	0.130333234800000003	0.23364871370000001
6259370000	0.132237423399999998	0.227724957400000011
6259420000	0.132450424600000005	0.228451954499999998
6259470000	0.13696499379999999	0.226789355100000006
6259520000	0.139459413199999993	0.2239502139
6259570000	0.143071947300000002	0.220818887699999994
6259620000	0.144560456300000001	0.220549635999999993
6259670000	0.148087653399999991	0.219701790199999997
6259720000	0.15335224850000001	0.216898577799999992
6259770000	0.154841717999999989	0.21262541909999999
6259820000	0.15517598669999999	0.213700229500000005
6259870000	0.156451749400000006	0.210569366300000005
6259920000	0.159947259700000011	0.206110408899999986
6259970000	0.164119382899999999	0.205702807999999987
6260020000	0.169534380200000001	0.202147661400000012
6260070000	0.16794346269999999	0.203003700600000003
6260120000	0.171121787299999994	0.196318363699999998
6260170000	0.178871136600000008	0.195392446100000006
6260220000	0.176433104000000007	0.195842403899999989
6260270000	0.179583599099999991	0.193556008700000004
6260320000	0.181279908399999995	0.188718201199999991
6260370000	0.184064348999999988	0.189756699000000001
6260420000	0.18570915469999999	0.179983831399999988
6260470000	0.190801523100000009	0.183958616500000005
6260520000	0.194564473999999987	0.18348347000000001
6260570000	0.195392128999999998	0.173362672400000001
6260620000	0.201609484499999991	0.173000318600000008
6260670000	0.19942292519999999	0.175644076700000012
6260720000	0.205500092500000009	0.168047268400000005
6260770000	0.205674206500000012	0.163630350000000008
6260820000	0.204054223099999987	0.164707639500000003
6260870000	0.21036873519999999	0.165363601700000001
6260920000	0.211514976500000007	0.1586615257
