# freq, I e Q
4385803800	0.112161719600000001	-0.282105469200000014
4385823800	0.109872346800000006	-0.284869821500000009
4385843800	0.109192854399999997	-0.287156891199999986
4385863800	0.100303750499999997	-0.283049744400000025
4385883800	0.1053382821	-0.285474528399999983
4385903800	0.105751770600000003	-0.285178493899999996
4385923800	0.105920543199999995	-0.286378821299999975
4385943800	0.0999538761000000053	-0.287142181100000005
4385963800	0.0996255028000000015	-0.283094922699999973
4385983800	0.0977125541000000014	-0.287674890600000011
4386003800	0.0985939143999999962	-0.287393438100000009
4386023800	0.0954109399999999996	-0.286718835999999977
4386043800	0.0908428589000000036	-0.28874493309999999
4386063800	0.0907641909999999941	-0.2906209716
4386083800	0.091040000900000001	-0.290066073599999974
4386103800	0.0879087055000000034	-0.292539227100000021
4386123800	0.0878874214999999931	-0.293323675299999975
4386143800	0.0910491821999999951	-0.293774002300000003
4386163800	0.0849719753000000022	-0.292365503699999973
4386183800	0.0825151519	-0.292344435899999977
4386203800	0.0800070640999999971	-0.295459937499999992
4386223800	0.0803719900999999987	-0.293278559100000003
4386243800	0.0788716009000000051	-0.296248801000000006
4386263800	0.079723264000000002	-0.292327512199999973
4386283800	0.0783693624999999977	-0.296546517299999979
4386303800	0.0748724699000000021	-0.293730786700000024
4386323800	0.0748278940000000059	-0.295751048000000016
4386343800	0.0713957751999999973	-0.299798368799999992
4386363800	0.070887201900000002	-0.298774296100000003
4386383800	0.0677949022000000068	-0.294809884199999983
4386403800	0.067714721399999997	-0.294855300300000012
4386423800	0.0666668772000000021	-0.300359597699999981
4386443800	0.0662599868000000036	-0.294334771699999997
4386463800	0.0601874069999999983	-0.295237382300000017
4386483800	0.060046160799999998	-0.297547379700000003
4386503800	0.0566583852000000013	-0.30098167050000002
4386523800	0.0575782775999999982	-0.300308844500000005
4386543800	0.0514621521999999998	-0.298522968499999986
4386563800	0.053224767499999999	-0.297830121700000006
4386583800	0.0560684101000000004	-0.301714217499999993
4386603800	0.0538915200999999996	-0.302233910200000011
4386623800	0.051448867500000002	-0.300260686599999993
4386643800	0.0482129452000000028	-0.30340148309999998
4386663800	0.0425552034999999995	-0.298403117499999981
4386683800	0.0445551001000000016	-0.301522120599999999
4386703800	0.0446087923999999997	-0.303799216699999985
4386723800	0.0432961825000000022	-0.302719144699999998
4386743800	0.0412705374000000014	-0.30044382460000002
4386763800	0.0392476235000000021	-0.30046744689999999
4386783800	0.0399036576999999976	-0.303907085199999982
4386803800	0.0359639407000000022	-0.304205897100000011
4386823800	0.0348432607000000033	-0.304731670200000027
4386843800	0.0366335181999999995	-0.305686029199999987
4386863800	0.0286229949999999983	-0.304165121500000024
4386883800	0.0302112813000000001	-0.307697744800000006
4386903800	0.0285937133000000003	-0.303141978400000012
4386923800	0.0251341711000000016	-0.304138724000000027
4386943800	0.0248540654	-0.304790835599999976
4386963800	0.0236981924999999996	-0.303017721600000012
4386983800	0.0211963863000000016	-0.306718901799999999
4387003800	0.0205265430000000013	-0.307712539200000024
4387023800	0.0162694869999999991	-0.306736353500000003
4387043800	0.0177261363999999984	-0.303876191100000026
4387063800	0.0147628315999999999	-0.303919341499999995
4387083800	0.0128045777999999996	-0.301977254699999975
4387103800	0.0124933657999999996	-0.307207714999999992
4387123800	0.00840945809999999946	-0.305304842000000021
4387143800	0.0117744862999999995	-0.304478038800000017
4387163800	0.00502578649999999971	-0.304539187099999997
4387183800	0.00872847799999999958	-0.308696670499999992
4387203800	0.0071647302999999999	-0.304719074400000012
4387223800	-0.00195032949999999995	-0.30239966829999998
4387243800	0.00101916830000000009	-0.30791233699999998
4387263800	-0.000313384700000000015	-0.304863057200000009
4387283800	0.000522017900000000036	-0.305886258899999985
4387303800	-0.00639842879999999968	-0.303973116099999996
4387323800	-0.00597924430000000041	-0.303752279999999986
4387343800	-0.00920339249999999921	-0.306852937699999995
4387363800	-0.00871614719999999968	-0.306589572699999979
4387383800	-0.00904393310000000013	-0.305219211699999993
4387403800	-0.00733036209999999959	-0.305418849100000001
4387423800	-0.0117488408999999999	-0.306245642900000004
4387443800	-0.0145214268000000007	-0.309806117499999978
4387463800	-0.0181943071000000012	-0.305047609399999975
4387483800	-0.0169240436000000008	-0.305537412900000027
4387503800	-0.0182781976000000006	-0.306602446299999998
4387523800	-0.0179046871000000003	-0.305906875999999994
4387543800	-0.0219055384000000006	-0.308499922699999984
4387563800	-0.0223107656000000008	-0.308885259099999976
4387583800	-0.0281539498000000013	-0.304901423399999982
4387603800	-0.0269582550000000004	-0.306931096000000014
4387623800	-0.0308307939000000003	-0.306671216299999994
4387643800	-0.0278211015000000006	-0.305990908200000022
4387663800	-0.0303619593999999993	-0.305561449400000018
4387683800	-0.0315647902999999994	-0.306015700800000012
4387703800	-0.0356546311000000005	-0.310731760000000024
4387723800	-0.0357264694999999965	-0.304059986800000015
4387743800	-0.0343471383999999977	-0.304465848500000025
4387763800	-0.039087947900000003	-0.304987503900000012
4387783800	-0.0398770591000000008	-0.303060534300000017
4387803800	-0.0413010545000000034	-0.301989412100000021
4387823800	-0.0392381057999999991	-0.301361537700000015
4387843800	-0.0453093020999999971	-0.301219964100000015
4387863800	-0.0469865110000000016	-0.301402664099999995
4387883800	-0.0465497459000000016	-0.30292879709999998
4387903800	-0.0476991322000000009	-0.304172950300000022
4387923800	-0.0518234512000000022	-0.302284894299999995
4387943800	-0.0517986610000000028	-0.300796016100000008
4387963800	-0.0521608793999999987	-0.304227519900000021
4387983800	-0.0528230837999999966	-0.301924844199999987
4388003800	-0.0576888076000000027	-0.301190455999999995
4388023800	-0.059500789200000001	-0.301424967300000013
4388043800	-0.0643790845000000028	-0.302000239800000014
4388063800	-0.0607156236999999988	-0.297516525699999979
4388083800	-0.0656311507000000016	-0.302236086999999987
4388103800	-0.0654740714000000001	-0.299488491700000026
4388123800	-0.063770766699999995	-0.297747416200000004
4388143800	-0.0665563864999999949	-0.296070591200000011
4388163800	-0.0705263596000000048	-0.298318851200000013
4388183800	-0.0740177689000000028	-0.299650556000000012
4388203800	-0.0675974733999999966	-0.298451187399999984
4388223800	-0.0755822814000000065	-0.298543364600000027
4388243800	-0.0781483216000000008	-0.296311661800000015
4388263800	-0.0769613303000000054	-0.296045398700000018
4388283800	-0.0791609278999999971	-0.297463399899999981
4388303800	-0.0805275825000000001	-0.296835718799999981
4388323800	-0.0793717599999999995	-0.296877995200000022
4388343800	-0.0845718770000000036	-0.297320620400000013
4388363800	-0.086383064999999995	-0.297205138400000013
4388383800	-0.0864115939999999944	-0.29359075979999999
4388403800	-0.085554136899999994	-0.29256928040000002
4388423800	-0.0907353005000000046	-0.291495225999999996
4388443800	-0.0913642306999999931	-0.29487434680000002
4388463800	-0.0936412169999999988	-0.293653788600000021
4388483800	-0.0930619686000000029	-0.296288198499999988
4388503800	-0.0954363471999999935	-0.291191687899999996
4388523800	-0.0958267918000000052	-0.287771984400000014
4388543800	-0.0974264043999999996	-0.292888868099999977
4388563800	-0.099406433200000005	-0.289399061800000024
4388583800	-0.105714530500000001	-0.291762308299999995
4388603800	-0.103737812099999993	-0.291544723000000006
4388623800	-0.107179271300000004	-0.287197611999999991
4388643800	-0.106327322599999996	-0.289675305300000019
4388663800	-0.104860685800000006	-0.290894434099999988
4388683800	-0.110928761599999995	-0.286799612699999984
4388703800	-0.110598795299999997	-0.285460852300000012
4388723800	-0.111916408800000006	-0.287597311199999983
4388743800	-0.112581213799999996	-0.284967875599999976
4388763800	-0.113431502099999998	-0.28191432529999999
4388783800	-0.117321050100000004	-0.283433821400000008
4388803800	-0.117399635500000002	-0.281625561899999988
4388823800	-0.122052677200000001	-0.283901101200000006
4388843800	-0.120059375999999995	-0.285403590599999979
4388863800	-0.121655160299999995	-0.280240919099999986
4388883800	-0.123004245400000004	-0.285301888499999989
4388903800	-0.123889115399999999	-0.279865067799999978
4388923800	-0.126371916000000001	-0.280950116500000013
4388943800	-0.131725794300000004	-0.279663043900000019
4388963800	-0.12804274060000001	-0.28104217250000002
4388983800	-0.127904224399999988	-0.284463706300000008
4389003800	-0.131164286200000008	-0.281239461600000018
4389023800	-0.135621849600000011	-0.275642607900000003
4389043800	-0.134901831899999991	-0.279180819600000019
4389063800	-0.13681177189999999	-0.276915078699999984
4389083800	-0.138496732600000005	-0.278513114499999992
4389103800	-0.135513697900000007	-0.27474958129999999
4389123800	-0.136266455600000003	-0.277915047799999981
4389143800	-0.144751496000000007	-0.272403812299999992
4389163800	-0.141820932099999991	-0.276146046799999989
4389183800	-0.147723763300000005	-0.273041472499999993
4389203800	-0.14551419069999999	-0.269629899900000025
4389223800	-0.147038716799999997	-0.272340251099999986
4389243800	-0.148545198099999998	-0.269114354200000017
4389263800	-0.1492636668	-0.271647308899999995
4389283800	-0.154335649999999991	-0.270493811500000014
4389303800	-0.152208760500000012	-0.269481957699999997
4389323800	-0.154080299899999995	-0.267019247199999976
4389343800	-0.153682956700000012	-0.262501698299999975
4389363800	-0.156645322300000001	-0.266184482700000002
4389383800	-0.157656055099999998	-0.267608881099999973
4389403800	-0.158962339400000013	-0.266844956999999994
4389423800	-0.159729265000000009	-0.26402833349999999
4389443800	-0.160697120199999988	-0.259514195399999981
4389463800	-0.165039424800000001	-0.262497852799999987
4389483800	-0.169968930200000007	-0.262800703700000027
4389503800	-0.165299650900000011	-0.259695770300000017
4389523800	-0.170591582399999997	-0.261273348299999986
4389543800	-0.167871061399999993	-0.257473466500000026
4389563800	-0.173824203700000013	-0.257882945099999983
4389583800	-0.177537340300000013	-0.254536196599999986
4389603800	-0.174999097500000006	-0.25347272970000001
4389623800	-0.171745572799999996	-0.255757590899999998
4389643800	-0.177176403099999991	-0.253693074700000021
4389663800	-0.178190783299999989	-0.250046836300000019
4389683800	-0.178915227099999991	-0.251525936100000014
4389703800	-0.182732769999999989	-0.247636458899999995
4389723800	-0.183301599000000009	-0.247443194599999999
4389743800	-0.184470565100000011	-0.248524009399999996
4389763800	-0.186108802699999992	-0.250369133700000024
4389783800	-0.186590965400000003	-0.246331982000000005
4389803800	-0.18435449470000001	-0.249356011799999999
4389823800	-0.189775337500000002	-0.248852552700000007
4389843800	-0.189682480900000006	-0.2462272878
4389863800	-0.188172310499999995	-0.244142614499999994
4389883800	-0.192764166399999992	-0.244924269100000008
4389903800	-0.194152299899999992	-0.239304372300000012
4389923800	-0.195329886199999997	-0.242473394799999992
4389943800	-0.196589238899999991	-0.23816352360000001
4389963800	-0.194443460099999993	-0.239000100699999996
4389983800	-0.200577730700000012	-0.238269215600000001
4390003800	-0.196693338899999987	-0.235582969899999994
4390023800	-0.201831080800000007	-0.233874005699999998
4390043800	-0.201908655500000006	-0.233801986600000011
4390063800	-0.202653740199999988	-0.2305526678
4390083800	-0.204112364600000012	-0.232836218700000014
4390103800	-0.203166090299999991	-0.229743162299999998
4390123800	-0.207824621300000012	-0.228835952000000009
4390143800	-0.210782188399999987	-0.228218768099999997
4390163800	-0.207778913300000007	-0.228584860700000003
4390183800	-0.211149982399999991	-0.22423926990000001
4390203800	-0.209301999300000013	-0.2244295496
4390223800	-0.211009943199999994	-0.224324576500000011
4390243800	-0.216990570599999988	-0.2279070859
4390263800	-0.217597123199999992	-0.220451730099999993
4390283800	-0.215702255300000006	-0.221482069599999998
4390303800	-0.216181796799999992	-0.221894276700000004
4390323800	-0.2201530451	-0.217088075800000002
4390343800	-0.218909861700000014	-0.217147996799999993
4390363800	-0.2232892286	-0.217060766200000005
4390383800	-0.221803413700000007	-0.218383914799999995
4390403800	-0.224551487999999994	-0.216094914299999996
4390423800	-0.222271077499999997	-0.212563485100000005
4390443800	-0.2268213694	-0.210830319099999997
4390463800	-0.228933585899999986	-0.209434093500000001
4390483800	-0.231193738900000001	-0.209943996299999991
4390503800	-0.225191510499999997	-0.211719826800000011
4390523800	-0.231651649099999996	-0.207135145599999987
4390543800	-0.229828412300000007	-0.209034562199999996
4390563800	-0.232117843200000007	-0.206919098200000012
4390583800	-0.233414067100000011	-0.205562040700000004
4390603800	-0.234745839099999992	-0.202931374599999992
4390623800	-0.235369869399999987	-0.202091979199999994
4390643800	-0.238964238299999993	-0.200040649300000012
4390663800	-0.236701794399999998	-0.200649638399999997
4390683800	-0.240219946099999998	-0.196580536599999994
4390703800	-0.239525728999999993	-0.195581342299999988
4390723800	-0.243828912199999998	-0.196305299699999991
4390743800	-0.240409416900000006	-0.1935663735
4390763800	-0.242904192699999993	-0.194528763100000002
4390783800	-0.244992125899999996	-0.187728708800000005
4390803800	-0.244643026799999996	-0.189832090099999989
4390823800	-0.245368504399999993	-0.186258162199999994
4390843800	-0.245213655199999991	-0.18711499270000001
4390863800	-0.243961707700000002	-0.186986223499999993
4390883800	-0.248552951800000005	-0.183468284000000009
4390903800	-0.253608427500000011	-0.184396614699999989
4390923800	-0.249553340499999998	-0.182891861999999988
4390943800	-0.250649210000000011	-0.181782325699999997
4390963800	-0.253766817199999994	-0.180396603799999999
4390983800	-0.255602143000000004	-0.176501343899999996
4391003800	-0.254365530800000017	-0.175297906799999986
4391023800	-0.257082368000000006	-0.175461597100000005
4391043800	-0.25590323650000002	-0.178525862400000013
4391063800	-0.258450498600000023	-0.17158452569999999
4391083800	-0.260905457299999977	-0.173509591399999996
4391103800	-0.259803209699999982	-0.169731482900000008
4391123800	-0.258703612500000013	-0.169692594400000007
4391143800	-0.258616637099999991	-0.171483666000000007
4391163800	-0.261319927299999977	-0.166471333599999993
4391183800	-0.262836045899999982	-0.167111833099999996
4391203800	-0.261599001100000006	-0.167911884600000005
4391223800	-0.264474406900000014	-0.164627554399999987
4391243800	-0.265376471200000019	-0.161157496300000008
4391263800	-0.267145682200000012	-0.160673170599999998
4391283800	-0.267264728600000001	-0.1615633078
4391303800	-0.26927595230000001	-0.155420363799999989
4391323800	-0.266818900099999978	-0.156386416800000011
4391343800	-0.270603812300000024	-0.154702107000000005
4391363800	-0.271191926699999974	-0.151610664099999987
4391383800	-0.271044553399999999	-0.148299372799999996
4391403800	-0.271424756200000006	-0.150146016500000007
4391423800	-0.271232307800000016	-0.149918727800000012
4391443800	-0.27071972900000002	-0.14842807890000001
4391463800	-0.271842468999999975	-0.145865392499999996
4391483800	-0.275488530200000026	-0.143738589700000002
4391503800	-0.276575013599999975	-0.14363481589999999
4391523800	-0.276783769899999976	-0.141619343300000006
4391543800	-0.277262396099999975	-0.140405325500000011
4391563800	-0.280988731300000016	-0.140993358499999999
4391583800	-0.27921237240000002	-0.138679480699999996
4391603800	-0.278768061000000011	-0.132234366200000009
4391623800	-0.281919009599999992	-0.133500747000000003
4391643800	-0.279881226599999977	-0.134146078800000013
4391663800	-0.281449682899999998	-0.133057160400000013
4391683800	-0.280628767700000004	-0.130787825699999999
4391703800	-0.282167322900000017	-0.127898140299999991
4391723800	-0.28736896340000001	-0.129992485299999988
4391743800	-0.283409958299999987	-0.124653107200000002
4391763800	-0.283121190600000017	-0.123849640400000002
4391783800	-0.282480453199999981	-0.123776677500000001
4391803800	-0.28724041979999998	-0.123095616500000005
4391823800	-0.288303222999999997	-0.120201651199999995
4391843800	-0.288972618100000023	-0.116986536799999999
4391863800	-0.292744786699999981	-0.118016710100000005
4391883800	-0.289161434699999997	-0.116059372600000002
4391903800	-0.292643921799999984	-0.113350808600000005
4391923800	-0.288526645699999973	-0.1162576211
4391943800	-0.289805211499999993	-0.111385846299999994
4391963800	-0.293876241300000007	-0.109175821199999995
4391983800	-0.296065698400000021	-0.111344044099999998
4392003800	-0.294924158699999994	-0.104895942800000003
4392023800	-0.294919661700000002	-0.102739832099999998
4392043800	-0.294350130300000012	-0.102738476400000001
4392063800	-0.292905290400000018	-0.103513213000000007
4392083800	-0.290667594600000023	-0.0988205476999999971
4392103800	-0.297769945599999974	-0.0966187881000000054
4392123800	-0.298290213500000012	-0.0979726603000000001
4392143800	-0.297326007299999973	-0.0931703393000000019
4392163800	-0.298617315300000019	-0.0926092808999999934
4392183800	-0.298889545099999987	-0.0926207369000000003
4392203800	-0.299254249000000028	-0.0919004900999999957
4392223800	-0.300519953100000015	-0.0910520543000000043
4392243800	-0.299497126100000011	-0.0889487573000000004
4392263800	-0.300888425500000001	-0.0844399469000000069
4392283800	-0.300766632300000003	-0.085056354400000006
4392303800	-0.297805823199999986	-0.0826401764000000011
4392323800	-0.2990613721	-0.0829855993999999986
4392343800	-0.305148623999999979	-0.0794688788000000035
4392363800	-0.297982758999999986	-0.0796703819000000035
4392383800	-0.301114216300000015	-0.0762655150000000059
4392403800	-0.302708923299999988	-0.0782142244000000042
4392423800	-0.306970236100000016	-0.070090684200000003
4392443800	-0.301937573600000009	-0.0723801860999999935
4392463800	-0.304643938399999981	-0.0742377158000000065
4392483800	-0.302500300900000019	-0.0706854145999999961
4392503800	-0.306305411999999999	-0.066545938299999996
4392523800	-0.305092552100000025	-0.0684022873000000031
4392543800	-0.305886435000000012	-0.0644714648000000029
4392563800	-0.305830380499999999	-0.0626529737999999975
4392583800	-0.305528941100000007	-0.0602966072999999991
4392603800	-0.305095930299999984	-0.0612549644000000004
4392623800	-0.302356884800000003	-0.0561324698000000011
4392643800	-0.306569422099999989	-0.0543397846999999976
4392663800	-0.308751919699999988	-0.0547907554000000019
4392683800	-0.307558476700000027	-0.0566335271999999987
4392703800	-0.307832109600000015	-0.0504104078000000011
4392723800	-0.312022903700000021	-0.0487946875999999974
4392743800	-0.305060637199999984	-0.0482127899999999984
4392763800	-0.307341269099999981	-0.0452408527000000005
4392783800	-0.30959605309999999	-0.0484778634000000014
4392803800	-0.310515109700000014	-0.0383598370000000008
4392823800	-0.308311526999999974	-0.0416116448
4392843800	-0.3091629501	-0.0412679156000000033
4392863800	-0.312433710500000017	-0.0384602948999999972
4392883800	-0.312378010099999992	-0.037866772299999997
4392903800	-0.30998922299999998	-0.0367134544999999993
4392923800	-0.311124231500000015	-0.0338213954000000025
4392943800	-0.309807419199999989	-0.0314873613000000024
4392963800	-0.313148791400000015	-0.0307293299000000013
4392983800	-0.310903008199999997	-0.0272183359000000014
4393003800	-0.311537932899999981	-0.028201476100000001
4393023800	-0.311790127099999981	-0.0224603653
4393043800	-0.30944670299999999	-0.0232657317000000002
4393063800	-0.309523659100000015	-0.021121226600000001
4393083800	-0.310364559200000001	-0.0206829044000000004
4393103800	-0.313137550799999997	-0.0220342538000000004
4393123800	-0.309349591400000012	-0.0155282557999999998
4393143800	-0.314402849699999987	-0.0154504489999999998
4393163800	-0.311017341499999989	-0.0161222611000000002
4393183800	-0.310817003300000005	-0.00905564309999999997
4393203800	-0.313672842499999993	-0.00865181559999999954
4393223800	-0.313508594400000007	-0.0102280689999999994
4393243800	-0.310344433699999978	-0.00573579329999999998
4393263800	-0.313107716400000013	-0.00755825170000000001
4393283800	-0.312978802200000017	-0.00492519639999999988
4393303800	-0.313224385200000011	-0.00213111739999999978
4393323800	-0.313556653700000021	4.44496000000000021e-05
4393343800	-0.312416883400000012	0.00328225609999999992
4393363800	-0.311785523600000003	0.00490785739999999998
4393383800	-0.311865854300000023	0.00452738099999999959
4393403800	-0.309870050200000025	0.00582061630000000035
4393423800	-0.312828572500000013	0.0088296838999999995
4393443800	-0.309674275200000015	0.00783440629999999916
4393463800	-0.31559137009999999	0.0139726775000000008
4393483800	-0.310249239899999973	0.0166691991999999983
4393503800	-0.312617941600000004	0.0149036541999999998
4393523800	-0.31073348839999998	0.0147319693999999994
4393543800	-0.310530362200000021	0.0220483762000000007
4393563800	-0.313474179700000022	0.0201774480999999985
4393583800	-0.308146491600000016	0.0207602435000000009
4393603800	-0.314229294900000011	0.0224436122000000009
4393623800	-0.311730041299999983	0.0231621307999999998
4393643800	-0.308507628400000011	0.0299430237000000016
4393663800	-0.312554785000000002	0.0281171500000000005
4393683800	-0.309709795499999996	0.0324822452000000025
4393703800	-0.313522602400000017	0.0344849592999999996
4393723800	-0.313522997299999995	0.0285247885999999999
4393743800	-0.307922639100000006	0.0353928640999999974
4393763800	-0.310805944700000003	0.0371769166999999998
4393783800	-0.31065841700000002	0.0390615133000000031
4393803800	-0.310899723700000019	0.0426106445000000028
4393823800	-0.312112026699999989	0.0392666460999999967
4393843800	-0.309183587500000023	0.044536598400000002
4393863800	-0.313776670500000021	0.0455615788999999966
4393883800	-0.309692271700000021	0.0477531252000000031
4393903800	-0.308159768000000001	0.0490901187999999988
4393923800	-0.309580330899999978	0.051166615399999997
4393943800	-0.304746457000000026	0.051478454600000001
4393963800	-0.309088241799999996	0.0559053410999999986
4393983800	-0.306255367300000025	0.056587493400000001
4394003800	-0.306870880299999982	0.0575765053999999984
4394023800	-0.306359156700000024	0.0616674609999999998
4394043800	-0.300066237700000016	0.0624892906999999984
4394063800	-0.309660733899999985	0.063560922899999997
4394083800	-0.304359275699999987	0.0639148659000000063
4394103800	-0.304924713299999983	0.0682708099000000068
4394123800	-0.307042376800000016	0.069558001499999994
4394143800	-0.305485383200000016	0.0726348804000000042
4394163800	-0.302745777400000027	0.0698898399000000004
4394183800	-0.300221019400000011	0.0737250393999999976
4394203800	-0.301258700900000009	0.0795573846000000029
4394223800	-0.302023043599999985	0.0782128623999999995
4394243800	-0.299163727599999985	0.0824249736000000066
4394263800	-0.300052418400000021	0.0831614797999999933
4394283800	-0.301923601400000019	0.0799566450000000067
4394303800	-0.301696895099999973	0.081003904099999996
4394323800	-0.298850056099999983	0.0876190837000000028
4394343800	-0.301978670000000005	0.0891711069000000051
4394363800	-0.29839703820000002	0.0889357654999999997
4394383800	-0.299627344799999973	0.0925439299000000021
4394403800	-0.299696765699999979	0.0939580343000000068
4394423800	-0.296666136299999994	0.0956862487999999983
4394443800	-0.297627794300000026	0.0963331969999999954
4394463800	-0.297489859400000001	0.0959988637000000061
4394483800	-0.295352168799999981	0.100438391200000005
4394503800	-0.295009552399999986	0.101434391200000001
4394523800	-0.294932293899999975	0.104314206899999998
4394543800	-0.293769125199999981	0.109023067700000004
4394563800	-0.294708184599999978	0.107066488500000001
4394583800	-0.291370401000000001	0.110894709699999996
4394603800	-0.291619864999999978	0.109135480000000007
4394623800	-0.289857038800000022	0.115792051800000004
4394643800	-0.290680451399999984	0.114979407300000003
4394663800	-0.291911096199999998	0.117207938400000003
4394683800	-0.288767882199999992	0.113839780799999998
4394703800	-0.28582805389999999	0.119233582599999999
4394723800	-0.287530996400000016	0.122552531100000001
4394743800	-0.288422330999999976	0.126635739100000005
4394763800	-0.285590919499999984	0.127115729600000005
4394783800	-0.287757211199999974	0.127843206300000012
4394803800	-0.283342670600000013	0.129529700899999989
4394823800	-0.28022073879999998	0.132101197899999995
4394843800	-0.284117390500000011	0.132034518299999987
4394863800	-0.282245949800000007	0.136493049799999988
4394883800	-0.277584058899999986	0.138631396600000012
4394903800	-0.278194571900000021	0.13765906650000001
4394923800	-0.279181243899999987	0.13839455140000001
4394943800	-0.276854622599999989	0.14363110409999999
4394963800	-0.276393653700000019	0.142341139199999994
4394983800	-0.274056812500000024	0.146298690199999998
4395003800	-0.269559797800000001	0.147365700999999988
4395023800	-0.271822278600000022	0.152416012999999989
4395043800	-0.269886704899999996	0.151979044099999988
4395063800	-0.269083585299999983	0.152593595599999993
4395083800	-0.266833740099999994	0.156305453600000005
4395103800	-0.266437041200000002	0.161197984900000008
4395123800	-0.265915196999999992	0.162493068099999999
4395143800	-0.263390316399999991	0.164438834300000003
4395163800	-0.261648038500000013	0.164925320699999989
4395183800	-0.259462757599999982	0.169057526099999994
4395203800	-0.254220358899999999	0.16918540239999999
4395223800	-0.256339067799999987	0.1726474167
4395243800	-0.252284517699999988	0.173341566899999994
4395263800	-0.250960032	0.176452130000000013
4395283800	-0.250334563600000004	0.180143369899999989
4395303800	-0.248617547800000005	0.179096380100000008
4395323800	-0.242726669300000003	0.182812387500000006
4395343800	-0.242500388000000011	0.1840159663
4395363800	-0.238593551099999995	0.184887595900000007
4395383800	-0.235615371299999987	0.194913716099999995
4395403800	-0.233603599100000003	0.191594194500000009
4395423800	-0.22637827290000001	0.194654846100000001
4395443800	-0.225835020299999994	0.19972857229999999
4395463800	-0.223326456199999995	0.2012057451
4395483800	-0.215975895000000001	0.203106492400000005
4395503800	-0.213276293000000006	0.201678922900000002
4395523800	-0.202302996699999987	0.209486649200000014
4395543800	-0.198332213600000001	0.211601450299999994
4395563800	-0.1937117961	0.211228503099999992
4395583800	-0.181931465799999997	0.216923982900000006
4395603800	-0.175428127900000008	0.214321457999999992
4395623800	-0.161609462399999987	0.219464984400000007
4395643800	-0.153465189899999993	0.212364453600000003
4395663800	-0.138344370800000005	0.210412183199999991
4395683800	-0.125353266200000008	0.208024992200000008
4395703800	-0.108488017500000006	0.196306069500000013
4395723800	-0.0923048035000000044	0.183692698900000007
4395743800	-0.0796518345999999988	0.165408883700000009
4395763800	-0.0705592139000000007	0.138905539900000013
4395783800	-0.0718955517999999988	0.112319130700000006
4395803800	-0.0747808462999999951	0.0761654194999999978
4395823800	-0.0942332178999999992	0.0499996175999999973
4395843800	-0.119082633399999999	0.0367868833000000034
4395863800	-0.142119053599999989	0.0261350290999999985
4395883800	-0.169207909399999995	0.0245867089000000004
4395903800	-0.192618029999999996	0.027787533100000001
4395923800	-0.209028377900000006	0.0361781653999999966
4395943800	-0.2239283148	0.0417473521999999972
4395963800	-0.236474296	0.0571898117000000025
4395983800	-0.242242152900000007	0.0640620001999999966
4396003800	-0.249302922799999993	0.0755420775999999933
4396023800	-0.251956975400000005	0.0833264558999999988
4396043800	-0.257803497200000009	0.0891295200000000037
4396063800	-0.257561934100000001	0.100388134800000001
4396083800	-0.258503740199999998	0.105107634500000005
4396103800	-0.261738621100000013	0.1140691229
4396123800	-0.256004638399999984	0.120039600799999993
4396143800	-0.262653323200000011	0.128720235399999994
4396163800	-0.261689834499999996	0.131329616300000007
4396183800	-0.262897700499999998	0.136263243099999987
4396203800	-0.2603163899	0.143059503100000013
4396223800	-0.257586423600000003	0.148902369700000009
4396243800	-0.257787930399999976	0.149349646400000008
4396263800	-0.254480491199999992	0.153324224799999992
4396283800	-0.256459851100000025	0.157782556399999996
4396303800	-0.256950857799999988	0.161293056800000001
4396323800	-0.249584018299999988	0.165040199500000012
4396343800	-0.252107136600000004	0.169010034000000003
4396363800	-0.253216904700000023	0.170370188199999995
4396383800	-0.251819335300000002	0.172487153100000012
4396403800	-0.24755033609999999	0.176414891200000007
4396423800	-0.245727862500000005	0.176783797599999987
4396443800	-0.244511732499999995	0.181439049600000013
4396463800	-0.244218911499999997	0.180508582100000009
4396483800	-0.244853951300000011	0.187020659300000003
4396503800	-0.242270900000000011	0.185782409900000001
4396523800	-0.242549267499999999	0.186734205699999989
4396543800	-0.238479234099999993	0.190895386400000006
4396563800	-0.234353031299999987	0.190174589000000005
4396583800	-0.236970161799999995	0.197979824599999993
4396603800	-0.234014869099999995	0.196725436100000012
4396623800	-0.231726623699999995	0.2001394487
4396643800	-0.234420900999999987	0.20027779670000001
4396663800	-0.231718645299999998	0.204621548300000011
4396683800	-0.234200534900000007	0.207104050799999995
4396703800	-0.229657136300000009	0.208045919999999995
4396723800	-0.224492150499999987	0.210942103600000014
4396743800	-0.226234234000000006	0.212548768100000007
4396763800	-0.2266194812	0.211966174899999998
4396783800	-0.226772966900000011	0.212216244299999995
4396803800	-0.218391265400000006	0.216108496700000013
4396823800	-0.219408335900000001	0.216406594300000005
4396843800	-0.219284513600000008	0.223149716500000012
4396863800	-0.219017564999999997	0.222104370899999987
4396883800	-0.216012772800000002	0.219875112499999997
4396903800	-0.217525816600000005	0.223935358400000006
4396923800	-0.214423209899999995	0.224713695600000013
4396943800	-0.210540716600000011	0.226209561799999986
4396963800	-0.208939833999999991	0.227987701099999995
4396983800	-0.20888761019999999	0.226588094200000006
4397003800	-0.207416497700000008	0.22803974560000001
4397023800	-0.208913928800000009	0.233463297200000003
4397043800	-0.206543566200000001	0.229620038400000004
4397063800	-0.203122661600000004	0.23632350190000001
4397083800	-0.202734432200000009	0.237093805200000007
4397103800	-0.20274266560000001	0.23941603580000001
4397123800	-0.197098069099999995	0.238530775800000011
4397143800	-0.195548488100000001	0.237803638399999989
4397163800	-0.195153307800000009	0.240096279500000009
4397183800	-0.199598236300000009	0.240910428799999993
4397203800	-0.196535930999999997	0.242746340899999996
4397223800	-0.1932945841	0.241528353100000009
4397243800	-0.189775895299999997	0.246816004300000003
4397263800	-0.187772762199999999	0.246022807099999991
4397283800	-0.191482796799999994	0.249439803999999987
4397303800	-0.187836460099999991	0.246378017700000007
4397323800	-0.186041690799999992	0.249584504600000007
4397343800	-0.183617262400000009	0.251941029799999994
4397363800	-0.1850755704	0.253547740700000024
4397383800	-0.178099435899999992	0.255285970500000015
4397403800	-0.17756987099999999	0.256372630900000009
4397423800	-0.177530782299999995	0.258604381400000027
4397443800	-0.173006645300000012	0.253892244599999983
4397463800	-0.176818275500000011	0.259114728800000027
4397483800	-0.173804706100000012	0.258957718900000022
4397503800	-0.169859539899999995	0.258949838799999998
4397523800	-0.171496704999999999	0.261469584799999988
4397543800	-0.168561828699999999	0.259581893000000008
4397563800	-0.169353206899999997	0.260438176299999991
4397583800	-0.169660330100000006	0.264706730800000012
4397603800	-0.166563022499999991	0.263611191899999986
4397623800	-0.162038183499999988	0.263114611900000017
4397643800	-0.162749292099999998	0.266110826600000017
4397663800	-0.162687770399999987	0.266253237699999978
4397683800	-0.158230111000000007	0.267872529500000012
4397703800	-0.162521982499999995	0.264256045399999973
4397723800	-0.158193314400000007	0.2705062144
4397743800	-0.153783220899999989	0.274307450800000019
4397763800	-0.151968630699999996	0.269369430099999974
4397783800	-0.152764455699999996	0.272330255799999976
4397803800	-0.152450836799999989	0.270807430800000026
4397823800	-0.150165941500000011	0.271944618299999996
4397843800	-0.147734004800000013	0.273518566600000013
4397863800	-0.144266573499999995	0.276959432299999975
4397883800	-0.143878929399999994	0.277774183200000024
4397903800	-0.140470228899999994	0.277067195699999991
4397923800	-0.142665682399999993	0.280915623700000006
4397943800	-0.135867024800000014	0.280413892599999992
4397963800	-0.137041995199999989	0.279015993199999979
4397983800	-0.1342391691	0.277275577499999981
4398003800	-0.134290864700000012	0.278118686700000006
4398023800	-0.134088191400000001	0.278640116599999987
4398043800	-0.133584963700000003	0.281017206999999991
4398063800	-0.129115855700000004	0.283875054299999985
4398083800	-0.128309074999999995	0.28235183060000002
4398103800	-0.125091651400000003	0.283280763800000002
4398123800	-0.127928916300000001	0.285065150599999984
4398143800	-0.124969879000000006	0.285857870700000016
4398163800	-0.123190864400000002	0.287599990600000022
4398183800	-0.121324380199999998	0.287372691000000013
4398203800	-0.121774036200000005	0.285727446499999982
4398223800	-0.117341826400000002	0.287013225500000024
4398243800	-0.115586338999999996	0.287507681700000017
4398263800	-0.111967392299999996	0.291771690699999975
4398283800	-0.1113215127	0.294242364799999989
4398303800	-0.114289203399999997	0.290150767199999993
4398323800	-0.109137425900000001	0.291559188999999996
4398343800	-0.108116859800000006	0.291748937900000005
4398363800	-0.106409512499999998	0.290729752399999986
4398383800	-0.108585628599999998	0.297297847999999976
4398403800	-0.103185393400000006	0.294779722700000024
4398423800	-0.106914189699999995	0.294741181600000013
4398443800	-0.0996486783000000015	0.297138557799999981
4398463800	-0.0977535157000000016	0.295893842899999981
4398483800	-0.0984917374000000012	0.298196226100000017
4398503800	-0.0993022135	0.292339592599999976
4398523800	-0.0958257936999999949	0.295657404100000021
4398543800	-0.0930391195000000032	0.294838946800000001
4398563800	-0.0871667468000000001	0.298605483100000013
4398583800	-0.0889078026999999965	0.297672800299999984
4398603800	-0.0867697417999999943	0.301177526899999992
4398623800	-0.0862222059000000013	0.304805397300000003
4398643800	-0.0821419325000000006	0.298040886100000013
4398663800	-0.0829242505000000046	0.301160269300000005
4398683800	-0.078501216400000004	0.301210521499999995
4398703800	-0.0835116312999999999	0.302126877199999977
4398723800	-0.0797293845999999945	0.299556176600000001
4398743800	-0.0743746505000000002	0.301221232900000024
4398763800	-0.0787297171999999934	0.302946595699999988
4398783800	-0.0724694845000000004	0.305677374200000018
4398803800	-0.0726517188000000008	0.304435245399999999
4398823800	-0.0674887359999999936	0.301598677599999976
4398843800	-0.0707848447999999963	0.3035421539
4398863800	-0.068903300400000006	0.306174304399999986
4398883800	-0.0649284487999999965	0.309353774299999995
4398903800	-0.0618358612000000016	0.305409934699999996
4398923800	-0.0608973494000000018	0.305497349099999982
4398943800	-0.0597935427000000005	0.303812037300000004
4398963800	-0.0574254152999999976	0.30506312590000001
4398983800	-0.0604596677999999985	0.304184855199999993
4399003800	-0.0568002914000000012	0.305846530299999975
4399023800	-0.0541314320000000002	0.308925523599999974
4399043800	-0.0484387221999999992	0.304693717099999983
4399063800	-0.0532573141000000014	0.308541253600000009
4399083800	-0.0486634671000000033	0.30415658000000001
4399103800	-0.0489734879000000012	0.309314277099999979
4399123800	-0.0420875333000000004	0.310588411399999986
4399143800	-0.0456932790999999977	0.307502318699999999
4399163800	-0.0431754501999999998	0.310349865200000019
4399183800	-0.0381680740000000032	0.305514267499999992
4399203800	-0.0419333651000000016	0.309024937499999985
4399223800	-0.040049654300000001	0.30619886070000002
4399243800	-0.0363330513999999966	0.306969948400000026
4399263800	-0.0324731023000000008	0.307096543900000019
4399283800	-0.0315840583999999966	0.313649574099999995
4399303800	-0.034343618200000002	0.313493587100000026
4399323800	-0.0300912807000000004	0.310882366799999976
4399343800	-0.0253117162999999985	0.310483114100000013
4399363800	-0.0245099042000000017	0.31130665099999999
4399383800	-0.0237935792999999993	0.310104570899999987
4399403800	-0.0275775733999999995	0.308037730200000026
4399423800	-0.0209312229000000009	0.311401599899999992
4399443800	-0.0228370308999999994	0.315097598099999987
4399463800	-0.0232404397999999984	0.310348252499999977
4399483800	-0.0222750690999999994	0.309731501600000014
4399503800	-0.0148199569999999999	0.313909078299999977
4399523800	-0.0137896999000000006	0.311518486400000016
4399543800	-0.0141115506999999994	0.313811211099999987
4399563800	-0.0073380753999999996	0.312341307199999973
4399583800	-0.00642907890000000027	0.313681419399999994
4399603800	-0.00989915719999999964	0.309237318300000008
4399623800	-0.00776263319999999975	0.313515843700000019
4399643800	-0.00268151700000000002	0.313002280199999983
4399663800	-0.00461322390000000037	0.311742222100000022
4399683800	-0.00179757589999999991	0.313697115099999979
4399703800	0.00194159590000000004	0.314767626999999994
4399723800	-0.000583813899999999957	0.307209144200000006
4399743800	0.00640084449999999989	0.311868028399999997
4399763800	0.0056988815	0.312476390900000012
4399783800	0.0083076112000000004	0.312247402200000024
4399803800	0.00667094449999999957	0.314687056000000021
4399823800	0.00968947109999999945	0.314426102099999993
4399843800	0.0150906597	0.311600737700000019
4399863800	0.0151072111000000002	0.312974156999999975
4399883800	0.0147160189000000007	0.312320324500000024
4399903800	0.0201121756999999984	0.311804241799999993
4399923800	0.0204075036000000015	0.311445226999999991
4399943800	0.0215217317999999991	0.315084539699999999
4399963800	0.0183513657000000004	0.309875706299999998
4399983800	0.0248038211000000015	0.306972023500000024
4400003800	0.0260205407000000007	0.312397060999999976
4400023800	0.0283803310000000017	0.308225525499999986
4400043800	0.0275590570999999993	0.312622835599999982
4400063800	0.0278757586000000016	0.310071084699999999
4400083800	0.0308631597000000001	0.311685326400000018
4400103800	0.0347831940999999978	0.310864161799999983
4400123800	0.0380621064999999981	0.313139200299999976
4400143800	0.0363100908	0.310702138100000025
4400163800	0.0410457138000000013	0.311532227699999997
4400183800	0.0399649368999999977	0.309185820399999978
4400203800	0.0440155669999999985	0.308135085699999978
4400223800	0.0426792180999999993	0.310963259499999978
4400243800	0.047251599200000001	0.309696528999999998
4400263800	0.0441464385999999973	0.307227637300000023
4400283800	0.0468010321000000007	0.309149469399999988
4400303800	0.045717216300000002	0.305100116300000002
4400323800	0.0529758426000000032	0.308618417899999997
4400343800	0.0476643486000000033	0.307686045299999988
4400363800	0.0513970927000000008	0.304337075299999982
4400383800	0.055012783400000001	0.310110963000000017
4400403800	0.0603665279000000013	0.306300720999999998
4400423800	0.0577977889000000009	0.306029785399999976
4400443800	0.0556160643999999982	0.306214889900000009
4400463800	0.0610790415000000003	0.309652737399999989
4400483800	0.0629951745999999951	0.304837212099999977
4400503800	0.0634541232999999982	0.303184001799999991
4400523800	0.0674772101999999985	0.306474929000000007
4400543800	0.0689566003000000038	0.303801726300000019
4400563800	0.0692541435000000039	0.304933921900000016
4400583800	0.0730925381000000068	0.304382723399999999
4400603800	0.0719614930000000014	0.304392121000000015
4400623800	0.0732663786000000011	0.305613309499999986
4400643800	0.0747332143000000032	0.30411831039999998
4400663800	0.0796629732000000007	0.305576944500000003
4400683800	0.0794470208999999983	0.302505407999999976
4400703800	0.0792052966999999969	0.302660496100000009
4400723800	0.0788037327000000037	0.3025741495
4400743800	0.082158536500000004	0.300169061000000015
4400763800	0.0869158000999999958	0.303857261400000023
4400783800	0.0854342869999999976	0.301314136800000021
4400803800	0.0897155560999999963	0.301861441499999994
4400823800	0.0887851523999999975	0.296184591900000016
4400843800	0.0894854964999999974	0.298800487399999981
4400863800	0.0930933377000000006	0.297149323099999974
4400883800	0.0945582117000000055	0.298412981000000022
4400903800	0.0942038602999999974	0.297721519699999992
4400923800	0.098566214499999999	0.295828084499999977
4400943800	0.0995978064000000024	0.295711000900000021
4400963800	0.101550498500000003	0.297268515800000022
4400983800	0.100425999099999996	0.296220414200000004
4401003800	0.106812651600000003	0.29274171240000002
4401023800	0.103163404799999997	0.294591100200000011
4401043800	0.106481957799999999	0.294322925000000013
4401063800	0.107229643499999999	0.292135074599999989
4401083800	0.106513071799999998	0.294774066800000012
4401103800	0.109900551900000004	0.293082369299999979
4401123800	0.109567351600000001	0.292050920200000008
4401143800	0.116594063499999998	0.292589631800000027
4401163800	0.114182050399999999	0.289717038099999991
4401183800	0.117421227399999994	0.290141615399999997
4401203800	0.118731656899999996	0.289979839000000017
4401223800	0.118644885000000005	0.287943212399999982
4401243800	0.120084024600000006	0.289815109800000026
4401263800	0.126010728799999999	0.287495478999999998
4401283800	0.121778427699999997	0.284927074499999988
4401303800	0.124867685899999997	0.286725207199999998
4401323800	0.132589920999999999	0.284923683599999977
4401343800	0.130526952499999988	0.280791402500000009
4401363800	0.132150949600000012	0.282651153400000021
4401383800	0.131385556799999997	0.283486307200000009
4401403800	0.131145973400000004	0.282097956300000008
4401423800	0.1320689575	0.282487360399999998
4401443800	0.135028409399999993	0.281729686099999987
4401463800	0.136263842299999993	0.280509112299999974
4401483800	0.1399027199	0.278948437900000012
4401503800	0.138996871399999999	0.278238394399999978
4401523800	0.140507911399999991	0.27741337319999998
4401543800	0.143450905399999995	0.27381016800000002
4401563800	0.146100274800000013	0.281068936400000025
4401583800	0.145759640699999998	0.276241698500000021
4401603800	0.147195251700000002	0.274873401299999987
4401623800	0.151613582800000007	0.27268501639999998
4401643800	0.150500943599999992	0.272781532499999979
4401663800	0.152246092199999988	0.274129954000000009
4401683800	0.15061168459999999	0.271637824199999989
4401703800	0.157806352799999994	0.269677310399999981
4401723800	0.15538865730000001	0.272507320399999975
4401743800	0.159792863000000007	0.268476601400000014
4401763800	0.159726639400000009	0.268536650099999996
4401783800	0.157476118500000012	0.267449064999999986
4401803800	0.161833439100000004	0.267431053099999982
4401823800	0.161072849699999993	0.266033407599999994
4401843800	0.163799986700000011	0.266622866800000025
4401863800	0.166104677700000009	0.266921797000000016
4401883800	0.16702777399999999	0.262468124600000019
4401903800	0.166404064399999996	0.266161511399999995
4401923800	0.170433327200000012	0.261848950199999986
4401943800	0.169574403699999987	0.2634833808
4401963800	0.1717497412	0.260679765999999979
4401983800	0.176436372300000005	0.261408476499999987
4402003800	0.177142877799999987	0.262148298499999988
4402023800	0.176082734500000004	0.261295113000000023
4402043800	0.176958372899999994	0.257416825700000018
4402063800	0.177961225199999989	0.254044397199999994
4402083800	0.181823581699999987	0.256007634099999992
4402103800	0.181069957100000012	0.254769866999999983
4402123800	0.185440927300000002	0.251412497100000021
4402143800	0.184637364700000001	0.255953201700000021
4402163800	0.189163330200000007	0.257269406799999989
4402183800	0.189036290999999995	0.248883373600000013
4402203800	0.18645757939999999	0.251455645200000022
4402223800	0.190779330500000011	0.248613446500000002
4402243800	0.191012837500000004	0.2425438855
4402263800	0.192608315800000013	0.246088834300000003
4402283800	0.193031620999999987	0.24393888729999999
4402303800	0.193520755399999994	0.245371491100000005
4402323800	0.193135562900000002	0.243726546699999991
4402343800	0.1960628341	0.240870879399999988
4402363800	0.200053286200000013	0.238644384200000004
4402383800	0.198040844100000002	0.243512041499999998
4402403800	0.199614748700000011	0.236666122600000001
4402423800	0.199830249799999998	0.239476982100000013
4402443800	0.203307205299999988	0.237726490099999993
4402463800	0.200600546299999988	0.236241984799999999
4402483800	0.204463556800000001	0.234564206500000011
4402503800	0.208130145300000013	0.233437394599999987
4402523800	0.20803068420000001	0.23423289659999999
4402543800	0.209554457899999991	0.232246693899999995
4402563800	0.209575240800000007	0.232687747700000003
4402583800	0.210725155299999994	0.23194510069999999
4402603800	0.214158138400000003	0.228153161599999987
4402623800	0.216087679899999996	0.230678542699999989
4402643800	0.217893258700000009	0.228947067100000012
4402663800	0.216739092500000008	0.224050858699999994
4402683800	0.218095700700000006	0.2254894915
4402703800	0.217398281800000009	0.226197678699999988
4402723800	0.2173890245	0.218725486100000005
4402743800	0.218988073100000014	0.218954372899999999
4402763800	0.22334066159999999	0.219061104499999992
4402783800	0.223197334599999991	0.220975025699999994
4402803800	0.224306666900000007	0.215470574500000012
4402823800	0.221251500999999989	0.213937003099999995
4402843800	0.225056431700000004	0.213669522400000006
4402863800	0.22791046479999999	0.213516262499999998
4402883800	0.230504313900000007	0.213651924800000004
4402903800	0.22484702279999999	0.212403103199999999
4402923800	0.23189803710000001	0.210264429800000013
4402943800	0.233546359000000009	0.213056830499999988
4402963800	0.234816283900000006	0.208510103599999996
4402983800	0.233690017199999989	0.211961515200000006
4403003800	0.234892158900000009	0.204849532400000006
4403023800	0.236399602699999989	0.204263531199999987
4403043800	0.238883733500000001	0.201014452900000001
4403063800	0.240706912899999986	0.201881931999999986
4403083800	0.239572688899999997	0.201744984099999997
4403103800	0.241892730199999989	0.201512611000000008
4403123800	0.244523700399999988	0.198052810299999993
4403143800	0.240204675400000012	0.199604002199999991
4403163800	0.243327564299999993	0.195919942300000011
4403183800	0.240876100300000007	0.1942980178
4403203800	0.2435745302	0.191012777699999997
4403223800	0.244692432099999996	0.191346551199999992
4403243800	0.249755457600000008	0.191258915899999993
4403263800	0.246169063699999996	0.191744251300000002
4403283800	0.249215364100000003	0.19199318139999999
4403303800	0.249346483799999991	0.186503231299999989
4403323800	0.246901095500000001	0.187853100299999992
4403343800	0.247775134499999994	0.184687612499999987
4403363800	0.253019754200000002	0.18593201270000001
4403383800	0.251198913999999995	0.181124975599999988
4403403800	0.255920459300000014	0.183195333300000013
4403423800	0.255789388200000023	0.181182100699999987
4403443800	0.256595023400000011	0.182861761600000006
4403463800	0.256890908799999984	0.176988969299999993
4403483800	0.258458639599999984	0.171363063199999999
4403503800	0.259344935800000009	0.173074899700000007
4403523800	0.261575804500000009	0.1743198725
4403543800	0.264766197199999997	0.174161156499999997
4403563800	0.260421537300000006	0.169540905699999994
4403583800	0.263883355099999994	0.168638639600000001
4403603800	0.260247192399999994	0.168957001899999987
4403623800	0.269131688099999988	0.168256274499999997
4403643800	0.263282041099999975	0.168875166699999996
4403663800	0.26692925839999998	0.166314745799999997
4403683800	0.269898110199999985	0.1631355055
4403703800	0.266968977800000007	0.159271074900000004
4403723800	0.270930347800000026	0.161544921099999989
4403743800	0.265542744100000006	0.158796040500000013
4403763800	0.268121035000000008	0.158377564800000009
4403783800	0.271110788400000025	0.155732434000000003
4403803800	0.272224259600000018	0.158028710200000005
4403823800	0.27339436789999999	0.152644981600000007
4403843800	0.273706497300000018	0.150619341800000001
4403863800	0.270448692200000007	0.150980082799999998
4403883800	0.276661054500000003	0.15011914870000001
4403903800	0.276694708600000006	0.1507280493
4403923800	0.274754490799999973	0.149210059300000003
4403943800	0.276504761799999998	0.145831773500000011
4403963800	0.276457575600000005	0.142772452500000008
4403983800	0.278648295099999999	0.139918386400000011
4404003800	0.280311934699999987	0.142439911800000013
4404023800	0.281318595900000024	0.139156029699999989
4404043800	0.28385627590000001	0.136870046999999995
4404063800	0.283983702200000021	0.135495566300000009
4404083800	0.282018498800000017	0.131497265000000002
4404103800	0.28089762439999999	0.132526995000000009
4404123800	0.283416647799999977	0.131899700199999997
4404143800	0.283902752500000022	0.128411658200000001
4404163800	0.288200600099999982	0.124516441800000002
4404183800	0.284331936299999977	0.126890170599999991
4404203800	0.284133895199999986	0.126766571500000008
4404223800	0.284058943900000027	0.123436830600000005
4404243800	0.285188844900000016	0.121937639200000003
4404263800	0.287799525599999995	0.121898087599999996
4404283800	0.288664317999999975	0.121590610200000004
4404303800	0.290178754099999991	0.121403003300000006
4404323800	0.288316750100000019	0.1158765457
4404343800	0.292141794600000004	0.119547139199999999
4404363800	0.289274109599999996	0.112524692600000004
4404383800	0.292236968200000002	0.116611200200000001
4404403800	0.293861570100000025	0.115046235400000002
4404423800	0.290921654299999999	0.111473215799999997
4404443800	0.292441102499999994	0.111563506100000001
4404463800	0.292589612499999985	0.1097840863
4404483800	0.293542772800000018	0.1098476756
4404503800	0.296219249500000004	0.106015291499999997
4404523800	0.295076797900000021	0.0978117282999999976
4404543800	0.297284210900000012	0.103258864399999997
4404563800	0.292914575200000027	0.102417329200000004
4404583800	0.299359279699999981	0.0962034533999999997
4404603800	0.291819024099999991	0.0982079264000000063
4404623800	0.297139983200000013	0.0954762086999999954
4404643800	0.293773516700000015	0.0939421428000000031
4404663800	0.29807534229999999	0.0926057232000000036
4404683800	0.297546347099999997	0.091446448400000005
4404703800	0.297660666000000018	0.0874280062999999996
4404723800	0.299887169399999987	0.0905888462999999977
4404743800	0.299208175600000015	0.0867166639000000045
4404763800	0.298083488999999979	0.0860021445999999967
4404783800	0.301406434399999978	0.0827353544000000024
4404803800	0.302469062700000013	0.0823963166999999996
4404823800	0.301241033400000024	0.0785677204999999934
4404843800	0.303816638899999991	0.0793054752999999973
4404863800	0.306858113099999996	0.0793190609000000019
4404883800	0.299694406299999994	0.0754480690000000065
4404903800	0.303851095999999987	0.0732655522000000003
4404923800	0.306618709900000008	0.0752839861999999999
4404943800	0.305323237400000003	0.0683736686000000066
4404963800	0.302905455300000015	0.0666161036999999984
4404983800	0.30657295670000001	0.0657360443999999988
4405003800	0.307239351900000013	0.0669824683000000004
4405023800	0.304011185100000025	0.0637940027000000048
4405043800	0.30375781730000001	0.0643413973000000056
4405063800	0.308518727200000009	0.0617144972999999972
4405083800	0.308430422799999993	0.0582411113999999966
4405103800	0.307272154299999989	0.0616646931000000009
4405123800	0.304629539800000015	0.0587577550000000018
4405143800	0.307574195599999989	0.0554179938999999969
4405163800	0.303847502699999994	0.0538126012999999986
4405183800	0.310061147400000015	0.0512866910000000023
4405203800	0.308173671400000015	0.0498263389000000029
4405223800	0.312179885499999976	0.0469632580000000008
4405243800	0.307977351200000027	0.0473095773000000025
4405263800	0.306083556699999981	0.0480368985000000012
4405283800	0.311310132399999995	0.0452813727999999971
4405303800	0.307062659100000024	0.0432546248000000022
4405323800	0.310092819899999983	0.0433246149999999969
4405343800	0.313236944600000011	0.0372096353000000019
4405363800	0.311728819499999976	0.0367240416
4405383800	0.311632638899999981	0.0354328049999999978
4405403800	0.309098038600000014	0.0333475453000000033
4405423800	0.309937743599999982	0.0347098994000000008
4405443800	0.3105475231	0.0279444063999999999
4405463800	0.311421044500000022	0.0317847643999999985
4405483800	0.311425538000000002	0.0340853253999999981
4405503800	0.31390203630000002	0.0246459969999999993
4405523800	0.314283372700000008	0.0305759198000000003
4405543800	0.314480264299999979	0.0223190947000000001
4405563800	0.314200621600000007	0.0226855444000000003
4405583800	0.314078322999999993	0.0227483672000000012
4405603800	0.313109588800000005	0.0201477133000000017
4405623800	0.309110745399999998	0.0170476666000000006
4405643800	0.313400502999999997	0.0152571332
4405663800	0.31295406240000001	0.0132604639
4405683800	0.312639796799999981	0.0123755675999999998
4405703800	0.313606455900000025	0.0102302916999999997
4405723800	0.307455587099999983	0.00829754740000000074
4405743800	0.312137270799999977	0.0100120807999999999
4405763800	0.309437270200000003	0.00621767089999999967
4405783800	0.313029970800000001	0.00688276199999999973
4405803800	0.31369932410000001	0.00402009499999999957
