# freq, I e Q
5787440000	0.0616715482999999967	0.00631260499999999978
5787490000	0.0646522538999999979	0.0062440248999999998
5787540000	0.0637259285000000009	0.00174652690000000007
5787590000	0.0644445099000000021	0.00628241189999999977
5787640000	0.064116800099999996	0.00382871739999999985
5787690000	0.0629452694999999979	0.0024749412000000001
5787740000	0.0647749160999999962	0.00115542009999999992
5787790000	0.0616472783999999982	0.000989784299999999949
5787840000	0.0669446207999999932	-0.001978217
5787890000	0.0652078628000000021	-0.00385893749999999995
5787940000	0.0672403448999999986	0.00117932330000000002
5787990000	0.0636484925000000007	-0.000683425500000000045
5788040000	0.0610203243999999992	-0.00296433749999999979
5788090000	0.0620221323999999991	-0.00504431210000000005
5788140000	0.0667337504999999942	-0.00692831499999999999
5788190000	0.0649629426000000038	-0.00413589239999999966
5788240000	0.0628895262000000038	-0.00204952209999999984
5788290000	0.0665393774000000021	-0.00477536890000000019
5788340000	0.0614510367999999974	-0.00715020699999999957
5788390000	0.0619997529000000033	-0.0105290786000000001
5788440000	0.0608949552000000033	-0.00762826389999999958
5788490000	0.0617534927000000025	-0.0071260649000000004
5788540000	0.064399872299999994	-0.0121587297000000007
5788590000	0.0663916075999999994	-0.0125143057000000005
5788640000	0.0643366769000000005	-0.0130922642999999998
5788690000	0.0664143187000000024	-0.0131768600999999999
5788740000	0.0638703931000000058	-0.0122738311000000003
5788790000	0.0625163905000000047	-0.0143918221999999995
5788840000	0.0652301641999999959	-0.0187603515999999991
5788890000	0.0618693467000000011	-0.0171179309999999994
5788940000	0.0614045913999999998	-0.0169876950000000006
5788990000	0.0615225067	-0.0160722249000000011
5789040000	0.0608622269999999979	-0.0198387052000000008
5789090000	0.0636109435000000029	-0.0202416696999999993
5789140000	0.0649124672000000041	-0.0227345275000000006
5789190000	0.0605872984999999975	-0.0222833583000000002
5789240000	0.0604980328999999983	-0.0236624916999999997
5789290000	0.0618026730000000024	-0.0249522132000000001
5789340000	0.0623982741999999993	-0.0261056588999999985
5789390000	0.0591761650999999972	-0.0238357862000000004
5789440000	0.0617812784000000004	-0.0242826312000000016
5789490000	0.0618633133000000002	-0.0255814201999999997
5789540000	0.0596648931999999993	-0.0260802086000000016
5789590000	0.0556626901000000021	-0.0265698670000000005
5789640000	0.0574219243000000032	-0.0252146435000000016
5789690000	0.0637118968999999952	-0.0288136265000000016
5789740000	0.056051076200000001	-0.0304677201000000016
5789790000	0.0570979028999999971	-0.0314924467999999971
5789840000	0.0566625057999999987	-0.0311288553999999988
5789890000	0.0553415642999999999	-0.0316241837000000026
5789940000	0.0529295889999999991	-0.0321702741
5789990000	0.0530076168999999986	-0.0336762129000000021
5790040000	0.0567022755000000031	-0.0337640525999999969
5790090000	0.0582868721999999992	-0.034012636899999997
5790140000	0.0587010022999999992	-0.0330183392999999978
5790190000	0.0520455507999999997	-0.0344414533000000009
5790240000	0.0525912913999999967	-0.032750916599999999
5790290000	0.0560750521000000016	-0.0373170711000000016
5790340000	0.0531229039999999986	-0.039678319400000002
5790390000	0.0537542791000000034	-0.0396252562000000003
5790440000	0.0555290448999999978	-0.0372772271999999988
5790490000	0.0522828429000000011	-0.0405869177000000025
5790540000	0.0496535173999999996	-0.0372199449999999973
5790590000	0.0483527289999999971	-0.0409326783999999985
5790640000	0.0472857767999999984	-0.0456099064999999984
5790690000	0.0495995598999999995	-0.0388224782999999976
5790740000	0.0471311934000000002	-0.043281304399999998
5790790000	0.0483621165999999977	-0.0443987777999999972
5790840000	0.0493821712999999995	-0.0490856284999999989
5790890000	0.0485657873999999976	-0.0477922625000000018
5790940000	0.0427436891999999971	-0.0415641138999999979
5790990000	0.0450901433000000032	-0.0450099698000000006
5791040000	0.0478869655999999977	-0.0474946888999999983
5791090000	0.0456600059000000016	-0.0462648324999999985
5791140000	0.0451068596000000002	-0.047561210399999998
5791190000	0.0453174578000000022	-0.0482980660000000006
5791240000	0.0453133045999999998	-0.0468968652999999999
5791290000	0.0452504484999999984	-0.0496064603000000021
5791340000	0.0392606562000000006	-0.0508343591999999983
5791390000	0.0424136172999999977	-0.051913274500000002
5791440000	0.0418190874000000032	-0.0526576164000000027
5791490000	0.0362841169000000033	-0.0496785932000000027
5791540000	0.0384579768000000016	-0.0540766344999999982
5791590000	0.0332765374000000003	-0.0541414165999999988
5791640000	0.0356136141000000031	-0.0525630810999999989
5791690000	0.0366579762999999989	-0.0513919628999999975
5791740000	0.0341410565999999971	-0.0572138656999999981
5791790000	0.0377714540000000029	-0.0513428132999999981
5791840000	0.0369837407999999979	-0.0520692958999999997
5791890000	0.0346003426000000003	-0.0551340442999999972
5791940000	0.0315617706999999983	-0.0573547223000000009
5791990000	0.0364572754999999971	-0.0554606293000000014
5792040000	0.0358715205999999981	-0.0564850828999999971
5792090000	0.0323412452000000003	-0.0583104607999999983
5792140000	0.0337778856000000016	-0.0581137259000000031
5792190000	0.0330807747999999971	-0.0599128417999999982
5792240000	0.0277601058999999983	-0.0601452934000000008
5792290000	0.0261048803999999988	-0.0602352110999999982
5792340000	0.0254058965000000005	-0.0611388942000000019
5792390000	0.0285615630000000016	-0.062326595999999998
5792440000	0.0284439257000000008	-0.0608789853000000006
5792490000	0.0299176466000000002	-0.0592394544000000023
5792540000	0.0240755653999999986	-0.0628789295999999942
5792590000	0.0234423942999999989	-0.0628925547000000057
5792640000	0.0205294705000000008	-0.064135576400000005
5792690000	0.0235515723000000003	-0.0640283534000000015
5792740000	0.0211062971000000009	-0.063812746399999995
5792790000	0.0215585691999999988	-0.0612648816000000013
5792840000	0.0217831056999999995	-0.0612013734000000018
5792890000	0.0197024270000000015	-0.0622604173999999969
5792940000	0.0181316616999999992	-0.0601278862000000011
5792990000	0.0153164326000000007	-0.0664123313000000021
5793040000	0.0162106358999999992	-0.0616384504999999971
5793090000	0.0153158582000000008	-0.0627876046000000049
5793140000	0.0176977871999999987	-0.0632799457000000065
5793190000	0.0117505518	-0.0650023438999999953
5793240000	0.0144245141000000007	-0.068435136699999996
5793290000	0.0114757126000000001	-0.0626164726999999949
5793340000	0.00997952099999999988	-0.0647070696999999945
5793390000	0.00932295099999999946	-0.0664270069999999963
5793440000	0.0103756747999999999	-0.0600502361000000012
5793490000	0.0130277129999999998	-0.0676725487000000014
5793540000	0.00954417540000000036	-0.0651643390000000017
5793590000	0.00598676810000000042	-0.066035703799999998
5793640000	0.0055829746000000003	-0.0640193039999999991
5793690000	0.00400595670000000043	-0.0673592132999999982
5793740000	0.00670759350000000015	-0.0659273860999999989
5793790000	0.00453381219999999998	-0.0662731357999999937
5793840000	0.00280215080000000005	-0.0658166879000000038
5793890000	0.00184205049999999998	-0.0680911468999999964
5793940000	0.00361804420000000002	-0.0661159186000000038
5793990000	-0.000182755699999999989	-0.0666409490999999993
5794040000	-0.00127872230000000003	-0.0656241493999999981
5794090000	-0.0027629464000000002	-0.070208855700000003
5794140000	0.0004004395	-0.0689368748000000059
5794190000	0.00112508659999999996	-0.0664554286999999994
5794240000	-0.00325712609999999998	-0.0698378196999999978
5794290000	-0.000829533399999999948	-0.0664596598999999955
5794340000	-0.00757415060000000018	-0.0651859047999999996
5794390000	-0.00890514189999999997	-0.0672901776999999951
5794440000	-0.00294274640000000013	-0.0625548065000000042
5794490000	-0.0065897432000000004	-0.0618534899999999971
5794540000	-0.00847277670000000024	-0.0666275023999999966
5794590000	-0.0085882726999999999	-0.0656024283000000014
5794640000	-0.0128400805	-0.0693351071000000013
5794690000	-0.0128305643999999993	-0.0639405346000000013
5794740000	-0.0125104350000000003	-0.0666362935999999934
5794790000	-0.0137317832999999997	-0.0668323947000000057
5794840000	-0.0136652632999999992	-0.0630887502000000017
5794890000	-0.0120374512999999999	-0.0667456590999999932
5794940000	-0.0162295866999999996	-0.0630956423000000044
5794990000	-0.0196647866000000011	-0.0638049212000000032
5795040000	-0.0160917227000000017	-0.0651379653000000031
5795090000	-0.0189759338000000007	-0.0669520200999999954
5795140000	-0.0188036980999999985	-0.0676312871000000065
5795190000	-0.0197572669999999985	-0.0618563437999999979
5795240000	-0.0219146274999999988	-0.0661794455000000031
5795290000	-0.0201825571999999995	-0.0633135967999999966
5795340000	-0.0210143939999999987	-0.061916578600000001
5795390000	-0.0211272636999999992	-0.0634925360000000022
5795440000	-0.0230676746999999988	-0.0686686452999999974
5795490000	-0.0262406586000000011	-0.0591250784000000029
5795540000	-0.025516412799999999	-0.0626292043000000048
5795590000	-0.0255604751000000005	-0.0591715465999999995
5795640000	-0.0292812126999999998	-0.0660279415000000064
5795690000	-0.0266608368000000005	-0.0618188578000000016
5795740000	-0.0307162436999999997	-0.0617697536999999991
5795790000	-0.0285082697999999995	-0.0602748956999999974
5795840000	-0.028554636500000001	-0.0603440070999999995
5795890000	-0.0314546372000000032	-0.0586840647000000035
5795940000	-0.0346161056999999966	-0.0601381206999999987
5795990000	-0.0311981541000000001	-0.0599043922000000034
5796040000	-0.0327721481000000023	-0.0584189119000000021
5796090000	-0.0350126736000000022	-0.0563615847000000017
5796140000	-0.0347930307999999994	-0.057311055399999998
5796190000	-0.0371428907000000003	-0.0584412440999999977
5796240000	-0.0345970875999999997	-0.0598837992999999985
5796290000	-0.0338395462000000008	-0.0572056142999999989
5796340000	-0.0381149963999999966	-0.0558282723999999966
5796390000	-0.0399547809000000004	-0.0557707029999999979
5796440000	-0.0363283313999999968	-0.052748005399999999
5796490000	-0.0401147094999999981	-0.0524356431999999997
5796540000	-0.0434660538000000013	-0.0532131350000000017
5796590000	-0.0429127253999999972	-0.051580814099999997
5796640000	-0.0404932435999999993	-0.0513261429000000033
5796690000	-0.0418554938999999987	-0.0551140526999999991
5796740000	-0.0438700746999999974	-0.0473427730999999991
5796790000	-0.0418444379999999977	-0.0517476799000000029
5796840000	-0.0431943654999999982	-0.0510884403999999973
5796890000	-0.0451008521999999995	-0.0475510370999999987
5796940000	-0.0455854243999999978	-0.0516608108999999996
5796990000	-0.0470079743999999994	-0.0479048420999999974
5797040000	-0.0461494293000000028	-0.0468353561000000029
5797090000	-0.0459288113999999983	-0.0479151718000000032
5797140000	-0.0486766045999999994	-0.0501058970999999978
5797190000	-0.0499025089000000033	-0.0458403246999999972
5797240000	-0.0518388692999999998	-0.0459083990000000025
5797290000	-0.0543092807999999982	-0.0421873585000000009
5797340000	-0.0508452695999999996	-0.0466971752999999976
5797390000	-0.054350834100000002	-0.0410294206999999994
5797440000	-0.0527092537	-0.0431481299999999998
5797490000	-0.0520682160000000005	-0.0454904080999999974
5797540000	-0.0523505533999999995	-0.0395466169999999992
5797590000	-0.0519564787000000028	-0.0445773448000000017
5797640000	-0.0537336984000000017	-0.0403296506000000027
5797690000	-0.0515217344999999993	-0.0398808490000000029
5797740000	-0.0538628181000000011	-0.0406796975000000005
5797790000	-0.0556542433999999975	-0.0399236467000000025
5797840000	-0.0556592363999999992	-0.0355554176
5797890000	-0.0528060841999999989	-0.0347344741000000026
5797940000	-0.0561460833000000034	-0.0353331309000000024
5797990000	-0.0587541098999999969	-0.034057648900000001
5798040000	-0.0578227190000000016	-0.0352899537000000013
5798090000	-0.0587986346999999979	-0.033955242699999999
5798140000	-0.0596985207000000004	-0.0350545797999999992
5798190000	-0.0606809327999999967	-0.0325698707000000032
5798240000	-0.0597853309999999971	-0.0313377102000000005
5798290000	-0.0601454899000000015	-0.0326137560000000007
5798340000	-0.0605276218000000005	-0.0317687193999999992
5798390000	-0.0612429207000000017	-0.0309370835000000004
5798440000	-0.0622941803000000016	-0.024946360800000001
5798490000	-0.063660341499999995	-0.0307840423000000016
5798540000	-0.0596518492000000025	-0.0272771787999999994
5798590000	-0.0620780124000000003	-0.0276723102999999991
5798640000	-0.0616957694999999973	-0.0265476767999999995
5798690000	-0.0610919337000000034	-0.0268424350000000013
5798740000	-0.0678090610000000038	-0.0275658117999999994
5798790000	-0.0610279805000000022	-0.025759140199999999
5798840000	-0.061736657200000003	-0.0229524031999999989
5798890000	-0.0638525308000000014	-0.0193033514999999996
5798940000	-0.0633064789000000044	-0.0208996125000000012
5798990000	-0.0668491187000000014	-0.0207058855
5799040000	-0.0660308245000000016	-0.019923493300000001
5799090000	-0.0647495874000000027	-0.021213162800000001
5799140000	-0.0661688332999999934	-0.0167124056999999986
5799190000	-0.0667654993999999974	-0.0127612001999999995
5799240000	-0.0607669314000000016	-0.018308096900000001
5799290000	-0.0666797791999999973	-0.0155214615999999996
5799340000	-0.0636672046999999935	-0.0131373822000000005
5799390000	-0.0651113980000000009	-0.00963996620000000075
5799440000	-0.0693543957000000016	-0.0102823322000000009
5799490000	-0.0706400581	-0.0116298866999999997
5799540000	-0.0672414598999999946	-0.00953429010000000042
5799590000	-0.0630611279999999941	-0.0125776490999999994
5799640000	-0.0666579588999999945	-0.00902374539999999982
5799690000	-0.0670463451000000016	-0.00852172579999999937
5799740000	-0.0662382442999999987	-0.00807871920000000077
5799790000	-0.0696088598000000058	-0.00975116349999999993
5799840000	-0.0630452596000000004	-0.00706611290000000013
5799890000	-0.0684124680999999984	-0.00225840389999999985
5799940000	-0.0664310131000000054	-0.00307038809999999988
5799990000	-0.0664009596000000035	-0.00258366669999999989
5800040000	-0.0675925938000000032	-0.00414705950000000042
5800090000	-0.0645746744000000039	-0.00175945170000000001
5800140000	-0.0708907834000000042	-0.00143535300000000011
5800190000	-0.063172560700000005	-0.00287095230000000007
5800240000	-0.0661813618999999992	0.00172004720000000001
5800290000	-0.067487493699999998	0.00267112170000000006
5800340000	-0.0652379346000000054	0.00135808510000000001
5800390000	-0.0678146522000000057	0.00539366880000000017
5800440000	-0.0684769343999999947	0.00617521700000000021
5800490000	-0.0673481873999999953	0.00675584219999999982
5800540000	-0.0688568747999999953	0.00908949830000000021
5800590000	-0.0646909501000000053	0.00688876929999999998
5800640000	-0.0680179672000000013	0.0073049784999999999
5800690000	-0.0685733121000000057	0.00750618399999999995
5800740000	-0.0671056960000000063	0.0131702070999999993
5800790000	-0.0668594257000000025	0.0128165265999999993
5800840000	-0.0684482368000000063	0.0138730364999999998
5800890000	-0.0663073458000000004	0.0152285765999999999
5800940000	-0.0660648162999999955	0.0131635534999999994
5800990000	-0.0696937262999999946	0.0176857064000000008
5801040000	-0.0644011743999999969	0.0157133357999999987
5801090000	-0.0652521870999999976	0.016093325700000001
5801140000	-0.0644648589999999994	0.019677632300000001
5801190000	-0.0660333034000000069	0.0182244329000000004
5801240000	-0.0640250542000000006	0.0186279433000000015
5801290000	-0.068908761299999996	0.0167704774000000008
5801340000	-0.0631976753000000058	0.0222861523999999984
5801390000	-0.0669913352000000017	0.0158993813000000012
5801440000	-0.0644333029000000029	0.0219519580000000006
5801490000	-0.0638674496000000008	0.0217844168000000012
5801540000	-0.065970871200000003	0.0247139468000000008
5801590000	-0.0635946247000000048	0.0258643858999999983
5801640000	-0.0649177658999999935	0.0262370032999999989
5801690000	-0.0685842737000000036	0.0246435748999999996
5801740000	-0.0661246832000000062	0.0274197612
5801790000	-0.0605596195000000018	0.0290815658999999983
5801840000	-0.0585992904999999981	0.0279889156000000007
5801890000	-0.0610149786999999999	0.0280565761000000011
5801940000	-0.0607062078000000019	0.0280439211000000008
5801990000	-0.0573567778000000014	0.0296843697999999989
5802040000	-0.0603377744000000021	0.0347429012999999967
5802090000	-0.0588416491999999985	0.0325524910000000028
5802140000	-0.0591829783000000012	0.0333228163999999966
5802190000	-0.0573570111000000007	0.0355454174000000012
5802240000	-0.0589421431999999981	0.0347573556999999991
5802290000	-0.0564285789999999995	0.0391661015000000015
5802340000	-0.0599188411000000018	0.0389967099000000025
5802390000	-0.0585516115999999975	0.0364149319999999971
5802440000	-0.0557694872000000022	0.0363521242000000022
5802490000	-0.0552401833000000023	0.0388209135999999996
5802540000	-0.054435433200000001	0.0408203679000000014
5802590000	-0.0559631188999999973	0.0399578194999999983
5802640000	-0.0560540474000000011	0.0405721230000000016
5802690000	-0.0534355959000000005	0.0396429818999999989
5802740000	-0.0536090700000000017	0.0420890210999999986
5802790000	-0.0514779113999999996	0.0414608435999999983
5802840000	-0.0509487533000000034	0.0458022141999999965
5802890000	-0.0503974155000000007	0.0448404520999999973
5802940000	-0.0496626323000000022	0.0426135035999999981
5802990000	-0.0505900082000000015	0.0467451943000000009
5803040000	-0.0492301118999999981	0.0467503582000000015
5803090000	-0.0530607729999999986	0.0483297228999999967
5803140000	-0.0505951119000000032	0.045932398499999999
5803190000	-0.0507907328000000019	0.0529121436999999972
5803240000	-0.0464163397000000033	0.0512805158999999969
5803290000	-0.0472212980000000018	0.0527730495000000022
5803340000	-0.0477211962000000031	0.0510084238000000009
5803390000	-0.0435425284999999967	0.0471627561000000015
5803440000	-0.0457290589000000011	0.0515398677999999999
5803490000	-0.0459343941999999991	0.0533743789999999996
5803540000	-0.0414017048000000012	0.0512694330999999975
5803590000	-0.0418732827000000002	0.0526978773000000011
5803640000	-0.0467784569000000011	0.0560723342999999985
5803690000	-0.0465918213000000025	0.0582746696999999966
5803740000	-0.0380693113999999999	0.0564036393000000025
5803790000	-0.0386297489999999979	0.0534756195000000017
5803840000	-0.0380749431000000013	0.0579861883999999994
5803890000	-0.038488357899999999	0.0554634272999999997
5803940000	-0.0391223814999999975	0.0598252131999999978
5803990000	-0.0395028653000000021	0.0583138233999999991
5804040000	-0.0379432710000000006	0.0598054399
5804090000	-0.0334710022999999968	0.0559464432000000012
5804140000	-0.0325807315000000014	0.0573357509000000029
5804190000	-0.0296237861000000005	0.0587557592000000004
5804240000	-0.0333173552000000026	0.0592755667999999986
5804290000	-0.0313785929000000019	0.061615740799999999
5804340000	-0.0333924556999999969	0.0608206771999999993
5804390000	-0.031828045499999999	0.0623634163000000019
5804440000	-0.0272302986999999989	0.0626862868999999989
5804490000	-0.0283993659000000009	0.0647857044000000049
5804540000	-0.0272459892000000009	0.0633526942000000037
5804590000	-0.0255934872999999986	0.060120224299999997
5804640000	-0.0306122661999999983	0.0611612703000000008
5804690000	-0.026373249599999999	0.0666565231000000036
5804740000	-0.0231458806999999996	0.0649816354000000013
5804790000	-0.0211748159999999991	0.0611026047000000003
5804840000	-0.0224405124000000011	0.0680782307000000059
5804890000	-0.022797543	0.0651644373999999971
5804940000	-0.0263570717999999996	0.0665199322000000065
5804990000	-0.0206695323000000014	0.0703661109000000007
5805040000	-0.0178105211999999985	0.0658638715000000041
5805090000	-0.0196434574999999993	0.0646651352000000013
5805140000	-0.0171891747000000004	0.0655474567000000063
5805190000	-0.0170985667999999993	0.0661648714999999998
5805240000	-0.0142932592999999997	0.0657923128000000024
5805290000	-0.0165460197999999989	0.0702773804000000057
5805340000	-0.0159870935999999984	0.0678627661999999937
5805390000	-0.0148197707000000001	0.0683045443000000058
5805440000	-0.0078885618000000008	0.0663042177999999954
5805490000	-0.0109089566999999998	0.0674802937999999936
5805540000	-0.0124148060000000005	0.0701678223999999962
5805590000	-0.00839646469999999999	0.0671977717000000058
5805640000	-0.0113279570999999992	0.0681378980000000023
5805690000	-0.00852821190000000069	0.0693026417000000006
5805740000	-0.00648622560000000018	0.0651033408000000063
5805790000	-0.00760766810000000019	0.0711095597000000051
5805840000	-0.00690031239999999973	0.0683339887999999951
5805890000	-0.0060732160999999998	0.0704226775999999971
5805940000	-0.00373013739999999983	0.0730713780000000063
5805990000	-0.000725639600000000024	0.0709254044999999972
5806040000	-0.00113195630000000004	0.070030769100000001
5806090000	0.00281784929999999998	0.0735871592999999963
5806140000	-0.00191082430000000009	0.0706915515999999994
5806190000	-0.000584015300000000005	0.0692410730999999946
5806240000	-0.000753696100000000022	0.0703697751999999982
5806290000	0.00383418209999999982	0.0675850446999999993
5806340000	0.00344310559999999989	0.0713772795000000015
5806390000	0.00540794990000000031	0.0673313848999999992
5806440000	0.00461783539999999996	0.067113179300000006
5806490000	0.00779962339999999959	0.0679803244000000001
5806540000	0.00919350229999999977	0.0689958573999999991
5806590000	0.00982007260000000021	0.0684929474000000038
5806640000	0.00894158980000000006	0.0708127868999999938
5806690000	0.00786074810000000034	0.0690051914999999932
5806740000	0.0139550429000000007	0.0667200980999999999
5806790000	0.0127126544000000005	0.0683726687
5806840000	0.0133913370999999993	0.0651885100000000051
5806890000	0.0131039381000000003	0.0695040113000000015
5806940000	0.0141758950000000009	0.0687730463999999958
5806990000	0.0151996223	0.0670410275000000028
5807040000	0.0175435068000000007	0.0674537303999999949
5807090000	0.0153857751000000004	0.0692266609000000005
5807140000	0.0193332423999999989	0.0677646165999999939
5807190000	0.0218083898999999991	0.0658822300999999944
5807240000	0.0211916107999999999	0.0642468618999999935
5807290000	0.0209994470000000009	0.065643698200000003
5807340000	0.0203388525000000008	0.0632588735000000069
5807390000	0.0221592860000000003	0.0671370039000000057
5807440000	0.024734108099999999	0.0621113249000000006
5807490000	0.0251921178000000003	0.0668256715999999973
5807540000	0.0287117864999999993	0.0625500989999999979
5807590000	0.0261620511	0.0618885283999999966
5807640000	0.0233600781999999986	0.0655266595000000007
5807690000	0.0286625609999999996	0.0657406796000000043
5807740000	0.030354453	0.0640194525000000042
5807790000	0.0312446598000000013	0.0647229874000000011
5807840000	0.0299080149999999996	0.0603114476999999996
5807890000	0.0289629656000000013	0.0625050278000000015
5807940000	0.034022278000000003	0.0644784637999999966
5807990000	0.0342745030999999992	0.0573647835999999967
5808040000	0.0324577548000000021	0.0633466946000000031
5808090000	0.0352517191000000021	0.0611410192000000005
5808140000	0.0361935155999999966	0.0588262805000000014
5808190000	0.0367932061999999976	0.0568808405000000017
5808240000	0.0382187666000000023	0.058440091700000002
5808290000	0.0393113931000000014	0.060645829200000001
5808340000	0.0399584285999999983	0.0577870424000000021
5808390000	0.0407354727999999985	0.0573004251000000034
5808440000	0.0412062720000000021	0.0586587130000000012
5808490000	0.0408733297999999967	0.0583930620000000025
5808540000	0.0422144301999999999	0.0594423961999999972
5808590000	0.0431893520000000003	0.0537559083000000021
5808640000	0.0425745064999999978	0.0539480287999999988
5808690000	0.042682225499999997	0.0530902689000000011
5808740000	0.0426750028000000003	0.0532811014000000027
5808790000	0.0489725260999999967	0.053275302699999999
5808840000	0.0475309679999999998	0.050317783900000003
5808890000	0.0533595182999999987	0.0525937314000000031
5808940000	0.049535461599999997	0.0504712397999999979
5808990000	0.0478193822000000032	0.047302271299999997
5809040000	0.0489036447999999999	0.0547726097000000023
5809090000	0.0520716922999999998	0.0441768439999999998
5809140000	0.0524746784000000022	0.0482285443000000022
5809190000	0.0513413444999999968	0.0437817907999999978
5809240000	0.054304360599999997	0.0491890166999999975
5809290000	0.0542991610999999999	0.0439135649000000003
5809340000	0.0524235766000000006	0.044061877200000002
5809390000	0.0542451529999999973	0.0454241759999999967
5809440000	0.058686662700000003	0.0437314778000000015
5809490000	0.0576720849999999979	0.040085045100000001
5809540000	0.0627516874000000058	0.0433721030000000021
5809590000	0.0602053351	0.0405922474999999977
5809640000	0.0568772769999999969	0.0380251830999999985
5809690000	0.0623979212999999991	0.0427228539999999976
5809740000	0.0624457952000000011	0.0382759221999999996
5809790000	0.0625857238000000066	0.0352687688999999971
5809840000	0.0622424354999999985	0.0351249386999999968
5809890000	0.0640918397000000001	0.0332555988000000011
5809940000	0.064101246099999995	0.0350304113000000014
5809990000	0.0639955219000000047	0.0313240574000000008
5810040000	0.0672861428999999983	0.0334637413000000022
5810090000	0.0647094797999999971	0.0288651988999999998
5810140000	0.0654946641000000024	0.0314197941999999966
5810190000	0.0660876497000000007	0.0338042267000000021
5810240000	0.0660320640999999958	0.0300219062000000002
5810290000	0.0680208337000000052	0.0272813054999999985
5810340000	0.0693842058000000012	0.0241386009999999991
5810390000	0.0699671902999999956	0.0232852607999999989
5810440000	0.0715699551999999933	0.020040880300000001
5810490000	0.0700585496000000058	0.0203622266000000017
5810540000	0.0701014159000000053	0.0190871592999999999
5810590000	0.0690279466999999952	0.0173755373999999983
5810640000	0.0708216494000000057	0.0134870638000000008
5810690000	0.070988217500000006	0.0121250946000000005
5810740000	0.0703996134000000051	0.0128588959000000003
5810790000	0.0755909990000000059	0.0117607007999999992
5810840000	0.0713700911999999993	0.00593951200000000009
5810890000	0.0694350200999999945	0.00775151389999999968
5810940000	0.0750960232000000005	0.00304422269999999988
5810990000	0.0725554228000000051	0.00171113009999999998
5811040000	0.0714914346000000006	0.00198834009999999993
5811090000	0.0726791261999999993	-0.00147114370000000008
5811140000	0.0724320504999999976	-0.00755772270000000003
5811190000	0.0711996403999999999	-0.00773378089999999987
5811240000	0.0703275161999999954	-0.0121692892000000007
5811290000	0.0687764208000000016	-0.0127778599000000007
5811340000	0.0672800801000000004	-0.0162691517999999993
5811390000	0.0626268928000000002	-0.0194981242000000013
5811440000	0.0617368410000000006	-0.0276479536000000005
5811490000	0.0598194552000000032	-0.0260829797000000016
5811540000	0.0560771528000000019	-0.0351544204999999985
5811590000	0.0502855639999999979	-0.0334254350000000033
5811640000	0.0443489606000000008	-0.033602821300000002
5811690000	0.0337846803000000015	-0.0333112835999999982
5811740000	0.0263419751000000014	-0.0339796668999999968
5811790000	0.0224827597999999983	-0.0271907504999999994
5811840000	0.0128942191999999994	-0.0188501727999999986
5811890000	0.0103473547000000003	-0.0113218330999999995
5811940000	0.0135178038000000004	-0.00640501679999999976
5811990000	0.0157794184999999997	0.00178039150000000005
5812040000	0.0188904117000000017	0.00614588980000000014
5812090000	0.0198113525000000006	0.0107380331000000006
5812140000	0.0264000765000000012	0.0186983551000000012
5812190000	0.0297578684000000017	0.0138909199999999993
5812240000	0.0284192002999999992	0.0114960194999999994
5812290000	0.0334670405000000032	0.0133686223000000007
5812340000	0.0371097743999999966	0.0161413332
5812390000	0.0385204250999999984	0.0137225313000000002
5812440000	0.0432643466999999976	0.0160395311000000006
5812490000	0.0432819945999999983	0.0146935200999999994
5812540000	0.045717684699999997	0.0125947925000000002
5812590000	0.0450990785000000005	0.0131916020999999998
5812640000	0.0484740383000000011	0.0115390570000000001
5812690000	0.0514222029999999997	0.00999727530000000045
5812740000	0.0532254590999999971	0.0098728155999999994
5812790000	0.0548511933999999979	0.0110179856000000003
5812840000	0.0504733939999999978	0.00649040339999999976
5812890000	0.0571566833999999982	0.00435505170000000021
5812940000	0.052945695299999998	0.00279982919999999984
5812990000	0.0548300426999999979	0.00680791449999999972
5813040000	0.0565210817000000032	0.00483506220000000028
5813090000	0.0566493417000000013	0.00311640989999999998
5813140000	0.0551218715000000026	0.000445933600000000016
5813190000	0.056808859500000003	0.00271974920000000011
5813240000	0.0602861728999999971	-0.000717537599999999959
5813290000	0.0580534254999999985	-0.000433465899999999993
5813340000	0.056753325200000003	-0.00316068749999999987
5813390000	0.0636071651000000016	-0.00382432249999999996
5813440000	0.0612981588999999966	-0.00609418049999999999
5813490000	0.0599284798999999979	-0.00691734410000000022
5813540000	0.0600569441000000023	-0.00863826019999999924
5813590000	0.0601307520000000026	-0.00923384449999999947
5813640000	0.0567372356999999994	-0.0114501549000000005
5813690000	0.0610231566000000031	-0.0107986301999999992
5813740000	0.0596515561000000027	-0.00861420679999999953
5813790000	0.0606686331000000009	-0.0124857474999999999
5813840000	0.0600787273000000024	-0.0152317870000000001
5813890000	0.0613362671000000012	-0.0126789963000000002
5813940000	0.0590220779999999987	-0.0143435592999999993
5813990000	0.0615058896999999966	-0.0166192330000000006
5814040000	0.0562796701999999996	-0.0159620829999999984
5814090000	0.0579800232000000013	-0.0124329476000000008
5814140000	0.0577996423999999967	-0.0202634619999999994
5814190000	0.0600139151999999967	-0.0206852925000000007
5814240000	0.0598860712000000017	-0.0212259231999999999
5814290000	0.0560414773999999977	-0.0241238606000000015
5814340000	0.0580507992999999972	-0.0224706196999999996
5814390000	0.0577110878999999993	-0.0234739202000000015
5814440000	0.0550920610999999991	-0.0240762388000000001
5814490000	0.0563358828000000006	-0.0270485967000000001
5814540000	0.0568485286000000034	-0.0291320589999999983
5814590000	0.0557517999000000028	-0.0300550295000000002
5814640000	0.0522902281000000024	-0.0303533640000000007
5814690000	0.0577981445000000024	-0.0290865498
5814740000	0.0580474944999999978	-0.0308659205999999992
5814790000	0.0557339492000000006	-0.031342202700000002
5814840000	0.0554678025000000033	-0.0311173660000000005
5814890000	0.0576741940999999994	-0.0286510376999999997
5814940000	0.054657973700000001	-0.0338089708999999988
5814990000	0.0549650724000000021	-0.0322157768999999997
5815040000	0.0493819340999999967	-0.0381537225000000008
5815090000	0.0524438144999999981	-0.0375250120000000034
5815140000	0.0544751164999999968	-0.0382816709000000019
5815190000	0.0514062959999999972	-0.0351655542999999987
5815240000	0.0524034181000000016	-0.0357691347999999978
5815290000	0.0492004699000000018	-0.0381366654999999999
5815340000	0.0502526270000000011	-0.0397639513999999972
5815390000	0.047352816300000003	-0.0385959319999999995
5815440000	0.0515244246000000003	-0.0417437391000000033
5815490000	0.0477371016999999995	-0.0426573122999999998
5815540000	0.0498102947000000004	-0.0416498748000000002
5815590000	0.045346667799999997	-0.044587116000000003
5815640000	0.0463310463999999991	-0.0426554613999999971
5815690000	0.047326552600000002	-0.0463531554999999998
5815740000	0.0472161285999999972	-0.0452189491999999971
5815790000	0.0461707052000000021	-0.0441120337999999987
5815840000	0.0420845737999999969	-0.0434084149999999988
5815890000	0.0428458052999999978	-0.046630711499999998
5815940000	0.0391150705000000015	-0.0482311319000000016
5815990000	0.0386204882999999985	-0.048673031700000001
5816040000	0.0395542254999999982	-0.0491286895000000029
5816090000	0.0418604408999999969	-0.0468905209999999975
5816140000	0.0417388013999999974	-0.0523196697000000016
5816190000	0.0405710551999999974	-0.0553989927999999979
5816240000	0.0439008249000000031	-0.0525682225999999989
5816290000	0.0406603675999999969	-0.0549107522999999972
5816340000	0.0399255914000000017	-0.0547074275000000027
5816390000	0.0350572349999999991	-0.052522113500000002
5816440000	0.0338613614999999993	-0.0503276955999999998
5816490000	0.0335065821000000014	-0.0528969982999999977
5816540000	0.0377060857999999971	-0.0539766310999999985
5816590000	0.0336300241999999971	-0.0502514999000000032
5816640000	0.0348980743999999996	-0.0529083421999999998
5816690000	0.0328972948999999987	-0.0535248233999999976
5816740000	0.0306055465999999984	-0.0505568342999999989
5816790000	0.0310624297000000014	-0.0576289935999999975
5816840000	0.0307020016999999985	-0.0548993000999999994
5816890000	0.0261742065999999995	-0.0534180915000000006
5816940000	0.0276248197999999986	-0.0615308769999999977
5816990000	0.0272142725000000009	-0.058389409500000003
5817040000	0.0267147216999999992	-0.0575571880999999966
5817090000	0.0235350039000000004	-0.0558061714
5817140000	0.0258352976000000012	-0.0573102351000000024
5817190000	0.0276529849000000001	-0.0610431770999999984
5817240000	0.0237143094999999991	-0.0605131486999999982
5817290000	0.0243815235999999998	-0.0572926849000000016
5817340000	0.0220523273000000006	-0.0597468147999999991
5817390000	0.0192758422999999984	-0.0599763557999999988
5817440000	0.0218408166000000001	-0.0595649534000000022
5817490000	0.0163463372999999995	-0.0621182289000000026
5817540000	0.0169494638000000017	-0.059113578299999997
5817590000	0.0210267087000000005	-0.0618065355000000025
5817640000	0.020207182399999999	-0.0605506066000000009
5817690000	0.0156656382999999996	-0.0651661340000000006
5817740000	0.0151311641000000004	-0.0612218718000000009
5817790000	0.0142441067999999997	-0.0604271607999999974
5817840000	0.0146588841000000001	-0.063880945999999994
5817890000	0.0145080764999999997	-0.0633865710000000027
5817940000	0.0140007775000000004	-0.0636025761999999967
5817990000	0.0143881498999999993	-0.0651837338000000044
5818040000	0.0110639994999999994	-0.0618854459999999967
5818090000	0.0127326151000000005	-0.0634976542000000033
5818140000	0.0107294712	-0.0642043815000000045
5818190000	0.00914953660000000085	-0.0648296621999999989
5818240000	0.00823629009999999988	-0.0635020914999999964
5818290000	0.0048151931999999998	-0.065520961700000005
5818340000	0.00686636020000000024	-0.0657580749000000048
5818390000	0.00375865640000000011	-0.0633080339999999991
5818440000	0.00507972610000000015	-0.0639228901000000044
5818490000	0.00491312150000000007	-0.0631846380000000013
5818540000	0.00261234720000000017	-0.0641434636000000058
5818590000	0.00195900710000000006	-0.0644610719999999943
5818640000	0.00162867409999999991	-0.0611278842999999975
5818690000	-0.000786960599999999948	-0.0664778453000000047
5818740000	0.0013799725000000001	-0.067299449499999997
5818790000	0.00289775439999999992	-0.0657921776000000014
5818840000	0.00110426160000000003	-0.0644733787000000003
5818890000	-0.00403619800000000039	-0.0618912614000000014
5818940000	-0.000568046899999999984	-0.0646893909000000045
5818990000	-0.00557356219999999986	-0.0682423748000000052
5819040000	-0.00252703270000000004	-0.0671566373000000022
5819090000	-0.00564145470000000041	-0.0669458515000000004
5819140000	-0.0049235008000000002	-0.0621508101000000021
5819190000	-0.0104130504999999998	-0.0652984026999999939
5819240000	-0.00946058949999999989	-0.0655327500999999951
5819290000	-0.0116490375000000007	-0.0655488352999999968
5819340000	-0.0114295614999999993	-0.0644626784000000008
5819390000	-0.0114437791000000007	-0.0660542984999999971
5819440000	-0.0134676263000000004	-0.0628256910999999973
5819490000	-0.0139141903000000004	-0.0645079459000000022
5819540000	-0.0123299589999999997	-0.062800358700000003
5819590000	-0.0191076358999999994	-0.060208214000000003
5819640000	-0.0174849455000000015	-0.0650104631999999932
5819690000	-0.0156708794999999984	-0.0607853827000000013
5819740000	-0.0163927046999999999	-0.0587642318999999982
5819790000	-0.0173520103000000016	-0.0624664159000000024
5819840000	-0.0198001389	-0.0618183576999999998
5819890000	-0.0192309833999999985	-0.0626834290999999932
5819940000	-0.0164048671000000014	-0.060040937099999997
5819990000	-0.0176825073000000006	-0.0641092840999999969
5820040000	-0.0207195628000000007	-0.0602232472999999977
5820090000	-0.0236695144999999989	-0.0609043216999999998
5820140000	-0.0260957360000000013	-0.0600363466999999998
5820190000	-0.0214309482000000009	-0.0590987160999999969
5820240000	-0.0237961741000000011	-0.0580019869999999979
5820290000	-0.0247023	-0.0570596063000000028
5820340000	-0.0256221737000000005	-0.0568644644000000019
5820390000	-0.0247964975999999983	-0.0552849180000000023
5820440000	-0.0294618466999999988	-0.056340968800000002
5820490000	-0.0283539993999999997	-0.0547438704999999998
5820540000	-0.031549005300000002	-0.0582112243999999973
5820590000	-0.0276560037999999987	-0.0586681329999999973
5820640000	-0.0293806191999999994	-0.0558179067999999973
5820690000	-0.0315133707000000013	-0.0572702943000000034
5820740000	-0.0292379327000000001	-0.0538295287999999983
5820790000	-0.0345842837000000028	-0.054840900300000002
5820840000	-0.0285687812999999985	-0.0510089220999999995
5820890000	-0.0345480630999999982	-0.0536697985999999988
5820940000	-0.0369915611000000005	-0.054111459100000002
5820990000	-0.0345834314000000032	-0.0520552546000000033
5821040000	-0.0398392855000000018	-0.0510218459000000013
5821090000	-0.0370963535999999997	-0.0520320363000000008
5821140000	-0.036742099200000003	-0.0507247691999999986
5821190000	-0.0395638063999999984	-0.0533770332
5821240000	-0.0368444611999999977	-0.0488453632999999998
5821290000	-0.0383447492000000001	-0.0464270920999999975
5821340000	-0.0409161004999999967	-0.0497167162999999981
5821390000	-0.0431092325999999984	-0.0469257636000000034
5821440000	-0.041253555499999997	-0.0474993478000000011
5821490000	-0.0417144636000000013	-0.0455140505000000001
5821540000	-0.0440881273000000018	-0.0480197880000000007
5821590000	-0.040158093899999997	-0.0469716775999999975
5821640000	-0.0456339186999999979	-0.0470537520999999986
5821690000	-0.0425791477000000002	-0.0463756551000000031
5821740000	-0.0486295558000000017	-0.0440232731999999974
5821790000	-0.0404721872000000024	-0.0433142072000000031
5821840000	-0.0462842224999999996	-0.0462941639999999988
5821890000	-0.0492481973999999989	-0.0441598211000000032
5821940000	-0.0447114163000000009	-0.039878097500000001
5821990000	-0.0463002642999999978	-0.0419054589999999991
5822040000	-0.0497309412000000034	-0.0455612119999999968
5822090000	-0.0478667149999999972	-0.0399030060999999991
5822140000	-0.0497856272000000016	-0.0422936865999999981
5822190000	-0.0477557710999999968	-0.0384136231000000022
5822240000	-0.0481870057000000004	-0.0358417385999999991
5822290000	-0.0501518310000000009	-0.0376540844999999971
5822340000	-0.0503378135000000018	-0.0364657765999999994
5822390000	-0.0537482883999999966	-0.0361253465999999968
5822440000	-0.052857465200000002	-0.0375841527999999994
5822490000	-0.0532227927000000003	-0.0339630262999999974
5822540000	-0.0522470508	-0.0367564642999999996
5822590000	-0.0536052080000000014	-0.0359733777000000032
5822640000	-0.0554929465000000011	-0.0322987155999999997
5822690000	-0.0522760653000000006	-0.0288130106000000011
5822740000	-0.0524708192999999989	-0.0290226150999999995
5822790000	-0.0523490382000000032	-0.0312729615000000016
5822840000	-0.0550603420999999996	-0.0251031627000000007
5822890000	-0.0549012721000000023	-0.0274036385000000007
5822940000	-0.057822928099999997	-0.0262191776999999987
5822990000	-0.0583664913999999979	-0.0281481976000000009
5823040000	-0.0588528587999999978	-0.0269247958000000016
5823090000	-0.0580097852999999983	-0.0272464723000000013
5823140000	-0.0583237710000000034	-0.0248419889999999983
5823190000	-0.0561515278999999978	-0.0233660416000000017
5823240000	-0.0604360443999999997	-0.0270798559000000015
5823290000	-0.0573443293999999978	-0.0228424402000000012
5823340000	-0.0583078018999999975	-0.0241125423000000012
5823390000	-0.0586991500999999999	-0.0227044497000000005
5823440000	-0.0562983466000000002	-0.0212618348999999984
5823490000	-0.0606145361999999993	-0.0219765581000000015
5823540000	-0.0595718668999999992	-0.0222710353999999999
5823590000	-0.0569901796999999974	-0.0186595636999999995
5823640000	-0.0614494156000000014	-0.0184431993000000009
5823690000	-0.0589464073000000033	-0.0173820387000000014
5823740000	-0.0617093774000000012	-0.0207745894000000014
5823790000	-0.0609263235999999986	-0.0138480670000000004
5823840000	-0.0612377610000000017	-0.0162057648000000012
5823890000	-0.062376081299999997	-0.0159408098000000005
5823940000	-0.0605053556999999992	-0.0129149152999999996
5823990000	-0.0611497311000000002	-0.0107219537
5824040000	-0.0592876561000000024	-0.0088150424000000005
5824090000	-0.0625953665999999936	-0.0077323705999999999
5824140000	-0.0604025124999999982	-0.00821709649999999986
5824190000	-0.0638276636999999952	-0.0109209819999999992
5824240000	-0.0645635063999999981	-0.00797712079999999928
5824290000	-0.0624136444000000026	-0.00606549019999999984
5824340000	-0.0654658553000000004	-0.00963542019999999964
5824390000	-0.0631527201999999982	-0.00343232249999999997
5824440000	-0.0611282859000000026	-0.00245658190000000009
5824490000	-0.0631470967000000022	-0.00536725940000000023
5824540000	-0.0624838363999999993	-0.00183171250000000005
5824590000	-0.0632475334	-0.00564512549999999971
5824640000	-0.0613178237999999973	-0.000884574999999999966
5824690000	-0.0612327531000000022	-0.00291383819999999983
5824740000	-0.0639236036999999979	-0.00349834190000000017
5824790000	-0.0656410818000000007	-0.00442338939999999993
5824840000	-0.0615555257000000022	0.00323033890000000001
5824890000	-0.0624502768000000028	0.00214575309999999984
5824940000	-0.0641283601000000036	0.00444317389999999979
5824990000	-0.0629658242000000062	0.00377345610000000015
5825040000	-0.061267110399999998	0.00553361209999999985
5825090000	-0.0612654008000000014	0.00436543280000000009
5825140000	-0.0644911122000000059	0.0110913871000000008
5825190000	-0.0619785617999999983	0.00372236530000000015
5825240000	-0.0646581838000000048	0.0080417513999999999
5825290000	-0.0615228170000000005	0.00480901900000000031
5825340000	-0.0611750933999999982	0.0103737654999999998
5825390000	-0.0647829065000000009	0.0121581933999999996
5825440000	-0.0638620510999999974	0.00977246919999999984
5825490000	-0.0630466989999999977	0.00970400069999999976
5825540000	-0.0605555352999999977	0.0105971942
5825590000	-0.059475355700000003	0.0147442094999999992
5825640000	-0.0601538454999999972	0.0132299415999999996
5825690000	-0.0649869468000000006	0.0124427038999999993
5825740000	-0.0623160976000000019	0.0149326258999999996
5825790000	-0.0584622327999999997	0.0186582733000000001
5825840000	-0.0552268678999999971	0.0186081626999999999
5825890000	-0.0590705908999999973	0.018636396999999999
5825940000	-0.0572244028999999987	0.0212822348999999987
5825990000	-0.060532790000000003	0.0201106633999999992
5826040000	-0.0597180458000000011	0.0187151916000000001
5826090000	-0.0558439177999999967	0.0216793610000000012
5826140000	-0.0552285853000000007	0.0235356005
5826190000	-0.0570081800999999999	0.0225902706000000002
5826240000	-0.0602422238000000013	0.0180146976999999986
5826290000	-0.0551066731000000032	0.0220670043999999996
5826340000	-0.0560203978999999977	0.0291912658000000012
5826390000	-0.0550094433000000022	0.0269911138000000009
5826440000	-0.0578556603000000003	0.0273534573000000017
5826490000	-0.0592543238000000014	0.0268596424000000014
5826540000	-0.0552114947000000023	0.0265890590000000017
5826590000	-0.0551574437000000029	0.0261480598999999994
5826640000	-0.0569398539999999981	0.0255245113000000003
5826690000	-0.0553830091999999996	0.0274949511999999993
5826740000	-0.058571147300000001	0.0307013463999999993
5826790000	-0.0551205300000000009	0.031030563399999999
5826840000	-0.0505828867000000029	0.0293278764000000011
5826890000	-0.0511820613999999993	0.031580061999999999
5826940000	-0.0568187988000000005	0.0286424114999999993
5826990000	-0.050524371999999998	0.0337512307000000025
5827040000	-0.0510717186000000031	0.0355742791000000017
5827090000	-0.0534086433999999971	0.0371294505000000011
5827140000	-0.047789190799999999	0.0345780179000000007
5827190000	-0.0539902893000000009	0.0348757063999999978
5827240000	-0.0470748058000000011	0.0338216206999999991
5827290000	-0.047117804800000003	0.0369644547999999976
5827340000	-0.0504561535000000033	0.0368560372999999983
5827390000	-0.0504441181999999988	0.0387180425000000009
5827440000	-0.0504766311999999967	0.0436704272000000004
5827490000	-0.0467512255000000002	0.0404816002000000022
5827540000	-0.0484635077999999997	0.0389334229000000004
5827590000	-0.0440755867999999967	0.0413544406000000003
5827640000	-0.0467986447000000028	0.0387961574000000031
5827690000	-0.0466169570000000005	0.0398124904999999987
5827740000	-0.0467075194000000013	0.0431839056000000027
5827790000	-0.0412727973999999984	0.0428220587999999999
5827840000	-0.0446694004999999977	0.041399064499999999
5827890000	-0.0426628715999999991	0.0426650729000000034
5827940000	-0.0427778638999999974	0.0446437057000000012
5827990000	-0.0398766554999999967	0.0459890477000000006
5828040000	-0.0405149048000000012	0.0479561146999999965
5828090000	-0.0381716180999999988	0.0487928159000000014
5828140000	-0.0391211523000000033	0.0486036774000000033
5828190000	-0.0377564813999999999	0.045534309000000002
5828240000	-0.0390404702000000034	0.0480350890999999974
5828290000	-0.0376503345000000003	0.0474502705000000025
5828340000	-0.0372550092000000013	0.0473525518000000034
5828390000	-0.035072219100000003	0.0521015110999999975
5828440000	-0.0371864472000000001	0.0494767977999999997
5828490000	-0.0350850648000000029	0.051912541700000002
5828540000	-0.0355157706000000031	0.0520080356999999965
5828590000	-0.0315408350000000032	0.0511774482000000031
5828640000	-0.032942913800000001	0.0512487121999999976
5828690000	-0.0325481697999999986	0.0545889967999999975
5828740000	-0.0315932901999999988	0.0520964571000000001
5828790000	-0.0294712339999999989	0.0508650801000000014
5828840000	-0.0312387434000000012	0.054777732099999997
5828890000	-0.0300917693000000014	0.0549400447000000028
5828940000	-0.030411047699999999	0.0532449061999999973
5828990000	-0.0268627934999999991	0.0517884929999999979
5829040000	-0.0264289698000000003	0.0531062641000000016
5829090000	-0.0262022532000000009	0.053259817000000001
5829140000	-0.0287325486000000012	0.0565459343000000031
5829190000	-0.0281906903999999993	0.0594617366000000022
5829240000	-0.0277909214999999994	0.0569767789999999982
5829290000	-0.0271069560000000015	0.0575707682999999984
5829340000	-0.0238501209000000006	0.055796095900000002
5829390000	-0.024226404	0.0549777919000000032
5829440000	-0.0188910808999999992	0.0577424591999999987
5829490000	-0.0222631533999999992	0.058019957300000001
5829540000	-0.0196811253999999991	0.0596027503
5829590000	-0.0186792182000000001	0.0560419752999999979
5829640000	-0.019129996199999999	0.0574113095000000004
5829690000	-0.0171534324000000016	0.0573756246000000011
5829740000	-0.0168061805000000002	0.0612573147000000026
5829790000	-0.0160355512999999991	0.0586352540999999991
5829840000	-0.0148961829000000007	0.0627952251000000045
5829890000	-0.0163117963999999983	0.0576430636999999968
5829940000	-0.0151191352999999994	0.0598158875999999992
5829990000	-0.0178538715000000001	0.0635130480000000025
5830040000	-0.0153991705	0.0593056215000000025
5830090000	-0.0142065395000000004	0.0612441780999999977
5830140000	-0.0123310394000000004	0.0589521653999999992
5830190000	-0.00888221420000000032	0.0596871947000000014
5830240000	-0.00823059079999999971	0.0610867159999999992
5830290000	-0.00870278290000000079	0.0609631209000000007
5830340000	-0.00684472819999999964	0.0609103159999999991
5830390000	-0.00870000289999999996	0.0595136007000000022
5830440000	-0.00904575160000000052	0.0619359661000000034
5830490000	-0.00987334389999999958	0.0625453898000000036
5830540000	-0.0066269889000000002	0.0613875233999999978
5830590000	-0.00603213659999999978	0.0608110110999999995
5830640000	-0.00323156339999999993	0.0622134546000000024
5830690000	-0.00412251319999999959	0.0611191557999999982
5830740000	-0.00277201049999999984	0.0578181062999999981
5830790000	-0.00241363359999999987	0.0627511040999999964
5830840000	-0.00144987279999999989	0.0636530203999999961
5830890000	-0.00351425560000000019	0.0605373503000000007
5830940000	0.00040081349999999998	0.0623425525000000022
5830990000	-0.00180887020000000003	0.059690523199999998
5831040000	-0.000517269299999999991	0.0579198060999999986
5831090000	0.00482957060000000025	0.0612723176000000008
5831140000	0.00376267849999999994	0.0598409126999999985
5831190000	0.00318032290000000006	0.0612084993999999979
5831240000	0.00375739630000000019	0.0618751551999999969
5831290000	0.00648299639999999969	0.0604236682000000025
5831340000	0.00655745830000000005	0.0558197292000000012
5831390000	0.00444985459999999982	0.0597634107999999997
5831440000	0.00539247569999999968	0.0616493550999999973
5831490000	0.00817538519999999949	0.0580500702999999993
5831540000	0.0130635392999999995	0.0605924293000000003
5831590000	0.00867911359999999979	0.0588266610000000023
5831640000	0.0105327375999999997	0.0618300903000000013
5831690000	0.0114963072999999995	0.0548410568000000029
5831740000	0.0137344163999999994	0.0605037963000000026
5831790000	0.0121901839000000001	0.0615706577999999977
5831840000	0.0144472231	0.0602204157000000018
5831890000	0.0179677450000000002	0.0554642150999999986
5831940000	0.0134965552999999992	0.0565404161999999988
5831990000	0.0203759518000000001	0.0585097887999999969
5832040000	0.0158855572000000007	0.0620566389999999968
5832090000	0.0177664631999999989	0.0558468681999999966
5832140000	0.0160550009000000014	0.054744194000000003
5832190000	0.0199802164000000004	0.054841366699999998
5832240000	0.0213686722999999988	0.0568076990000000032
5832290000	0.0208857294999999984	0.0541488411999999988
5832340000	0.0222241442999999983	0.0573588131999999973
5832390000	0.0211297501999999984	0.0581658826000000032
5832440000	0.0207409760000000012	0.0563110355000000021
5832490000	0.0207126398999999996	0.0586534519000000004
5832540000	0.0212293591999999989	0.0531281957999999999
5832590000	0.0274634282000000007	0.0528920854999999981
5832640000	0.0213168253000000016	0.0560475689999999985
5832690000	0.0261938414999999987	0.0514369459999999973
5832740000	0.0252097083000000013	0.0497833693999999993
5832790000	0.0265700118000000013	0.053384956800000001
5832840000	0.0277361455	0.0516383296999999991
5832890000	0.0280313688999999991	0.051583152799999997
5832940000	0.029589464900000001	0.0565924263999999996
5832990000	0.0321661691999999971	0.0524007124000000005
5833040000	0.029661146900000001	0.0556583346999999992
5833090000	0.0278686876000000007	0.0498148940999999998
5833140000	0.0317401851999999998	0.0463335528999999982
5833190000	0.0322339405999999967	0.049512377500000003
5833240000	0.0339834393000000012	0.0504176101999999973
5833290000	0.0363838364000000011	0.045073955899999997
5833340000	0.0381250470000000022	0.0476304779999999969
5833390000	0.0368545530999999996	0.0493216262999999974
5833440000	0.0397534480999999981	0.0486365225000000012
5833490000	0.0384959221000000032	0.046277225499999998
5833540000	0.0375586840000000019	0.0419474483999999967
5833590000	0.0391638367000000029	0.0446639555999999993
5833640000	0.037589087799999997	0.0478385823000000016
5833690000	0.0384392792000000025	0.0416814865000000034
5833740000	0.0339130123000000033	0.0460394043999999975
5833790000	0.0391335410000000009	0.0417195201999999987
5833840000	0.0400491092000000021	0.0440091139000000006
5833890000	0.0394887635000000028	0.0412288640999999983
5833940000	0.0410321085999999988	0.0430270649000000019
5833990000	0.041027764500000001	0.0415947436999999989
5834040000	0.0447701126000000019	0.0400583990000000015
5834090000	0.0428714383000000018	0.0398260267999999973
5834140000	0.0461604643999999967	0.0401638149999999985
5834190000	0.0425207619999999967	0.0345309762000000006
5834240000	0.0454590649999999999	0.0392714783000000026
5834290000	0.0465022194000000028	0.0334071217000000004
5834340000	0.0426432419999999979	0.0346293126999999978
5834390000	0.048322469899999998	0.0334612390999999981
5834440000	0.0471608633000000013	0.0352709958000000032
5834490000	0.0498375455999999981	0.0348428798999999983
5834540000	0.044905177999999997	0.0331511913000000005
5834590000	0.0472694701999999967	0.0373553624000000015
5834640000	0.0463821650999999974	0.0340100947000000001
5834690000	0.047976089999999999	0.0342833001999999984
5834740000	0.0475457176999999967	0.0367336714000000009
5834790000	0.0499120378999999975	0.0340578845000000033
5834840000	0.0491171488999999975	0.0311460967000000005
5834890000	0.0492354927000000012	0.028508974900000001
5834940000	0.0497371453000000005	0.0278900608999999994
5834990000	0.0499269909000000026	0.0286034995000000007
5835040000	0.0481527985999999977	0.0309477244000000012
5835090000	0.0511588245999999996	0.0284442017999999991
5835140000	0.0498558847999999999	0.0291992525000000017
5835190000	0.0552116714000000022	0.0288670642000000005
5835240000	0.0527098391999999971	0.0241708394999999993
5835290000	0.0507897534999999997	0.0238206240999999999
5835340000	0.0501721762000000016	0.025837334
5835390000	0.0556432687999999995	0.0260168827999999984
5835440000	0.0503304716000000027	0.0220266250000000011
5835490000	0.0538624892000000022	0.0205702978000000015
5835540000	0.0525239496000000014	0.0241840317000000006
5835590000	0.0568789998000000033	0.0222341445000000006
5835640000	0.0523348930000000004	0.0229693503
5835690000	0.0563616785999999995	0.0213340895000000003
5835740000	0.0575857296000000032	0.017346326799999999
5835790000	0.0567414264999999973	0.0199244155000000006
5835840000	0.0537432856000000028	0.0223762942000000006
5835890000	0.0567943262000000018	0.0182221186
5835940000	0.0561270618000000027	0.0151364159999999998
5835990000	0.0579248831999999991	0.0179439126999999983
5836040000	0.0587286413000000021	0.0160832121000000008
5836090000	0.0598330037999999995	0.0162257150000000017
5836140000	0.055063625300000002	0.0135968630000000007
5836190000	0.0608222843000000013	0.0140954128000000001
5836240000	0.0542415883999999987	0.0123528474999999999
5836290000	0.0575744849000000003	0.0108820037000000001
5836340000	0.0568604809999999974	0.0086934995000000001
5836390000	0.0544105443000000022	0.0103668500000000004
5836440000	0.0590794986999999966	0.0100907366000000005
5836490000	0.055153233900000001	0.00777994120000000036
5836540000	0.0564937625000000027	0.0064809307
5836590000	0.0558683862000000017	0.00885916500000000044
5836640000	0.0599390303000000013	0.00964677769999999941
5836690000	0.0614537577000000002	0.00488513779999999974
5836740000	0.0613379577000000009	0.00733223469999999978
5836790000	0.0567198696000000002	0.00503568640000000029
5836840000	0.0578396449000000007	0.00604411329999999993
5836890000	0.0578244985000000017	0.00157355590000000001
5836940000	0.0570407792000000025	0.00121401949999999995
5836990000	0.0621455701999999999	0.00212797300000000002
5837040000	0.0564614582000000018	0.000795615999999999966
5837090000	0.0581147158000000011	0.00083676699999999998
5837140000	0.0579881469000000024	-0.00255726900000000004
5837190000	0.0583671683000000011	-0.00188203999999999997
5837240000	0.0579716176999999985	0.00186422100000000011
5837290000	0.056912108599999997	-0.00222173210000000017
5837340000	0.0572292060999999991	-0.00528765420000000021
5837390000	0.0599940201000000034	-0.00370008110000000006
5837440000	0.0632885962000000052	-0.00324325280000000013
