# freq, I e Q
6168785973	0.0445704924000000016	-0.250283855200000016
6168787973	0.0438410242000000019	-0.250597868800000012
6168789973	0.0456736233000000005	-0.248265788500000001
6168791973	0.044716794800000001	-0.246032253700000009
6168793973	0.0448198773999999994	-0.250136035099999987
6168795973	0.0450253753000000034	-0.249512840399999991
6168797973	0.0414854311999999989	-0.24936181260000001
6168799973	0.0459776002999999975	-0.251755464300000009
6168801973	0.0435437591000000027	-0.250765368400000022
6168803973	0.0444765983000000031	-0.249822985599999992
6168805973	0.0448112971000000013	-0.248427485599999998
6168807973	0.0399343305999999981	-0.248859292399999987
6168809973	0.0415777031000000019	-0.251592924699999998
6168811973	0.0440033369000000021	-0.253458127500000019
6168813973	0.0412216879999999994	-0.250696454600000007
6168815973	0.0447404578000000011	-0.250640657499999975
6168817973	0.0427719673999999994	-0.249889888000000004
6168819973	0.0403150603999999982	-0.249181360600000013
6168821973	0.043074372100000001	-0.249324253699999998
6168823973	0.0442083325000000027	-0.248303420599999991
6168825973	0.0415299972000000017	-0.254840295100000003
6168827973	0.0378206078999999973	-0.249312652500000009
6168829973	0.0405840013999999999	-0.249761590700000008
6168831973	0.0377487327999999969	-0.2508938946
6168833973	0.0402136047000000024	-0.248100470600000012
6168835973	0.0374314966000000027	-0.251922712800000004
6168837973	0.0426952887000000003	-0.250288778699999992
6168839973	0.0384204892999999992	-0.245627941399999994
6168841973	0.0406331088999999993	-0.250555286900000007
6168843973	0.0400874837000000026	-0.249887136900000001
6168845973	0.0418926520999999968	-0.248787988399999993
6168847973	0.041387276100000002	-0.249993966099999992
6168849973	0.0349550047000000003	-0.2504081051
6168851973	0.0368627062999999991	-0.248070759800000012
6168853973	0.0399010102000000033	-0.246623987500000003
6168855973	0.0369413980000000003	-0.252308995099999989
6168857973	0.0366384221999999996	-0.247929422799999993
6168859973	0.0407290536999999966	-0.249943092199999994
6168861973	0.0388882907000000014	-0.252151848899999975
6168863973	0.0358737398999999998	-0.249749096100000012
6168865973	0.0345834288000000031	-0.246982603999999994
6168867973	0.0383670019999999973	-0.253479595300000027
6168869973	0.0381881391999999986	-0.248518369900000008
6168871973	0.0358627715000000014	-0.254120349700000026
6168873973	0.0356005969000000033	-0.251678720700000025
6168875973	0.0357301725999999986	-0.252414617800000018
6168877973	0.0350490039000000003	-0.250243220699999991
6168879973	0.0388582111999999993	-0.251211928600000023
6168881973	0.0327045462999999981	-0.253498484000000024
6168883973	0.0352552804999999997	-0.2477210839
6168885973	0.0369809848999999996	-0.246112687899999988
6168887973	0.0353438230000000034	-0.249532677099999989
6168889973	0.0370519792000000014	-0.249719235399999989
6168891973	0.031959673600000002	-0.249484103799999996
6168893973	0.0311627012000000002	-0.248816695199999993
6168895973	0.0348190114999999967	-0.248988213600000008
6168897973	0.0364441260000000003	-0.248812175599999991
6168899973	0.033277992800000003	-0.247061511000000011
6168901973	0.0331339879000000018	-0.250321838500000005
6168903973	0.0306195944999999997	-0.248881314599999987
6168905973	0.0315527059999999998	-0.249019953799999999
6168907973	0.0318834309999999968	-0.251282015000000025
6168909973	0.0320473203000000012	-0.249590244500000003
6168911973	0.0320264696000000029	-0.253698872999999991
6168913973	0.0322409388000000005	-0.251189215500000007
6168915973	0.0357845212999999968	-0.25101384069999999
6168917973	0.0342437214999999975	-0.2467614957
6168919973	0.0296990861000000009	-0.247709032500000009
6168921973	0.0261646123000000008	-0.249596366799999997
6168923973	0.0323780680999999973	-0.24803236179999999
6168925973	0.0303437618000000006	-0.250788374699999983
6168927973	0.0316175212999999997	-0.251098822100000008
6168929973	0.031311762600000001	-0.249860571000000004
6168931973	0.0303127686000000014	-0.250052473599999991
6168933973	0.0303011909000000003	-0.252734539699999983
6168935973	0.0313556056999999971	-0.251177412200000005
6168937973	0.0267184279999999989	-0.249873262600000007
6168939973	0.0316070586000000014	-0.250643125700000025
6168941973	0.0309884997999999995	-0.248006085300000012
6168943973	0.0288004102000000012	-0.250217757699999988
6168945973	0.0291865686999999985	-0.249877053200000004
6168947973	0.0310154324000000009	-0.246715361399999999
6168949973	0.0301058760000000002	-0.247106717100000012
6168951973	0.0278456065999999995	-0.248321270199999999
6168953973	0.0267651585000000004	-0.246866205199999994
6168955973	0.0293662654000000009	-0.25177318529999998
6168957973	0.0241821668999999996	-0.245739506200000013
6168959973	0.0250291727999999991	-0.249930021599999996
6168961973	0.0245775280000000013	-0.246352784699999994
6168963973	0.0275054692000000003	-0.254522976499999998
6168965973	0.0270168149000000017	-0.246481451500000004
6168967973	0.0302602694000000012	-0.249469568000000003
6168969973	0.0242841256999999991	-0.246981017100000005
6168971973	0.0244127771999999993	-0.250961889699999996
6168973973	0.0273565757	-0.249912250499999988
6168975973	0.0251419903	-0.246603140299999996
6168977973	0.0243303056999999989	-0.250051262800000007
6168979973	0.0233944986999999986	-0.247035017800000006
6168981973	0.024711428399999999	-0.249468871600000003
6168983973	0.0245033761999999995	-0.2438434518
6168985973	0.0217177495000000012	-0.250750847100000007
6168987973	0.0253973959000000013	-0.247179418000000012
6168989973	0.0225272614999999995	-0.250178096100000025
6168991973	0.0220127336999999985	-0.249221472999999999
6168993973	0.0231075924999999995	-0.248658586600000009
6168995973	0.0241371748000000011	-0.248757599200000012
6168997973	0.0205879513999999986	-0.248789032699999996
6168999973	0.0209002766	-0.244426409399999989
6169001973	0.0214579916000000002	-0.248398159300000004
6169003973	0.0212819149000000006	-0.247582752299999986
6169005973	0.0180176813000000012	-0.244922371999999999
6169007973	0.0199218921999999993	-0.249457817800000009
6169009973	0.0215067747999999996	-0.249410364100000004
6169011973	0.0229575105000000002	-0.247413925000000007
6169013973	0.0234261130999999997	-0.249792876899999988
6169015973	0.0244576347999999992	-0.247825736299999988
6169017973	0.0177807523999999988	-0.247887587500000006
6169019973	0.0198280425000000003	-0.24664151740000001
6169021973	0.0191700198000000002	-0.246949091399999987
6169023973	0.0208537121000000013	-0.251149120900000022
6169025973	0.0187057075000000017	-0.250593455199999982
6169027973	0.0214767468000000017	-0.247892126900000009
6169029973	0.0194298466999999996	-0.249127760400000009
6169031973	0.0182458676	-0.2488335203
6169033973	0.0192980843000000006	-0.250432151200000008
6169035973	0.0166748089999999988	-0.248274003999999993
6169037973	0.0186990250000000011	-0.245883006999999987
6169039973	0.0170464643000000013	-0.250759796899999998
6169041973	0.0178273130999999987	-0.249388184900000004
6169043973	0.0133998043000000001	-0.249048753600000006
6169045973	0.0142784577999999999	-0.248342463499999999
6169047973	0.0190820797000000007	-0.24592176839999999
6169049973	0.0188986972999999996	-0.2459861676
6169051973	0.0134553933999999997	-0.250548718800000014
6169053973	0.0149738923999999992	-0.248216895699999995
6169055973	0.0153006466000000004	-0.246597305600000011
6169057973	0.0165333102000000016	-0.242348107600000001
6169059973	0.0124095974999999994	-0.246680716500000008
6169061973	0.0174664816000000001	-0.2433140144
6169063973	0.0150460731999999993	-0.245275772499999989
6169065973	0.0147538320999999993	-0.243648935900000002
6169067973	0.0134399212999999993	-0.246195373100000003
6169069973	0.0147023524999999999	-0.245649249699999989
6169071973	0.0142343663000000006	-0.244954725900000003
6169073973	0.0136248858999999996	-0.244862599900000005
6169075973	0.0161919184000000015	-0.250631679499999982
6169077973	0.0108701032	-0.248381775700000001
6169079973	0.00853945589999999949	-0.246661107299999988
6169081973	0.0116826382999999992	-0.244316336699999997
6169083973	0.00892557620000000024	-0.242643936799999987
6169085973	0.0105342325000000007	-0.244824937999999992
6169087973	0.00976429170000000027	-0.248734766999999996
6169089973	0.0114172111999999992	-0.244467017499999995
6169091973	0.0120837073999999992	-0.245893157400000006
6169093973	0.0112113432999999992	-0.246831656799999993
6169095973	0.0131011633999999991	-0.244432327499999991
6169097973	0.00964786330000000011	-0.247960077400000006
6169099973	0.0102804922999999993	-0.245866544100000001
6169101973	0.0104445117000000007	-0.24400310750000001
6169103973	0.00815682560000000056	-0.246584813099999994
6169105973	0.00786230020000000009	-0.246812808999999994
6169107973	0.00975618879999999924	-0.247645772900000005
6169109973	0.00970783840000000002	-0.242143418700000002
6169111973	0.00695520820000000012	-0.244468433099999993
6169113973	0.00465885849999999983	-0.244793435400000009
6169115973	0.00845051250000000004	-0.249844002799999992
6169117973	0.0125267963000000003	-0.244126337599999993
6169119973	0.0103330522999999994	-0.244013707899999988
6169121973	0.00783524000000000026	-0.245250341600000005
6169123973	0.00738385329999999979	-0.247049119099999992
6169125973	0.00542691540000000017	-0.250281960199999987
6169127973	0.00806762159999999985	-0.246452057299999999
6169129973	0.00840550200000000046	-0.24792160299999999
6169131973	0.00548455030000000003	-0.243041556600000014
6169133973	0.0048953410999999997	-0.247419981600000005
6169135973	0.00540035939999999968	-0.246326241800000012
6169137973	0.00303696440000000021	-0.241744146599999987
6169139973	0.00579153920000000013	-0.244652250099999996
6169141973	0.00633696410000000009	-0.246302335000000011
6169143973	0.00683885599999999993	-0.244713083100000006
6169145973	0.00210034030000000012	-0.246787878300000013
6169147973	0.00282748919999999994	-0.242808392200000001
6169149973	0.00992268590000000041	-0.241618829600000001
6169151973	0.00458681229999999968	-0.245398492200000012
6169153973	0.00340821229999999998	-0.247103369600000011
6169155973	-0.00149860610000000002	-0.244682888099999996
6169157973	-0.000214412400000000007	-0.243771918100000012
6169159973	0.00317917210000000011	-0.243468171499999997
6169161973	0.00346107549999999983	-0.240054759700000009
6169163973	0.00190710459999999995	-0.243338413199999992
6169165973	0.00287741369999999991	-0.240427554799999998
6169167973	0.000962809700000000039	-0.243888252299999997
6169169973	-0.0011378575000000001	-0.243206687300000002
6169171973	0.00254618399999999995	-0.245558206299999998
6169173973	-0.00171509200000000009	-0.246935995600000013
6169175973	0.000816663600000000012	-0.2413350722
6169177973	-0.000864135199999999993	-0.2440584321
6169179973	0.000693234000000000038	-0.240962074800000009
6169181973	0.00246605349999999991	-0.240284118800000002
6169183973	-0.00250183910000000009	-0.242025850600000009
6169185973	0.000698113800000000045	-0.241449575700000002
6169187973	0.00312834190000000007	-0.239495043600000013
6169189973	-0.00212914269999999991	-0.24180628970000001
6169191973	-0.00507170789999999982	-0.246305643500000004
6169193973	-0.00225842589999999998	-0.241297594700000007
6169195973	-0.00230601180000000001	-0.241749145700000001
6169197973	-0.00241819049999999992	-0.242401271299999999
6169199973	-0.00262927099999999987	-0.238802230799999987
6169201973	-0.00451053839999999984	-0.243432232299999995
6169203973	-0.00473452649999999992	-0.239970829699999999
6169205973	-0.00134717730000000007	-0.24046606479999999
6169207973	-0.00271681869999999999	-0.244223340399999989
6169209973	-0.00470563200000000039	-0.238938034900000013
6169211973	-0.00639457720000000032	-0.241303658799999987
6169213973	-0.00289899569999999994	-0.240371603900000008
6169215973	-0.00223882749999999983	-0.23914891499999999
6169217973	-0.00601387740000000007	-0.240671436099999997
6169219973	-0.00636849749999999961	-0.243611486099999996
6169221973	-0.00529924469999999963	-0.23881311790000001
6169223973	-0.00460218340000000028	-0.239936988600000012
6169225973	-0.00451853739999999969	-0.237459632599999998
6169227973	-0.00425930790000000024	-0.238425766300000008
6169229973	-0.00685289530000000001	-0.239679788000000005
6169231973	-0.00598899180000000021	-0.240178964800000005
6169233973	-0.00778867939999999988	-0.242797553599999993
6169235973	-0.00905785150000000018	-0.239186924100000003
6169237973	-0.0046656702999999999	-0.238045138399999995
6169239973	-0.00714462829999999976	-0.242932334299999997
6169241973	-0.0117393060999999993	-0.236532201299999995
6169243973	-0.00739060959999999958	-0.240416284099999988
6169245973	-0.00935565489999999958	-0.237247236700000003
6169247973	-0.0104405252	-0.235530242899999992
6169249973	-0.00698063329999999965	-0.235740476899999996
6169251973	-0.00901420669999999924	-0.238369339399999991
6169253973	-0.0105584311999999993	-0.234871031899999999
6169255973	-0.00947420619999999984	-0.238421854500000002
6169257973	-0.0133792718000000001	-0.238502472500000007
6169259973	-0.0119365979000000001	-0.235283465899999988
6169261973	-0.00974305349999999952	-0.235945079499999988
6169263973	-0.0110024107999999992	-0.239042576000000007
6169265973	-0.00941026460000000085	-0.233937101000000008
6169267973	-0.00944260270000000027	-0.236698567199999987
6169269973	-0.0123699350000000003	-0.240915998399999998
6169271973	-0.0120482934	-0.235126917600000013
6169273973	-0.0157325105999999992	-0.23438511070000001
6169275973	-0.0108831777999999994	-0.234601066200000014
6169277973	-0.0150037777000000001	-0.234313561499999989
6169279973	-0.0134141981	-0.23530641129999999
6169281973	-0.0147882784999999999	-0.235517941300000005
6169283973	-0.0153612553999999991	-0.234593872799999992
6169285973	-0.0150643205000000006	-0.234856897300000006
6169287973	-0.015368853	-0.239141551799999991
6169289973	-0.0159133153000000013	-0.231347807399999994
6169291973	-0.0133404899000000004	-0.234099581700000003
6169293973	-0.0155115594999999992	-0.235938625799999996
6169295973	-0.0184715137999999987	-0.233990615900000004
6169297973	-0.0166264817999999988	-0.232387332499999988
6169299973	-0.0172015390999999997	-0.230459922000000011
6169301973	-0.0211960396000000009	-0.233843894100000005
6169303973	-0.0152693748000000008	-0.232370507199999993
6169305973	-0.016454525099999999	-0.235306296899999989
6169307973	-0.0196992056999999998	-0.232604576300000004
6169309973	-0.0180189917999999984	-0.231017168899999986
6169311973	-0.0179180479999999989	-0.230243628000000006
6169313973	-0.0197622218000000002	-0.233388585300000007
6169315973	-0.0221028370000000002	-0.233722776800000004
6169317973	-0.0193481559999999983	-0.232814299199999991
6169319973	-0.0200875498	-0.229128403400000014
6169321973	-0.0195040088	-0.227929702799999995
6169323973	-0.0216635233999999989	-0.233033893999999991
6169325973	-0.0183159407999999996	-0.229964863299999989
6169327973	-0.0205788769999999989	-0.231488870000000013
6169329973	-0.0224540841999999984	-0.228905851399999999
6169331973	-0.0198565453000000003	-0.226307712999999994
6169333973	-0.0254719688999999992	-0.231100238000000013
6169335973	-0.0263440921000000008	-0.227982536000000013
6169337973	-0.0237127503000000017	-0.230084353399999997
6169339973	-0.0227856123999999986	-0.227331953599999997
6169341973	-0.0228100432000000013	-0.231729891500000007
6169343973	-0.026582095699999999	-0.226971929099999997
6169345973	-0.0246992574000000006	-0.231022548699999997
6169347973	-0.023784068299999999	-0.227604030799999996
6169349973	-0.0268346505000000013	-0.227331421000000006
6169351973	-0.0214993454000000014	-0.225129060699999994
6169353973	-0.0280241412999999995	-0.225250028399999996
6169355973	-0.0251345991999999997	-0.227394091900000012
6169357973	-0.0248425170000000015	-0.228302748599999994
6169359973	-0.0289117659999999985	-0.22753034829999999
6169361973	-0.0287946728999999985	-0.220762858400000012
6169363973	-0.0264358464000000008	-0.225942165199999989
6169365973	-0.0285631042999999994	-0.226508048399999995
6169367973	-0.0218831152999999987	-0.224108563000000011
6169369973	-0.031282444999999999	-0.225957362299999992
6169371973	-0.0270740593000000015	-0.220334316499999988
6169373973	-0.0294499187000000009	-0.227259005799999997
6169375973	-0.0293088297999999983	-0.223383322599999989
6169377973	-0.0268758069000000002	-0.223064081899999989
6169379973	-0.0302089515999999988	-0.220121931900000012
6169381973	-0.0320602297999999994	-0.220224196000000011
6169383973	-0.0306336422999999997	-0.222621770400000002
6169385973	-0.0313476202000000023	-0.225002628300000007
6169387973	-0.0304422890999999987	-0.221663085300000007
6169389973	-0.0319327792999999985	-0.22008438620000001
6169391973	-0.0350821669999999974	-0.220868978299999991
6169393973	-0.0255967508999999996	-0.220560568000000012
6169395973	-0.0342913057999999979	-0.223702471000000014
6169397973	-0.0347419306999999997	-0.220068116799999991
6169399973	-0.032463261799999997	-0.218341395299999991
6169401973	-0.0319565148000000021	-0.2222150554
6169403973	-0.0308587142999999994	-0.219284270700000006
6169405973	-0.0334296368999999968	-0.221052651399999994
6169407973	-0.0331693023000000017	-0.221569042999999993
6169409973	-0.0328112772000000025	-0.220424331700000004
6169411973	-0.0357843288000000009	-0.22005000529999999
6169413973	-0.0342921166999999999	-0.214366605999999987
6169415973	-0.033901727700000002	-0.216741198999999996
6169417973	-0.0363947126999999981	-0.215959722900000012
6169419973	-0.0356873000999999995	-0.216779040899999997
6169421973	-0.0362866163999999991	-0.216920333599999987
6169423973	-0.0368909488999999979	-0.216335594999999992
6169425973	-0.0398764037000000002	-0.219348326099999991
6169427973	-0.0392047297000000031	-0.213599155200000002
6169429973	-0.0398325658999999985	-0.214158862100000014
6169431973	-0.0360240775000000013	-0.215030426599999991
6169433973	-0.0377487968999999993	-0.213250754300000012
6169435973	-0.036919094999999999	-0.215488856799999989
6169437973	-0.0397034626999999973	-0.2118829676
6169439973	-0.0403351269999999984	-0.209903322700000006
6169441973	-0.0377136897999999984	-0.212931899000000008
6169443973	-0.0413263754999999983	-0.208007900100000004
6169445973	-0.0378771457000000034	-0.21387556399999999
6169447973	-0.0392570402000000027	-0.207832644799999994
6169449973	-0.0416930677000000027	-0.208145230300000011
6169451973	-0.0413050252999999992	-0.211974014799999999
6169453973	-0.0401299665000000028	-0.209416279600000005
6169455973	-0.0447202235999999975	-0.210149316199999991
6169457973	-0.0396677396000000015	-0.2059462403
6169459973	-0.0411830862999999978	-0.207296772500000004
6169461973	-0.0428137329999999997	-0.208297245500000006
6169463973	-0.0404616054999999974	-0.206290986300000007
6169465973	-0.0397021961999999978	-0.207390242599999997
6169467973	-0.0405247763999999969	-0.206308367200000009
6169469973	-0.0424966332000000016	-0.204264609000000014
6169471973	-0.0428110664000000002	-0.204471944300000014
6169473973	-0.0433570813000000027	-0.202496575799999995
6169475973	-0.0413098662000000033	-0.206480029300000006
6169477973	-0.0418639605999999997	-0.203225446199999993
6169479973	-0.0486881948000000009	-0.199390128999999999
6169481973	-0.0430208325000000016	-0.204235193600000003
6169483973	-0.0445691247999999984	-0.201104030699999992
6169485973	-0.0441036595000000031	-0.199671175199999995
6169487973	-0.0441441648000000034	-0.195771111999999997
6169489973	-0.0456509822000000023	-0.19707991620000001
6169491973	-0.0471367082000000021	-0.199127324599999989
6169493973	-0.044428229399999998	-0.198487347400000014
6169495973	-0.0436715989999999984	-0.197273937300000007
6169497973	-0.0467162387000000026	-0.196267779400000009
6169499973	-0.0444138275999999971	-0.201610640000000008
6169501973	-0.0487543496000000035	-0.199349658699999988
6169503973	-0.0469891599000000007	-0.196538861600000003
6169505973	-0.0475623303999999983	-0.195831467199999998
6169507973	-0.0465992251999999968	-0.196322267500000008
6169509973	-0.0466417516999999976	-0.192550302899999998
6169511973	-0.0447068814999999967	-0.188284432700000004
6169513973	-0.0476915420000000034	-0.189874738799999998
6169515973	-0.0448801670999999999	-0.191897490400000009
6169517973	-0.0501031045000000022	-0.192857739299999997
6169519973	-0.0499039749000000019	-0.191964446499999997
6169521973	-0.0466219059999999977	-0.18810448090000001
6169523973	-0.0473661229000000017	-0.1900460759
6169525973	-0.0497668413999999976	-0.189724589999999999
6169527973	-0.049229757300000003	-0.189259119400000009
6169529973	-0.0521384779000000007	-0.188854185600000002
6169531973	-0.0468893255999999967	-0.190604527800000006
6169533973	-0.0492290629000000021	-0.185496992100000008
6169535973	-0.0467147212000000034	-0.186528742100000006
6169537973	-0.0467517195999999982	-0.187482228400000006
6169539973	-0.0530505096999999981	-0.184548289799999987
6169541973	-0.051289865300000001	-0.181152930600000012
6169543973	-0.0524645726000000021	-0.18532216230000001
6169545973	-0.0496681173000000017	-0.181830656600000001
6169547973	-0.0491707761000000007	-0.179419541900000007
6169549973	-0.0502413286000000028	-0.183342265000000004
6169551973	-0.0515831365000000014	-0.178280333399999991
6169553973	-0.0471770175000000014	-0.174791120999999994
6169555973	-0.0462637633999999978	-0.176940634399999991
6169557973	-0.0480961913000000005	-0.170921217699999989
6169559973	-0.0537525062000000012	-0.174945844900000008
6169561973	-0.0522486262000000021	-0.174924197599999998
6169563973	-0.0512351327999999995	-0.176016030999999989
6169565973	-0.0536599753000000027	-0.176063688999999995
6169567973	-0.0481951231000000008	-0.170223775699999996
6169569973	-0.0540365688999999982	-0.173317175099999998
6169571973	-0.0506099651000000011	-0.172266688599999995
6169573973	-0.0484569270999999982	-0.170632673900000004
6169575973	-0.0510694843000000023	-0.170491661900000008
6169577973	-0.0515299961000000029	-0.168307371799999994
6169579973	-0.0490222688999999989	-0.169170474600000009
6169581973	-0.0523415866999999979	-0.162412023600000011
6169583973	-0.0522914151000000021	-0.169607137399999996
6169585973	-0.045416117899999997	-0.165361797300000002
6169587973	-0.0504114863999999968	-0.161970046600000001
6169589973	-0.051594371299999997	-0.162735662899999994
6169591973	-0.0504747960999999967	-0.161019452099999988
6169593973	-0.050551512899999998	-0.161014097599999989
6169595973	-0.0493695786999999997	-0.159258927100000003
6169597973	-0.0495256322999999971	-0.158734745700000013
6169599973	-0.048493073099999999	-0.160522446799999996
6169601973	-0.0522566979000000029	-0.15975713250000001
6169603973	-0.0479399408999999985	-0.158084284600000013
6169605973	-0.0467346439999999988	-0.154094681799999994
6169607973	-0.0485058951000000016	-0.153209802400000011
6169609973	-0.0486596136999999998	-0.151896265599999997
6169611973	-0.0487898155	-0.155349514100000002
6169613973	-0.0497438693000000001	-0.154682048600000011
6169615973	-0.0504164302000000009	-0.149887114799999999
6169617973	-0.0436944917999999988	-0.146919401700000007
6169619973	-0.0472695667000000014	-0.14774799059999999
6169621973	-0.0475298784999999974	-0.150940145100000006
6169623973	-0.0462839588999999982	-0.149078042599999988
6169625973	-0.0495741578999999988	-0.146479269299999992
6169627973	-0.0496100167000000022	-0.146598956000000002
6169629973	-0.0464549851999999999	-0.143848106100000012
6169631973	-0.0464599282000000002	-0.140211187399999992
6169633973	-0.0493231836000000007	-0.144102091900000007
6169635973	-0.0462187099000000018	-0.144387115600000004
6169637973	-0.047329410500000002	-0.139400557899999999
6169639973	-0.0450433844999999985	-0.143996932699999997
6169641973	-0.041670213400000003	-0.140771224
6169643973	-0.041451979899999998	-0.137628725600000001
6169645973	-0.0414328330999999966	-0.138678109699999996
6169647973	-0.0414726675999999989	-0.135940906899999991
6169649973	-0.0362871248000000007	-0.139177239799999991
6169651973	-0.0439647693999999992	-0.136722568999999988
6169653973	-0.0410007781999999973	-0.133462097899999993
6169655973	-0.0423073084000000002	-0.135941128599999989
6169657973	-0.0358930625999999975	-0.131677745799999996
6169659973	-0.0403803114000000005	-0.131091831599999986
6169661973	-0.034048695599999998	-0.126935848399999995
6169663973	-0.0336679235000000021	-0.128423200600000009
6169665973	-0.0362020278000000015	-0.131542216699999992
6169667973	-0.032798664800000002	-0.123241226800000006
6169669973	-0.0306956721999999994	-0.122103397399999994
6169671973	-0.0331151003999999999	-0.128727898400000013
6169673973	-0.0323825743000000013	-0.12839150290000001
6169675973	-0.0340242271999999998	-0.124857533699999995
6169677973	-0.0340384258000000009	-0.125256616399999993
6169679973	-0.0284724942000000002	-0.122947630899999993
6169681973	-0.0297286366000000003	-0.121671915199999994
6169683973	-0.0286314961999999985	-0.121266028499999998
6169685973	-0.0255534300999999998	-0.119568454099999999
6169687973	-0.0245458921999999989	-0.122166847199999998
6169689973	-0.0243496087000000007	-0.121725172300000004
6169691973	-0.0281587597000000009	-0.120993493600000002
6169693973	-0.0245558493000000017	-0.115279783299999994
6169695973	-0.0208791881999999991	-0.116367890599999996
6169697973	-0.0205293505000000015	-0.1151041337
6169699973	-0.0217903249000000014	-0.113752429500000002
6169701973	-0.0216825668999999985	-0.111239753900000002
6169703973	-0.0208206293999999986	-0.113065084499999996
6169705973	-0.0200134507999999989	-0.114244458300000004
6169707973	-0.0129217116	-0.113371377199999998
6169709973	-0.0150972990999999994	-0.110903702600000001
6169711973	-0.0153063447999999998	-0.108345179400000005
6169713973	-0.0218989825999999985	-0.1110714431
6169715973	-0.00876504650000000003	-0.111107152000000001
6169717973	-0.0120027481000000002	-0.111168308800000004
6169719973	-0.00817233399999999985	-0.108653870700000002
6169721973	-0.0100097155000000004	-0.110270759800000007
6169723973	-0.0111880681999999999	-0.107455506199999995
6169725973	-0.00429168029999999964	-0.106188945899999998
6169727973	-0.00454082529999999974	-0.109299633399999999
6169729973	-0.00320153309999999993	-0.102014248700000004
6169731973	-0.00235572369999999991	-0.106925741599999999
6169733973	0.00124885889999999992	-0.103797107
6169735973	0.000687762599999999953	-0.102550150000000007
6169737973	0.00108116960000000008	-0.104483679900000001
6169739973	0.00512479169999999987	-0.105488175599999998
6169741973	0.00417022519999999969	-0.102718652100000002
6169743973	0.000901692600000000041	-0.103405950900000002
6169745973	0.00205828239999999996	-0.107005628500000005
6169747973	0.00457199979999999961	-0.102144202599999998
6169749973	0.0100795439999999993	-0.102262977699999993
6169751973	0.00785687789999999983	-0.0988708860999999994
6169753973	0.0126703330000000006	-0.100450569099999998
6169755973	0.0136022943999999993	-0.103325622899999997
6169757973	0.0132480815999999994	-0.0988767467000000039
6169759973	0.0139585417000000003	-0.104376917499999999
6169761973	0.0133842132999999995	-0.100440369900000007
6169763973	0.0167157546999999983	-0.0980835453999999995
6169765973	0.0201469095999999986	-0.0982802014999999973
6169767973	0.0197896756000000007	-0.101960470400000003
6169769973	0.0209763607999999997	-0.0998175434
6169771973	0.0270935466000000007	-0.0995732789000000063
6169773973	0.0237493145000000003	-0.103831125699999999
6169775973	0.0302525574999999991	-0.102684636900000001
6169777973	0.0243573178000000001	-0.1015792415
6169779973	0.0313768660999999977	-0.102924585499999999
6169781973	0.0289752430999999991	-0.101725433700000006
6169783973	0.0326332463000000017	-0.107539215100000002
6169785973	0.0330432260000000019	-0.103058886799999999
6169787973	0.0348365902000000033	-0.106074992500000007
6169789973	0.0316500231000000007	-0.105536847899999994
6169791973	0.0367725555999999995	-0.101369621199999996
6169793973	0.0369575463999999992	-0.104122004700000007
6169795973	0.0369739134999999969	-0.102891234400000003
6169797973	0.0371682611999999968	-0.100363881399999993
6169799973	0.0445791176000000025	-0.106702655899999999
6169801973	0.0446688645999999967	-0.104922060600000006
6169803973	0.044272635400000003	-0.106508133099999999
6169805973	0.0445670591000000005	-0.105942584399999998
6169807973	0.0516715290000000008	-0.109336800200000001
6169809973	0.0465065524999999994	-0.104799577000000005
6169811973	0.0518156393000000007	-0.109430602700000004
6169813973	0.0519470892999999989	-0.108948812500000006
6169815973	0.0514775078999999969	-0.108655376600000006
6169817973	0.0544459493999999988	-0.108068075599999994
6169819973	0.0544869641000000002	-0.111734309300000001
6169821973	0.0560518008000000026	-0.112992519599999994
6169823973	0.056649366399999998	-0.110318467000000003
6169825973	0.0610385705000000001	-0.113106296600000003
6169827973	0.0606931411000000004	-0.1140244225
6169829973	0.0612931467000000021	-0.116336040700000004
6169831973	0.0620429714000000007	-0.117373455500000001
6169833973	0.0606906358000000035	-0.113077503100000004
6169835973	0.0626921763999999937	-0.117442055300000001
6169837973	0.0653250031000000009	-0.119729036900000002
6169839973	0.0628401846999999958	-0.120822636299999994
6169841973	0.0620498894000000023	-0.115893387799999997
6169843973	0.062535250099999995	-0.117261972899999997
6169845973	0.069194970999999994	-0.125638474800000011
6169847973	0.0726098230999999983	-0.1240411243
6169849973	0.0716152179	-0.120849674200000007
6169851973	0.0694460228000000068	-0.126155657899999996
6169853973	0.068692313599999999	-0.123873140199999995
6169855973	0.0711260449000000045	-0.121340729800000005
6169857973	0.0760227437000000061	-0.127973658800000001
6169859973	0.0733085993999999935	-0.127888587800000009
6169861973	0.0708501799000000043	-0.123492438600000004
6169863973	0.0742033797000000023	-0.131772519000000005
6169865973	0.0756006141999999992	-0.13068906990000001
6169867973	0.0753295643999999931	-0.128764607400000008
6169869973	0.0748406036999999941	-0.130289396899999993
6169871973	0.0822981188999999946	-0.136175393300000003
6169873973	0.0827767029999999931	-0.132230113700000013
6169875973	0.0806980526000000004	-0.133916366000000009
6169877973	0.0797703451999999952	-0.132658824000000009
6169879973	0.0810222136999999981	-0.137474441199999992
6169881973	0.0800245542999999948	-0.136730460400000003
6169883973	0.0833613956999999933	-0.14087934399999999
6169885973	0.0827355959000000002	-0.137281270799999994
6169887973	0.0824248412000000014	-0.143134518399999994
6169889973	0.0874475027999999932	-0.1407516875
6169891973	0.0892841493000000042	-0.141155427800000011
6169893973	0.0873712226000000064	-0.140186924200000007
6169895973	0.0831495825999999938	-0.143946840200000009
6169897973	0.0829077782000000041	-0.144979178099999995
6169899973	0.0850807927999999991	-0.147502679599999992
6169901973	0.086222353700000004	-0.152449569600000001
6169903973	0.085994681200000006	-0.146738529799999989
6169905973	0.0912067089000000025	-0.150386924199999994
6169907973	0.0891603207000000036	-0.145059292799999989
6169909973	0.0899874796000000032	-0.151982649199999986
6169911973	0.0901442430999999933	-0.154706884099999997
6169913973	0.0843603656999999951	-0.152523978700000007
6169915973	0.0876731904000000034	-0.154363201899999997
6169917973	0.089098521900000005	-0.154259155199999998
6169919973	0.0849016196000000056	-0.158079074699999989
6169921973	0.0888206805999999932	-0.15713007209999999
6169923973	0.0885886574000000065	-0.158245453000000008
6169925973	0.0930324440000000058	-0.157381212699999995
6169927973	0.0918923070000000064	-0.161155555099999986
6169929973	0.0888659007999999945	-0.160279528700000007
6169931973	0.091647727499999998	-0.165137155600000002
6169933973	0.093078329200000004	-0.160159024700000013
6169935973	0.0898131976000000054	-0.164158541600000013
6169937973	0.0931499840999999995	-0.164702580500000001
6169939973	0.0920138776999999963	-0.166916113799999988
6169941973	0.0922474979999999972	-0.173302181899999991
6169943973	0.0926280144999999944	-0.170437047300000005
6169945973	0.0876420898999999975	-0.169500101799999997
6169947973	0.0971989907000000014	-0.171974957699999986
6169949973	0.0911370185999999943	-0.170757576800000005
6169951973	0.0903342263000000006	-0.169892394199999991
6169953973	0.0915009091999999941	-0.173347488299999991
6169955973	0.0908825917999999955	-0.172202365899999987
6169957973	0.0914516843999999968	-0.175602139699999993
6169959973	0.0908239192000000056	-0.174568373500000013
6169961973	0.0935458311999999986	-0.173839414400000003
6169963973	0.0889018325999999942	-0.176744174700000006
6169965973	0.0918559040000000021	-0.181647331500000009
6169967973	0.0911512792999999988	-0.17678749769999999
6169969973	0.0947448869999999999	-0.179769427799999992
6169971973	0.0875943086999999981	-0.183123477499999993
6169973973	0.0940044019000000064	-0.182962221199999997
6169975973	0.0899529607999999953	-0.179092855999999995
6169977973	0.0922153173999999964	-0.185432318799999996
6169979973	0.0935055028999999954	-0.183637830299999999
6169981973	0.0931051274000000012	-0.185573311800000001
6169983973	0.0904732424000000007	-0.188153456400000002
6169985973	0.0923241268000000032	-0.185000126900000006
6169987973	0.0906158509999999973	-0.194666397800000002
6169989973	0.0909890337999999937	-0.189725936499999998
6169991973	0.0937971945000000001	-0.1862794428
6169993973	0.0950062502999999975	-0.189328313800000009
6169995973	0.0893295962999999943	-0.193174304299999988
6169997973	0.0925072279000000025	-0.192392936099999995
6169999973	0.0941184520000000052	-0.190882858699999991
6170001973	0.0913380550000000013	-0.194861783700000013
6170003973	0.0876157097999999968	-0.193787897300000012
6170005973	0.0905609606000000039	-0.197121007300000012
6170007973	0.0874711942000000048	-0.195228064300000004
6170009973	0.0886283587000000067	-0.199333088900000011
6170011973	0.088538687899999996	-0.197986413299999997
6170013973	0.0913565322000000068	-0.193975312600000005
6170015973	0.0891165265999999956	-0.195230115399999987
6170017973	0.0861093009000000048	-0.19625888620000001
6170019973	0.0859718577999999956	-0.204564819600000003
6170021973	0.0858613730000000047	-0.199159219500000012
6170023973	0.0856501590000000035	-0.202565978600000002
6170025973	0.0848944840000000062	-0.200118576399999998
6170027973	0.0840145033000000013	-0.203984740800000008
6170029973	0.0848780305000000068	-0.20271328990000001
6170031973	0.0904381457999999944	-0.203677828100000013
6170033973	0.0836384840999999934	-0.204780539499999997
6170035973	0.0904549909000000041	-0.204634547400000005
6170037973	0.0876398154000000013	-0.20475948799999999
6170039973	0.0840508056000000003	-0.201587520399999998
6170041973	0.0825487673000000061	-0.210727275399999997
6170043973	0.0847366392999999996	-0.211852271199999997
6170045973	0.0866249855999999957	-0.207912087100000004
6170047973	0.0836054675000000025	-0.205896123300000011
6170049973	0.084118967899999994	-0.211990375099999989
6170051973	0.0824412384999999998	-0.211215207799999999
6170053973	0.0823316261999999938	-0.210295649000000001
6170055973	0.0856432703000000045	-0.217929694499999993
6170057973	0.0825519601999999963	-0.208830424300000012
6170059973	0.0810711778999999994	-0.209259610000000013
6170061973	0.0838381858000000063	-0.213420753099999999
6170063973	0.0793495402999999933	-0.210664277700000013
6170065973	0.0796205329999999933	-0.215247690200000008
6170067973	0.0847249882999999981	-0.214226068800000002
6170069973	0.0808132062000000012	-0.216398541899999991
6170071973	0.0798962093000000068	-0.2163507452
6170073973	0.0778294073000000003	-0.218552163900000013
6170075973	0.0822822101000000028	-0.21523518929999999
6170077973	0.0810677939999999986	-0.215563762599999986
6170079973	0.0792488097000000058	-0.22046910950000001
6170081973	0.0791140213999999981	-0.219250881399999986
6170083973	0.0787990888	-0.218965435300000011
6170085973	0.077288670899999995	-0.220732335499999988
6170087973	0.0786010097000000019	-0.217642131999999988
6170089973	0.0771914092000000052	-0.221107360599999997
6170091973	0.0754285715999999939	-0.222488943100000003
6170093973	0.0762393596000000007	-0.219388514300000004
6170095973	0.0759794379999999964	-0.22017506919999999
6170097973	0.0752016805000000066	-0.219864065299999994
6170099973	0.0743268359999999934	-0.221527146700000011
6170101973	0.0750520628999999939	-0.222586271499999988
6170103973	0.0715871483000000003	-0.22210722220000001
6170105973	0.0774895518000000005	-0.22679649369999999
6170107973	0.0755547329999999989	-0.222911045800000013
6170109973	0.0740653116999999972	-0.225020294499999995
6170111973	0.0713578614	-0.226947549299999995
6170113973	0.0717316026999999939	-0.224695490500000011
6170115973	0.0759591414999999937	-0.227350453600000002
6170117973	0.0715404659000000026	-0.226942128800000004
6170119973	0.0694721328000000027	-0.229548052400000008
6170121973	0.0701235820000000037	-0.2310625922
6170123973	0.0672751012000000065	-0.229720365600000004
6170125973	0.0722587672000000042	-0.227595259599999988
6170127973	0.0732298742999999974	-0.228269456900000001
6170129973	0.0682383747000000068	-0.231372156400000001
6170131973	0.0680322784000000069	-0.230385006700000006
6170133973	0.068846676699999998	-0.230118775299999995
6170135973	0.067419159500000006	-0.228585491000000002
6170137973	0.0698273442000000022	-0.233401624599999996
6170139973	0.0696749851000000031	-0.232387207900000003
6170141973	0.0707374357999999981	-0.234351634599999997
6170143973	0.0665761406999999944	-0.232485376299999991
6170145973	0.0685249245999999951	-0.234891910499999995
6170147973	0.0706569605000000045	-0.233852913200000012
6170149973	0.0684468055999999936	-0.232322645999999994
6170151973	0.0725133216999999941	-0.236832690799999995
6170153973	0.0652215705000000062	-0.23255057409999999
6170155973	0.0657367014999999943	-0.235521862299999996
6170157973	0.064689236799999994	-0.236261819200000001
6170159973	0.0660936803999999933	-0.237725326600000009
6170161973	0.0573416708000000011	-0.232821980799999995
6170163973	0.0696531823999999994	-0.236853148699999988
6170165973	0.0650267209000000013	-0.235736667300000008
6170167973	0.0638253869000000029	-0.237298071599999993
6170169973	0.0647394082999999954	-0.236913881800000004
6170171973	0.0642883491999999973	-0.234467109600000001
6170173973	0.0612568638999999998	-0.232931473899999991
6170175973	0.0645765999999999979	-0.238607860599999999
6170177973	0.0632214281000000045	-0.237055908700000012
6170179973	0.0593336023999999976	-0.240800965799999989
6170181973	0.0621426420999999993	-0.236534095999999999
6170183973	0.0627087798999999974	-0.2372646058
6170185973	0.062643843099999999	-0.235053596799999986
6170187973	0.0592832694999999993	-0.236711522400000013
6170189973	0.0607818096000000002	-0.235286518500000014
6170191973	0.0577247845000000009	-0.240630065899999995
6170193973	0.0596250988999999995	-0.237901578299999999
6170195973	0.0591931625000000003	-0.239140003399999995
6170197973	0.0585117511000000021	-0.238297544899999991
6170199973	0.0580613427999999987	-0.239302202299999989
6170201973	0.0555627534999999992	-0.241229804299999989
6170203973	0.0570313661000000013	-0.239177903899999988
6170205973	0.0610603936999999999	-0.240336644399999994
6170207973	0.0583862046999999995	-0.237411644899999996
6170209973	0.0611365910999999984	-0.244365882499999992
6170211973	0.0533296747999999973	-0.243197759200000002
6170213973	0.0561275152999999999	-0.240192914000000007
6170215973	0.0550840699999999989	-0.239617180900000004
6170217973	0.0527607475000000034	-0.239801162499999998
6170219973	0.0542007349999999999	-0.2417637594
6170221973	0.0551890803999999999	-0.241029318299999989
6170223973	0.056076472799999999	-0.243364855299999988
6170225973	0.0547792840999999989	-0.239902342299999988
6170227973	0.0582765120999999969	-0.243470185499999991
6170229973	0.0565087516999999984	-0.243374901300000002
6170231973	0.053888191299999999	-0.242469838699999996
6170233973	0.0527652767999999966	-0.240524606899999993
6170235973	0.0552013072000000007	-0.243899691800000012
6170237973	0.0517013959000000023	-0.244530919499999999
6170239973	0.0511342795999999988	-0.241916981199999992
6170241973	0.0554255074999999986	-0.243123938900000003
6170243973	0.0491537826000000011	-0.24339455539999999
6170245973	0.050748096999999999	-0.244149820099999998
6170247973	0.052764383300000002	-0.2465700371
6170249973	0.0477038768999999974	-0.244702215299999998
6170251973	0.0462807194000000033	-0.247040069899999992
6170253973	0.0500341730000000012	-0.2443695377
6170255973	0.0503205214999999997	-0.246154545499999988
6170257973	0.046628306199999997	-0.247406729500000006
6170259973	0.0456941271000000024	-0.246444949299999994
6170261973	0.0495029063999999977	-0.246113025699999988
6170263973	0.0463651871999999979	-0.250651451500000011
6170265973	0.0463919314999999971	-0.247606436000000013
6170267973	0.0448762461000000029	-0.246217441199999998
6170269973	0.0507549257000000018	-0.249871333599999995
6170271973	0.0513453773000000016	-0.246951345799999999
6170273973	0.0449548848999999986	-0.246472845899999987
6170275973	0.0416485197999999987	-0.248076525800000003
6170277973	0.0457486873000000002	-0.254866968999999999
6170279973	0.0454404280999999993	-0.250345380200000023
6170281973	0.0454215702999999985	-0.250007722499999974
6170283973	0.0460531236999999968	-0.248158613800000011
6170285973	0.0465141074999999987	-0.24696361
6170287973	0.0430171801999999978	-0.250219393899999976
6170289973	0.0435670639000000012	-0.252084670999999982
6170291973	0.0403757352999999999	-0.247724760200000005
6170293973	0.0403821741000000012	-0.249482626000000013
6170295973	0.0422660191999999976	-0.25064586849999998
6170297973	0.0440095851999999996	-0.245290669300000014
6170299973	0.0389279257999999989	-0.248740066399999987
6170301973	0.0422894690000000031	-0.252332801200000012
6170303973	0.0425406076000000022	-0.251622256699999991
6170305973	0.0428463976000000024	-0.25260460210000002
6170307973	0.0374205652999999999	-0.247723535500000008
6170309973	0.0415526619999999972	-0.25366390820000001
6170311973	0.0388411905999999987	-0.252188697600000011
6170313973	0.0403922992999999966	-0.250678102700000016
6170315973	0.0413851702000000016	-0.249420980699999989
6170317973	0.0370023645000000026	-0.252380230099999991
6170319973	0.0363035332000000016	-0.249619756599999992
6170321973	0.0381716539999999993	-0.251391634699999977
6170323973	0.0417177204999999995	-0.250873402099999976
6170325973	0.0378864340999999979	-0.249779256100000013
6170327973	0.0379506653999999999	-0.250425644000000003
6170329973	0.0417150669000000002	-0.247722503900000002
6170331973	0.0368845487999999999	-0.253388496399999996
6170333973	0.0397555043000000011	-0.249220584899999986
6170335973	0.0349255897999999967	-0.249427535199999995
6170337973	0.0361356477999999967	-0.250506162799999987
6170339973	0.0379184189000000005	-0.251964398300000003
6170341973	0.0350266600000000011	-0.255323805299999984
6170343973	0.0363922891000000026	-0.254600616999999974
6170345973	0.0351568811999999967	-0.254822714399999983
6170347973	0.0357606789000000022	-0.254506045999999986
6170349973	0.0352463355000000034	-0.252997065899999984
6170351973	0.0318650884999999995	-0.253617266600000002
6170353973	0.0347672887000000028	-0.253654725500000011
6170355973	0.0287821255999999998	-0.255448352900000009
6170357973	0.0316912251999999992	-0.255206395600000024
6170359973	0.0319211062000000004	-0.252417480699999974
6170361973	0.032900014499999998	-0.255629030500000021
6170363973	0.0319403264999999978	-0.255860480999999973
6170365973	0.0343820436000000021	-0.250260915199999989
6170367973	0.0304070294000000005	-0.254154683400000025
6170369973	0.0301240307999999998	-0.254811225199999991
6170371973	0.0306263392000000016	-0.258175250600000017
6170373973	0.0316462901000000019	-0.257435116399999997
6170375973	0.0287629977000000009	-0.255817677799999976
6170377973	0.0297747507999999994	-0.255535612400000001
6170379973	0.0311254647000000009	-0.25509181860000002
6170381973	0.0294293883999999992	-0.258592124199999995
6170383973	0.0306956946000000001	-0.254706449300000026
6170385973	0.0284836883999999985	-0.253454213500000025
6170387973	0.0242349702000000007	-0.256807242300000016
6170389973	0.0282523972000000012	-0.255632200500000017
6170391973	0.0294140020999999995	-0.254025771999999983
6170393973	0.0291235768999999999	-0.259849835299999998
6170395973	0.027573660199999999	-0.257883943100000013
6170397973	0.0264010358000000001	-0.252635557000000011
6170399973	0.026089985999999999	-0.254062426399999985
6170401973	0.023875891199999999	-0.255376668899999992
6170403973	0.0257249379999999993	-0.254273988000000006
6170405973	0.0212983297000000002	-0.259514339500000024
6170407973	0.0249419466000000006	-0.254035036599999986
6170409973	0.0275531349000000016	-0.256852460700000007
6170411973	0.0233048338999999986	-0.25417483569999999
6170413973	0.0266188875000000005	-0.258222396199999982
6170415973	0.0257796472999999998	-0.255287566299999991
6170417973	0.0228510349000000008	-0.254050738200000015
6170419973	0.0241466777999999986	-0.261169072300000027
6170421973	0.0211521016999999985	-0.257748860400000002
6170423973	0.0256597744999999995	-0.256582634300000001
6170425973	0.0240147772000000002	-0.261178688599999986
6170427973	0.0224669738000000015	-0.2595882048
6170429973	0.0243886191000000016	-0.260217893899999997
6170431973	0.0208210823999999996	-0.258556538700000005
6170433973	0.0226906724999999983	-0.254485155000000018
6170435973	0.0251051340000000012	-0.258843973299999974
6170437973	0.0190266059000000001	-0.257563772099999977
6170439973	0.0204351198999999997	-0.257751054300000004
6170441973	0.0191539857000000008	-0.25823935440000001
6170443973	0.0208077514999999991	-0.256965913200000007
6170445973	0.020726564900000001	-0.259243363800000015
6170447973	0.0238388006000000013	-0.255102432300000015
6170449973	0.0193503219999999997	-0.258284332000000005
6170451973	0.0204394295999999996	-0.258515225299999984
6170453973	0.022112099100000001	-0.258197535099999986
6170455973	0.0204961944999999986	-0.260178060099999997
6170457973	0.019736860299999999	-0.260828189599999982
6170459973	0.0194431280999999984	-0.259202892899999982
6170461973	0.0175409275999999989	-0.263207723700000007
6170463973	0.0175317084999999998	-0.261948092000000021
6170465973	0.0202703439000000013	-0.260872801900000006
6170467973	0.0179300342000000001	-0.256520446999999985
6170469973	0.0156339113000000009	-0.261796144700000011
6170471973	0.0159697638000000017	-0.260203320899999979
6170473973	0.0185577328000000007	-0.260962187000000012
6170475973	0.0178952302000000008	-0.260776258300000008
6170477973	0.0183144140000000011	-0.257402048300000019
6170479973	0.0173560393000000007	-0.260653925000000009
6170481973	0.0176133265999999997	-0.260011747100000024
6170483973	0.0164571680999999991	-0.259567335700000013
6170485973	0.0117837427000000005	-0.265093552399999988
6170487973	0.0165603107999999985	-0.260167183099999977
6170489973	0.0127802214999999993	-0.260016826400000012
6170491973	0.0154366723000000008	-0.260574644299999991
6170493973	0.0147226327000000001	-0.259802852699999975
6170495973	0.0170178170000000011	-0.261296017699999994
6170497973	0.0174205768000000004	-0.259381587899999988
6170499973	0.0143921772	-0.260658144500000022
6170501973	0.0146701160000000004	-0.260303392799999977
6170503973	0.0129631708999999994	-0.259751105599999976
6170505973	0.0148620156999999999	-0.257434302700000006
6170507973	0.0128534535000000005	-0.261868038899999989
6170509973	0.0112657300999999994	-0.261885896399999984
6170511973	0.0133312372000000002	-0.260202173300000006
6170513973	0.00921868619999999944	-0.259592436300000007
6170515973	0.0129354081000000003	-0.264867801700000016
6170517973	0.0127931360000000001	-0.261980169599999979
6170519973	0.0112132729999999993	-0.262174713900000023
6170521973	0.0096323415000000006	-0.263073909800000005
6170523973	0.0104318477	-0.259622474800000003
6170525973	0.00888844329999999988	-0.261366146299999991
6170527973	0.00863988670000000007	-0.258836159700000012
6170529973	0.0109161106000000008	-0.25813561530000001
6170531973	0.00549373019999999969	-0.2591588487
6170533973	0.0116463328000000008	-0.257758392000000003
6170535973	0.00750207140000000005	-0.264146724599999994
6170537973	0.00879523620000000061	-0.262462113300000022
6170539973	0.0076633007999999999	-0.259765933100000013
6170541973	0.00539779989999999987	-0.260588055599999979
6170543973	0.00535677859999999974	-0.259281985400000026
6170545973	0.0062097513999999996	-0.25935819910000002
6170547973	0.00369599130000000014	-0.263368928599999996
6170549973	0.00608792459999999997	-0.26257922680000001
6170551973	0.0051150783999999996	-0.259890199200000005
6170553973	0.0110913504	-0.259750120699999976
6170555973	0.00484285879999999964	-0.261207547599999979
6170557973	0.00520567300000000007	-0.258932301899999995
6170559973	0.00720773979999999974	-0.263501431499999994
6170561973	0.00516796210000000037	-0.263294443099999997
6170563973	0.0072075450999999997	-0.259311132599999994
6170565973	0.00685443909999999997	-0.259740492599999984
6170567973	0.00416766600000000043	-0.259239059300000019
6170569973	0.00478442150000000024	-0.258556631400000014
6170571973	0.00535318809999999964	-0.262695035500000007
6170573973	0.00356540230000000017	-0.260000207799999994
6170575973	0.00803487299999999967	-0.261175152999999993
6170577973	0.00666396300000000018	-0.262754604900000022
6170579973	0.00407067690000000038	-0.260274835699999985
6170581973	0.00114880749999999991	-0.260218602000000021
6170583973	0.00381600339999999981	-0.261675555599999998
6170585973	0.0043147754	-0.263149070200000001
6170587973	0.00268030670000000016	-0.259033932700000025
6170589973	0.00064288110000000002	-0.262067639999999991
6170591973	0.00355875409999999994	-0.260900322199999979
6170593973	0.00259887900000000012	-0.263204279900000004
6170595973	0.00225318099999999993	-0.258626131199999998
6170597973	-0.000175099400000000013	-0.260961497499999973
6170599973	0.000510655300000000044	-0.262217822400000022
6170601973	0.000192897700000000001	-0.261573265100000008
6170603973	0.00272193229999999993	-0.264247589200000021
6170605973	-0.00315343199999999985	-0.264121608100000016
6170607973	-0.00175614530000000007	-0.263357877000000018
6170609973	0.00146733499999999995	-0.260134079199999979
6170611973	0.000691519399999999951	-0.263066497899999974
6170613973	0.000405868700000000006	-0.259293924200000026
6170615973	-0.000565376300000000023	-0.262379030700000015
6170617973	0.00217772309999999993	-0.259905373699999998
6170619973	0.000765735199999999987	-0.258015032300000002
6170621973	0.00127108249999999994	-0.258218725599999976
6170623973	-0.00247437940000000021	-0.258556504199999981
6170625973	-0.00317567610000000014	-0.260325509200000027
6170627973	0.00288546690000000003	-0.261320568099999984
6170629973	-0.000644008500000000012	-0.261595178500000025
6170631973	-0.00106952830000000003	-0.258602275499999978
6170633973	-0.000859431499999999972	-0.262089611399999978
6170635973	-0.00337837859999999979	-0.261831569500000028
6170637973	-0.0042857822999999998	-0.262155628600000024
6170639973	-0.00403006280000000033	-0.260499608100000002
6170641973	-0.00368877339999999993	-0.26322670170000001
6170643973	-0.00203392610000000017	-0.265077832899999977
6170645973	-0.00421970790000000037	-0.259666743600000027
6170647973	-0.00645072080000000034	-0.262994811499999981
6170649973	-0.00393388990000000018	-0.264968763699999998
6170651973	-0.00398519129999999958	-0.26398729529999998
6170653973	-0.00204256750000000008	-0.262767172599999987
6170655973	-0.00827472580000000041	-0.263499757700000004
6170657973	-0.0034352088000000002	-0.260550764300000015
6170659973	-0.00652831380000000027	-0.26075347069999999
6170661973	-0.00527600800000000043	-0.262279823700000025
6170663973	-0.00474092630000000001	-0.266718839400000018
6170665973	-0.00422440980000000042	-0.263514047099999982
6170667973	-0.00963578139999999965	-0.262680848000000022
6170669973	-0.00520302000000000004	-0.262875952899999987
6170671973	-0.00455388860000000006	-0.260130805399999998
6170673973	-0.00852757910000000001	-0.257966823999999983
6170675973	-0.00713854120000000005	-0.264868651899999974
6170677973	-0.0103770662999999996	-0.265584431399999987
6170679973	-0.00635390289999999969	-0.260141774900000011
6170681973	-0.00642909069999999996	-0.264949337900000026
6170683973	-0.0126462786999999993	-0.262016350200000026
6170685973	-0.00891832310000000017	-0.263173361300000019
6170687973	-0.00964148859999999948	-0.262152066000000017
6170689973	-0.0101531134999999998	-0.26186812399999998
6170691973	-0.0123409155000000006	-0.263240761699999992
6170693973	-0.00916157419999999965	-0.265979403800000014
6170695973	-0.0106730834999999996	-0.265242352299999984
6170697973	-0.0118342612999999992	-0.263254811300000002
6170699973	-0.00921446400000000033	-0.263597881300000003
6170701973	-0.0108464044000000006	-0.263801891000000011
6170703973	-0.00852528789999999932	-0.261368590399999989
6170705973	-0.0101846999000000001	-0.258349054000000022
6170707973	-0.0108691427000000007	-0.25979977809999999
6170709973	-0.00926874140000000062	-0.257679817099999986
6170711973	-0.00887190019999999947	-0.264795791300000027
6170713973	-0.0123839360999999995	-0.263601483299999995
6170715973	-0.00885479720000000026	-0.258674502899999992
6170717973	-0.0134850838000000004	-0.261230398500000016
6170719973	-0.00797888239999999978	-0.264474367300000013
6170721973	-0.0141940849000000008	-0.2609406279
6170723973	-0.0131546187000000005	-0.264143500500000017
6170725973	-0.0143503403000000002	-0.264679292200000027
6170727973	-0.0120142459999999993	-0.264012113200000009
6170729973	-0.00955047200000000082	-0.263260898199999982
6170731973	-0.0104698719000000003	-0.263660074799999977
6170733973	-0.00987730030000000085	-0.261447097500000003
6170735973	-0.0163376227999999998	-0.261114082899999989
6170737973	-0.0153099710999999999	-0.26011536759999998
6170739973	-0.0112087398000000008	-0.266260140199999995
6170741973	-0.0106719485999999999	-0.261475710400000005
6170743973	-0.0154986527000000006	-0.258944126900000016
6170745973	-0.0161169837000000003	-0.263354970299999991
6170747973	-0.0153609828000000007	-0.266100513599999977
6170749973	-0.0163365934999999997	-0.262576513700000014
6170751973	-0.0169872463000000015	-0.263861617900000012
6170753973	-0.0157544742000000002	-0.264024899899999999
6170755973	-0.0150132919999999993	-0.266090801900000007
6170757973	-0.0117329423000000002	-0.261645202600000015
6170759973	-0.0150258701999999994	-0.261622989299999997
6170761973	-0.0178282529999999988	-0.263873075000000012
6170763973	-0.0131137230000000007	-0.26395373179999998
6170765973	-0.0191687507000000007	-0.260406774200000024
6170767973	-0.0179552265000000009	-0.262309338000000003
6170769973	-0.0193639212999999998	-0.261794054100000007
6170771973	-0.0185609693000000006	-0.262907089300000008
6170773973	-0.0178790274000000006	-0.267053005399999988
6170775973	-0.0160361798999999992	-0.261029940199999977
6170777973	-0.0156141786000000005	-0.263984272899999983
6170779973	-0.0176902544000000009	-0.26358154319999999
6170781973	-0.0216766647000000007	-0.264113143300000019
6170783973	-0.0184116360999999999	-0.266635221300000003
6170785973	-0.017366492800000001	-0.262763892599999993
