# freq, I e Q
5930013960	-0.209652676799999993	0.0728797250000000063
5930017960	-0.210739532300000004	0.0760993764000000017
5930021960	-0.207904972399999999	0.0715821897000000068
5930025960	-0.209055548799999991	0.074110836200000002
5930029960	-0.210765964800000011	0.0745570044999999959
5930033960	-0.20933407779999999	0.0742151478000000059
5930037960	-0.212346322400000009	0.0732813667999999974
5930041960	-0.209579108600000008	0.0722807703000000051
5930045960	-0.212994421500000003	0.0777946855999999964
5930049960	-0.209685799400000011	0.0789809764999999941
5930053960	-0.212630072100000012	0.0772596309999999953
5930057960	-0.2091478685	0.0761631356999999953
5930061960	-0.208829085599999992	0.0777868834000000064
5930065960	-0.208619986000000007	0.0777812065000000052
5930069960	-0.211969096400000001	0.0745224190000000064
5930073960	-0.208591104299999996	0.0778027493000000014
5930077960	-0.207965345699999998	0.0759512299999999946
5930081960	-0.213927902599999997	0.0775995547000000035
5930085960	-0.210953189099999994	0.0796082894999999985
5930089960	-0.209073441500000012	0.0769746129000000029
5930093960	-0.211097260399999986	0.0783515426000000043
5930097960	-0.207632227400000008	0.0758084873000000048
5930101960	-0.208752681800000006	0.0786374818000000059
5930105960	-0.205270932699999992	0.0788559976999999995
5930109960	-0.208598360199999999	0.0777730823000000043
5930113960	-0.2088507057	0.0782930953000000041
5930117960	-0.208939859000000006	0.0798414868999999944
5930121960	-0.208632790900000004	0.0799007441999999984
5930125960	-0.208187981800000005	0.0805534863999999989
5930129960	-0.203847984900000001	0.0793000316000000011
5930133960	-0.205476002399999996	0.078852976800000002
5930137960	-0.206545324899999994	0.0791439471000000005
5930141960	-0.209697326900000008	0.0820671008999999951
5930145960	-0.208978398799999993	0.0797012190999999981
5930149960	-0.209623459900000003	0.0809925447000000021
5930153960	-0.205413570500000003	0.0800352284999999997
5930157960	-0.204712010999999999	0.0815754047000000065
5930161960	-0.206982938899999996	0.0795916049999999958
5930165960	-0.205675015900000008	0.0786430365999999936
5930169960	-0.208752354299999998	0.082404272099999995
5930173960	-0.207507492999999987	0.0848868371999999954
5930177960	-0.208574247299999987	0.0844975503000000017
5930181960	-0.2065765772	0.0838334101999999998
5930185960	-0.204193237299999997	0.0834116634999999967
5930189960	-0.20443586729999999	0.0876041198000000049
5930193960	-0.208292055599999998	0.0852318175999999955
5930197960	-0.210095433599999992	0.0814699841000000036
5930201960	-0.206061411899999991	0.0844080574999999944
5930205960	-0.205955612499999996	0.0831559055999999963
5930209960	-0.202573702699999997	0.0857466112999999974
5930213960	-0.204189440199999989	0.086625103600000003
5930217960	-0.205709367400000009	0.0850613320999999978
5930221960	-0.203289538999999991	0.0852537738999999961
5930225960	-0.206583897699999991	0.0834698566000000031
5930229960	-0.209682323400000009	0.0876504728999999982
5930233960	-0.205608942999999988	0.0852441443999999993
5930237960	-0.201124727199999992	0.0865933777000000016
5930241960	-0.204574366000000007	0.0862887464999999992
5930245960	-0.204758275699999992	0.0862148293000000038
5930249960	-0.202490746700000002	0.0868614689999999967
5930253960	-0.2046546115	0.0866129947999999955
5930257960	-0.202400746599999987	0.0867950214000000053
5930261960	-0.202143423799999999	0.0874663324999999936
5930265960	-0.204694871	0.0853700057999999956
5930269960	-0.19911816160000001	0.0862320515999999981
5930273960	-0.201863504100000007	0.0892331246999999994
5930277960	-0.205683267000000003	0.0880805835999999981
5930281960	-0.205422217299999987	0.0902964631999999962
5930285960	-0.20299822079999999	0.0864550624999999989
5930289960	-0.201078450299999989	0.0883702108000000014
5930293960	-0.207170388000000011	0.0933595192000000046
5930297960	-0.203516829300000007	0.0910073566000000056
5930301960	-0.208819008599999995	0.0905029202000000033
5930305960	-0.204432430700000001	0.0910678657000000003
5930309960	-0.202797674700000014	0.0938059638000000029
5930313960	-0.202764159100000008	0.0925789909999999994
5930317960	-0.198006402100000006	0.0893986650000000022
5930321960	-0.201868365399999999	0.0915902053000000049
5930325960	-0.200263361100000009	0.0878043252000000052
5930329960	-0.201700103500000005	0.0923113854999999955
5930333960	-0.201551602999999996	0.0890831495000000001
5930337960	-0.200971356399999995	0.0946890804999999947
5930341960	-0.202870123200000002	0.0940318225000000008
5930345960	-0.202492719500000001	0.0912055821999999961
5930349960	-0.202349932600000004	0.0923835627999999992
5930353960	-0.203318234099999995	0.0933895230000000021
5930357960	-0.198560249100000002	0.0948973067000000031
5930361960	-0.198661546699999997	0.0903334021999999959
5930365960	-0.200304854000000004	0.0950846411000000058
5930369960	-0.199989052800000011	0.0925989614999999933
5930373960	-0.198192183999999993	0.0938100716999999973
5930377960	-0.197242679599999998	0.0922308842000000018
5930381960	-0.198861631499999997	0.0947000751999999973
5930385960	-0.199351476700000002	0.0921536859000000041
5930389960	-0.199025233899999987	0.0967198662999999986
5930393960	-0.200525743000000006	0.0900201577000000058
5930397960	-0.196164567799999995	0.0911986332000000038
5930401960	-0.199869692399999993	0.095145353299999999
5930405960	-0.201724169700000011	0.0964692273999999961
5930409960	-0.198609777900000006	0.0966806748000000049
5930413960	-0.198011557000000005	0.0950323579000000029
5930417960	-0.198038721100000009	0.0964762474000000064
5930421960	-0.200813987400000005	0.0954090118999999931
5930425960	-0.198637461399999993	0.0987225692999999932
5930429960	-0.19711037649999999	0.0941699087999999934
5930433960	-0.1958513952	0.0961085874999999951
5930437960	-0.195622149500000009	0.0934652863000000056
5930441960	-0.198569028799999991	0.0964376150999999987
5930445960	-0.200009145400000005	0.0987388139999999942
5930449960	-0.196330562600000008	0.0956304451999999972
5930453960	-0.196582502900000011	0.0987048573999999984
5930457960	-0.198652753099999996	0.0985402650999999963
5930461960	-0.198039737500000007	0.0996791093999999933
5930465960	-0.197829182999999992	0.0996348125999999973
5930469960	-0.197432429800000003	0.094707379800000005
5930473960	-0.195839880999999993	0.0996098999000000068
5930477960	-0.198746121400000003	0.100684667399999997
5930481960	-0.19275938740000001	0.0984305974
5930485960	-0.19477919099999999	0.101466489899999998
5930489960	-0.199202895099999999	0.100138438199999999
5930493960	-0.194522919500000002	0.0971273031000000064
5930497960	-0.194339135200000013	0.0990594910999999939
5930501960	-0.197459652900000004	0.100127082800000003
5930505960	-0.193136564300000008	0.101412584799999997
5930509960	-0.194356140199999999	0.102007979400000004
5930513960	-0.193811173400000009	0.1013344417
5930517960	-0.196014206999999996	0.1039811187
5930521960	-0.195014833599999993	0.101265059899999996
5930525960	-0.194672149300000014	0.102495875700000003
5930529960	-0.192934460000000002	0.101119223499999994
5930533960	-0.196952553100000011	0.103944930699999993
5930537960	-0.196041423200000009	0.103817385799999995
5930541960	-0.193851591999999989	0.103880392399999993
5930545960	-0.191387771699999987	0.101089077099999994
5930549960	-0.193501856199999989	0.105049408299999994
5930553960	-0.194407262899999989	0.103991271299999993
5930557960	-0.190354404199999994	0.102864797800000005
5930561960	-0.19274146880000001	0.104818154600000005
5930565960	-0.195164060299999997	0.102587747000000007
5930569960	-0.19067712249999999	0.105616732199999994
5930573960	-0.191942882199999998	0.106135147900000004
5930577960	-0.194863622699999989	0.108481105999999994
5930581960	-0.1959550652	0.104785374299999998
5930585960	-0.194160530400000003	0.108199126800000003
5930589960	-0.192689058699999999	0.108114083099999994
5930593960	-0.192851378399999995	0.106198554400000006
5930597960	-0.189673614299999987	0.1025260105
5930601960	-0.194969388100000002	0.108248923699999999
5930605960	-0.188093464900000007	0.106172014999999995
5930609960	-0.195234700799999994	0.102471452099999999
5930613960	-0.193807075299999992	0.105239064300000004
5930617960	-0.187759374199999995	0.108662893199999999
5930621960	-0.191150057699999987	0.108549155499999994
5930625960	-0.192227588199999994	0.105334127200000002
5930629960	-0.190275493500000004	0.105724477100000006
5930633960	-0.192864684600000003	0.108139703200000006
5930637960	-0.190970193799999993	0.108304944400000006
5930641960	-0.189726821299999987	0.109580927199999997
5930645960	-0.186853042699999999	0.110183558500000001
5930649960	-0.18913611629999999	0.106961121300000003
5930653960	-0.187312737400000012	0.110140484600000005
5930657960	-0.192497359700000009	0.109961495100000001
5930661960	-0.188099313099999998	0.1109867197
5930665960	-0.194192827099999993	0.115576469500000001
5930669960	-0.187430510999999994	0.111264616699999999
5930673960	-0.188452690000000006	0.1095717618
5930677960	-0.187094215700000011	0.109361602200000005
5930681960	-0.186731889900000003	0.111893260699999997
5930685960	-0.186692162999999994	0.111126901700000003
5930689960	-0.190296603799999992	0.109512044000000003
5930693960	-0.186465130000000007	0.112406818899999997
5930697960	-0.189882656700000013	0.112394958500000003
5930701960	-0.188882624400000004	0.111183663399999993
5930705960	-0.187001712300000011	0.112547711100000003
5930709960	-0.188203406399999995	0.114204317799999996
5930713960	-0.1884903738	0.113025968099999999
5930717960	-0.187110092400000011	0.112773409199999994
5930721960	-0.182937101699999993	0.111446719299999997
5930725960	-0.185842172999999999	0.110995719000000007
5930729960	-0.188697558900000006	0.1166949714
5930733960	-0.183623917100000006	0.112516454700000004
5930737960	-0.189223313300000001	0.1120684453
5930741960	-0.187053928099999989	0.113055790500000003
5930745960	-0.18746803179999999	0.115067063100000005
5930749960	-0.186482999099999991	0.115429380799999995
5930753960	-0.186459249299999991	0.114615544799999997
5930757960	-0.18631510879999999	0.113147485500000006
5930761960	-0.185959159900000004	0.1136424246
5930765960	-0.186930675200000007	0.113542077300000002
5930769960	-0.181252337200000002	0.116907796100000003
5930773960	-0.183324977199999989	0.115103248899999996
5930777960	-0.182109552799999991	0.118756895700000004
5930781960	-0.188075533900000008	0.1178495616
5930785960	-0.186816483899999997	0.116254075700000001
5930789960	-0.184388628500000012	0.120525209899999999
5930793960	-0.184296053200000004	0.113975109800000002
5930797960	-0.184513171100000012	0.118968186300000001
5930801960	-0.184720535800000002	0.113894945499999997
5930805960	-0.182411507800000011	0.115840219100000003
5930809960	-0.184787218899999994	0.113233868700000004
5930813960	-0.18172168520000001	0.116313538499999994
5930817960	-0.179640844800000005	0.120143094800000003
5930821960	-0.17836774829999999	0.118438646499999994
5930825960	-0.181060348499999996	0.119080681999999993
5930829960	-0.185285193799999998	0.118172355500000006
5930833960	-0.182985767900000013	0.120295437399999997
5930837960	-0.177699825199999994	0.117386626499999994
5930841960	-0.181421654500000001	0.120598349100000002
5930845960	-0.182579067600000006	0.120612678900000006
5930849960	-0.177496996600000012	0.121109766499999993
5930853960	-0.177060244300000003	0.119803388799999994
5930857960	-0.181077817000000002	0.123492691500000001
5930861960	-0.1781091011	0.119499289499999994
5930865960	-0.181836325500000007	0.119184153000000001
5930869960	-0.176994984500000008	0.120963519199999994
5930873960	-0.179381761000000001	0.121567615599999998
5930877960	-0.181515082599999988	0.117023046800000002
5930881960	-0.18162598399999999	0.122741563900000003
5930885960	-0.177354684000000012	0.125919037399999989
5930889960	-0.179650669799999996	0.123282235899999995
5930893960	-0.179757915699999993	0.123452998100000003
5930897960	-0.177102875100000001	0.121612454600000003
5930901960	-0.174176908200000008	0.120893595199999995
5930905960	-0.175276083999999999	0.123267970199999993
5930909960	-0.177871162100000008	0.122506002200000005
5930913960	-0.179787157599999997	0.123939472100000003
5930917960	-0.175364373699999992	0.124513927900000002
5930921960	-0.175981882899999997	0.122425318899999996
5930925960	-0.177137205200000009	0.125624837099999997
5930929960	-0.17712805479999999	0.125966936700000004
5930933960	-0.176771247200000009	0.1281116692
5930937960	-0.177696095199999987	0.125631436600000007
5930941960	-0.177903310300000006	0.123815424800000004
5930945960	-0.170603661399999995	0.123995451300000004
5930949960	-0.173928832199999994	0.122995515499999999
5930953960	-0.173634408699999992	0.127347151500000005
5930957960	-0.174458607799999998	0.12505982060000001
5930961960	-0.172565012699999992	0.122167670399999997
5930965960	-0.173473216900000005	0.127591549700000001
5930969960	-0.174636463600000014	0.127228457699999992
5930973960	-0.169615315900000008	0.127569558400000005
5930977960	-0.172818167100000003	0.127462725999999998
5930981960	-0.174161134400000001	0.126130669299999998
5930985960	-0.169230862199999998	0.126084909599999989
5930989960	-0.173831635900000003	0.126602148100000006
5930993960	-0.171342693900000009	0.128374543099999988
5930997960	-0.171774799700000008	0.126474126299999989
5931001960	-0.172927884700000006	0.129419167499999987
5931005960	-0.172820051400000008	0.126044511199999987
5931009960	-0.17216803189999999	0.128014433900000002
5931013960	-0.172867694999999988	0.130454131000000001
5931017960	-0.165510260599999987	0.127612009500000012
5931021960	-0.17251592469999999	0.12717546930000001
5931025960	-0.170107589899999995	0.128077781700000004
5931029960	-0.168247413200000001	0.126781188299999986
5931033960	-0.170060659800000014	0.131767531800000004
5931037960	-0.167367600100000014	0.127632360100000009
5931041960	-0.170104408900000004	0.128988037999999999
5931045960	-0.171398747900000009	0.129229475799999993
5931049960	-0.169345733999999998	0.127839770699999994
5931053960	-0.164667787600000004	0.130037776999999993
5931057960	-0.169353991700000012	0.129462425399999997
5931061960	-0.1681077084	0.130095219099999992
5931065960	-0.167932129000000013	0.129826165599999988
5931069960	-0.166100724300000002	0.129429716899999991
5931073960	-0.1678317436	0.131900156500000004
5931077960	-0.170241760200000009	0.128607758600000011
5931081960	-0.168892407699999997	0.132208425600000012
5931085960	-0.165705197400000004	0.133242904800000006
5931089960	-0.163989137300000004	0.128790885100000002
5931093960	-0.168472619900000009	0.129901119799999992
5931097960	-0.164551755500000008	0.133521377699999999
5931101960	-0.166733311100000003	0.129825326500000005
5931105960	-0.165299379800000007	0.131716797100000005
5931109960	-0.162954592000000009	0.130457096500000008
5931113960	-0.164273119999999995	0.130794313699999998
5931117960	-0.163844456899999991	0.134464839499999989
5931121960	-0.161071481500000002	0.135012271699999992
5931125960	-0.163109566600000006	0.133773438900000013
5931129960	-0.166396356299999992	0.132773438699999996
5931133960	-0.166512895999999994	0.13413159899999999
5931137960	-0.162734973599999999	0.137596075099999993
5931141960	-0.161980275300000004	0.136806823299999991
5931145960	-0.158079003500000009	0.133743616499999995
5931149960	-0.160501822300000013	0.135965777399999987
5931153960	-0.162283906799999988	0.135591648399999987
5931157960	-0.159033425000000006	0.133087975599999991
5931161960	-0.157752646899999988	0.131625555599999999
5931165960	-0.160115280800000009	0.137746778900000005
5931169960	-0.158544081100000012	0.132655748800000001
5931173960	-0.160926786099999997	0.133333239599999986
5931177960	-0.161209497000000007	0.130121189100000006
5931181960	-0.15802084629999999	0.13695365679999999
5931185960	-0.160423394100000005	0.135887698299999998
5931189960	-0.159454977199999987	0.132920777200000007
5931193960	-0.154402755899999994	0.133299446500000002
5931197960	-0.160573505100000014	0.133497463900000002
5931201960	-0.154091415900000001	0.140340465199999986
5931205960	-0.158227838300000007	0.139702814199999997
5931209960	-0.159711127499999994	0.137436164100000008
5931213960	-0.154061299799999996	0.133847121600000007
5931217960	-0.157709388899999997	0.135365777200000009
5931221960	-0.158038609100000005	0.137294088600000003
5931225960	-0.15595536539999999	0.136113816800000009
5931229960	-0.155394825600000008	0.139548628799999991
5931233960	-0.153943920399999989	0.136320853699999994
5931237960	-0.152406764500000014	0.138589464100000004
5931241960	-0.156190297199999995	0.13327622959999999
5931245960	-0.152292307799999999	0.136322682700000003
5931249960	-0.155825604700000009	0.136611427000000007
5931253960	-0.156436928700000005	0.135444545299999997
5931257960	-0.153444442399999992	0.136567290899999999
5931261960	-0.152160661800000013	0.137272879799999997
5931265960	-0.157460836800000004	0.136419112399999987
5931269960	-0.153509808400000003	0.13792471340000001
5931273960	-0.155527951500000011	0.136469231100000005
5931277960	-0.151795174499999991	0.139547313300000003
5931281960	-0.151238402699999996	0.139730923499999993
5931285960	-0.150296900799999994	0.135820371699999998
5931289960	-0.154129189	0.139329531499999992
5931293960	-0.147421749699999993	0.138481405000000002
5931297960	-0.149405541000000003	0.142637347299999995
5931301960	-0.152256238799999999	0.141330132599999991
5931305960	-0.151306918200000001	0.139940425000000007
5931309960	-0.148967280199999996	0.138148058500000004
5931313960	-0.148693853200000004	0.141499222000000008
5931317960	-0.147534509400000013	0.141811138000000003
5931321960	-0.144206543599999987	0.141002746499999998
5931325960	-0.149698178999999987	0.140501119600000002
5931329960	-0.147810957999999992	0.139677991899999993
5931333960	-0.149157906499999993	0.138980728599999992
5931337960	-0.148659693399999987	0.138826342800000002
5931341960	-0.147842362000000005	0.139904552799999998
5931345960	-0.14815507859999999	0.141160286299999993
5931349960	-0.1442686309	0.138846017799999999
5931353960	-0.146557185899999998	0.1385862655
5931357960	-0.146881582099999991	0.1428818533
5931361960	-0.141544110700000003	0.140581513200000008
5931365960	-0.145726032100000014	0.139681549900000007
5931369960	-0.146551291100000008	0.139567574100000008
5931373960	-0.140737183200000004	0.144635315600000008
5931377960	-0.140634062100000012	0.140109430000000007
5931381960	-0.141387836500000003	0.139478645600000006
5931385960	-0.145277735500000005	0.141162921899999988
5931389960	-0.139964748100000008	0.140711961299999994
5931393960	-0.142121658699999986	0.138778272099999989
5931397960	-0.140629461300000008	0.141163359399999994
5931401960	-0.140036734400000001	0.137718530799999989
5931405960	-0.137172495799999988	0.139155696500000009
5931409960	-0.142141320500000001	0.14120288310000001
5931413960	-0.140763998899999992	0.141386589499999993
5931417960	-0.140271010700000004	0.138400087300000002
5931421960	-0.138214729400000014	0.143871968500000003
5931425960	-0.140679827899999998	0.141635701000000003
5931429960	-0.138503836299999988	0.140783367500000006
5931433960	-0.140354788799999991	0.138930251000000005
5931437960	-0.139992885600000005	0.141016302900000001
5931441960	-0.138648807799999996	0.143023494899999992
5931445960	-0.138307285199999991	0.140682786799999987
5931449960	-0.137270012999999996	0.138390542000000005
5931453960	-0.132917942799999994	0.139003742900000005
5931457960	-0.135069941299999996	0.142658596599999993
5931461960	-0.137793358599999999	0.141561758199999999
5931465960	-0.137790618300000001	0.138352542899999986
5931469960	-0.131888466300000007	0.139450489600000005
5931473960	-0.13788773339999999	0.144564180699999989
5931477960	-0.134414652100000004	0.139810550700000008
5931481960	-0.132074598300000012	0.143224432699999987
5931485960	-0.133026706200000011	0.139085059300000008
5931489960	-0.13305188770000001	0.141386424900000002
5931493960	-0.134157757399999994	0.142893205800000006
5931497960	-0.131265312800000006	0.143599233999999992
5931501960	-0.133399540099999991	0.144680266700000004
5931505960	-0.132664076999999991	0.140650300099999986
5931509960	-0.12913823490000001	0.140215193399999993
5931513960	-0.123467846199999995	0.142513580400000006
5931517960	-0.128409081000000008	0.139999651100000011
5931521960	-0.127095312200000005	0.140504722700000001
5931525960	-0.127136473899999991	0.141412084399999999
5931529960	-0.125304632999999999	0.143762269100000006
5931533960	-0.129458268900000006	0.138619805200000001
5931537960	-0.128979850400000012	0.140981358700000003
5931541960	-0.124291275000000007	0.142551044099999996
5931545960	-0.127397115199999994	0.143345376100000005
5931549960	-0.127270173399999992	0.139695533399999988
5931553960	-0.128619201500000002	0.13553118380000001
5931557960	-0.126476456500000001	0.135618599000000006
5931561960	-0.124269151699999997	0.137756379300000009
5931565960	-0.122384585700000006	0.139641976499999987
5931569960	-0.122583375600000002	0.139575675700000013
5931573960	-0.125760479099999989	0.141421672100000007
5931577960	-0.121624437200000005	0.140830524600000007
5931581960	-0.125821019499999992	0.133880630899999992
5931585960	-0.121302319699999994	0.134023762500000004
5931589960	-0.119794240600000004	0.138774672500000001
5931593960	-0.121651898100000003	0.141802343899999989
5931597960	-0.123426950699999996	0.139353645100000006
5931601960	-0.121326536799999996	0.1348244418
5931605960	-0.116051612999999998	0.136091418900000011
5931609960	-0.117996039699999999	0.136594004800000002
5931613960	-0.118276951599999999	0.1374203232
5931617960	-0.118172215900000002	0.139353267499999989
5931621960	-0.116158767400000001	0.137712216700000001
5931625960	-0.119094675799999994	0.139710097000000005
5931629960	-0.115895610800000007	0.136432814099999994
5931633960	-0.1172946458	0.132209401100000012
5931637960	-0.116778440900000002	0.137159997300000003
5931641960	-0.1187987405	0.135422287599999996
5931645960	-0.118346873199999994	0.134384287299999988
5931649960	-0.114120487699999995	0.13197208769999999
5931653960	-0.114183362900000002	0.134583993699999988
5931657960	-0.113929652800000003	0.131032208700000014
5931661960	-0.118551764200000007	0.132894917299999998
5931665960	-0.115616359399999993	0.13468348329999999
5931669960	-0.117537854999999997	0.130974956000000003
5931673960	-0.112809923800000003	0.130935240700000011
5931677960	-0.116665929599999996	0.1341696624
5931681960	-0.113999808600000002	0.131106168299999992
5931685960	-0.112740462200000002	0.131453462699999996
5931689960	-0.116117404399999999	0.127907427399999996
5931693960	-0.112146804200000005	0.132776907999999999
5931697960	-0.114526573399999998	0.129913397000000014
5931701960	-0.111045074100000002	0.134425163300000011
5931705960	-0.113189414700000004	0.127615876999999989
5931709960	-0.107121445499999995	0.127459572699999996
5931713960	-0.111281450000000004	0.129460019399999987
5931717960	-0.111071757600000001	0.128035692099999987
5931721960	-0.108194838099999996	0.132375760700000011
5931725960	-0.105140079600000005	0.130491703399999992
5931729960	-0.109403697699999997	0.127838098099999992
5931733960	-0.109213248700000001	0.124967787600000005
5931737960	-0.110335644600000005	0.129559267899999997
5931741960	-0.108073988800000007	0.126313547500000012
5931745960	-0.1066664212	0.123457545099999996
5931749960	-0.107515327499999994	0.126799641299999988
5931753960	-0.109879012999999998	0.128873641300000008
5931757960	-0.106583444400000005	0.123249151099999996
5931761960	-0.106578711399999998	0.119907646600000001
5931765960	-0.107417625899999994	0.125007994300000008
5931769960	-0.109901829600000001	0.120090608500000001
5931773960	-0.109462284399999998	0.122086723699999997
5931777960	-0.107509270099999998	0.121216884699999999
5931781960	-0.109126687999999999	0.122728282300000005
5931785960	-0.108905578899999994	0.121592567499999998
5931789960	-0.1056410874	0.115820928500000003
5931793960	-0.105353775699999999	0.121734465099999994
5931797960	-0.106566655900000001	0.115769909700000007
5931801960	-0.104924705899999998	0.119261739000000005
5931805960	-0.108385556800000005	0.120512591099999997
5931809960	-0.107229472000000006	0.118895340500000002
5931813960	-0.106590697400000003	0.115512963799999993
5931817960	-0.107818095599999997	0.116356967800000002
5931821960	-0.107123406000000004	0.117419395100000004
5931825960	-0.109692894499999999	0.114127736199999996
5931829960	-0.106211622500000005	0.117023750699999998
5931833960	-0.105635078800000004	0.116405568099999995
5931837960	-0.104224888399999993	0.113628692200000006
5931841960	-0.105006548399999997	0.1124810527
5931845960	-0.109530916399999997	0.113727489099999995
5931849960	-0.106889106799999994	0.114898463500000006
5931853960	-0.105813053200000007	0.111356771100000002
5931857960	-0.108615608700000005	0.110049225099999995
5931861960	-0.102740197300000002	0.111058824200000003
5931865960	-0.1052934908	0.110242051899999999
5931869960	-0.106765697000000007	0.109224656099999998
5931873960	-0.1086146952	0.109184460900000002
5931877960	-0.106427427599999999	0.107670274299999993
5931881960	-0.105260519900000002	0.109107607300000006
5931885960	-0.107459498000000001	0.104946247600000001
5931889960	-0.111692189900000002	0.102718823700000003
5931893960	-0.103674398099999995	0.103439979900000006
5931897960	-0.109906838399999998	0.106350023599999996
5931901960	-0.108547624999999995	0.105187339800000001
5931905960	-0.1086325712	0.103231999500000005
5931909960	-0.107187677600000003	0.102990230099999996
5931913960	-0.111128494699999997	0.100806923199999995
5931917960	-0.110110433399999999	0.100959569200000002
5931921960	-0.107585087699999998	0.100247523399999997
5931925960	-0.109786686100000003	0.100832929799999998
5931929960	-0.110845520500000003	0.103078262800000001
5931933960	-0.109098783500000004	0.1003260822
5931937960	-0.1127309804	0.0998758797000000031
5931941960	-0.112517779200000001	0.101584016099999994
5931945960	-0.1148932545	0.0986982453999999954
5931949960	-0.112351519699999999	0.0946160652000000019
5931953960	-0.114606209900000006	0.0963013930999999934
5931957960	-0.110864621699999999	0.0953384746999999949
5931961960	-0.111072685199999993	0.100527333199999999
5931965960	-0.117206289699999994	0.0952099356000000036
5931969960	-0.115409365999999999	0.101172527100000006
5931973960	-0.114595012199999999	0.0951048171999999969
5931977960	-0.115065270999999997	0.100088047299999996
5931981960	-0.116296766300000007	0.0961292401999999935
5931985960	-0.116272927100000006	0.0998408816999999948
5931989960	-0.118036936499999995	0.0983909678000000065
5931993960	-0.115710548299999993	0.097069177699999995
5931997960	-0.116699981699999997	0.0948442079999999993
5932001960	-0.1206663018	0.0933022171999999955
5932005960	-0.116890477800000003	0.0909872072000000032
5932009960	-0.115693016999999995	0.0916144683000000015
5932013960	-0.120803751200000004	0.0918763732
5932017960	-0.120827051300000002	0.0925591349000000063
5932021960	-0.121586341799999997	0.0968518077999999949
5932025960	-0.123698676600000002	0.0929176936999999981
5932029960	-0.119529680900000004	0.0921921599999999952
5932033960	-0.120308274899999998	0.0919264558999999953
5932037960	-0.1258305958	0.0908693255000000005
5932041960	-0.126563858299999998	0.0902162767999999948
5932045960	-0.1279058468	0.0921407023999999963
5932049960	-0.126890560499999999	0.0963183261000000041
5932053960	-0.127848262099999999	0.0901240739999999985
5932057960	-0.124665143300000003	0.0961424260000000031
5932061960	-0.127302928799999993	0.0944851252000000058
5932065960	-0.126241104699999995	0.0918703886000000053
5932069960	-0.130879270599999986	0.0892132577000000065
5932073960	-0.127004501200000008	0.0929212355000000045
5932077960	-0.129135125999999989	0.0917474655999999944
5932081960	-0.128174067400000008	0.0932288805999999942
5932085960	-0.129455295599999992	0.0929300088999999996
5932089960	-0.132751178299999995	0.0921754838999999937
5932093960	-0.132801709200000007	0.0906756972000000022
5932097960	-0.134245535400000005	0.0942276848000000028
5932101960	-0.134175308100000001	0.093873601000000001
5932105960	-0.135449771699999999	0.0914352016999999961
5932109960	-0.132723306200000002	0.0956731888999999974
5932113960	-0.133008588399999989	0.0907756304999999958
5932117960	-0.136252226599999998	0.0917799063999999998
5932121960	-0.134226992999999989	0.0922769174000000053
5932125960	-0.13777903150000001	0.089568397300000005
5932129960	-0.137093641300000013	0.0918632728000000065
5932133960	-0.1377220096	0.0886141072000000002
5932137960	-0.140945176199999994	0.0928231662000000013
5932141960	-0.138509368699999996	0.0884899898000000018
5932145960	-0.138098031399999988	0.0920285354999999944
5932149960	-0.140877635000000001	0.0916946562000000021
5932153960	-0.137457235799999994	0.0943923435999999977
5932157960	-0.140914916700000004	0.0939702436999999974
5932161960	-0.142425590399999996	0.097653955099999995
5932165960	-0.143240073699999998	0.0913310553999999997
5932169960	-0.143759629199999989	0.0951084499999999972
5932173960	-0.142735618300000006	0.0941644110000000034
5932177960	-0.143801579699999987	0.0947009221000000012
5932181960	-0.141555487899999999	0.0942150241999999971
5932185960	-0.145001795999999988	0.0977166443999999967
5932189960	-0.145058884999999999	0.0948333938999999931
5932193960	-0.1430729798	0.1012041043
5932197960	-0.147275364999999991	0.0968428890000000014
5932201960	-0.14349538819999999	0.0980113318999999983
5932205960	-0.144603013000000002	0.0973828513999999978
5932209960	-0.146126336800000006	0.100167576600000002
5932213960	-0.146791382999999998	0.0991126642000000058
5932217960	-0.147165164999999987	0.0962919051000000054
5932221960	-0.147761634400000008	0.100456345500000002
5932225960	-0.152591405399999991	0.0997086721000000065
5932229960	-0.146210820800000002	0.0993815898999999975
5932233960	-0.145893554600000003	0.100213674200000005
5932237960	-0.15015581280000001	0.100792088899999993
5932241960	-0.15038201209999999	0.100737653499999996
5932245960	-0.147727628100000008	0.1048974253
5932249960	-0.151871726499999998	0.0997196664000000038
5932253960	-0.1495376135	0.100986346300000002
5932257960	-0.15077656619999999	0.101526732199999997
5932261960	-0.154092845199999995	0.104665058500000005
5932265960	-0.149111860699999987	0.104506959299999994
5932269960	-0.156154867800000013	0.102221520299999993
5932273960	-0.153049608400000009	0.102441133000000004
5932277960	-0.15559135939999999	0.104305625499999999
5932281960	-0.153403652700000004	0.106636349199999994
5932285960	-0.15223111210000001	0.105170678500000003
5932289960	-0.1549588197	0.105529834399999994
5932293960	-0.15277414780000001	0.109589733699999997
5932297960	-0.152269367200000005	0.107093596400000005
5932301960	-0.155879804900000002	0.110112017100000001
5932305960	-0.153966938899999989	0.113071092499999998
5932309960	-0.155308199799999991	0.111460896300000001
5932313960	-0.154008974999999992	0.110727452899999995
5932317960	-0.15255312330000001	0.110453069900000006
5932321960	-0.155708467600000011	0.110938048499999997
5932325960	-0.154917205899999993	0.108209550299999999
5932329960	-0.155367101000000007	0.109257660500000006
5932333960	-0.15558613730000001	0.1114352339
5932337960	-0.155105119600000008	0.111508754200000004
5932341960	-0.157581828400000012	0.114093041800000003
5932345960	-0.15719580620000001	0.115547209499999998
5932349960	-0.157402954099999992	0.113110394599999997
5932353960	-0.154652002300000008	0.115385291400000006
5932357960	-0.155258771200000006	0.113932744200000005
5932361960	-0.155404991500000006	0.116670165399999998
5932365960	-0.156424517699999988	0.112674850699999995
5932369960	-0.156932169799999993	0.117161518399999998
5932373960	-0.157928692399999987	0.115019865600000007
5932377960	-0.157978158199999996	0.116338459500000005
5932381960	-0.154746121799999997	0.118238613000000006
5932385960	-0.156742054800000002	0.122231762399999999
5932389960	-0.158820352599999992	0.118638807799999996
5932393960	-0.157732342299999995	0.119245211399999995
5932397960	-0.159298308999999999	0.119127517799999999
5932401960	-0.159230507399999999	0.117375674099999994
5932405960	-0.156111651600000012	0.122902346699999998
5932409960	-0.159902150100000001	0.123338253600000003
5932413960	-0.155688791599999987	0.121159805800000006
5932417960	-0.1582574494	0.122470462399999994
5932421960	-0.158304585400000003	0.119726609600000006
5932425960	-0.157788958099999987	0.1213712983
5932429960	-0.156823592499999998	0.124496198500000002
5932433960	-0.154464085299999998	0.127171279199999987
5932437960	-0.159084538999999997	0.122901997400000004
5932441960	-0.15920593890000001	0.122856073499999996
5932445960	-0.154588508399999991	0.126854632200000011
5932449960	-0.15638886460000001	0.125256782499999997
5932453960	-0.160548062500000005	0.126564572600000008
5932457960	-0.155209810000000004	0.127948033600000011
5932461960	-0.1562021834	0.123359017000000001
5932465960	-0.157649709400000004	0.1251397816
5932469960	-0.165366275899999998	0.128556848599999995
5932473960	-0.161593595799999989	0.127095818599999993
5932477960	-0.159140113199999989	0.128368926500000008
5932481960	-0.156472788700000004	0.128235214200000003
5932485960	-0.156575744600000011	0.12732846049999999
5932489960	-0.157374480399999989	0.1323693289
5932493960	-0.159471361199999995	0.131536188299999995
5932497960	-0.159538585499999996	0.129731506200000013
5932501960	-0.156616716399999995	0.133100939299999999
5932505960	-0.158818907700000012	0.129770091000000004
5932509960	-0.158105467599999994	0.132785956799999993
5932513960	-0.154557853500000009	0.129088953000000006
5932517960	-0.158971398699999988	0.132343119600000003
5932521960	-0.156493685599999988	0.134271794100000008
5932525960	-0.159604807999999987	0.133006753899999997
5932529960	-0.156417366499999988	0.13265294150000001
5932533960	-0.157484989200000008	0.132607413600000001
5932537960	-0.156710752600000003	0.135122008799999999
5932541960	-0.156718725000000003	0.134123617100000009
5932545960	-0.15778006189999999	0.13441304409999999
5932549960	-0.158260239599999991	0.138593900999999992
5932553960	-0.158308213899999994	0.136328517399999988
5932557960	-0.157036458900000009	0.135047825600000004
5932561960	-0.158334076399999996	0.137871230300000008
5932565960	-0.154526643299999988	0.139260548300000009
5932569960	-0.15550161970000001	0.139388222099999987
5932573960	-0.158919608299999987	0.136964399799999997
5932577960	-0.157022927499999992	0.138618201299999994
5932581960	-0.160206478000000013	0.137849191300000007
5932585960	-0.158520766899999999	0.139511819600000003
5932589960	-0.15449198950000001	0.144098464399999987
5932593960	-0.156677459299999988	0.141333339299999999
5932597960	-0.153484912899999992	0.139975299500000011
5932601960	-0.156609237699999987	0.142368691600000014
5932605960	-0.155396081600000013	0.139023366799999992
5932609960	-0.155384314299999993	0.142535423599999989
5932613960	-0.154722357000000005	0.142066239700000013
5932617960	-0.156043584799999996	0.14201822280000001
5932621960	-0.153430137299999991	0.141584135899999991
5932625960	-0.154493723400000005	0.143523083699999998
5932629960	-0.151426016299999994	0.146345346099999996
5932633960	-0.154606014399999991	0.1455254557
5932637960	-0.1553450522	0.144821588899999992
5932641960	-0.155121444299999994	0.148015449399999999
5932645960	-0.15431835129999999	0.147605521600000011
5932649960	-0.15485517439999999	0.148065071699999995
5932653960	-0.151209628099999993	0.144325029699999996
5932657960	-0.152790423499999994	0.14510651699999999
5932661960	-0.151885407	0.146210919900000014
5932665960	-0.157513401800000008	0.1472084897
5932669960	-0.153925127800000006	0.144429606200000005
5932673960	-0.152318675300000012	0.145106836099999997
5932677960	-0.151031480500000009	0.144097608500000002
5932681960	-0.153586185900000005	0.151024962900000004
5932685960	-0.150894728400000011	0.147099368799999991
5932689960	-0.152934685799999998	0.148454511600000005
5932693960	-0.155148448900000013	0.151196881100000013
5932697960	-0.150437097900000011	0.149527001599999987
5932701960	-0.150833097700000002	0.147918801999999988
5932705960	-0.151744766000000003	0.147498248500000012
5932709960	-0.153121855000000001	0.151887717100000014
5932713960	-0.155129860799999991	0.152403254900000007
5932717960	-0.152117593999999995	0.152746606400000012
5932721960	-0.150987356500000003	0.149941603400000012
5932725960	-0.151312371400000006	0.152292666500000007
5932729960	-0.1523050611	0.149924528700000004
5932733960	-0.1505869403	0.151256768200000002
5932737960	-0.152028091300000001	0.150722031400000012
5932741960	-0.151112436699999991	0.151735984900000009
5932745960	-0.151997404000000003	0.151556862300000011
5932749960	-0.152528290600000005	0.156661619599999996
5932753960	-0.152439123700000012	0.156655683200000007
5932757960	-0.153623132899999987	0.152236594700000005
5932761960	-0.153421003700000003	0.153289036600000012
5932765960	-0.149096841300000005	0.152828630100000001
5932769960	-0.153062443999999992	0.154135256100000007
5932773960	-0.149306929000000005	0.155510804000000002
5932777960	-0.145951720000000007	0.152612376599999988
5932781960	-0.150719762400000012	0.155100882200000012
5932785960	-0.146205136399999991	0.158403859000000008
5932789960	-0.148521050500000001	0.155571505700000001
5932793960	-0.149190703400000013	0.157670487800000009
5932797960	-0.149109997200000011	0.161272158100000007
5932801960	-0.14864362980000001	0.158221883199999996
5932805960	-0.146895402499999994	0.155341847300000002
5932809960	-0.148782870600000006	0.163231048600000012
5932813960	-0.147565194199999999	0.161279910800000009
5932817960	-0.148030923799999992	0.157116676700000013
5932821960	-0.152207585000000006	0.160446501200000008
5932825960	-0.14668909229999999	0.156229667200000005
5932829960	-0.147433091999999988	0.159705023299999999
5932833960	-0.147491261799999995	0.162061527000000011
5932837960	-0.147128840600000005	0.159922332
5932841960	-0.148820452699999994	0.157867926999999991
5932845960	-0.1493551028	0.159094808599999998
5932849960	-0.143990715200000008	0.159252577899999997
5932853960	-0.146912527600000009	0.162560702299999998
5932857960	-0.14626449359999999	0.159439037700000008
5932861960	-0.141612463900000013	0.160688407000000005
5932865960	-0.146216663400000002	0.161653595000000011
5932869960	-0.144745803199999995	0.163810468999999986
5932873960	-0.151055498700000013	0.16517247169999999
5932877960	-0.140221343700000001	0.163683919600000005
5932881960	-0.13955812179999999	0.1634751069
5932885960	-0.146998292899999994	0.165785462900000014
5932889960	-0.146126084099999998	0.163049930700000012
5932893960	-0.144110122600000001	0.165905259199999988
5932897960	-0.14688465919999999	0.161193165899999991
5932901960	-0.141801440100000009	0.167915230599999993
5932905960	-0.141764638700000001	0.16865024649999999
5932909960	-0.146817166500000013	0.163974706500000011
5932913960	-0.143370339600000007	0.161523583299999995
5932917960	-0.143679313400000008	0.164303429299999998
5932921960	-0.140181603900000007	0.165434545999999988
5932925960	-0.143846514700000011	0.163959935000000001
5932929960	-0.146071480199999992	0.164176750399999988
5932933960	-0.138834469999999988	0.1651897222
5932937960	-0.14042620850000001	0.167889547899999991
5932941960	-0.146743576999999986	0.164833488400000006
5932945960	-0.140453755099999994	0.168074641699999999
5932949960	-0.14054672809999999	0.167061245599999991
5932953960	-0.143755615100000012	0.168266541200000008
5932957960	-0.141223289499999988	0.168420558199999987
5932961960	-0.140092820300000004	0.166624227600000008
5932965960	-0.139116374099999995	0.168900560199999994
5932969960	-0.140338429699999989	0.163397753300000004
5932973960	-0.144967365200000003	0.16929079159999999
5932977960	-0.142977045599999991	0.171064250800000012
5932981960	-0.140396776100000009	0.16906598610000001
5932985960	-0.138247309600000007	0.167057050900000004
5932989960	-0.139955365100000007	0.170040078099999992
5932993960	-0.141290866999999987	0.170762254400000008
5932997960	-0.135796169900000013	0.170954388000000013
5933001960	-0.135696277899999995	0.169214402600000008
5933005960	-0.139715395100000001	0.170579823600000013
5933009960	-0.141000366999999988	0.174114592900000004
5933013960	-0.142292585100000007	0.169754410500000008
5933017960	-0.140259607600000002	0.173506229399999989
5933021960	-0.140545694100000007	0.171373331500000003
5933025960	-0.139428618700000007	0.172815231900000005
5933029960	-0.136545188600000006	0.172605333100000008
5933033960	-0.135259362599999988	0.174353220899999994
5933037960	-0.13735972669999999	0.171693324000000008
5933041960	-0.135872056500000005	0.175426915099999997
5933045960	-0.134531124700000004	0.172474799900000003
5933049960	-0.137366195200000013	0.176233377599999991
5933053960	-0.137009194000000001	0.1738852699
5933057960	-0.135888009100000012	0.173491395800000003
5933061960	-0.138394676699999997	0.172882277100000009
5933065960	-0.135347768400000013	0.176949005100000001
5933069960	-0.134484807499999998	0.175078992200000005
5933073960	-0.135847313299999994	0.174022731099999994
5933077960	-0.136522979399999994	0.179374715800000001
5933081960	-0.133759908700000013	0.177667513999999999
5933085960	-0.135699587900000002	0.172914522300000012
5933089960	-0.131738539999999987	0.175238098499999995
5933093960	-0.134174869299999999	0.176802032299999995
5933097960	-0.133115145299999987	0.173066000400000003
5933101960	-0.131552081500000001	0.181134919400000011
5933105960	-0.133249802899999992	0.176207451200000004
5933109960	-0.133410900700000001	0.17931709500000001
5933113960	-0.134011558800000014	0.17683624810000001
5933117960	-0.131744383800000003	0.181438072899999997
5933121960	-0.131812165799999992	0.177144075000000012
5933125960	-0.129931192899999992	0.178169772899999995
5933129960	-0.13453475279999999	0.177674828099999987
5933133960	-0.131694623499999997	0.176510764799999997
5933137960	-0.130026063899999988	0.175524458699999997
5933141960	-0.129118315300000008	0.174613992699999998
5933145960	-0.133878107299999993	0.175146679199999988
5933149960	-0.130857264000000001	0.176564540200000009
5933153960	-0.130050682299999998	0.17831457919999999
5933157960	-0.127355039000000003	0.180219415299999991
5933161960	-0.133304002700000007	0.178954213100000009
5933165960	-0.130417596299999994	0.179754053699999999
5933169960	-0.133407757799999999	0.181705831799999995
5933173960	-0.128914306799999989	0.181885588399999992
5933177960	-0.128428236899999992	0.179055937500000012
5933181960	-0.1307747997	0.180402795599999999
5933185960	-0.129916268700000004	0.18290061660000001
5933189960	-0.128827283900000006	0.18144185169999999
5933193960	-0.128848317900000009	0.181577770899999991
5933197960	-0.130692419599999998	0.183890600900000006
5933201960	-0.128964248799999986	0.177695457700000004
5933205960	-0.131425095699999994	0.183941707600000004
5933209960	-0.127496608600000005	0.183797564699999999
5933213960	-0.128082510700000013	0.181495469900000012
5933217960	-0.125266185700000005	0.18345926030000001
5933221960	-0.126104382300000012	0.180430966700000001
5933225960	-0.126256839700000012	0.177750525599999987
5933229960	-0.126517861300000006	0.183588932900000001
5933233960	-0.126983139100000003	0.182050638900000006
5933237960	-0.130384600999999989	0.183087412100000013
5933241960	-0.125763365300000013	0.183460518099999997
5933245960	-0.121712160700000002	0.181461269400000014
5933249960	-0.127508378499999991	0.184432601700000004
5933253960	-0.1251902929	0.179085240199999995
5933257960	-0.128232402100000004	0.181321609900000014
5933261960	-0.122872041799999998	0.183786814800000003
5933265960	-0.120970085500000005	0.182267325400000013
5933269960	-0.122901908399999996	0.181485747400000008
5933273960	-0.125309496399999998	0.185851071899999998
5933277960	-0.124533522899999999	0.18526726839999999
5933281960	-0.124412593700000004	0.187850693499999999
5933285960	-0.122900204099999993	0.184346723200000007
5933289960	-0.1266269166	0.185459917000000002
5933293960	-0.124227618299999995	0.188740910399999989
5933297960	-0.122351854600000004	0.184062323299999997
5933301960	-0.125371355299999987	0.186888863500000002
5933305960	-0.122940044400000004	0.187932489700000011
5933309960	-0.122283785399999997	0.187074318999999989
5933313960	-0.120590010400000003	0.18590454540000001
5933317960	-0.1223418374	0.184335975900000004
5933321960	-0.122148206999999995	0.185272305800000009
5933325960	-0.124685094100000005	0.183661130199999995
5933329960	-0.122788495600000006	0.188110218400000001
5933333960	-0.119159047700000006	0.190208064799999993
5933337960	-0.121750322999999994	0.183534917800000003
5933341960	-0.119789825000000003	0.190210629599999986
5933345960	-0.120960641899999999	0.183990437000000007
5933349960	-0.121487512300000003	0.185974025600000009
5933353960	-0.118039689200000006	0.189347195200000012
5933357960	-0.116361712800000003	0.188876176300000004
5933361960	-0.120065837999999994	0.189544790299999988
5933365960	-0.118853441500000004	0.187726593299999994
5933369960	-0.114379579800000006	0.186373420000000012
5933373960	-0.116222060299999999	0.187974434899999987
5933377960	-0.121579366600000002	0.188054716499999997
5933381960	-0.115668502500000006	0.187274614499999992
5933385960	-0.118960180200000001	0.190319629299999987
5933389960	-0.118992269799999995	0.188357988799999987
5933393960	-0.113954196999999993	0.190401261799999999
5933397960	-0.120165886900000005	0.190469360599999998
5933401960	-0.115928237899999995	0.187662271999999991
5933405960	-0.116290924800000001	0.190906918399999986
5933409960	-0.118108808699999998	0.193664119699999998
5933413960	-0.115740903699999995	0.189174917899999989
5933417960	-0.117567496600000002	0.190955266699999987
5933421960	-0.118299106099999995	0.190093167099999988
5933425960	-0.116950478699999999	0.191441390900000008
5933429960	-0.116079035799999994	0.193770959200000009
5933433960	-0.116331660399999995	0.191854568400000008
5933437960	-0.111851461200000002	0.19174238569999999
5933441960	-0.117192244500000001	0.192685248000000003
5933445960	-0.115590597399999995	0.193441330500000008
5933449960	-0.114716157599999993	0.1909016979
5933453960	-0.113075801099999998	0.194928067499999996
5933457960	-0.113784927100000002	0.193356711099999995
5933461960	-0.112624509499999997	0.191247968600000012
5933465960	-0.111040978100000007	0.190415407600000003
5933469960	-0.114778812499999994	0.192408503099999989
5933473960	-0.112747298600000004	0.195483000299999987
5933477960	-0.112436682600000004	0.192003645800000011
5933481960	-0.113925148300000001	0.19216446479999999
5933485960	-0.112677165699999998	0.190499327400000001
5933489960	-0.111875267400000006	0.194078516000000006
5933493960	-0.108703927899999997	0.192831321599999994
5933497960	-0.115335950100000001	0.192427854600000003
5933501960	-0.109957646000000006	0.191708529900000008
5933505960	-0.103177220200000003	0.194998429499999987
5933509960	-0.111661974400000003	0.192830471100000012
5933513960	-0.111846775600000004	0.194468278200000011
5933517960	-0.115385140299999994	0.193386478800000011
5933521960	-0.111765688500000002	0.199408773600000006
5933525960	-0.106741243200000002	0.191675348200000012
5933529960	-0.110843026100000006	0.199480021300000004
5933533960	-0.1080320372	0.196864327199999994
5933537960	-0.106940147700000002	0.192551999899999993
5933541960	-0.110710685200000006	0.198446846099999991
5933545960	-0.106642500900000006	0.19433937300000001
5933549960	-0.106886610399999998	0.195747988000000012
5933553960	-0.112397787599999993	0.202069653799999999
5933557960	-0.106815510299999999	0.196119737099999997
5933561960	-0.1088331201	0.1948938422
5933565960	-0.106867907700000001	0.196232242800000012
5933569960	-0.107793844299999997	0.193628327300000014
5933573960	-0.106543270600000003	0.195026505900000008
5933577960	-0.102261992400000001	0.197049653999999991
5933581960	-0.106397894100000001	0.200568210999999996
5933585960	-0.109035807700000001	0.200268808399999998
5933589960	-0.105959061199999996	0.196332578300000005
5933593960	-0.104991951599999994	0.198495058800000013
5933597960	-0.105785883400000003	0.199193056499999993
5933601960	-0.106606183800000004	0.195625308100000006
5933605960	-0.109408613700000004	0.1963131927
5933609960	-0.106250050200000001	0.196312226000000006
5933613960	-0.107281346799999996	0.1966691629
5933617960	-0.1059678493	0.200986807999999989
5933621960	-0.105636977199999996	0.199692386
5933625960	-0.105186346700000002	0.197700508299999994
5933629960	-0.102500547100000006	0.199808537799999991
5933633960	-0.1022275567	0.196401926000000004
5933637960	-0.102396197600000002	0.201451489900000003
5933641960	-0.104924060700000002	0.197085098200000003
5933645960	-0.101376639000000004	0.200610977699999998
5933649960	-0.104526502899999998	0.201477380600000006
5933653960	-0.104247122499999997	0.200385913999999998
5933657960	-0.104885141500000001	0.197035492300000004
5933661960	-0.0989440449999999944	0.201977557499999988
5933665960	-0.1029623712	0.197597270200000008
5933669960	-0.101970643499999999	0.197199739499999999
5933673960	-0.1036606677	0.200873460300000001
5933677960	-0.102323841600000007	0.200748313699999986
5933681960	-0.0991699677000000002	0.202213286500000006
5933685960	-0.102122946899999997	0.197240968500000002
5933689960	-0.100391047900000002	0.20068566639999999
5933693960	-0.098720799900000003	0.199522164800000013
5933697960	-0.103363053400000002	0.199902176200000004
5933701960	-0.100451041699999993	0.202006016799999993
5933705960	-0.0995883386000000065	0.199850081600000007
5933709960	-0.0995894145999999952	0.199565374299999987
5933713960	-0.0994469186000000033	0.201574154300000002
5933717960	-0.0993740629000000042	0.201549425599999998
5933721960	-0.0986284790999999994	0.19823706490000001
5933725960	-0.0991592537999999996	0.199445099099999995
5933729960	-0.099184368600000003	0.201304821900000014
5933733960	-0.0958201550999999985	0.201566855699999992
5933737960	-0.0968618172000000055	0.204578705700000002
5933741960	-0.0972257900000000064	0.199996983200000006
5933745960	-0.099229112800000005	0.20068204240000001
5933749960	-0.0952278356999999992	0.202286321800000002
5933753960	-0.0960120089999999954	0.203546650100000004
5933757960	-0.0987880871999999993	0.20445804649999999
5933761960	-0.0929104159999999957	0.20726202090000001
5933765960	-0.101320839800000007	0.203289340499999999
5933769960	-0.100166820099999998	0.203612864199999993
5933773960	-0.0951865672000000024	0.201017530599999994
5933777960	-0.0960704948999999975	0.203887845099999993
5933781960	-0.0965448401000000012	0.203540690800000007
5933785960	-0.0955613792999999989	0.203066555199999998
5933789960	-0.0943865279000000029	0.204727986899999992
5933793960	-0.0963726346000000067	0.206908515600000009
5933797960	-0.0966203020999999995	0.201737032099999991
5933801960	-0.0968172082999999989	0.203620520700000002
5933805960	-0.0984089353999999944	0.204000154399999994
5933809960	-0.093079169500000003	0.20179134809999999
5933813960	-0.0888088194000000025	0.201631017200000012
5933817960	-0.095260672399999996	0.203388413099999998
5933821960	-0.0932661654999999978	0.201874329999999991
5933825960	-0.0945346836999999968	0.205185912899999989
5933829960	-0.093982001999999995	0.201579994600000006
5933833960	-0.0942614185999999937	0.200587609100000008
5933837960	-0.0908189828999999976	0.2062513339
5933841960	-0.0938603578000000022	0.204584619500000009
5933845960	-0.0911706228999999979	0.202103637100000011
5933849960	-0.0914196287999999996	0.206456965900000011
5933853960	-0.0891487368999999974	0.202150516800000013
5933857960	-0.090451216299999998	0.2080659339
5933861960	-0.0921975924000000002	0.204618061999999989
5933865960	-0.0894871685000000056	0.204509226300000013
5933869960	-0.0937491983999999973	0.202306428199999999
5933873960	-0.0937480718999999935	0.20821643749999999
5933877960	-0.0883690418000000061	0.205464543299999997
5933881960	-0.0926542825999999986	0.202934948799999987
5933885960	-0.0912649925000000029	0.207003397400000011
5933889960	-0.0886676294000000031	0.205463114299999999
5933893960	-0.0921575369999999977	0.206574613099999999
5933897960	-0.0899855784999999964	0.206295309900000001
5933901960	-0.0896659935999999935	0.20601187230000001
5933905960	-0.086084367600000003	0.210561051500000013
5933909960	-0.087833673000000001	0.209317256700000009
5933913960	-0.089477348799999995	0.208694381499999998
5933917960	-0.0875363220999999941	0.205467811299999997
5933921960	-0.0863903631000000061	0.203396970199999999
5933925960	-0.0875553191999999952	0.206009788999999999
5933929960	-0.0863227592000000016	0.203284528900000011
5933933960	-0.0870141187999999982	0.207167604199999994
5933937960	-0.085886997399999998	0.210682482300000001
5933941960	-0.0880632326999999937	0.207917413200000012
5933945960	-0.0846308615000000014	0.208249957099999994
5933949960	-0.0866538463000000037	0.207268250999999987
5933953960	-0.0835778370999999964	0.208709148900000002
5933957960	-0.0827875421	0.208081932899999988
5933961960	-0.0823050577000000033	0.202990924600000011
5933965960	-0.0828439757999999971	0.205498057900000003
5933969960	-0.0845135786999999944	0.211026674999999997
5933973960	-0.0854647198999999996	0.211157426000000009
5933977960	-0.0859257801999999959	0.208939547499999989
5933981960	-0.0851996428000000028	0.20829724799999999
5933985960	-0.0857176567000000056	0.20705713919999999
5933989960	-0.0843163698999999933	0.207655814699999997
5933993960	-0.0829734178000000044	0.209507019999999988
5933997960	-0.0831810090999999946	0.211250833700000001
5934001960	-0.0832869588999999994	0.208835702000000012
5934005960	-0.0811602513999999942	0.208375346200000006
5934009960	-0.0791032373999999983	0.210762400399999994
5934013960	-0.0829066023000000069	0.210308535699999993
