# freq, I e Q
6061334714	0.170829430799999987	0.176518605999999995
6061337714	0.171732991000000002	0.177589809799999998
6061340714	0.173210061500000012	0.17623550830000001
6061343714	0.171478356999999998	0.176164263999999987
6061346714	0.169413110799999989	0.174428335399999995
6061349714	0.175471749199999999	0.175983860399999997
6061352714	0.171872328800000002	0.177613038899999992
6061355714	0.170645054900000009	0.176057867099999987
6061358714	0.173600572499999994	0.175111830400000001
6061361714	0.170083893399999991	0.17741808349999999
6061364714	0.168327695599999994	0.173961697500000012
6061367714	0.173585933199999987	0.175089358
6061370714	0.169949797399999991	0.175471649499999993
6061373714	0.169472152999999987	0.171293029799999996
6061376714	0.17133371750000001	0.172228556899999996
6061379714	0.172353240399999996	0.175439259900000005
6061382714	0.170736427899999987	0.171157290900000009
6061385714	0.171824459499999999	0.172595742299999994
6061388714	0.168677180700000012	0.172348499300000013
6061391714	0.173751886900000013	0.174103336199999986
6061394714	0.174270478499999992	0.169575972299999989
6061397714	0.172956494500000002	0.174570792400000008
6061400714	0.172805156500000001	0.171702498399999987
6061403714	0.175020869299999993	0.170593054299999991
6061406714	0.175803578500000002	0.170419741799999996
6061409714	0.176649568300000004	0.170978408299999995
6061412714	0.172802918100000008	0.171307348800000009
6061415714	0.17596342940000001	0.175773340400000005
6061418714	0.174788004699999999	0.170709195400000013
6061421714	0.173090015799999997	0.171124682599999994
6061424714	0.174854924800000006	0.172778697099999989
6061427714	0.17422591870000001	0.170199431499999998
6061430714	0.176150435999999994	0.172527632799999997
6061433714	0.178490450500000009	0.167897420600000014
6061436714	0.175742622799999998	0.169345559899999998
6061439714	0.172939204000000013	0.170802251500000002
6061442714	0.17627835850000001	0.169363631900000006
6061445714	0.17536157799999999	0.165947820699999998
6061448714	0.174378936699999987	0.17197907770000001
6061451714	0.176056999299999989	0.166816844999999991
6061454714	0.174471702099999987	0.166684737999999999
6061457714	0.174268299500000001	0.16974124639999999
6061460714	0.175044633300000002	0.17175804389999999
6061463714	0.177374422300000001	0.165279692000000006
6061466714	0.174056850099999993	0.1683918046
6061469714	0.175749597000000007	0.169505380600000005
6061472714	0.17900970699999999	0.169345726299999999
6061475714	0.175438357699999992	0.166005288599999995
6061478714	0.178091773199999998	0.163707745099999996
6061481714	0.177605155399999992	0.167155080700000014
6061484714	0.175020063000000003	0.168404762799999996
6061487714	0.176307465200000013	0.16371195899999999
6061490714	0.173368988800000012	0.166425701799999992
6061493714	0.177873418199999994	0.163885269899999991
6061496714	0.177559450099999988	0.166720525099999989
6061499714	0.176556038199999987	0.161309648
6061502714	0.179565619199999998	0.164816213200000006
6061505714	0.178417111600000011	0.16186493460000001
6061508714	0.177586791800000005	0.164593895399999995
6061511714	0.176840183799999995	0.164117482199999998
6061514714	0.177604554500000011	0.165525187500000004
6061517714	0.181181051799999993	0.163426830999999995
6061520714	0.175906108899999997	0.161690674199999995
6061523714	0.179057080199999996	0.161873744699999988
6061526714	0.177369070299999987	0.162101917799999995
6061529714	0.177929657299999988	0.163432758799999994
6061532714	0.177734100899999997	0.16364161490000001
6061535714	0.177913028700000003	0.162070259100000003
6061538714	0.179182575499999996	0.161969052899999993
6061541714	0.179804803399999991	0.161464625899999992
6061544714	0.179712238299999993	0.161174782500000002
6061547714	0.18088262229999999	0.159704300500000007
6061550714	0.180402696400000007	0.160754091799999999
6061553714	0.180776575500000009	0.163585934699999991
6061556714	0.181699826099999989	0.161752844600000001
6061559714	0.18112388430000001	0.159587475600000001
6061562714	0.179130255399999994	0.159124887100000001
6061565714	0.1844778101	0.156583707600000011
6061568714	0.181724315599999992	0.158179423900000005
6061571714	0.17651388509999999	0.158880860799999996
6061574714	0.179757359899999997	0.164184468800000011
6061577714	0.182927298999999988	0.159852249899999993
6061580714	0.180964219399999987	0.16016723590000001
6061583714	0.179074489899999995	0.158727540599999994
6061586714	0.181336258800000011	0.155534420400000012
6061589714	0.180286716000000014	0.159286573699999989
6061592714	0.181461757899999993	0.162230583099999992
6061595714	0.181446273999999991	0.155396309600000004
6061598714	0.181832025799999991	0.157557928399999991
6061601714	0.181019822400000002	0.156238977700000004
6061604714	0.181320439400000005	0.157774463000000004
6061607714	0.177656061400000009	0.1561699379
6061610714	0.184059307899999997	0.156768218099999995
6061613714	0.179984393599999987	0.155308639800000009
6061616714	0.182634717700000004	0.154627613800000008
6061619714	0.180654883999999988	0.156757782200000001
6061622714	0.182545895200000002	0.160316108200000002
6061625714	0.182587000999999999	0.158283883600000008
6061628714	0.183664832800000011	0.151628539300000004
6061631714	0.181838282299999987	0.153787263400000013
6061634714	0.183563026299999987	0.154698279100000002
6061637714	0.183628867499999987	0.155932901099999993
6061640714	0.182939857499999997	0.156747917200000003
6061643714	0.183163413800000008	0.155228630099999987
6061646714	0.184458428799999991	0.155802082600000003
6061649714	0.183482890700000012	0.153927147900000005
6061652714	0.186378062099999992	0.150210182599999992
6061655714	0.180723914600000007	0.150205659600000013
6061658714	0.184169883499999992	0.153643597599999987
6061661714	0.179939153800000001	0.153388509700000009
6061664714	0.182039905400000007	0.149605924599999995
6061667714	0.188291511500000008	0.154861128300000012
6061670714	0.185931320499999997	0.151251219699999995
6061673714	0.185277339099999994	0.146906224700000004
6061676714	0.185297347800000012	0.150065870600000012
6061679714	0.182544328300000003	0.150758988700000013
6061682714	0.181553937299999996	0.1533585274
6061685714	0.18706565180000001	0.1491128179
6061688714	0.184192021399999989	0.150812003899999991
6061691714	0.182587243099999991	0.152156826500000009
6061694714	0.182468380099999994	0.150063457300000008
6061697714	0.187274837899999991	0.147234922200000007
6061700714	0.185428936799999999	0.147810566100000013
6061703714	0.187248133099999992	0.147698357700000005
6061706714	0.182029109500000008	0.146419657000000009
6061709714	0.183795405599999989	0.14501598369999999
6061712714	0.183052762499999994	0.147669355299999999
6061715714	0.184401606999999995	0.146293726000000013
6061718714	0.184239741300000009	0.147636888900000013
6061721714	0.185701907599999994	0.14936784119999999
6061724714	0.183878607999999999	0.147017466000000013
6061727714	0.185271456100000009	0.147585472699999998
6061730714	0.187115798400000005	0.146587954699999995
6061733714	0.185094646499999987	0.149677657900000011
6061736714	0.183332929199999994	0.145233928200000001
6061739714	0.187814908800000013	0.147266727600000008
6061742714	0.184851030100000008	0.147229177399999994
6061745714	0.183718752200000002	0.144282123900000003
6061748714	0.188124844200000002	0.144707942199999995
6061751714	0.189994727299999999	0.147138124399999987
6061754714	0.187235711999999999	0.143866664899999996
6061757714	0.184635322099999999	0.144225297499999988
6061760714	0.184631724599999991	0.146370702800000002
6061763714	0.186287828500000002	0.146135916000000005
6061766714	0.186278751800000003	0.143043217199999989
6061769714	0.186592356300000012	0.14110508129999999
6061772714	0.186006810900000014	0.143645876000000006
6061775714	0.189792394400000008	0.14297464800000001
6061778714	0.186874748099999988	0.140944357500000006
6061781714	0.185637047100000008	0.141515357000000008
6061784714	0.18501630220000001	0.139403072900000008
6061787714	0.188511045900000007	0.140876987000000009
6061790714	0.187695574300000001	0.140354833000000012
6061793714	0.18623067539999999	0.139991152899999999
6061796714	0.188874535099999991	0.141784888899999989
6061799714	0.189205220499999993	0.139009539200000004
6061802714	0.18764542179999999	0.140741728900000002
6061805714	0.188487997399999996	0.137691408200000004
6061808714	0.188483078199999987	0.144037734499999986
6061811714	0.187839317700000008	0.139756467100000004
6061814714	0.188239847999999987	0.140690989699999991
6061817714	0.188696820900000006	0.138308364500000003
6061820714	0.189496322699999997	0.138614163900000004
6061823714	0.189302420700000001	0.137975282599999999
6061826714	0.188385598300000012	0.138927255700000002
6061829714	0.189249714000000013	0.135950072300000002
6061832714	0.188305250000000007	0.142230881700000006
6061835714	0.188222087700000013	0.136409579899999994
6061838714	0.191349126099999989	0.135570693299999989
6061841714	0.189215070000000013	0.139884276899999993
6061844714	0.189335211499999989	0.136970843700000011
6061847714	0.186269677500000008	0.134102780799999988
6061850714	0.188433777800000007	0.133648034299999996
6061853714	0.187989938999999995	0.136042300899999996
6061856714	0.188507417799999993	0.132794502499999995
6061859714	0.188038748199999994	0.1373798346
6061862714	0.191152763199999992	0.136252285000000001
6061865714	0.188943465199999994	0.13420136760000001
6061868714	0.188270438499999998	0.134584870299999992
6061871714	0.190062349299999989	0.131690301199999998
6061874714	0.190024979799999993	0.134076052599999995
6061877714	0.19006479770000001	0.136899130300000005
6061880714	0.190797790299999992	0.131206184300000001
6061883714	0.186623312399999991	0.132218691599999993
6061886714	0.190220529100000008	0.130071186899999997
6061889714	0.192644273599999999	0.131279143500000001
6061892714	0.187492168799999998	0.132863946399999988
6061895714	0.189257556900000012	0.131576108100000005
6061898714	0.186689397499999993	0.1315951078
6061901714	0.193248102300000002	0.12745283730000001
6061904714	0.191225275700000003	0.129229611999999994
6061907714	0.190831582199999988	0.131349398700000008
6061910714	0.192929948099999998	0.1306491018
6061913714	0.189611315599999997	0.128868541100000011
6061916714	0.189968537800000004	0.125213096299999993
6061919714	0.186504986000000011	0.129214534500000006
6061922714	0.192501236900000011	0.128662236600000007
6061925714	0.190293180400000012	0.127656480900000008
6061928714	0.190028042700000011	0.125822294299999998
6061931714	0.191661592999999991	0.127987106200000006
6061934714	0.19314184270000001	0.128949797499999991
6061937714	0.188894588299999999	0.127651791399999992
6061940714	0.19693435849999999	0.125244713400000013
6061943714	0.186446342600000009	0.128203920999999998
6061946714	0.187090602699999997	0.126920036000000014
6061949714	0.189929983299999994	0.126513007799999994
6061952714	0.190211480799999999	0.126073416100000002
6061955714	0.190666186799999998	0.1249144794
6061958714	0.190087261499999993	0.125938875300000003
6061961714	0.192659016900000007	0.122989036400000001
6061964714	0.188735193400000001	0.123990861499999994
6061967714	0.187606520700000001	0.121079981899999994
6061970714	0.189705242800000007	0.121612001900000002
6061973714	0.190880712099999988	0.126419400200000004
6061976714	0.189805512499999995	0.121266301800000004
6061979714	0.188699699800000009	0.124804274699999995
6061982714	0.190310111000000004	0.123316342199999998
6061985714	0.188800288900000002	0.121152037399999996
6061988714	0.187524609300000006	0.122051093099999994
6061991714	0.191265629500000006	0.122577220599999995
6061994714	0.191992628800000009	0.123334638199999999
6061997714	0.191978006499999992	0.116122571199999997
6062000714	0.189261126700000004	0.119652936099999996
6062003714	0.190155283000000008	0.121932050599999994
6062006714	0.190031957499999987	0.121847851800000004
6062009714	0.188786766699999997	0.118638406900000007
6062012714	0.188604400899999997	0.121255522000000004
6062015714	0.191105998599999993	0.119968977599999999
6062018714	0.192491701300000012	0.118242974799999997
6062021714	0.188782566499999999	0.117524459299999995
6062024714	0.189826523500000011	0.118419500299999994
6062027714	0.191032275000000001	0.119605769400000006
6062030714	0.188660574100000006	0.118206965499999997
6062033714	0.194341460299999991	0.115365616599999998
6062036714	0.19084758830000001	0.118104121899999998
6062039714	0.188754133800000001	0.1159454964
6062042714	0.190067517200000008	0.113539817799999998
6062045714	0.188200170100000008	0.118257449200000003
6062048714	0.189624946399999994	0.115625420800000003
6062051714	0.19038858589999999	0.112602895800000005
6062054714	0.190068372799999996	0.113643538299999999
6062057714	0.191096233700000007	0.115220238099999997
6062060714	0.192887238699999991	0.112539357600000001
6062063714	0.193603862300000013	0.110501284199999994
6062066714	0.190342317300000008	0.112988454899999993
6062069714	0.191607026799999997	0.110262235299999997
6062072714	0.189460040999999996	0.109947944699999994
6062075714	0.188825952999999991	0.114090910599999998
6062078714	0.188496158599999991	0.111576593000000002
6062081714	0.190037877999999993	0.109540679799999999
6062084714	0.192804742599999995	0.113525354499999995
6062087714	0.188147888000000013	0.108807573800000001
6062090714	0.192087695700000005	0.112837833299999996
6062093714	0.190262792200000003	0.111173367300000006
6062096714	0.1902486917	0.108430367599999994
6062099714	0.187823772500000014	0.106051201600000006
6062102714	0.191894564200000006	0.111481920799999995
6062105714	0.188828516299999999	0.105089143600000004
6062108714	0.188606222200000007	0.108040874699999997
6062111714	0.193157259100000006	0.108572703600000001
6062114714	0.189730004600000002	0.103045495799999998
6062117714	0.188111793299999996	0.106195620099999999
6062120714	0.188390576400000009	0.104816257499999996
6062123714	0.191938001500000011	0.107408234699999994
6062126714	0.189045993699999998	0.105513941
6062129714	0.188903834500000006	0.108155262899999993
6062132714	0.187633939100000008	0.105808169300000005
6062135714	0.189755484800000013	0.105391846900000002
6062138714	0.191436539999999988	0.104576273600000005
6062141714	0.191252897799999988	0.103432023799999995
6062144714	0.187196798599999992	0.104008209300000001
6062147714	0.190596778200000011	0.103128238100000005
6062150714	0.193568684399999996	0.104059278099999999
6062153714	0.18503433620000001	0.103586497900000005
6062156714	0.187668814200000006	0.0999651802000000034
6062159714	0.188448639100000009	0.101879805200000007
6062162714	0.188349890900000011	0.104003865299999998
6062165714	0.186534223100000007	0.1081715018
6062168714	0.190197791799999988	0.104564075199999995
6062171714	0.190003479899999994	0.101666713899999997
6062174714	0.190463593099999995	0.104631084200000002
6062177714	0.190058170400000004	0.103919158999999997
6062180714	0.192288358100000001	0.0997948694999999941
6062183714	0.18601622009999999	0.100580496399999997
6062186714	0.188622014899999996	0.0986742684999999953
6062189714	0.191637115599999991	0.101580677600000002
6062192714	0.188840525300000006	0.0992304903000000016
6062195714	0.185927514200000005	0.0965443891000000026
6062198714	0.187717229499999999	0.102378442
6062201714	0.186860336300000013	0.0961665300000000001
6062204714	0.187330622700000005	0.0965869721000000014
6062207714	0.186397161400000011	0.0973947015999999943
6062210714	0.185772078499999993	0.099394047499999999
6062213714	0.187946513700000012	0.0941849260000000021
6062216714	0.188121998099999993	0.0965190620999999971
6062219714	0.186538730399999991	0.0922613689999999959
6062222714	0.190205780399999996	0.0926076509999999992
6062225714	0.189231030200000011	0.094831270499999995
6062228714	0.189296338499999994	0.0944855727000000062
6062231714	0.184818683700000014	0.0935342261000000064
6062234714	0.183948619199999996	0.0931099177000000028
6062237714	0.184203249600000007	0.0905386246000000061
6062240714	0.191095752899999999	0.0924590613000000061
6062243714	0.184917720899999999	0.0924173776999999974
6062246714	0.184120164800000014	0.0918961788000000057
6062249714	0.184266063799999991	0.088902605400000001
6062252714	0.183519221700000013	0.0907742915000000067
6062255714	0.187518313299999989	0.0914562718999999968
6062258714	0.184310533800000009	0.0879031791000000062
6062261714	0.1852697975	0.0913806048999999954
6062264714	0.184847101600000008	0.0935260814000000024
6062267714	0.182430709899999988	0.0868975644000000019
6062270714	0.182641584699999998	0.0890911137999999964
6062273714	0.184338109299999997	0.0872460218000000037
6062276714	0.181838722000000008	0.0918095366000000052
6062279714	0.182239571900000008	0.0854385750999999971
6062282714	0.18560619040000001	0.0849130896999999996
6062285714	0.184865519400000011	0.0859961644999999997
6062288714	0.181789403699999991	0.0874249695999999993
6062291714	0.183377400999999995	0.0858354300000000042
6062294714	0.185348044699999992	0.0879818478999999931
6062297714	0.180154690300000003	0.0849925791000000069
6062300714	0.186655590600000004	0.086841435699999997
6062303714	0.178263033500000001	0.0847387141999999954
6062306714	0.183442889100000006	0.0858502730999999991
6062309714	0.181455105700000008	0.0869828770999999945
6062312714	0.184047154200000007	0.0835944908000000042
6062315714	0.182768587499999996	0.0843744436999999958
6062318714	0.183979708800000002	0.0784046045999999969
6062321714	0.180392184799999994	0.0813152976000000027
6062324714	0.183748932100000012	0.0803122633000000058
6062327714	0.181226981700000012	0.0843831309000000057
6062330714	0.179747016600000004	0.0824802758000000025
6062333714	0.179548737000000014	0.0795986288000000014
6062336714	0.180048516699999994	0.0801481668000000036
6062339714	0.178626663299999988	0.0806448461999999949
6062342714	0.1790263681	0.0809172281999999965
6062345714	0.180809033000000008	0.0770064314000000055
6062348714	0.178475230699999987	0.0806949883000000062
6062351714	0.179468352199999986	0.0761212772000000037
6062354714	0.178039137600000008	0.0768468744000000009
6062357714	0.175160045600000008	0.0772105121000000033
6062360714	0.178191595600000002	0.080943562100000005
6062363714	0.178559326399999996	0.0759073873000000038
6062366714	0.178686007199999997	0.0760413885000000012
6062369714	0.175834269300000012	0.0760549068999999967
6062372714	0.178437388599999996	0.0754969174000000021
6062375714	0.174369274800000001	0.0780731028000000021
6062378714	0.177644574599999994	0.0733865296
6062381714	0.176786587299999992	0.0747315117999999973
6062384714	0.176686040200000005	0.0738240171000000001
6062387714	0.172502284199999995	0.0802237382999999998
6062390714	0.175797205000000012	0.0722007981999999993
6062393714	0.175626957599999994	0.0725525818999999961
6062396714	0.173752305800000006	0.0701401987999999976
6062399714	0.175309012300000011	0.0719228772999999932
6062402714	0.174643218999999988	0.0730130494000000019
6062405714	0.171753918700000008	0.0736109369000000069
6062408714	0.172659960100000009	0.0713265755000000029
6062411714	0.169562657300000003	0.0744308833000000003
6062414714	0.173597852599999991	0.0722111923999999988
6062417714	0.170265266299999996	0.0702052561000000019
6062420714	0.172695825800000008	0.0697829866999999937
6062423714	0.172386949099999992	0.068544628199999999
6062426714	0.170540545099999996	0.0686486657
6062429714	0.1721094138	0.0707264110000000029
6062432714	0.169279646099999986	0.0667629636000000026
6062435714	0.168261844900000013	0.0684963038999999996
6062438714	0.171994338599999991	0.0706873523000000059
6062441714	0.1696845726	0.0667078715000000017
6062444714	0.171299086900000008	0.067110857600000004
6062447714	0.167780756700000006	0.0664271461999999951
6062450714	0.167713906999999995	0.0663670009999999949
6062453714	0.165576673000000008	0.0661057033999999932
6062456714	0.164519214400000002	0.0647332379000000041
6062459714	0.165182422299999992	0.0693020352000000006
6062462714	0.167830216000000004	0.0633282205999999986
6062465714	0.164564437099999988	0.0672308382999999982
6062468714	0.1643832556	0.0690464654000000067
6062471714	0.162350540900000007	0.0656760975999999969
6062474714	0.168024402999999989	0.0630658790999999996
6062477714	0.163363928900000011	0.0647971197000000027
6062480714	0.16106434859999999	0.0650095304999999957
6062483714	0.162428501499999989	0.0634830009000000028
6062486714	0.157325547499999996	0.0604721485999999975
6062489714	0.162111134299999987	0.0625466799999999934
6062492714	0.161955886100000002	0.0638934788000000004
6062495714	0.157392816699999993	0.0610858587999999966
6062498714	0.158530806400000002	0.0627346238
6062501714	0.160020607499999995	0.0599786799999999995
6062504714	0.158113700100000004	0.0585553262000000005
6062507714	0.159470485500000009	0.0647470140000000055
6062510714	0.157389383299999991	0.059915375600000001
6062513714	0.156089241999999989	0.0597968830000000021
6062516714	0.153483977299999991	0.0585279027000000021
6062519714	0.158724794499999988	0.0574620430999999987
6062522714	0.150826813799999987	0.0586687477000000027
6062525714	0.156909209900000013	0.0593385865999999998
6062528714	0.155221138700000011	0.0557627190999999967
6062531714	0.157555180600000011	0.0583871010999999981
6062534714	0.15053249199999999	0.0611736921000000031
6062537714	0.153616561000000013	0.0584869510000000023
6062540714	0.151086247700000009	0.0592476247000000011
6062543714	0.150531896400000004	0.0575169728000000033
6062546714	0.151967129199999995	0.0589160003000000002
6062549714	0.150397110800000011	0.0570034946999999972
6062552714	0.149648186999999988	0.0564901190999999997
6062555714	0.150180589400000009	0.0541726796000000024
6062558714	0.1486471335	0.0535577486999999977
6062561714	0.152391795899999988	0.0548669156999999977
6062564714	0.145361567200000014	0.0567433008000000003
6062567714	0.144031121799999995	0.0552050680999999974
6062570714	0.139995657299999993	0.0506834046999999968
6062573714	0.144510699699999995	0.0579281136999999988
6062576714	0.141625433800000006	0.056803140600000003
6062579714	0.141394830500000013	0.0559089304000000009
6062582714	0.141463067899999989	0.0562594195999999991
6062585714	0.14018368149999999	0.0551410182000000026
6062588714	0.140293952	0.0578680937999999992
6062591714	0.141894314699999996	0.051890658800000003
6062594714	0.136647073899999999	0.0544987732999999974
6062597714	0.142628338699999996	0.0561645563000000014
6062600714	0.136086405699999996	0.0529870550999999995
6062603714	0.139189080900000012	0.0521839525999999998
6062606714	0.13843049830000001	0.0522079661000000028
6062609714	0.136625219399999998	0.0518785083000000008
6062612714	0.135613817999999997	0.0555179472000000007
6062615714	0.135245479299999999	0.0538540517999999968
6062618714	0.133393575600000008	0.0551390894000000006
6062621714	0.133255969499999988	0.0551717430999999967
6062624714	0.128056837499999993	0.0511053085000000018
6062627714	0.1288519578	0.053662803600000003
6062630714	0.131224659299999991	0.0547227474000000005
6062633714	0.130023624899999996	0.0543213832999999979
6062636714	0.126445708699999992	0.0520533796999999993
6062639714	0.125505081800000001	0.0534642280999999969
6062642714	0.124438832400000005	0.0559165021000000012
6062645714	0.120302198799999996	0.0529041463000000031
6062648714	0.124457123200000006	0.0562926244999999992
6062651714	0.125199314799999989	0.051637319299999998
6062654714	0.122311317700000005	0.0560366767999999973
6062657714	0.121945390799999998	0.0533064160000000023
6062660714	0.123699115700000001	0.0557661657000000019
6062663714	0.121003575200000005	0.0530084790999999986
6062666714	0.122414044299999997	0.0547087807000000009
6062669714	0.114316508100000006	0.0530332805000000018
6062672714	0.118616210700000002	0.0559726671999999995
6062675714	0.117718883999999996	0.0568095263999999975
6062678714	0.114642137399999997	0.0531252248000000024
6062681714	0.116573614399999997	0.0568954878999999997
6062684714	0.113339682100000005	0.0556352515999999978
6062687714	0.118513942799999994	0.0555105893999999975
6062690714	0.111184410499999997	0.0601377210999999995
6062693714	0.108227348200000004	0.0610715440999999998
6062696714	0.108396683999999993	0.0560862946000000029
6062699714	0.110118156600000003	0.0584092126000000031
6062702714	0.108316556600000002	0.0608380894999999977
6062705714	0.109506160500000005	0.0591117936999999982
6062708714	0.107915676500000002	0.0588499237000000008
6062711714	0.107190474600000002	0.0641089202000000025
6062714714	0.105199721999999996	0.0579072950999999989
6062717714	0.107208643800000003	0.0617761178000000022
6062720714	0.105471063200000006	0.0604270977000000015
6062723714	0.101914397399999995	0.0634784017000000061
6062726714	0.099081942800000003	0.0615836846000000007
6062729714	0.101968176199999996	0.0639286901000000046
6062732714	0.100482444500000004	0.0631743101000000057
6062735714	0.097750101300000003	0.0613604127999999999
6062738714	0.0992901878999999932	0.0642691709000000055
6062741714	0.0942858800999999969	0.0681647934000000066
6062744714	0.0969032454000000043	0.0642753863999999953
6062747714	0.0950602311000000033	0.0641935844000000033
6062750714	0.0972418961000000026	0.0676094225999999965
6062753714	0.094956299300000005	0.0629466585000000023
6062756714	0.0919970912000000057	0.0724806756000000024
6062759714	0.089687542300000006	0.0668677498999999953
6062762714	0.0920252755000000033	0.065802488800000003
6062765714	0.0891355759999999941	0.0678572810999999998
6062768714	0.0892506893999999995	0.0714444565999999975
6062771714	0.0917740912000000048	0.0659766355000000054
6062774714	0.084983627000000006	0.0706365957999999933
6062777714	0.0867732325000000054	0.0739076203999999987
6062780714	0.081742978899999999	0.0766061598000000038
6062783714	0.0817787697000000036	0.0717798855000000013
6062786714	0.0826035402000000057	0.0750197684000000059
6062789714	0.0859053956999999979	0.0752858799999999995
6062792714	0.0828882632000000064	0.0767854508999999963
6062795714	0.080935049300000006	0.0789813223000000036
6062798714	0.0818799322999999996	0.076655226600000001
6062801714	0.0809616100999999977	0.0800477598000000068
6062804714	0.0812594402999999993	0.0782946397000000016
6062807714	0.079452358400000006	0.0815704810000000002
6062810714	0.0827796078000000018	0.0813687034000000059
6062813714	0.0802008850999999939	0.0806611406000000003
6062816714	0.077608845100000004	0.0847407280999999957
6062819714	0.0753487615999999943	0.0818375843000000019
6062822714	0.0768090240999999979	0.0805623262000000062
6062825714	0.0764348128999999959	0.0850962762000000011
6062828714	0.0758495287999999962	0.0909660040000000031
6062831714	0.0750158425999999934	0.0884143092999999936
6062834714	0.0758447247999999991	0.0875524726000000003
6062837714	0.0731828538000000028	0.0890416022000000001
6062840714	0.0715343081999999936	0.0934760136999999991
6062843714	0.0713885125999999953	0.0946716729999999979
6062846714	0.074411177300000006	0.0965255267000000028
6062849714	0.0727535829999999967	0.0942882017999999988
6062852714	0.0719624011000000036	0.0991956419000000061
6062855714	0.0699868829999999997	0.0978804040000000042
6062858714	0.0694888860999999941	0.0991784629000000001
6062861714	0.0751133603999999955	0.0997069359000000016
6062864714	0.069438011899999999	0.100641222200000005
6062867714	0.0714946468000000057	0.0993861528000000022
6062870714	0.0740719858000000037	0.105133006200000004
6062873714	0.0700570127999999986	0.106877683299999998
6062876714	0.0713507736999999947	0.106833695100000001
6062879714	0.0713358870000000006	0.109108508300000004
6062882714	0.0701729288000000062	0.101197740600000002
6062885714	0.069017931399999996	0.108747019900000005
6062888714	0.0697594695999999986	0.110706554299999996
6062891714	0.071015171299999999	0.113100802400000006
6062894714	0.0703635403999999937	0.112204220499999993
6062897714	0.0658570002000000015	0.112094782599999998
6062900714	0.0681742899000000041	0.1178251778
6062903714	0.0683547998000000046	0.119752355899999996
6062906714	0.0672483896999999942	0.119524096400000002
6062909714	0.0683380637000000069	0.114382263200000001
6062912714	0.0708843059999999942	0.122024798500000003
6062915714	0.0679561689999999968	0.116497218200000002
6062918714	0.0701146614999999945	0.124351705100000001
6062921714	0.0701856094999999958	0.128363613399999993
6062924714	0.0672452429000000018	0.124231549799999993
6062927714	0.0688840467000000067	0.127325210500000008
6062930714	0.0720588677999999955	0.132186092799999988
6062933714	0.070275259399999998	0.125593635700000011
6062936714	0.068262929	0.1332197356
6062939714	0.068114960799999999	0.131488455199999993
6062942714	0.0726431372999999936	0.1296170824
6062945714	0.0671055814000000028	0.139050750100000009
6062948714	0.0679496401999999944	0.135981901900000007
6062951714	0.0743940185000000059	0.137562869799999987
6062954714	0.0700617211000000017	0.140107307699999989
6062957714	0.0718397144000000043	0.139817054999999996
6062960714	0.0735866141999999973	0.138271693499999987
6062963714	0.0745552973000000035	0.138812704600000003
6062966714	0.0749087960999999941	0.138890161200000001
6062969714	0.0717453903000000032	0.145199218399999996
6062972714	0.0774321149999999958	0.1508928514
6062975714	0.0722527837000000034	0.148744546300000002
6062978714	0.0742983135000000045	0.151659174799999991
6062981714	0.0768477731000000025	0.145060590900000008
6062984714	0.0745340193999999984	0.150116595900000011
6062987714	0.0766213671999999985	0.151226942700000005
6062990714	0.0817129661000000063	0.152107253400000003
6062993714	0.0787697603000000052	0.152869594999999997
6062996714	0.0786292871000000004	0.157090894700000011
6062999714	0.079178348699999998	0.156046661599999997
6063002714	0.0823455564000000056	0.155258082399999997
6063005714	0.0792376008000000021	0.153864789599999996
6063008714	0.0764789030999999953	0.157786644799999987
6063011714	0.0825871051999999967	0.160932164799999999
6063014714	0.082018489299999997	0.1628129559
6063017714	0.0746010945000000064	0.156153211699999989
6063020714	0.0819837860000000029	0.159580689100000006
6063023714	0.0811689081000000062	0.164510085299999997
6063026714	0.0837893838000000057	0.163698437599999996
6063029714	0.0850748365000000006	0.158941432399999999
6063032714	0.0830864882999999971	0.16471189759999999
6063035714	0.0855804312999999955	0.16732216350000001
6063038714	0.0878261434000000007	0.164797969799999999
6063041714	0.0929066536999999942	0.170121993999999999
6063044714	0.087706379000000001	0.169361610500000009
6063047714	0.0888773442999999941	0.168215416000000006
6063050714	0.0890801504999999966	0.171186538400000005
6063053714	0.0937076238000000006	0.172953542999999987
6063056714	0.0937123383999999976	0.168712474800000012
6063059714	0.0929062293999999983	0.169501230000000003
6063062714	0.0931314557999999987	0.171229092500000013
6063065714	0.0949969529999999951	0.17574854840000001
6063068714	0.0969765843000000016	0.173419240000000002
6063071714	0.0947394849000000039	0.174599352600000007
6063074714	0.0968018739999999961	0.173217533499999993
6063077714	0.097920775700000004	0.176302112000000011
6063080714	0.0967789414999999931	0.176428500099999996
6063083714	0.098658705200000002	0.174471418500000003
6063086714	0.0992255046000000002	0.175681656600000013
6063089714	0.0993013549999999939	0.179490103600000006
6063092714	0.102657764999999998	0.181750956800000002
6063095714	0.1062932038	0.179890483600000012
6063098714	0.105422420500000003	0.179696064099999997
6063101714	0.102823912599999998	0.176675241099999991
6063104714	0.106213546000000006	0.179972299599999996
6063107714	0.110021759900000002	0.180909925999999999
6063110714	0.1079546329	0.181597199900000006
6063113714	0.111298936900000006	0.183656005099999992
6063116714	0.111392972899999998	0.185204506500000005
6063119714	0.112787999599999994	0.185123152799999996
6063122714	0.113353801800000001	0.182879356699999995
6063125714	0.114224213300000002	0.185584418499999987
6063128714	0.115971928000000002	0.185344197099999997
6063131714	0.117065301900000002	0.187481636899999998
6063134714	0.1194564132	0.186292538099999988
6063137714	0.119216011400000002	0.184166745800000003
6063140714	0.117238083000000007	0.184211124599999998
6063143714	0.1241914712	0.189822934599999993
6063146714	0.120705588099999997	0.186326399599999998
6063149714	0.123220706200000002	0.1874418947
6063152714	0.124985734200000004	0.186204829999999988
6063155714	0.124436493499999995	0.190947760200000011
6063158714	0.124699332400000001	0.188493661400000012
6063161714	0.126163398799999993	0.190228074400000002
6063164714	0.121364083600000006	0.186191833800000012
6063167714	0.12799610689999999	0.186711345800000011
6063170714	0.127230899000000008	0.187199092399999989
6063173714	0.126736705499999991	0.188387761399999992
6063176714	0.131089018299999999	0.188461237899999995
6063179714	0.132615197099999998	0.189444563700000013
6063182714	0.131272065599999987	0.19164378700000001
6063185714	0.134256066499999993	0.193049097100000011
6063188714	0.134791446300000006	0.190595553100000009
6063191714	0.132404317100000002	0.195677158500000004
6063194714	0.134604494099999999	0.185943725700000007
6063197714	0.136919188400000003	0.193826998400000006
6063200714	0.135783436499999993	0.192409379500000005
6063203714	0.140302996699999988	0.192585901599999998
6063206714	0.140381118400000005	0.1926068628
6063209714	0.140951559599999998	0.191262319699999989
6063212714	0.141270179400000001	0.188972534800000008
6063215714	0.143613692799999998	0.191109717499999998
6063218714	0.143623847999999998	0.191312687399999987
6063221714	0.142332736300000012	0.190523923399999989
6063224714	0.143872379200000011	0.192705894799999999
6063227714	0.144662337400000007	0.197406452700000012
6063230714	0.146577712299999996	0.192872348700000001
6063233714	0.148084975300000005	0.191016015499999997
6063236714	0.144702081900000001	0.189902737799999999
6063239714	0.149122098799999991	0.192536331700000007
6063242714	0.148453875699999988	0.19302682169999999
6063245714	0.148469446300000002	0.192591904899999999
6063248714	0.15101044529999999	0.192201538100000013
6063251714	0.153437480399999993	0.189047344899999997
6063254714	0.148486061199999991	0.193019451499999994
6063257714	0.152054957699999993	0.192843934599999989
6063260714	0.154461732200000007	0.192081032499999999
6063263714	0.152613350099999989	0.192551745800000007
6063266714	0.154517338400000009	0.191419808400000002
6063269714	0.1560107248	0.1912638542
6063272714	0.161241011099999998	0.188294767000000002
6063275714	0.159722061199999987	0.190560072899999988
6063278714	0.158083278900000013	0.194165321899999993
6063281714	0.155548681200000011	0.191731430899999999
6063284714	0.164381251199999995	0.188902932400000001
6063287714	0.162702883500000006	0.19102573140000001
6063290714	0.166136123200000013	0.192334939499999996
6063293714	0.162576977499999997	0.190227762599999989
6063296714	0.165008568699999997	0.189593699300000001
6063299714	0.164957405700000004	0.187638550999999987
6063302714	0.162976213600000003	0.191768738299999991
6063305714	0.168225181299999998	0.189196554300000014
6063308714	0.169133636100000012	0.189038092600000013
6063311714	0.168064992699999999	0.188671030699999992
6063314714	0.16649021	0.190443390699999993
6063317714	0.168846231399999991	0.193622601899999996
6063320714	0.174538711000000013	0.188440424100000004
6063323714	0.167079122699999999	0.1894123479
6063326714	0.171742527899999997	0.184740507500000012
6063329714	0.171377549200000007	0.1886532457
6063332714	0.170313850399999994	0.188613189799999997
6063335714	0.173809815600000001	0.186592599899999989
6063338714	0.177750131199999994	0.190191013699999995
6063341714	0.173575181699999997	0.185039727600000009
6063344714	0.174348386500000008	0.188137944599999996
6063347714	0.176095551099999997	0.188627871400000008
6063350714	0.172244785099999992	0.187412748699999993
6063353714	0.178433759500000011	0.186502408400000014
6063356714	0.182206381899999992	0.1879121651
6063359714	0.177539663300000011	0.187491579800000002
6063362714	0.181455229400000001	0.185394966100000003
6063365714	0.177634157399999992	0.184710532099999991
6063368714	0.182674172299999993	0.186642102799999987
6063371714	0.17871414020000001	0.182397903
6063374714	0.183409397599999996	0.18533762949999999
6063377714	0.181204542200000013	0.184586771700000013
6063380714	0.180967654000000006	0.183802564800000012
6063383714	0.182028940199999989	0.186511036600000013
6063386714	0.180953377100000007	0.185309753800000004
6063389714	0.182548352100000005	0.185852008799999996
6063392714	0.186347391800000012	0.185111860699999992
6063395714	0.187898744300000003	0.18357804820000001
6063398714	0.188029508399999989	0.178732719499999998
6063401714	0.188317479300000007	0.178786983199999999
6063404714	0.188008183200000012	0.181402509099999998
6063407714	0.187023244599999999	0.179655577799999994
6063410714	0.1885499078	0.183882169900000003
6063413714	0.184766649700000007	0.178993694600000003
6063416714	0.187602816000000006	0.179813270200000014
6063419714	0.189011138599999989	0.181490568399999996
6063422714	0.188328717300000004	0.178799832399999997
6063425714	0.192642631799999992	0.179139874799999987
6063428714	0.192974562799999999	0.183303508199999993
6063431714	0.195303681499999993	0.179658960400000012
6063434714	0.192671743799999989	0.180704070500000008
6063437714	0.192095124199999995	0.180257059599999991
6063440714	0.195549792500000014	0.178790331800000007
6063443714	0.194915276700000001	0.17847206530000001
6063446714	0.193363150600000006	0.17702871340000001
6063449714	0.197501915100000008	0.178723104999999993
6063452714	0.195926818700000005	0.180517850000000007
6063455714	0.195065867000000004	0.18009930460000001
6063458714	0.197010202400000001	0.177558700699999988
6063461714	0.199041450499999995	0.177805953600000011
6063464714	0.196939506200000003	0.178415029199999992
6063467714	0.198086807300000001	0.172089222099999994
6063470714	0.194871976800000013	0.175334557800000013
6063473714	0.199669468699999991	0.175694468800000003
6063476714	0.201072606999999987	0.17178435580000001
6063479714	0.201682943199999992	0.175110066300000006
6063482714	0.203457419700000003	0.174645321699999995
6063485714	0.201019854500000011	0.174892091199999988
6063488714	0.203210561699999986	0.173762786199999991
6063491714	0.204511724099999986	0.173312901699999994
6063494714	0.206404282599999989	0.171905772499999998
6063497714	0.202964060400000007	0.172977358500000011
6063500714	0.20527827709999999	0.1751146918
6063503714	0.202139535700000011	0.17101569820000001
6063506714	0.208275968499999992	0.173786832700000005
6063509714	0.204862272600000006	0.170894411699999998
6063512714	0.207958735000000006	0.171048048499999994
6063515714	0.205701948400000001	0.169859568999999988
6063518714	0.208314477599999992	0.173362638200000002
6063521714	0.208865409000000002	0.174053289500000014
6063524714	0.208467884699999995	0.169666413799999999
6063527714	0.209838927000000008	0.170523854599999997
6063530714	0.208345220100000006	0.168880262799999986
6063533714	0.209463930699999995	0.166898156600000014
6063536714	0.209755746500000007	0.169519533999999999
6063539714	0.208511321599999994	0.166700849900000003
6063542714	0.2082241289	0.168410751800000008
6063545714	0.210512528300000001	0.166794805800000001
6063548714	0.209216026100000008	0.170228952699999991
6063551714	0.210093857200000012	0.167407927900000003
6063554714	0.213013393899999987	0.164673279700000008
6063557714	0.214552812600000004	0.170479412899999988
6063560714	0.211369417599999998	0.165630281099999999
6063563714	0.214105787800000003	0.165808868700000001
6063566714	0.218484374199999998	0.163487407499999987
6063569714	0.214578902300000013	0.168006844900000007
6063572714	0.214548462999999995	0.164412046300000003
6063575714	0.214112473599999992	0.163423449500000012
6063578714	0.214280793100000005	0.16994970270000001
6063581714	0.212877442800000011	0.161595388799999989
6063584714	0.214144824900000003	0.165033198999999992
6063587714	0.214782948400000007	0.164430422900000012
6063590714	0.216592335299999994	0.160440592500000007
6063593714	0.212405823299999991	0.16333999099999999
6063596714	0.216932944399999994	0.16272082630000001
6063599714	0.215343589199999991	0.159440601099999996
6063602714	0.219576160399999998	0.163127952800000003
6063605714	0.216984219199999995	0.162890449200000009
6063608714	0.216208523399999991	0.159404739099999998
6063611714	0.220240066799999995	0.161958538600000007
6063614714	0.215144835700000009	0.164710784400000004
6063617714	0.217275734700000001	0.163342598799999988
6063620714	0.220246514300000001	0.158645175999999999
6063623714	0.217730490599999993	0.157030754599999989
6063626714	0.220067578600000008	0.158002874500000001
6063629714	0.222910049400000004	0.158615352500000001
6063632714	0.22314138289999999	0.159385828600000001
6063635714	0.222265710000000005	0.15641488240000001
6063638714	0.221160366100000005	0.158033291900000011
6063641714	0.219075264800000002	0.156016335400000011
6063644714	0.223977209099999991	0.155304954100000003
6063647714	0.219277165200000013	0.159446381500000012
6063650714	0.22244461539999999	0.159004725099999994
6063653714	0.222345466699999994	0.15521565670000001
6063656714	0.224745704800000001	0.159633131900000003
6063659714	0.222764993699999997	0.154266350100000005
6063662714	0.224101546499999998	0.157912457199999995
6063665714	0.226099147700000003	0.154412497900000001
6063668714	0.224518528699999997	0.15762460419999999
6063671714	0.226167119999999999	0.152183615699999997
6063674714	0.228346746200000006	0.154616227800000006
6063677714	0.224195160100000013	0.1589673583
6063680714	0.227809719999999993	0.151081895800000005
6063683714	0.22736535020000001	0.152050777299999995
6063686714	0.227587106399999989	0.153106026700000009
6063689714	0.223630502600000003	0.147849921400000001
6063692714	0.226043689999999992	0.148483482
6063695714	0.228898519699999997	0.148207023999999993
6063698714	0.225391627399999989	0.153202765800000001
6063701714	0.228377347099999989	0.152553739599999988
6063704714	0.225277944899999999	0.151378615100000002
6063707714	0.227045193099999987	0.148669405000000004
6063710714	0.230020076399999995	0.145765890700000011
6063713714	0.229176323300000012	0.149356703600000001
6063716714	0.229354381800000007	0.142852369400000012
6063719714	0.233239482599999992	0.148027793200000007
6063722714	0.23358586810000001	0.149107690900000006
6063725714	0.230336416399999994	0.149332935100000008
6063728714	0.229550856299999995	0.146758413899999995
6063731714	0.229545323800000006	0.149803353199999989
6063734714	0.232690799700000006	0.148956775000000013
6063737714	0.23310035409999999	0.148397613099999992
6063740714	0.232015376400000001	0.148334386799999995
6063743714	0.227302453099999996	0.145983679100000013
6063746714	0.232986794699999999	0.147861026400000012
6063749714	0.231395884200000013	0.145598309499999995
6063752714	0.2307502045	0.143114588900000006
6063755714	0.232327228299999994	0.144138050699999992
6063758714	0.231329288100000002	0.14079460860000001
6063761714	0.233063106999999992	0.144990764500000008
6063764714	0.22970423579999999	0.145791270199999989
6063767714	0.232424870000000006	0.14137842610000001
6063770714	0.234168319099999994	0.143177768000000011
6063773714	0.233704026000000009	0.140892065600000005
6063776714	0.233231090800000013	0.139180776000000006
6063779714	0.232514036899999998	0.139855565799999998
6063782714	0.233877504699999988	0.140488461300000006
6063785714	0.234333109099999992	0.139435848100000009
6063788714	0.23580648039999999	0.142239823099999996
6063791714	0.233370140100000012	0.1424958224
6063794714	0.236289741400000003	0.139145077199999995
6063797714	0.236760880600000001	0.140966199900000005
6063800714	0.2378203609	0.144139248599999992
6063803714	0.235700977099999986	0.144257627100000008
6063806714	0.234419519200000009	0.137581159600000003
6063809714	0.237931334800000005	0.137354875900000006
6063812714	0.236668067399999987	0.136859085999999991
6063815714	0.240238792099999987	0.137288608400000012
6063818714	0.238669527999999992	0.13488492760000001
6063821714	0.23568238150000001	0.137983215999999992
6063824714	0.236816294099999991	0.137523275
6063827714	0.240227150499999986	0.138089781599999989
6063830714	0.240709390699999998	0.134100734500000013
6063833714	0.238545938499999999	0.132269726400000009
6063836714	0.238175682	0.136279563100000001
6063839714	0.239336288899999999	0.1343111944
6063842714	0.241919828899999995	0.137785495799999991
6063845714	0.239960950199999995	0.136720946399999987
6063848714	0.244224010999999991	0.132926166699999987
6063851714	0.236348167400000003	0.13615982330000001
6063854714	0.241330698300000007	0.1324757144
6063857714	0.242228620799999989	0.1322511569
6063860714	0.240389718199999991	0.131604993000000003
6063863714	0.239864206200000013	0.134188998599999998
6063866714	0.242252258100000006	0.132230093500000007
6063869714	0.238141359699999999	0.131777460900000004
6063872714	0.245246097999999996	0.130598222799999997
6063875714	0.241258073699999992	0.130053695299999994
6063878714	0.2421830804	0.130440085700000014
6063881714	0.2423591836	0.129480847399999988
6063884714	0.246372518000000013	0.130123571999999993
6063887714	0.242682509299999988	0.131799823600000005
6063890714	0.242475910699999991	0.134994258899999997
6063893714	0.242161491000000006	0.126264326600000004
6063896714	0.24515017850000001	0.130191908500000009
6063899714	0.240770912700000006	0.123175910099999994
6063902714	0.24190415400000001	0.128720906899999987
6063905714	0.24448775880000001	0.130777419499999992
6063908714	0.242982108299999999	0.128924388000000001
6063911714	0.245443566700000004	0.127599319900000008
6063914714	0.246034173800000006	0.126855844100000004
6063917714	0.24441748969999999	0.12533373519999999
6063920714	0.242732372700000004	0.127784130800000006
6063923714	0.243336140400000012	0.121866256399999998
6063926714	0.2453720915	0.125241546700000012
6063929714	0.246989067700000009	0.125491617999999999
6063932714	0.242982656800000002	0.124027464000000004
6063935714	0.245694903699999995	0.125133257999999997
6063938714	0.245773564199999989	0.123077897699999994
6063941714	0.247491792799999999	0.122483206600000005
6063944714	0.24733337259999999	0.120535115400000004
6063947714	0.245854191700000002	0.121757550699999995
6063950714	0.246173141499999998	0.122399439999999998
6063953714	0.243487589300000001	0.125360629800000012
6063956714	0.244316600500000009	0.122706849300000004
6063959714	0.248558173599999988	0.122610266400000001
6063962714	0.248326800200000003	0.121867372099999996
6063965714	0.247088154300000001	0.127963662700000008
6063968714	0.244787981399999993	0.123235188100000004
6063971714	0.246392380699999997	0.123419506900000003
6063974714	0.247395038499999997	0.118636250200000001
6063977714	0.245483510200000005	0.120312123199999996
6063980714	0.248634190499999991	0.118968710300000002
6063983714	0.246533052599999997	0.117676558099999995
6063986714	0.245441469699999998	0.119587052799999996
6063989714	0.247481294399999996	0.121127583600000005
6063992714	0.246562777399999988	0.116255401499999994
6063995714	0.249328950800000004	0.119712462300000003
6063998714	0.2490902069	0.116281163699999995
6064001714	0.247748926000000008	0.1184639839
6064004714	0.249704829500000003	0.1204682381
6064007714	0.250583756099999999	0.120697194800000004
6064010714	0.251404126200000022	0.1167761197
6064013714	0.250938745600000013	0.118965128500000003
6064016714	0.248641009699999999	0.118852672699999995
6064019714	0.246238005399999987	0.117216935199999997
6064022714	0.250676069599999995	0.113809137300000002
6064025714	0.252571353100000007	0.116947199299999999
6064028714	0.250190876399999984	0.117053767399999994
6064031714	0.249147493899999989	0.115545080199999997
6064034714	0.250875399499999985	0.113592266600000005
6064037714	0.251811824999999989	0.114617087899999998
6064040714	0.251218019399999992	0.113893545400000004
6064043714	0.249579565899999994	0.112876906299999996
6064046714	0.246269555700000004	0.112594844700000002
6064049714	0.248929804300000002	0.117512598199999999
6064052714	0.250845522599999982	0.114227106600000003
6064055714	0.248985220600000001	0.110869975300000007
6064058714	0.252134754800000027	0.1121481899
6064061714	0.254293235999999978	0.113125427099999995
6064064714	0.251883057700000024	0.106179383700000005
6064067714	0.250493392799999992	0.111377581700000006
6064070714	0.250972929000000011	0.110043279999999993
6064073714	0.251776050400000007	0.1103867875
6064076714	0.250280441799999975	0.111029692999999999
6064079714	0.250037503599999988	0.109551805599999996
6064082714	0.255046331700000017	0.112039480999999996
6064085714	0.254407080200000024	0.111879455500000002
6064088714	0.251671198200000001	0.109833812700000005
6064091714	0.250245265300000019	0.106479508200000003
6064094714	0.25217215770000001	0.107909218599999995
6064097714	0.253718845000000026	0.1090280681
6064100714	0.253386504100000021	0.107737731099999998
6064103714	0.256854479000000024	0.111228987200000004
6064106714	0.250821905000000012	0.108096519399999993
6064109714	0.25572054230000002	0.105045180399999993
6064112714	0.252318036299999993	0.108143385600000003
6064115714	0.254414688900000019	0.105356487600000007
6064118714	0.253900836100000027	0.107793802600000002
6064121714	0.25676859660000001	0.107087963300000005
6064124714	0.255062222599999999	0.104864222399999998
6064127714	0.254054341100000025	0.104735431200000007
6064130714	0.25631023679999998	0.103072668899999997
6064133714	0.25761542580000002	0.106984110600000001
6064136714	0.257037446200000019	0.1057701214
6064139714	0.256006364900000005	0.101971146100000007
6064142714	0.257099405700000005	0.1063162458
6064145714	0.25395392750000001	0.100302103200000006
6064148714	0.257146336500000017	0.103204614200000003
6064151714	0.256319935499999985	0.104810312200000005
6064154714	0.256386721300000009	0.103972118899999993
6064157714	0.257355654099999998	0.107162142700000004
6064160714	0.255596343399999981	0.101837382500000004
6064163714	0.256819596799999994	0.102939310899999997
6064166714	0.25727884550000002	0.101862339100000004
6064169714	0.254069743299999984	0.105205646200000003
6064172714	0.25919078940000001	0.104935223899999999
6064175714	0.255802917799999974	0.0999174538000000001
6064178714	0.256486669200000017	0.101472184000000007
6064181714	0.256394770100000002	0.0977102410999999976
6064184714	0.260518750700000024	0.100835628400000002
6064187714	0.2538795633	0.0992813533999999942
6064190714	0.25950439190000002	0.0990210029999999963
6064193714	0.256884285300000015	0.102680929899999995
6064196714	0.253241457299999972	0.102057751700000005
6064199714	0.261263523900000016	0.0986392226000000066
6064202714	0.258964055699999973	0.100417649799999995
6064205714	0.257705147600000017	0.101366484000000007
6064208714	0.258224053999999981	0.0980062530999999959
6064211714	0.256924500399999978	0.0975971080000000019
6064214714	0.261115262600000009	0.100314404300000007
6064217714	0.259397376000000013	0.0969923468000000039
6064220714	0.256536360299999988	0.101722526999999993
6064223714	0.259140867800000008	0.0967222120999999962
6064226714	0.258806178399999975	0.0997975338999999989
6064229714	0.254781345599999987	0.0892888963999999979
6064232714	0.260272790500000017	0.0919667366000000014
6064235714	0.255500857899999989	0.0961155741000000036
6064238714	0.260236858199999976	0.0952750064999999952
6064241714	0.260299607400000022	0.0945652300999999945
6064244714	0.263358029699999996	0.0943974867999999995
6064247714	0.260178767500000019	0.0946418333000000056
6064250714	0.259182666499999992	0.0930289170000000026
6064253714	0.260953102400000025	0.0909038434000000034
6064256714	0.258450562100000003	0.0941569968000000035
6064259714	0.261624168599999984	0.0931711944999999986
6064262714	0.259454474400000024	0.0930146565999999952
6064265714	0.256492557899999973	0.0920456729999999945
6064268714	0.260158641899999987	0.093180774600000002
6064271714	0.26024085990000001	0.0911409571000000029
6064274714	0.256049860899999981	0.0965217022000000036
6064277714	0.259612862100000008	0.0941835468000000037
6064280714	0.263800946400000014	0.0933884598000000038
6064283714	0.259781014300000002	0.0901879272000000037
6064286714	0.261613129599999994	0.0931130881000000049
6064289714	0.259847090499999989	0.0918241649000000049
6064292714	0.261370085799999985	0.0906002969999999963
6064295714	0.258766337899999976	0.0928773618999999967
6064298714	0.259772040400000015	0.0864824461999999933
6064301714	0.262750084399999972	0.089070903600000001
6064304714	0.261001585699999983	0.0875645899999999977
6064307714	0.266504200000000024	0.0900568048999999954
6064310714	0.263415790300000008	0.0877372374999999954
6064313714	0.260096211000000022	0.0896497883999999995
6064316714	0.260232672100000006	0.0876033514999999957
6064319714	0.262128976399999991	0.0890726431999999957
6064322714	0.262417143299999989	0.085380523599999994
6064325714	0.260216169599999991	0.0894070633000000059
6064328714	0.264940340399999974	0.0864572403000000017
6064331714	0.260147413699999996	0.0862477293000000061
6064334714	0.263504990300000019	0.0854624058999999964
