 V (V)         fr (Hz)         Qc         Qt      a          b          c          d      k      phi
----------------------------------------------------------------------------------------------------
  0.00    6.234459e+09   16377.54   12486.40  -0.10  -3.26e-08   1.45e-15   3.05e-20   1.05   0.2801
  0.50    6.233200e+09    9617.75   13306.11  -0.26  -4.33e-08  -3.07e-15   3.39e-20   1.22   0.1264
  1.00    6.229392e+09   27132.47   14347.99  -0.51  -5.54e-08   4.96e-15   4.62e-20   1.45   0.2858
  1.50    6.222990e+09   22154.10   13892.64  -0.27  -3.88e-08  -1.13e-15   3.20e-20   1.22   0.3071
  2.00    6.213943e+09   20720.00   13946.33  -0.15  -2.13e-08   3.56e-15   1.65e-20   1.09   0.3136
  2.50    6.202159e+09   22771.82   14310.64  -0.15  -1.49e-08   1.26e-15   8.80e-21   1.11   0.2723
  3.00    6.187494e+09   20421.77   13778.86   0.02  -1.14e-08  -3.06e-17   3.15e-21   0.96   0.1401
  3.50    6.169773e+09    9693.00   13660.65  -0.03   4.05e-09   2.13e-16  -1.81e-21   1.02  -0.0481
  4.00    6.148779e+09    8314.62   12063.70  -0.08   1.41e-08  -1.05e-15  -9.65e-21   1.04  -0.1225
  4.50    6.124170e+09   48076.73   11447.18  -1.61   1.91e-08   1.21e-16  -9.13e-21   2.57  -0.2783
  5.00    6.095685e+09   16647.77    9306.91  -0.05   6.32e-10  -1.00e-15  -8.97e-22   1.03  -0.1986
  5.50    6.062834e+09   49965.82    9487.53  -1.98   4.97e-08  -1.03e-15  -1.76e-20   2.93  -0.2812
  6.00    6.025078e+09   10513.73    6444.81   0.06   1.64e-09  -9.20e-16  -5.92e-22   0.95  -0.0113
  6.50    5.981766e+09   22332.11    7682.58  -0.25   6.05e-10   8.74e-18  -5.03e-23   1.25  -0.0236
  7.00    5.931971e+09   18755.96    7053.19   0.09  -6.10e-10   3.46e-17  -3.18e-22   0.89  -0.0974
