# freq, I e Q
5979806178	-0.252700922400000028	0.0941187153000000026
5979810178	-0.25393871870000001	0.0931318185000000048
5979814178	-0.253248219499999982	0.0962486257000000067
5979818178	-0.254588714300000019	0.0940091460000000018
5979822178	-0.253547394199999998	0.0981517442999999962
5979826178	-0.254160942700000003	0.0933140306000000003
5979830178	-0.25306243220000002	0.0973110759999999964
5979834178	-0.25081524890000001	0.0975733300999999942
5979838178	-0.253116706899999988	0.0963912071999999953
5979842178	-0.250977088299999984	0.0959025901999999986
5979846178	-0.250647530499999993	0.0984561473000000048
5979850178	-0.252971824899999975	0.0991292455999999989
5979854178	-0.251683119999999982	0.0986532402000000058
5979858178	-0.250010009199999994	0.0968656185999999947
5979862178	-0.249321417299999987	0.100498863699999996
5979866178	-0.252466568100000011	0.0981008956000000015
5979870178	-0.252944514600000003	0.100416044900000001
5979874178	-0.251573396499999991	0.102758000200000005
5979878178	-0.248476914999999993	0.100684983699999994
5979882178	-0.247732258000000011	0.1027339055
5979886178	-0.24947886729999999	0.101664005399999993
5979890178	-0.249987652100000013	0.101471004300000001
5979894178	-0.249909516800000009	0.103138992900000004
5979898178	-0.247101173499999993	0.102792175499999999
5979902178	-0.250157376699999989	0.103112797199999995
5979906178	-0.249647239800000004	0.103342281100000002
5979910178	-0.2536296361	0.102499602400000001
5979914178	-0.248362704200000006	0.104307760499999999
5979918178	-0.249050462500000014	0.102156812999999999
5979922178	-0.248457059600000002	0.104571952699999998
5979926178	-0.24910275979999999	0.103153555300000005
5979930178	-0.247036928500000003	0.100961256200000002
5979934178	-0.247067972999999996	0.105117981900000004
5979938178	-0.249672739799999988	0.102597215300000003
5979942178	-0.249642891099999986	0.106445110999999995
5979946178	-0.246259233699999996	0.106519472599999998
5979950178	-0.244065891000000007	0.102917001499999994
5979954178	-0.250910451699999981	0.105397109099999997
5979958178	-0.2499900226	0.106185237399999993
5979962178	-0.245546791399999992	0.105352817700000004
5979966178	-0.248568872100000005	0.109458583299999995
5979970178	-0.245761610800000002	0.106507671200000001
5979974178	-0.248590997199999997	0.105936613299999996
5979978178	-0.243514068599999994	0.107563694900000006
5979982178	-0.247137358499999987	0.108285393499999993
5979986178	-0.243619008999999997	0.109619489200000003
5979990178	-0.249606371999999993	0.110367925699999994
5979994178	-0.248054859699999991	0.109567620199999993
5979998178	-0.244996669899999991	0.109345997700000003
5980002178	-0.245553621500000013	0.112555933100000005
5980006178	-0.245330174799999995	0.111836921699999994
5980010178	-0.246972348899999999	0.111817960300000005
5980014178	-0.245673780799999991	0.110991339300000005
5980018178	-0.242422142000000007	0.109039380800000002
5980022178	-0.246522700700000014	0.112023191499999994
5980026178	-0.243303712300000002	0.111509413700000004
5980030178	-0.242877066400000008	0.111298214300000003
5980034178	-0.244595995900000002	0.111083074599999998
5980038178	-0.244482492200000012	0.115041964699999999
5980042178	-0.242396184200000003	0.111256664599999999
5980046178	-0.245105443400000012	0.114472854299999996
5980050178	-0.239995339700000004	0.111139350299999995
5980054178	-0.243498149599999991	0.116496322900000004
5980058178	-0.245944385200000004	0.110811081399999997
5980062178	-0.241362219300000014	0.112287102099999994
5980066178	-0.241580600400000012	0.116837780799999999
5980070178	-0.242166816300000004	0.114044062799999998
5980074178	-0.24047605150000001	0.116710791300000005
5980078178	-0.240479712900000003	0.119528311600000006
5980082178	-0.241172729499999988	0.116325529999999996
5980086178	-0.240695981199999992	0.113352188699999995
5980090178	-0.24354397920000001	0.113144807200000003
5980094178	-0.237855769999999994	0.116890560700000007
5980098178	-0.238289817600000009	0.117162492399999998
5980102178	-0.240181247699999989	0.119030955399999999
5980106178	-0.239896324900000013	0.118427692599999995
5980110178	-0.239055171799999994	0.117154997900000002
5980114178	-0.240329422399999992	0.119152228999999998
5980118178	-0.242839528500000013	0.115872527099999997
5980122178	-0.241111024099999988	0.118621058599999996
5980126178	-0.240346395800000001	0.121969985099999997
5980130178	-0.241710393200000012	0.119061573599999998
5980134178	-0.239356627699999991	0.121553544599999994
5980138178	-0.241415028000000004	0.123797709300000003
5980142178	-0.241951232099999997	0.121440019299999993
5980146178	-0.238126984099999994	0.122073265599999994
5980150178	-0.240353400999999994	0.119185532499999997
5980154178	-0.2396221355	0.121602183599999997
5980158178	-0.238685358300000011	0.118840785599999998
5980162178	-0.239539002400000006	0.119921454100000005
5980166178	-0.237268507600000012	0.126462255500000009
5980170178	-0.241144105100000006	0.123717418300000007
5980174178	-0.236356567999999989	0.120442735300000006
5980178178	-0.239684541899999992	0.121830181400000001
5980182178	-0.239958154300000004	0.126218449399999988
5980186178	-0.2393485682	0.122577984700000003
5980190178	-0.238391258900000014	0.128681457599999993
5980194178	-0.234640708700000006	0.123363062900000001
5980198178	-0.237304871000000001	0.122240133799999998
5980202178	-0.239757585800000006	0.127907428099999998
5980206178	-0.238620789599999994	0.125244978199999996
5980210178	-0.238246401599999991	0.125258173
5980214178	-0.236474385700000012	0.12602498849999999
5980218178	-0.238652100899999997	0.1255598567
5980222178	-0.238134066100000014	0.127193065500000008
5980226178	-0.235606025899999988	0.126701706899999988
5980230178	-0.234365746300000011	0.123187733499999993
5980234178	-0.233049294600000012	0.130762736099999999
5980238178	-0.232821000500000014	0.124896521600000004
5980242178	-0.240352665399999998	0.127359410799999989
5980246178	-0.236198086599999996	0.130589944200000002
5980250178	-0.233615374999999986	0.127607344000000011
5980254178	-0.233733726899999994	0.13010452480000001
5980258178	-0.2351032079	0.127413971200000004
5980262178	-0.235228720100000011	0.129406823199999993
5980266178	-0.233825145699999987	0.129429328700000013
5980270178	-0.234101869600000012	0.12864198269999999
5980274178	-0.233994810999999997	0.129611063100000007
5980278178	-0.231189024100000001	0.129756889600000008
5980282178	-0.231614247800000006	0.128475190299999986
5980286178	-0.232366192700000002	0.131296524599999992
5980290178	-0.232421768299999998	0.128596802399999988
5980294178	-0.232040661799999992	0.131646691900000001
5980298178	-0.229958632699999999	0.130888838499999993
5980302178	-0.233604819699999994	0.134562172000000008
5980306178	-0.233949854900000004	0.133691668300000011
5980310178	-0.23411699720000001	0.131821710399999986
5980314178	-0.229802059599999997	0.131879544200000004
5980318178	-0.23350389869999999	0.132993647999999992
5980322178	-0.23021041519999999	0.132461663000000007
5980326178	-0.231533279300000006	0.130590241299999993
5980330178	-0.228941194200000003	0.132602798500000008
5980334178	-0.230204026499999992	0.136812838999999992
5980338178	-0.22806858599999999	0.132838869700000001
5980342178	-0.231220987399999994	0.1330581931
5980346178	-0.227677288100000014	0.135545257599999996
5980350178	-0.229787098500000009	0.134416354300000013
5980354178	-0.231604546299999992	0.133121238599999997
5980358178	-0.22886649710000001	0.1349267891
5980362178	-0.2312233749	0.135621822199999992
5980366178	-0.227643023400000005	0.136976417399999995
5980370178	-0.2269039739	0.137916521399999992
5980374178	-0.224205925400000006	0.135425876700000003
5980378178	-0.229874368899999987	0.135774053499999992
5980382178	-0.228295019200000004	0.1359424256
5980386178	-0.228541638299999988	0.133361480899999996
5980390178	-0.228847052800000006	0.137197321300000008
5980394178	-0.225714417100000009	0.137103026200000006
5980398178	-0.226717803200000012	0.137265795899999987
5980402178	-0.227892022299999997	0.139638131299999996
5980406178	-0.228039219999999987	0.13923786090000001
5980410178	-0.227168847400000012	0.138584221600000002
5980414178	-0.227685003299999994	0.142301352399999997
5980418178	-0.2240408012	0.138735975799999994
5980422178	-0.22548555079999999	0.139120696699999991
5980426178	-0.226953703099999987	0.143421298000000003
5980430178	-0.222365462399999991	0.140052589000000005
5980434178	-0.228639782600000008	0.140861977899999991
5980438178	-0.224981295800000008	0.141613546700000009
5980442178	-0.220288652700000004	0.140394774599999994
5980446178	-0.224394272700000008	0.1414790769
5980450178	-0.224385993499999992	0.139795593500000009
5980454178	-0.223988751600000008	0.143352156700000011
5980458178	-0.221065616100000001	0.142470727699999994
5980462178	-0.223356291300000009	0.145828094299999989
5980466178	-0.225794953500000006	0.146451969399999993
5980470178	-0.221641788000000006	0.145842091300000004
5980474178	-0.225637243500000001	0.147385854700000013
5980478178	-0.221857534299999992	0.146424721199999996
5980482178	-0.222388293099999995	0.143378516000000011
5980486178	-0.220554528	0.145383534799999992
5980490178	-0.222300951400000002	0.145323202000000012
5980494178	-0.216588952599999995	0.144084471699999994
5980498178	-0.220317691799999993	0.146460845799999989
5980502178	-0.223328536100000002	0.145865563499999989
5980506178	-0.220761497499999987	0.143801809700000005
5980510178	-0.221399515399999997	0.145687992999999988
5980514178	-0.220055441299999988	0.146510093300000005
5980518178	-0.215729985900000004	0.146272840900000006
5980522178	-0.217569021000000001	0.146493456599999988
5980526178	-0.218559881000000011	0.146746157300000013
5980530178	-0.217283007199999989	0.148334254500000012
5980534178	-0.219390222800000007	0.147199646200000006
5980538178	-0.219554545699999992	0.149849761999999997
5980542178	-0.217200869800000002	0.147849875999999991
5980546178	-0.218748115999999992	0.149798871899999991
5980550178	-0.215963608800000012	0.148203878300000008
5980554178	-0.215995475699999995	0.147607871599999996
5980558178	-0.217839780900000002	0.149691639900000006
5980562178	-0.217557326599999989	0.149379541599999999
5980566178	-0.216107438799999996	0.146766440899999989
5980570178	-0.217097438100000012	0.151859658199999997
5980574178	-0.216539740300000005	0.150552671599999993
5980578178	-0.218557730000000006	0.150869351000000013
5980582178	-0.217617588700000003	0.148523259299999988
5980586178	-0.214913276399999992	0.153105359899999988
5980590178	-0.217568960099999986	0.152319137999999993
5980594178	-0.217533388599999988	0.153819020299999998
5980598178	-0.212967549000000006	0.155133885299999996
5980602178	-0.211581968300000006	0.153783065899999988
5980606178	-0.216469053500000008	0.150998786200000013
5980610178	-0.21026591850000001	0.152292795300000006
5980614178	-0.213116922200000003	0.15242459559999999
5980618178	-0.216927366099999991	0.155191847999999993
5980622178	-0.212801485200000001	0.15515144580000001
5980626178	-0.215527652200000003	0.154359305299999999
5980630178	-0.213195183700000013	0.152884164699999991
5980634178	-0.214060506499999997	0.156818896799999996
5980638178	-0.216155760199999991	0.154748691900000013
5980642178	-0.208340668899999998	0.157412511100000013
5980646178	-0.212958805700000003	0.154406888699999995
5980650178	-0.211894590699999996	0.155942340900000004
5980654178	-0.213930177999999999	0.156977166599999995
5980658178	-0.209923316199999987	0.155236121700000007
5980662178	-0.210435518799999999	0.155143550999999991
5980666178	-0.21137732179999999	0.155773048100000006
5980670178	-0.210889179900000001	0.159790671400000001
5980674178	-0.207870883199999995	0.159043701499999995
5980678178	-0.209340062599999988	0.155943661099999992
5980682178	-0.208376913200000013	0.158392520199999998
5980686178	-0.210358441000000007	0.159500826200000001
5980690178	-0.210134608899999992	0.156760952700000011
5980694178	-0.20445404989999999	0.159536967299999999
5980698178	-0.206270223100000011	0.160992861099999995
5980702178	-0.210699653699999989	0.158546246700000004
5980706178	-0.204234575899999993	0.159467919000000014
5980710178	-0.206143220500000002	0.157629058900000008
5980714178	-0.207057556400000009	0.160128676599999992
5980718178	-0.20672362259999999	0.158624298800000008
5980722178	-0.202524380599999998	0.159789779699999995
5980726178	-0.203120332099999995	0.161425747300000005
5980730178	-0.205536380200000007	0.162107746400000002
5980734178	-0.205274478099999991	0.161016856099999994
5980738178	-0.206391178000000008	0.162309502599999989
5980742178	-0.204098675600000001	0.164176749099999991
5980746178	-0.202539362100000009	0.160763862899999999
5980750178	-0.204674559099999986	0.162606388099999999
5980754178	-0.202395500199999995	0.160124156500000003
5980758178	-0.204645047400000002	0.162296006999999992
5980762178	-0.202809894800000001	0.161529317100000014
5980766178	-0.202016465199999995	0.166159702200000009
5980770178	-0.202071374999999998	0.159961245000000002
5980774178	-0.204682431599999992	0.162821952999999991
5980778178	-0.201324441200000009	0.162281699700000004
5980782178	-0.202317692500000007	0.16110995119999999
5980786178	-0.202441514099999997	0.166321559799999991
5980790178	-0.199899938199999988	0.166008981899999991
5980794178	-0.200080442899999988	0.168386094399999992
5980798178	-0.201418706899999994	0.164358937799999993
5980802178	-0.198451269300000011	0.165977510800000005
5980806178	-0.197732396300000002	0.16731306600000001
5980810178	-0.197612476600000003	0.165622907699999988
5980814178	-0.200772756599999991	0.164968708699999994
5980818178	-0.196613764800000007	0.169058165300000007
5980822178	-0.197300905599999993	0.166711761799999997
5980826178	-0.195573273200000008	0.169254740600000009
5980830178	-0.196543824000000006	0.168939148600000005
5980834178	-0.199157726600000001	0.16885409970000001
5980838178	-0.198176417800000004	0.165507277400000014
5980842178	-0.194601108500000008	0.167458406400000009
5980846178	-0.191860371199999991	0.167353882900000001
5980850178	-0.195768685999999997	0.168014033000000007
5980854178	-0.194970900400000008	0.169592701099999993
5980858178	-0.195552406099999992	0.169733195199999992
5980862178	-0.19438825970000001	0.171067488200000006
5980866178	-0.191806071500000008	0.169012519500000014
5980870178	-0.192085624399999988	0.17029487330000001
5980874178	-0.192271257000000001	0.168892880200000012
5980878178	-0.192609162899999992	0.171291747800000005
5980882178	-0.193503009199999992	0.175019194399999994
5980886178	-0.190569693499999998	0.170966202799999994
5980890178	-0.195058101300000009	0.1723358854
5980894178	-0.1916325361	0.171294298600000006
5980898178	-0.190134073799999997	0.170670843699999991
5980902178	-0.190272757300000012	0.170751943699999992
5980906178	-0.188901575900000007	0.174479436900000007
5980910178	-0.190448908599999994	0.173107347900000014
5980914178	-0.185213992399999999	0.171168259699999992
5980918178	-0.18498752630000001	0.170719359399999993
5980922178	-0.189088924399999997	0.173315499200000001
5980926178	-0.188155792900000007	0.174388523699999992
5980930178	-0.192555440100000003	0.171998273199999996
5980934178	-0.184820177700000005	0.173605100699999987
5980938178	-0.186470093799999986	0.170782576999999991
5980942178	-0.188462337400000013	0.172221734799999998
5980946178	-0.187572020899999997	0.177909173400000009
5980950178	-0.190345448299999997	0.172419110099999995
5980954178	-0.18694102030000001	0.176544547999999996
5980958178	-0.185969310400000004	0.173193217499999996
5980962178	-0.183720463100000009	0.178721523599999987
5980966178	-0.188523008299999989	0.174303283799999986
5980970178	-0.186900560900000012	0.177707307099999989
5980974178	-0.183656368399999992	0.174697172300000009
5980978178	-0.181687342000000002	0.174668606100000012
5980982178	-0.180327767899999991	0.175649149300000001
5980986178	-0.18009840190000001	0.177790253399999987
5980990178	-0.179565498699999992	0.179338003800000007
5980994178	-0.178505759600000008	0.178464952700000012
5980998178	-0.182016207699999988	0.177728309599999995
5981002178	-0.177322874600000013	0.177812569100000012
5981006178	-0.179546458800000003	0.181241477600000006
5981010178	-0.181986508999999991	0.175918951299999987
5981014178	-0.179681866299999993	0.173286019200000002
5981018178	-0.177017099000000011	0.1736704949
5981022178	-0.179502437200000003	0.177227576599999992
5981026178	-0.179630008799999991	0.179286255199999994
5981030178	-0.177262163599999995	0.179756494600000011
5981034178	-0.175305925400000007	0.180105100500000004
5981038178	-0.176271078400000003	0.17811073320000001
5981042178	-0.175758069200000006	0.179065242900000005
5981046178	-0.179609718700000004	0.180467191500000013
5981050178	-0.174608126100000011	0.179452606799999997
5981054178	-0.172762600900000007	0.177704291099999995
5981058178	-0.176606017700000006	0.178699685299999994
5981062178	-0.174971984699999999	0.180313470599999998
5981066178	-0.171696359100000001	0.181625777200000005
5981070178	-0.173530271799999997	0.179943331099999992
5981074178	-0.172016788400000009	0.18124205069999999
5981078178	-0.168562055200000005	0.182656936600000014
5981082178	-0.172524361999999987	0.178433260399999988
5981086178	-0.169580133999999993	0.180963864000000002
5981090178	-0.171027093099999999	0.181232034600000008
5981094178	-0.169252617299999991	0.185308637800000009
5981098178	-0.168630588500000012	0.180824246999999994
5981102178	-0.165807071700000003	0.181241888999999989
5981106178	-0.169008982700000004	0.178161111099999991
5981110178	-0.168531503700000002	0.177700010299999989
5981114178	-0.1667840773	0.18006245039999999
5981118178	-0.162867156900000004	0.184367023099999999
5981122178	-0.163436102599999994	0.180413913399999987
5981126178	-0.165461099199999989	0.181587541200000008
5981130178	-0.165061037299999991	0.182007267700000003
5981134178	-0.158268002600000013	0.180952528000000001
5981138178	-0.159861302900000002	0.187033729300000007
5981142178	-0.160810006199999994	0.181386226600000006
5981146178	-0.162534847799999993	0.183357315999999992
5981150178	-0.164391080899999986	0.180368501900000006
5981154178	-0.161051582500000012	0.179358991500000009
5981158178	-0.159477589700000005	0.183111424500000008
5981162178	-0.160171017999999998	0.179134336899999996
5981166178	-0.162126638600000011	0.182254686199999988
5981170178	-0.161699125299999996	0.18351090040000001
5981174178	-0.160717596900000009	0.183690056900000009
5981178178	-0.1580683638	0.179973219099999998
5981182178	-0.1550060838	0.185603398499999989
5981186178	-0.156664892	0.182347124500000013
5981190178	-0.153975058500000012	0.185189426900000009
5981194178	-0.154365022500000004	0.18067453759999999
5981198178	-0.154319880900000012	0.183154821100000004
5981202178	-0.157311933399999992	0.181813918999999991
5981206178	-0.154131269399999993	0.183966030499999988
5981210178	-0.152611617599999999	0.184743065300000009
5981214178	-0.152390997100000009	0.186549504599999999
5981218178	-0.153698507900000003	0.183646822300000012
5981222178	-0.15542753749999999	0.181769490899999997
5981226178	-0.148662787200000007	0.182063480999999999
5981230178	-0.14614878340000001	0.181591022699999993
5981234178	-0.15280360979999999	0.186413637699999996
5981238178	-0.151054588099999998	0.182804601399999989
5981242178	-0.149022986999999996	0.185757852899999992
5981246178	-0.150078365800000002	0.182477973900000007
5981250178	-0.150338905999999994	0.184514658199999987
5981254178	-0.148504486399999996	0.183646036900000004
5981258178	-0.145362585999999988	0.179785938099999987
5981262178	-0.144582480200000002	0.18319096909999999
5981266178	-0.14423434260000001	0.186173291099999999
5981270178	-0.145279408199999988	0.182148175800000006
5981274178	-0.142052780999999989	0.181650376899999993
5981278178	-0.146118061699999996	0.181424318299999998
5981282178	-0.141542900100000008	0.182399092200000001
5981286178	-0.143801319300000008	0.185319191200000011
5981290178	-0.143674928199999996	0.181006788199999991
5981294178	-0.141346711699999988	0.184657323900000003
5981298178	-0.141023196299999987	0.183744470699999995
5981302178	-0.138635793400000012	0.179635094400000001
5981306178	-0.142159126999999996	0.181419723700000007
5981310178	-0.141789600399999993	0.186187257999999994
5981314178	-0.140384208199999999	0.1809908972
5981318178	-0.139568670899999997	0.180326182299999999
5981322178	-0.135897116300000009	0.180971713099999987
5981326178	-0.137427885700000002	0.18292607729999999
5981330178	-0.139508517700000001	0.180267175700000004
5981334178	-0.134132537299999993	0.17990927579999999
5981338178	-0.133038712199999992	0.183362870600000005
5981342178	-0.134007982100000006	0.179633549000000003
5981346178	-0.137180419800000009	0.182279784400000006
5981350178	-0.137319707799999996	0.181331106299999989
5981354178	-0.134118649300000004	0.181288660600000012
5981358178	-0.12906739980000001	0.18139148120000001
5981362178	-0.131591033400000001	0.1801856456
5981366178	-0.128839579700000012	0.1749321177
5981370178	-0.131803940799999991	0.179845234500000006
5981374178	-0.125643026399999996	0.179826850300000007
5981378178	-0.126015369300000013	0.175480878700000009
5981382178	-0.1292272109	0.17670251540000001
5981386178	-0.130008573999999988	0.178914958699999987
5981390178	-0.126710316900000008	0.176890925799999987
5981394178	-0.127749594699999997	0.17817280860000001
5981398178	-0.129126873100000011	0.177541735300000003
5981402178	-0.1221517362	0.176469571699999994
5981406178	-0.127259419600000007	0.175443957799999994
5981410178	-0.126331743200000013	0.177589365700000001
5981414178	-0.121660540299999995	0.174566553000000013
5981418178	-0.115290780999999995	0.177131198099999998
5981422178	-0.122017327499999995	0.170240971699999993
5981426178	-0.122552358299999997	0.172619830599999996
5981430178	-0.119271759599999999	0.172297874500000003
5981434178	-0.116440612799999996	0.170595347300000005
5981438178	-0.116462647200000005	0.175962537400000008
5981442178	-0.120723526600000006	0.173756285399999988
5981446178	-0.115138561200000003	0.17127106789999999
5981450178	-0.113854176400000007	0.170259260100000004
5981454178	-0.113624064299999994	0.166092130700000007
5981458178	-0.1146556995	0.169578785700000012
5981462178	-0.115580693999999998	0.171780466599999987
5981466178	-0.118200934100000002	0.167024031900000008
5981470178	-0.114683398300000003	0.167014290399999987
5981474178	-0.114751209600000001	0.172390083199999988
5981478178	-0.113402273200000001	0.169941194099999998
5981482178	-0.111363595400000001	0.168568602099999992
5981486178	-0.108933073899999996	0.167518203100000013
5981490178	-0.112450428000000005	0.165287761799999988
5981494178	-0.111723324299999996	0.165002501299999993
5981498178	-0.109135216300000004	0.164483356500000011
5981502178	-0.107502805800000004	0.162690694299999994
5981506178	-0.109684272499999999	0.164857958500000013
5981510178	-0.109086229800000004	0.161217503000000012
5981514178	-0.108032465100000002	0.163008676200000008
5981518178	-0.105794341900000005	0.162115967700000002
5981522178	-0.107672195700000001	0.161053220200000013
5981526178	-0.107418023799999998	0.158862963299999993
5981530178	-0.104118225199999997	0.162651350500000014
5981534178	-0.104789461700000003	0.158115410000000012
5981538178	-0.1050585661	0.158761001099999993
5981542178	-0.106124960700000007	0.157438688500000007
5981546178	-0.104547552500000002	0.158259138999999993
5981550178	-0.104088878999999995	0.155346006300000006
5981554178	-0.102301850599999994	0.15111819600000001
5981558178	-0.106603307600000002	0.154936852699999988
5981562178	-0.100803313399999997	0.154126303999999992
5981566178	-0.107471843900000003	0.150343975099999999
5981570178	-0.100109313599999999	0.151641536999999993
5981574178	-0.1008660693	0.150400970500000009
5981578178	-0.0988212683000000008	0.150933069499999989
5981582178	-0.098929883499999996	0.149608039599999992
5981586178	-0.0989859007999999985	0.149428886499999997
5981590178	-0.103929429099999998	0.150648155700000008
5981594178	-0.100727546000000001	0.141553013199999994
5981598178	-0.105001999999999998	0.146094876900000004
5981602178	-0.104068626600000005	0.146686014499999989
5981606178	-0.102796419099999994	0.1421033139
5981610178	-0.103052327099999994	0.140815833899999993
5981614178	-0.0985195177999999977	0.141752660499999988
5981618178	-0.0985888998000000044	0.141866632399999998
5981622178	-0.101469315399999996	0.1434443678
5981626178	-0.103947967599999996	0.138918592300000004
5981630178	-0.0989626447999999992	0.136990622799999989
5981634178	-0.100771616199999997	0.137032676900000011
5981638178	-0.103147585099999994	0.139333688799999994
5981642178	-0.101610326299999998	0.133825683400000006
5981646178	-0.101969538400000004	0.136121496499999994
5981650178	-0.102092434999999995	0.132517462000000003
5981654178	-0.0997016010999999952	0.13136297999999999
5981658178	-0.102946365200000001	0.134695343500000009
5981662178	-0.102514685600000002	0.128237459599999992
5981666178	-0.103468650600000003	0.127979191699999995
5981670178	-0.0998473426999999941	0.131799582500000012
5981674178	-0.101971095100000006	0.126322661899999994
5981678178	-0.103402764800000005	0.12769746039999999
5981682178	-0.101651930599999996	0.127280953899999993
5981686178	-0.104841765000000003	0.126757724399999994
5981690178	-0.104991910399999999	0.121332710699999999
5981694178	-0.103924032599999994	0.126950097900000003
5981698178	-0.102276435799999996	0.122637474799999993
5981702178	-0.104645465699999995	0.120947775100000002
5981706178	-0.106134938299999995	0.118792253799999997
5981710178	-0.101488814799999993	0.120236013200000005
5981714178	-0.1094659246	0.117424514800000004
5981718178	-0.105603359300000005	0.117609066799999995
5981722178	-0.107367817899999995	0.120464903200000001
5981726178	-0.104912208000000007	0.111800194399999997
5981730178	-0.110850982599999995	0.1165851626
5981734178	-0.109994702400000005	0.115576805099999999
5981738178	-0.109944936399999998	0.115588119000000003
5981742178	-0.111889189400000005	0.1106145147
5981746178	-0.109260804000000003	0.115500696400000005
5981750178	-0.110879982000000002	0.111731501299999994
5981754178	-0.109409155399999999	0.111984550299999999
5981758178	-0.112248553299999998	0.1076138336
5981762178	-0.111857900999999996	0.109581290799999995
5981766178	-0.116859887600000004	0.107898870699999996
5981770178	-0.113932287399999999	0.107241003799999998
5981774178	-0.1140565365	0.109503403200000002
5981778178	-0.115994445000000002	0.106903738499999998
5981782178	-0.116265992999999998	0.106550498300000004
5981786178	-0.115858954400000005	0.106360339100000006
5981790178	-0.115688335599999997	0.102021469599999998
5981794178	-0.116146622300000002	0.1065804261
5981798178	-0.118477825999999994	0.104555087099999999
5981802178	-0.120461575799999998	0.105226703699999993
5981806178	-0.123469941299999997	0.100396392700000003
5981810178	-0.122945760500000001	0.102561118300000004
5981814178	-0.121163740399999997	0.103927974399999998
5981818178	-0.122719740100000002	0.104278499199999999
5981822178	-0.121723338700000003	0.099226279099999995
5981826178	-0.127618948600000004	0.0995541110000000007
5981830178	-0.124010887599999994	0.0964732115000000029
5981834178	-0.125297823800000013	0.0996167762000000068
5981838178	-0.126502517799999992	0.101147891700000006
5981842178	-0.122554299399999997	0.101742209200000003
5981846178	-0.128263599300000003	0.100158224700000006
5981850178	-0.131608288200000006	0.0977207311999999939
5981854178	-0.131474920200000012	0.0965449854000000052
5981858178	-0.133612980699999995	0.102395061999999995
5981862178	-0.133505191200000012	0.0978722925999999938
5981866178	-0.136222671699999992	0.096797173799999997
5981870178	-0.13745891830000001	0.0976218251000000037
5981874178	-0.135381646999999994	0.0955850852999999973
5981878178	-0.137475892200000005	0.0983486699999999991
5981882178	-0.139049346900000009	0.100193682300000003
5981886178	-0.136852618799999992	0.0985653811000000019
5981890178	-0.1414047108	0.0978065290000000032
5981894178	-0.141361591700000011	0.0971411370999999968
5981898178	-0.14350822290000001	0.0989004153999999969
5981902178	-0.140200195899999991	0.0973744990999999976
5981906178	-0.14657923149999999	0.0939079686000000025
5981910178	-0.149041297500000003	0.0982119743000000045
5981914178	-0.146649812299999988	0.095566979199999999
5981918178	-0.14544288259999999	0.0969416894999999973
5981922178	-0.146509003800000009	0.0987627699999999997
5981926178	-0.153304161999999994	0.100597228499999997
5981930178	-0.146040723399999989	0.0974297942999999972
5981934178	-0.146553141100000006	0.0995386295999999976
5981938178	-0.151748661499999993	0.0964830691999999934
5981942178	-0.150806863600000007	0.102073141399999998
5981946178	-0.152862014600000012	0.104715750400000002
5981950178	-0.157623731999999989	0.0989779291999999949
5981954178	-0.155942177099999996	0.101921734299999997
5981958178	-0.158140924999999988	0.0974564443999999946
5981962178	-0.151939752499999997	0.0993502524999999997
5981966178	-0.157682530600000009	0.102289978200000006
5981970178	-0.160339482799999988	0.103764437200000004
5981974178	-0.156968444000000013	0.100583900700000006
5981978178	-0.160566450400000005	0.0985586222999999956
5981982178	-0.160177163000000011	0.101712505800000005
5981986178	-0.162795360899999991	0.104789032500000004
5981990178	-0.163148017000000006	0.101379492500000001
5981994178	-0.162695210000000007	0.104512960899999993
5981998178	-0.162478385599999997	0.104407420900000006
5982002178	-0.166892060399999986	0.104332675700000002
5982006178	-0.166675693799999997	0.104342876000000001
5982010178	-0.168359763100000004	0.103740966200000007
5982014178	-0.167994487800000009	0.110104361299999995
5982018178	-0.170977159399999995	0.105454767300000002
5982022178	-0.165156362100000009	0.103027579699999997
5982026178	-0.170755361599999989	0.107191712600000003
5982030178	-0.170444064300000003	0.105424637200000004
5982034178	-0.170978399800000014	0.110701031000000005
5982038178	-0.170322955199999987	0.108232568400000007
5982042178	-0.169258608199999994	0.108547464799999993
5982046178	-0.170407069800000005	0.112733794400000004
5982050178	-0.172852199900000003	0.112366863999999997
5982054178	-0.174091859200000004	0.115055370200000007
5982058178	-0.174891810700000011	0.113624580099999997
5982062178	-0.176424657099999993	0.110596846999999998
5982066178	-0.176251357800000008	0.111337504800000001
5982070178	-0.175377290800000002	0.113509205599999996
5982074178	-0.172362344400000006	0.117522526700000005
5982078178	-0.179062871900000004	0.114341325999999993
5982082178	-0.175904116299999996	0.114583587299999998
5982086178	-0.17648125340000001	0.116549717999999997
5982090178	-0.175347594800000006	0.117817232499999994
5982094178	-0.180015244099999999	0.116700437800000001
5982098178	-0.17544642290000001	0.118605045500000006
5982102178	-0.180069514300000011	0.118648224900000002
5982106178	-0.17885859770000001	0.119335898699999998
5982110178	-0.179494822400000004	0.122440969100000005
5982114178	-0.181911312200000008	0.119417672399999994
5982118178	-0.1766098324	0.124126761500000002
5982122178	-0.182372791499999992	0.123003028700000003
5982126178	-0.181376604800000008	0.122802496400000002
5982130178	-0.184659182700000007	0.124673413600000005
5982134178	-0.180996308800000005	0.127462454100000011
5982138178	-0.182127151600000009	0.123931498200000004
5982142178	-0.180702492800000003	0.12755245870000001
5982146178	-0.18069097919999999	0.12516338099999999
5982150178	-0.180391375800000003	0.127362917599999986
5982154178	-0.183165693800000001	0.127794770800000013
5982158178	-0.180604160900000005	0.130868472200000002
5982162178	-0.182134655899999998	0.127584272599999993
5982166178	-0.18615197280000001	0.130133060500000008
5982170178	-0.182222717499999992	0.125766142800000008
5982174178	-0.183060240200000002	0.132017957699999994
5982178178	-0.185199494299999989	0.124202091900000006
5982182178	-0.183119483500000013	0.131387534100000009
5982186178	-0.187999854800000005	0.135038836200000012
5982190178	-0.185512470499999998	0.132733451700000005
5982194178	-0.182874389400000004	0.13298550449999999
5982198178	-0.183726002400000005	0.133938782099999987
5982202178	-0.184344404099999998	0.136068377299999987
5982206178	-0.184523389199999999	0.136832028200000011
5982210178	-0.183361702600000009	0.138760276099999996
5982214178	-0.186795966799999991	0.136358167100000011
5982218178	-0.187856968799999996	0.139730899600000014
5982222178	-0.183572633699999987	0.137856203099999991
5982226178	-0.18738320650000001	0.140600825200000001
5982230178	-0.183452019599999988	0.139389020899999994
5982234178	-0.186888225500000005	0.13748555970000001
5982238178	-0.187225365100000013	0.140730571999999998
5982242178	-0.187723743700000001	0.140827399500000006
5982246178	-0.186780259899999995	0.144903289299999988
5982250178	-0.189020783999999997	0.143171495399999987
5982254178	-0.18632536059999999	0.143214706299999994
5982258178	-0.187585227699999996	0.146375645599999993
5982262178	-0.188975665500000001	0.146841158100000008
5982266178	-0.187285836399999989	0.146084298499999987
5982270178	-0.188343530700000011	0.145089994899999991
5982274178	-0.185972087600000002	0.144895436200000005
5982278178	-0.186469291000000009	0.149165042999999997
5982282178	-0.190404977800000014	0.149322446999999997
5982286178	-0.189505598500000011	0.150781265100000006
5982290178	-0.192362910500000012	0.147416407599999993
5982294178	-0.189312185500000008	0.152112158500000011
5982298178	-0.184935327300000008	0.149539758100000003
5982302178	-0.188450567099999994	0.146995830500000008
5982306178	-0.182923942400000011	0.150343465900000001
5982310178	-0.186519129000000006	0.15438425959999999
5982314178	-0.186363427199999987	0.15351535329999999
5982318178	-0.188887056899999989	0.153009670099999995
5982322178	-0.187679716400000002	0.153648103000000008
5982326178	-0.18777929430000001	0.156270838699999998
5982330178	-0.185654452500000011	0.15705169690000001
5982334178	-0.189921376199999992	0.154438678899999987
5982338178	-0.186646457300000013	0.156012972400000005
5982342178	-0.191031611299999987	0.1545977043
5982346178	-0.185142117599999989	0.158325032899999996
5982350178	-0.18587411370000001	0.156972174599999986
5982354178	-0.185866846800000013	0.159660161999999994
5982358178	-0.187086146799999992	0.15605851409999999
5982362178	-0.185199725399999987	0.159793349400000007
5982366178	-0.184897156700000009	0.159174586300000004
5982370178	-0.1882520533	0.159998889400000011
5982374178	-0.186668321299999995	0.164007648099999986
5982378178	-0.182193839299999993	0.161499313899999997
5982382178	-0.188482075299999996	0.163338391400000005
5982386178	-0.185772998599999989	0.164537682500000004
5982390178	-0.18983945390000001	0.161972499299999989
5982394178	-0.18357945040000001	0.163622933599999992
5982398178	-0.186295184700000005	0.165100244400000012
5982402178	-0.18927339700000001	0.162657853699999994
5982406178	-0.184702913100000005	0.162756016400000009
5982410178	-0.183556540500000004	0.164850447300000008
5982414178	-0.186807817200000004	0.166717824900000006
5982418178	-0.183947276100000001	0.168982671499999987
5982422178	-0.186042140299999992	0.165391608899999987
5982426178	-0.187103153500000008	0.171508734200000013
5982430178	-0.185969283099999994	0.169148371200000008
5982434178	-0.183715452599999995	0.168653592800000002
5982438178	-0.185869172299999996	0.171015323599999991
5982442178	-0.182962229400000009	0.169169848300000009
5982446178	-0.184687570800000006	0.173582408299999991
5982450178	-0.186890517199999995	0.168385058400000009
5982454178	-0.181966028599999996	0.168707949200000012
5982458178	-0.184243055999999988	0.173690393999999998
5982462178	-0.181254146499999991	0.169820874300000008
5982466178	-0.182176269899999993	0.173438563800000001
5982470178	-0.182399975699999994	0.174818400499999999
5982474178	-0.182989629200000004	0.173173201400000004
5982478178	-0.183166619599999997	0.175985793499999987
5982482178	-0.180321929200000008	0.170822100599999999
5982486178	-0.181346382199999989	0.176630430000000005
5982490178	-0.182707874999999992	0.176205954199999987
5982494178	-0.180845572399999988	0.17624115709999999
5982498178	-0.183219842800000005	0.17291402580000001
5982502178	-0.180127897199999998	0.177009555099999993
5982506178	-0.182959401999999993	0.180056612599999999
5982510178	-0.178499066799999995	0.179539209000000005
5982514178	-0.179612169200000005	0.178528538900000006
5982518178	-0.183172894199999992	0.177309904800000001
5982522178	-0.18103324409999999	0.178437200800000001
5982526178	-0.181340119999999994	0.17875546149999999
5982530178	-0.179381841099999995	0.180297522799999999
5982534178	-0.179049887699999993	0.180388463299999996
5982538178	-0.182926759900000013	0.179493508999999996
5982542178	-0.181665481099999998	0.179934143099999999
5982546178	-0.181581170300000011	0.182240441199999992
5982550178	-0.180491125899999993	0.184178605299999992
5982554178	-0.185417070399999995	0.185252098899999995
5982558178	-0.180619692100000007	0.181467393700000007
5982562178	-0.181526051900000013	0.185335976900000005
5982566178	-0.178289906400000003	0.18151657639999999
5982570178	-0.178863025600000003	0.183144932099999991
5982574178	-0.175960272599999995	0.186121418399999988
5982578178	-0.175941814499999988	0.187194179699999991
5982582178	-0.179981122999999993	0.184109861000000014
5982586178	-0.178736749499999986	0.185092514300000011
5982590178	-0.175430416099999986	0.187550394300000006
5982594178	-0.175783737699999998	0.186343121299999998
5982598178	-0.17649703080000001	0.18748754070000001
5982602178	-0.175697904099999996	0.191134096799999986
5982606178	-0.176972541700000013	0.187569590099999989
5982610178	-0.174418118600000005	0.191713450000000007
5982614178	-0.177769082200000011	0.191007829399999995
5982618178	-0.176250104600000013	0.186670174500000008
5982622178	-0.174034200100000008	0.191056063899999989
5982626178	-0.176065124099999998	0.189140533999999999
5982630178	-0.173786483200000008	0.189342921400000003
5982634178	-0.173576986699999991	0.191307259199999996
5982638178	-0.175347951899999993	0.1889321219
5982642178	-0.17480091310000001	0.190443182699999991
5982646178	-0.17205500700000001	0.193999656100000001
5982650178	-0.169334678399999994	0.193179078400000009
5982654178	-0.174602536199999991	0.19332708609999999
5982658178	-0.175548667299999989	0.191550445000000014
5982662178	-0.172510947800000009	0.195525054700000006
5982666178	-0.175573450699999994	0.194069238300000002
5982670178	-0.174659283700000001	0.194892733200000001
5982674178	-0.172285182099999989	0.195569763000000008
5982678178	-0.170954246400000009	0.193559123899999991
5982682178	-0.170532581999999988	0.19463267649999999
5982686178	-0.170760092299999999	0.198579301200000002
5982690178	-0.1720197423	0.193700956300000005
5982694178	-0.174140788299999988	0.200054984399999997
5982698178	-0.1709819219	0.195396365799999999
5982702178	-0.169729614800000012	0.196888909000000001
5982706178	-0.170378168400000002	0.198672627099999999
5982710178	-0.168615613500000011	0.200558464299999989
5982714178	-0.168498231299999995	0.194914208499999991
5982718178	-0.166658404300000007	0.199999149999999987
5982722178	-0.169536154500000008	0.197942524099999989
5982726178	-0.169988111599999991	0.198882295399999992
5982730178	-0.168445697499999991	0.200081339999999996
5982734178	-0.170485161100000004	0.199215137099999995
5982738178	-0.163364899499999994	0.200621621999999999
5982742178	-0.166809238800000009	0.200659934300000009
5982746178	-0.167841927899999993	0.204206534500000009
5982750178	-0.167916566500000003	0.198698845099999993
5982754178	-0.168743381999999997	0.2022288109
5982758178	-0.166623393099999989	0.203408629099999988
5982762178	-0.169383220299999998	0.204293883499999995
5982766178	-0.165065520800000004	0.201531308699999995
5982770178	-0.168683911800000003	0.206464551400000002
5982774178	-0.169232239499999992	0.202685394800000002
5982778178	-0.164155713399999986	0.205278878199999987
5982782178	-0.165355812099999999	0.202151801200000009
5982786178	-0.165814837399999998	0.205197217399999993
5982790178	-0.161752956700000006	0.202613915700000008
5982794178	-0.166800115800000009	0.205011891499999988
5982798178	-0.164265910500000001	0.2039417808
5982802178	-0.163031786099999992	0.202134209199999998
5982806178	-0.16416056779999999	0.205499638099999993
5982810178	-0.162326949100000006	0.206442871899999991
5982814178	-0.166116498400000007	0.2083190127
5982818178	-0.161995932600000003	0.209416150800000006
5982822178	-0.165856075600000014	0.209302523500000004
5982826178	-0.167802909500000014	0.209132076299999997
5982830178	-0.163522348600000006	0.208813027200000001
5982834178	-0.16285679950000001	0.209035532800000007
5982838178	-0.161760416500000004	0.20669301000000001
5982842178	-0.15977844699999999	0.209545759400000003
5982846178	-0.162592102099999997	0.207167211399999995
5982850178	-0.160880026000000009	0.210610733100000003
5982854178	-0.16113465930000001	0.212664911499999998
5982858178	-0.157324231600000003	0.210921546399999993
5982862178	-0.161772920099999995	0.208068572899999998
5982866178	-0.159878063300000012	0.213096403699999992
5982870178	-0.162788868799999986	0.210281025600000004
5982874178	-0.161268654000000011	0.208966068199999994
5982878178	-0.160916603299999988	0.20874224420000001
5982882178	-0.156939871499999994	0.211507062200000012
5982886178	-0.160144650400000005	0.212855035100000006
5982890178	-0.160445825200000003	0.211996754799999992
5982894178	-0.160474069299999994	0.212187661
5982898178	-0.160147929999999994	0.212030796699999996
5982902178	-0.156224976399999993	0.213312174999999993
5982906178	-0.157981554999999996	0.2124088804
5982910178	-0.155447255700000009	0.211606688500000001
5982914178	-0.158392612300000013	0.213921005599999992
5982918178	-0.155420925399999993	0.20848136510000001
5982922178	-0.158869303900000008	0.214019705199999993
5982926178	-0.154103980499999987	0.212214909099999988
5982930178	-0.157205535499999993	0.215479930699999989
5982934178	-0.159420168499999987	0.213255859299999989
5982938178	-0.154420281100000001	0.217441235799999993
5982942178	-0.153648824999999989	0.217780486200000012
5982946178	-0.152642369100000008	0.215978294300000012
5982950178	-0.151058142000000006	0.218704509699999994
5982954178	-0.154610050500000012	0.21388806769999999
5982958178	-0.155366938700000012	0.216573014899999999
5982962178	-0.15519666909999999	0.215760949300000004
5982966178	-0.154833663399999988	0.214507475899999994
5982970178	-0.151140748699999994	0.21795258540000001
5982974178	-0.150273749300000009	0.216829113500000004
5982978178	-0.150362465400000006	0.215911068499999997
5982982178	-0.151921032099999992	0.218743988599999994
5982986178	-0.154367420899999996	0.219956893300000011
5982990178	-0.152052287300000005	0.2174440178
5982994178	-0.153031122500000005	0.218773041499999987
5982998178	-0.151285735000000005	0.222267887400000003
5983002178	-0.14963823209999999	0.216306084399999987
5983006178	-0.151060884300000003	0.21931190619999999
5983010178	-0.149218207800000002	0.219034304399999991
5983014178	-0.145383665299999992	0.220546575599999989
5983018178	-0.150040850499999989	0.218296146599999991
5983022178	-0.149072094300000013	0.218714796999999989
5983026178	-0.14875966069999999	0.222856390799999998
5983030178	-0.150328320200000004	0.218240584500000001
5983034178	-0.151314325599999994	0.225642647299999999
5983038178	-0.14983115990000001	0.22572976580000001
5983042178	-0.14868479879999999	0.224729986900000012
5983046178	-0.146422354799999987	0.219887075999999987
5983050178	-0.142217679699999988	0.226664816999999991
5983054178	-0.147985637899999994	0.221841179199999988
5983058178	-0.145969893200000006	0.225270840299999997
5983062178	-0.144944166699999988	0.223014152800000004
5983066178	-0.151483344699999994	0.2209578606
5983070178	-0.147022425099999993	0.226740074600000008
5983074178	-0.145255543300000012	0.220394527300000004
5983078178	-0.148983249600000006	0.220127951300000013
5983082178	-0.145407704700000001	0.2236945303
5983086178	-0.148106309399999997	0.228240805600000013
5983090178	-0.144340107599999989	0.221675349100000002
5983094178	-0.148173649099999999	0.22471400359999999
5983098178	-0.146225650600000007	0.224544629699999998
5983102178	-0.141728005900000009	0.224135627199999993
5983106178	-0.142968773599999988	0.226672077899999991
5983110178	-0.145710598800000007	0.224194309600000002
5983114178	-0.145093093899999998	0.227547131600000008
5983118178	-0.143939056700000012	0.22640853829999999
5983122178	-0.137875206299999997	0.224581526599999998
5983126178	-0.143179752500000007	0.226093853799999994
5983130178	-0.143775345999999998	0.229435495500000003
5983134178	-0.142742098300000009	0.227107444399999997
5983138178	-0.139741718399999992	0.225789000900000009
5983142178	-0.139689960400000007	0.227081791599999999
5983146178	-0.142074874399999995	0.227155278699999991
5983150178	-0.139480280499999998	0.229117360800000003
5983154178	-0.141783496600000003	0.228401706799999993
5983158178	-0.138380809399999999	0.231381069200000011
5983162178	-0.140370149999999999	0.229900037499999987
5983166178	-0.135857179200000011	0.230474978599999991
5983170178	-0.13985788360000001	0.227608261300000003
5983174178	-0.141251825899999989	0.228982191700000004
5983178178	-0.137598962200000008	0.227946292800000005
5983182178	-0.137820359799999986	0.232033071899999999
5983186178	-0.139046683700000007	0.230824455799999995
5983190178	-0.138830346699999996	0.229296393500000001
5983194178	-0.137209984199999996	0.230985461800000014
5983198178	-0.135840367500000003	0.228894425000000012
5983202178	-0.135005918700000005	0.225988628500000011
5983206178	-0.136407739500000014	0.232056177499999988
5983210178	-0.136048278699999997	0.232175906900000006
5983214178	-0.138768499900000009	0.2308707126
5983218178	-0.133229341899999992	0.229050053199999992
5983222178	-0.138953998100000004	0.230468017999999997
5983226178	-0.138042956500000008	0.230096873600000001
5983230178	-0.139034986299999996	0.233257064200000003
5983234178	-0.13729215119999999	0.232469946199999999
5983238178	-0.134181050800000007	0.233441247299999988
5983242178	-0.133920548499999986	0.2349729334
5983246178	-0.133449065899999997	0.235036484399999995
5983250178	-0.134818608199999995	0.234496544499999987
5983254178	-0.131927579999999989	0.23406725980000001
5983258178	-0.13463742749999999	0.236458230500000005
5983262178	-0.133236415899999988	0.230101547900000009
5983266178	-0.131120750600000002	0.233820206899999994
5983270178	-0.135020951800000011	0.233428986700000007
5983274178	-0.131631240300000008	0.236146445600000005
5983278178	-0.129723917999999994	0.236665913300000003
5983282178	-0.131742602200000003	0.238238183200000009
5983286178	-0.127679921400000007	0.234041960599999987
5983290178	-0.129176860799999987	0.23520013179999999
5983294178	-0.129212019099999992	0.233556471200000004
5983298178	-0.131201884099999999	0.239184758599999991
5983302178	-0.129248925399999992	0.23875757789999999
5983306178	-0.128357051899999991	0.237549742300000005
5983310178	-0.129446926699999992	0.235539056899999988
5983314178	-0.129897627399999993	0.2362582758
5983318178	-0.128605101999999999	0.236052480799999992
5983322178	-0.130048769600000003	0.234759121300000012
5983326178	-0.12800560720000001	0.242353243899999987
5983330178	-0.125928991299999987	0.238632831900000009
5983334178	-0.124132565700000003	0.234166628799999998
5983338178	-0.126912954800000005	0.237708694299999995
5983342178	-0.124550378899999994	0.238943491600000002
5983346178	-0.124481064000000002	0.234419186499999987
5983350178	-0.124935034900000005	0.238307466299999993
5983354178	-0.127758778900000008	0.23698776399999999
5983358178	-0.126456747499999994	0.237343043700000006
5983362178	-0.126044195199999987	0.23958800059999999
5983366178	-0.125975042499999995	0.236865392000000008
5983370178	-0.126672482400000008	0.236528395000000002
5983374178	-0.122579835499999998	0.241219308100000002
5983378178	-0.124146489700000001	0.241665319999999989
5983382178	-0.121642615100000004	0.238722028100000011
5983386178	-0.1228925394	0.238410201399999994
5983390178	-0.124812677100000005	0.240222466800000006
5983394178	-0.123617804999999997	0.240131625999999987
5983398178	-0.125109684800000009	0.242084054900000012
5983402178	-0.121821125700000005	0.242733702200000012
5983406178	-0.122824133500000002	0.241986668500000002
5983410178	-0.120992452200000003	0.243594027800000001
5983414178	-0.123139363399999993	0.237663067099999986
5983418178	-0.121641467599999997	0.239384294800000008
5983422178	-0.120591873200000005	0.242858329399999989
5983426178	-0.121726107299999997	0.242610201999999997
5983430178	-0.119370741799999999	0.240338936199999992
5983434178	-0.117392107699999998	0.24007470119999999
5983438178	-0.121348864299999998	0.243152754400000004
5983442178	-0.118422694100000003	0.243558287300000009
5983446178	-0.119598189999999993	0.241926605900000008
5983450178	-0.119243510600000005	0.243459486499999989
5983454178	-0.119558749300000003	0.246894747599999992
5983458178	-0.119433967299999999	0.240709251000000013
5983462178	-0.117637909099999993	0.244308243000000008
5983466178	-0.114031333700000001	0.243524907099999993
5983470178	-0.115207850200000003	0.244611620899999993
5983474178	-0.114916208399999997	0.245085704900000007
5983478178	-0.119998475600000001	0.241764352999999987
5983482178	-0.117991610799999994	0.243982569300000007
5983486178	-0.114140765500000005	0.240769411099999997
5983490178	-0.114834271799999998	0.24745955280000001
5983494178	-0.118229649000000006	0.244718790800000002
5983498178	-0.115298605299999996	0.247090016699999998
5983502178	-0.112255918400000002	0.246421957899999988
5983506178	-0.115655130199999998	0.242744865000000004
5983510178	-0.114824875300000004	0.243675821300000012
5983514178	-0.115153391199999997	0.243095314899999998
5983518178	-0.111948940400000002	0.246435150999999991
5983522178	-0.117510943600000001	0.246648348399999995
5983526178	-0.112858646199999996	0.243323083200000012
5983530178	-0.114252357999999998	0.244159220799999993
5983534178	-0.111576261100000004	0.244918115500000005
5983538178	-0.112178488100000001	0.247085972399999992
5983542178	-0.111533155999999994	0.244787966999999995
5983546178	-0.113860726100000004	0.2468500904
5983550178	-0.110764316000000002	0.246815110599999998
5983554178	-0.112483698600000001	0.246530920799999997
5983558178	-0.108804440500000002	0.24772807790000001
5983562178	-0.108646499300000005	0.245077422900000008
5983566178	-0.1116236793	0.247341635100000012
5983570178	-0.107943970400000006	0.246748667199999994
5983574178	-0.111169826999999999	0.245284128399999996
5983578178	-0.110031716700000004	0.248833812799999998
5983582178	-0.106297100899999997	0.248498888700000004
5983586178	-0.106892156099999996	0.247902800499999992
5983590178	-0.108002345999999999	0.247625671999999991
5983594178	-0.110889738299999999	0.248016525999999987
5983598178	-0.107354145400000003	0.249760634600000003
5983602178	-0.108300350500000003	0.250661774100000012
5983606178	-0.104382346200000004	0.251553093900000024
5983610178	-0.106373652099999993	0.250410762600000003
5983614178	-0.108935908999999997	0.250326460699999975
5983618178	-0.105890084800000006	0.250283982199999977
5983622178	-0.107787884700000003	0.250680933599999989
5983626178	-0.102894131700000002	0.248863049000000003
5983630178	-0.106920015399999999	0.252186753699999988
5983634178	-0.106233436900000006	0.249486193599999989
5983638178	-0.106460203099999998	0.250609643699999995
5983642178	-0.105913833700000001	0.25238415580000001
5983646178	-0.103626897499999995	0.252657546000000011
5983650178	-0.106504589499999996	0.251105371600000016
5983654178	-0.102750655600000004	0.246953084500000003
5983658178	-0.101320133100000001	0.247951726600000005
5983662178	-0.102259858999999995	0.253048710100000018
5983666178	-0.0998482279000000028	0.252199356099999994
5983670178	-0.101890259799999994	0.250352583899999981
5983674178	-0.101840401699999999	0.250157249999999998
5983678178	-0.101632081099999994	0.25252680890000001
5983682178	-0.102257689099999993	0.250580264499999983
5983686178	-0.1008407848	0.247728281299999992
5983690178	-0.103104748299999993	0.251876066499999995
5983694178	-0.0999241317000000018	0.252768035200000019
5983698178	-0.101697447299999993	0.253420999799999991
5983702178	-0.0994042673000000016	0.253472283399999998
5983706178	-0.103037866699999994	0.252784910400000007
5983710178	-0.0996582196000000003	0.252101964899999975
5983714178	-0.0997067949000000064	0.254181014900000002
5983718178	-0.101777711800000004	0.249386595500000002
5983722178	-0.0981596052999999941	0.251312821299999989
5983726178	-0.0980427475999999937	0.253221943599999999
5983730178	-0.0975555349999999988	0.254474228199999986
5983734178	-0.1000775104	0.251332566699999982
5983738178	-0.099367206099999994	0.255473155999999979
5983742178	-0.0986369257000000027	0.253975982900000008
5983746178	-0.0915443157999999979	0.255564770699999999
5983750178	-0.0956332639999999956	0.253622620600000015
5983754178	-0.0957134629999999986	0.253572834099999977
5983758178	-0.0950977219999999956	0.254531115699999977
5983762178	-0.0959797757000000057	0.254704669800000005
5983766178	-0.0929438370000000014	0.256176830999999994
5983770178	-0.095069390700000006	0.255140073899999986
5983774178	-0.0928723721999999974	0.256641443899999988
5983778178	-0.0893777543000000008	0.257259487399999986
5983782178	-0.0918129097999999949	0.259033287300000026
5983786178	-0.0955477765999999951	0.254090412200000004
5983790178	-0.0913014646000000069	0.251686346100000014
5983794178	-0.0941830438000000048	0.253872480499999997
5983798178	-0.093006751400000004	0.253744270200000011
5983802178	-0.0929746335000000007	0.258319049099999976
5983806178	-0.0927475690999999963	0.254628592599999981
