# freq, I e Q
4394803800	-0.0400866227999999991	0.0762622842999999967
4394805800	-0.0354598688000000023	0.0813626258999999991
4394807800	-0.0386808033999999981	0.079054051799999997
4394809800	-0.0385269835000000005	0.0781045811000000006
4394811800	-0.0345162046000000028	0.0798914349000000024
4394813800	-0.0420544959999999968	0.0792904506000000064
4394815800	-0.0376810675999999997	0.0779659359000000052
4394817800	-0.0366042043999999997	0.0783639700999999994
4394819800	-0.0372478508000000028	0.0767571925000000016
4394821800	-0.0352195076999999995	0.0789676099999999936
4394823800	-0.0374309858999999981	0.0782686261000000022
4394825800	-0.0399745840000000005	0.0781519623000000024
4394827800	-0.0371751625999999988	0.0800654261999999978
4394829800	-0.0379111495999999992	0.0776853876000000027
4394831800	-0.0354946792999999983	0.0809293593999999977
4394833800	-0.0372294620999999992	0.0806046232000000029
4394835800	-0.0389776698999999976	0.0775336845000000052
4394837800	-0.0368149031999999987	0.0767627906000000054
4394839800	-0.0335291591999999986	0.0796906153000000034
4394841800	-0.0342013373999999967	0.0766532451999999975
4394843800	-0.0366869314999999988	0.0795514103
4394845800	-0.0353996500999999991	0.0748656372999999958
4394847800	-0.035943807799999998	0.0772497545999999979
4394849800	-0.0347245009999999979	0.0779732726000000043
4394851800	-0.0362669877999999973	0.0824460904999999994
4394853800	-0.0370180479000000034	0.0803784491999999934
4394855800	-0.036034573200000003	0.0795471927000000051
4394857800	-0.0342706809000000029	0.0774363366999999969
4394859800	-0.0388022598000000024	0.0792258470999999964
4394861800	-0.0359641140999999998	0.0783140301999999955
4394863800	-0.0375977322999999988	0.0774482932000000041
4394865800	-0.0333358673999999966	0.0787086515999999986
4394867800	-0.0341458175000000017	0.0819035027999999998
4394869800	-0.0338147930000000027	0.0792487127999999957
4394871800	-0.0323812404999999984	0.0771769790000000067
4394873800	-0.0325550407999999972	0.0801576717000000022
4394875800	-0.0374408504999999975	0.0749654414999999935
4394877800	-0.0381177789999999975	0.0781856848000000021
4394879800	-0.0338291119000000001	0.0810044193000000051
4394881800	-0.0331105320999999994	0.0816831912000000049
4394883800	-0.0359381647999999984	0.0819904355000000001
4394885800	-0.034418391999999999	0.0820954197000000052
4394887800	-0.0334297364	0.0803307364999999995
4394889800	-0.0362157198999999985	0.0793715868999999991
4394891800	-0.0337713848999999997	0.0793990767999999958
4394893800	-0.0346758719000000021	0.0836929648999999998
4394895800	-0.0356997563999999976	0.0793312438000000064
4394897800	-0.034294749200000002	0.0794265819000000012
4394899800	-0.0349323968000000012	0.0820928915999999953
4394901800	-0.0353522660000000002	0.0806083085000000032
4394903800	-0.0330317949000000013	0.0776238565999999991
4394905800	-0.0345466296000000034	0.0770075184000000024
4394907800	-0.0332799655000000014	0.0775475193000000063
4394909800	-0.0317918593000000027	0.0820496973999999962
4394911800	-0.0341610335000000001	0.0847259300999999992
4394913800	-0.0324766063999999965	0.0825615650999999978
4394915800	-0.0313230976999999966	0.0776846776000000017
4394917800	-0.0342515317999999985	0.0785104754000000016
4394919800	-0.0355161458999999971	0.0802929597999999939
4394921800	-0.0329536307000000001	0.0791026860999999998
4394923800	-0.0318411597999999976	0.0781366732000000064
4394925800	-0.0365356625999999976	0.0833176780000000061
4394927800	-0.0342443721999999978	0.0816497434999999966
4394929800	-0.0337304858000000013	0.079427246600000001
4394931800	-0.0324789257000000012	0.080551816200000001
4394933800	-0.0363921171999999973	0.0797786375999999936
4394935800	-0.0316420775999999987	0.0772370470999999975
4394937800	-0.0325648778999999972	0.0789779892999999955
4394939800	-0.0333938626999999988	0.0817819709000000006
4394941800	-0.0366426403000000012	0.0798878734000000035
4394943800	-0.0337965447000000002	0.0786628892999999968
4394945800	-0.0337608262999999978	0.081247689299999995
4394947800	-0.0344180898000000027	0.0794761261000000024
4394949800	-0.0336057905999999976	0.0799787500999999956
4394951800	-0.0305296188000000017	0.0786488161000000047
4394953800	-0.0344113631000000017	0.0804350729000000014
4394955800	-0.0308131081000000001	0.0797390040000000022
4394957800	-0.0309978992000000016	0.080637871599999994
4394959800	-0.0335486056000000032	0.0818879844000000023
4394961800	-0.0325902668000000034	0.0791060809999999948
4394963800	-0.0282236793999999999	0.0828300052000000009
4394965800	-0.0298675841999999983	0.0807316133999999991
4394967800	-0.0325508659999999977	0.0796408668000000014
4394969800	-0.0282590646999999993	0.0771537630999999946
4394971800	-0.033126581799999999	0.0814089555999999992
4394973800	-0.0306755842000000015	0.0831802036999999966
4394975800	-0.0303645532000000017	0.0787631018999999932
4394977800	-0.0304648749999999989	0.0792919554000000026
4394979800	-0.0321989438999999988	0.0804936291999999998
4394981800	-0.0329969887000000003	0.078839206300000006
4394983800	-0.0313454109000000022	0.0803559442000000013
4394985800	-0.035635734199999998	0.084347009099999995
4394987800	-0.0292641320000000017	0.0802192285000000033
4394989800	-0.0319438746999999995	0.0807606780999999968
4394991800	-0.0289340507999999996	0.0798351251000000012
4394993800	-0.0293310841000000017	0.0812672720999999959
4394995800	-0.0327204348000000034	0.0819986731999999968
4394997800	-0.0312829532999999993	0.0798254941999999995
4394999800	-0.0328478502000000006	0.079519321300000001
4395001800	-0.0256906951999999987	0.0794824945000000005
4395003800	-0.0347084246000000027	0.0823051922999999963
4395005800	-0.027892998799999999	0.0802154218000000058
4395007800	-0.0289299704000000012	0.0786682570000000053
4395009800	-0.0304343780000000015	0.0783250523999999976
4395011800	-0.0309930674999999989	0.0836476787999999999
4395013800	-0.0336828485000000011	0.0798776211000000042
4395015800	-0.0308200892000000011	0.0836250025000000036
4395017800	-0.0295296877999999992	0.0818974575000000066
4395019800	-0.0299239898999999997	0.0807261316000000007
4395021800	-0.0292714142999999996	0.0836198135999999953
4395023800	-0.0323423223999999981	0.0832980990000000004
4395025800	-0.0313014309000000032	0.0821450806000000033
4395027800	-0.0318668223	0.0822226149999999989
4395029800	-0.0300651897999999994	0.0807303228999999983
4395031800	-0.0279573216999999992	0.0815831263000000029
4395033800	-0.0335187498999999986	0.0785257278000000003
4395035800	-0.0276625838999999991	0.0794218609999999964
4395037800	-0.0310119485999999986	0.0803870071000000047
4395039800	-0.0309026818999999994	0.0812343551000000025
4395041800	-0.0314503434999999984	0.082209847399999994
4395043800	-0.0302185191000000006	0.0809915506000000035
4395045800	-0.029864486400000001	0.0809604123000000064
4395047800	-0.0255082247999999998	0.0788434031999999951
4395049800	-0.0280849882000000009	0.0778420212
4395051800	-0.0286810735000000011	0.0798196535999999984
4395053800	-0.0289123049000000014	0.082573450399999998
4395055800	-0.0298573609999999989	0.0840918107000000054
4395057800	-0.0276211706000000015	0.0838855401000000028
4395059800	-0.0292260392999999993	0.0804780112000000047
4395061800	-0.0306225084999999994	0.0785157375999999962
4395063800	-0.0306582380000000009	0.0815056722000000039
4395065800	-0.0283821861999999994	0.0827593471000000053
4395067800	-0.0273278108000000013	0.0804549863999999976
4395069800	-0.0286281658000000008	0.0799129051999999951
4395071800	-0.0301443290999999988	0.0802362263000000048
4395073800	-0.0261233137000000011	0.0821669433999999976
4395075800	-0.0301706240000000001	0.0824792507000000064
4395077800	-0.0297004338999999999	0.0798619267000000022
4395079800	-0.0282086640999999992	0.0818285247999999965
4395081800	-0.0322979253000000022	0.0822577260000000032
4395083800	-0.0280503767999999987	0.0850505582999999954
4395085800	-0.0320187456999999967	0.0815698990999999957
4395087800	-0.0300604655999999991	0.0812951771000000045
4395089800	-0.0281144156000000013	0.0835904813999999996
4395091800	-0.0279614351000000011	0.080943920399999994
4395093800	-0.024339848800000001	0.0810787495999999996
4395095800	-0.0277316317999999999	0.0786139997000000063
4395097800	-0.0215268667000000011	0.0816454972999999945
4395099800	-0.0291077437999999987	0.0806259537000000026
4395101800	-0.0275934099999999988	0.085424402999999996
4395103800	-0.0331194375000000013	0.0825375614000000007
4395105800	-0.0271133629000000001	0.0847424952999999981
4395107800	-0.0297948742000000016	0.0785927077999999946
4395109800	-0.0287637138000000001	0.0826912256000000012
4395111800	-0.0263585014999999992	0.0825543024000000014
4395113800	-0.0306269036000000015	0.0828904646999999994
4395115800	-0.0281202629999999995	0.0809375702999999974
4395117800	-0.0277138087999999998	0.085226198000000003
4395119800	-0.0273754484999999999	0.0806863641000000048
4395121800	-0.0285551193000000009	0.0806259349000000014
4395123800	-0.0299620703000000009	0.0802991152000000069
4395125800	-0.0278043860000000004	0.083013387300000005
4395127800	-0.0236932384000000003	0.081762381300000006
4395129800	-0.0280780378999999983	0.0819351393000000011
4395131800	-0.0249054159999999997	0.0809685044999999964
4395133800	-0.0286908566999999996	0.0840170710999999931
4395135800	-0.0274694691000000012	0.0848875280999999982
4395137800	-0.0302127984000000009	0.0866580561000000055
4395139800	-0.0254405852000000009	0.0818135163999999943
4395141800	-0.023162377599999999	0.0827112344999999943
4395143800	-0.0272147187999999991	0.0820828103999999975
4395145800	-0.0281605330999999993	0.0836495059999999985
4395147800	-0.0284862025999999997	0.0843895773999999987
4395149800	-0.0241118072999999995	0.0860573357000000011
4395151800	-0.0229715921000000003	0.0833812171999999963
4395153800	-0.0264925969999999997	0.0816000615999999956
4395155800	-0.0250470193999999986	0.082508142399999998
4395157800	-0.0250654756999999992	0.0834112022000000064
4395159800	-0.029056981400000001	0.0808628527999999958
4395161800	-0.0289358431999999985	0.0833776351999999943
4395163800	-0.0227385577999999998	0.0796692326000000006
4395165800	-0.0253952726999999989	0.0800522094000000045
4395167800	-0.0250817093000000012	0.0789989145000000031
4395169800	-0.0263868564999999999	0.0809498161999999966
4395171800	-0.0208663995000000005	0.0820909685999999944
4395173800	-0.0262942458000000011	0.0802575041999999961
4395175800	-0.0250952590000000017	0.0794905026999999931
4395177800	-0.0261506838999999991	0.0825553799000000033
4395179800	-0.0262801387000000004	0.0829810551000000063
4395181800	-0.0222434817999999992	0.0806083001999999965
4395183800	-0.0275489928000000016	0.0820383801999999968
4395185800	-0.0250511084000000009	0.0848594339999999975
4395187800	-0.0297869987999999988	0.0835246864000000061
4395189800	-0.0299112965000000001	0.0825626807000000018
4395191800	-0.0278542014000000004	0.0806950939000000006
4395193800	-0.0244550159999999996	0.0808310220000000024
4395195800	-0.0222292052000000011	0.0837387767999999977
4395197800	-0.0240593308999999984	0.0796190038000000044
4395199800	-0.0243263118	0.080652478400000005
4395201800	-0.0271084637000000017	0.0848674881999999936
4395203800	-0.0256682641999999989	0.0845305774999999954
4395205800	-0.0252772492999999987	0.080330612400000001
4395207800	-0.0232117537999999984	0.0860779440999999979
4395209800	-0.0258703997000000012	0.0818841045999999934
4395211800	-0.0225066972999999997	0.0839191269999999961
4395213800	-0.0225002186	0.0829043047000000005
4395215800	-0.0228453275999999997	0.0817444831999999955
4395217800	-0.0231386360000000006	0.080778675499999994
4395219800	-0.0220904035999999991	0.0821070792999999965
4395221800	-0.0246860295000000014	0.0831800037999999992
4395223800	-0.0265183412	0.0843655118000000009
4395225800	-0.0210279012999999987	0.0802904737000000035
4395227800	-0.0218783749000000007	0.0809103590000000011
4395229800	-0.0238984084999999992	0.084352021499999999
4395231800	-0.0252176380999999984	0.0819044651999999984
4395233800	-0.0257209813999999988	0.0830566229000000017
4395235800	-0.0231398212999999985	0.080580878100000003
4395237800	-0.0238082083999999992	0.0809731023999999966
4395239800	-0.0201723678000000003	0.0844266533999999957
4395241800	-0.0234239436000000002	0.0824953476999999991
4395243800	-0.023230900799999999	0.0822826098000000034
4395245800	-0.0239236763999999998	0.0839010121000000053
4395247800	-0.0205960100000000014	0.0835970934999999971
4395249800	-0.0233438140000000009	0.0799756618999999946
4395251800	-0.0219424540000000001	0.0818820876000000003
4395253800	-0.024610993099999999	0.0814008816000000024
4395255800	-0.0229033052000000015	0.0839303512000000029
4395257800	-0.0248822534999999997	0.0828034985000000029
4395259800	-0.0209006940000000009	0.0834716379000000064
4395261800	-0.025118696900000001	0.0834914090999999969
4395263800	-0.0239281392000000002	0.0828443189000000052
4395265800	-0.0211917050000000017	0.0837322865000000027
4395267800	-0.0207365665000000012	0.0817507122000000058
4395269800	-0.021697521899999999	0.0814740214999999934
4395271800	-0.024085530899999999	0.0826321770999999955
4395273800	-0.0210920780000000002	0.0841428008000000005
4395275800	-0.0196302697000000012	0.0834288484999999996
4395277800	-0.0220510644999999984	0.0834365606999999954
4395279800	-0.0191962289999999987	0.0800955638999999997
4395281800	-0.0211857178	0.0811220997000000055
4395283800	-0.0227649156999999991	0.0835694777999999999
4395285800	-0.0194747161999999988	0.0813316317000000039
4395287800	-0.0187895954000000011	0.083570183800000003
4395289800	-0.0184728050999999997	0.0802194975999999949
4395291800	-0.0232797910999999989	0.0818843598000000006
4395293800	-0.0225740679999999992	0.0792362825000000048
4395295800	-0.0242471458999999993	0.0783806509000000012
4395297800	-0.0170103513000000005	0.0818786103000000015
4395299800	-0.0216872842000000003	0.0815094085000000051
4395301800	-0.0185397945000000015	0.0827631726999999984
4395303800	-0.0204987491999999993	0.0828660241000000047
4395305800	-0.0213095841999999987	0.0838510454000000044
4395307800	-0.0179363257999999998	0.0815584292999999988
4395309800	-0.0165027090000000008	0.0828986889000000032
4395311800	-0.0216143627000000005	0.0818909936000000033
4395313800	-0.017150724400000001	0.0853484490000000068
4395315800	-0.0223154319999999996	0.0823673560999999971
4395317800	-0.0177432582999999984	0.0816834270000000029
4395319800	-0.0151808095999999993	0.0856177971000000038
4395321800	-0.0164611193000000003	0.0849857363000000032
4395323800	-0.0166824421000000001	0.0835597785999999954
4395325800	-0.0171824315999999991	0.0819886538000000054
4395327800	-0.0225192858000000003	0.0874604021999999953
4395329800	-0.0196885728999999995	0.0856840440000000009
4395331800	-0.0164812802000000001	0.0831647642999999992
4395333800	-0.0209119279999999998	0.0829074969000000023
4395335800	-0.0190125397999999987	0.0853980356000000052
4395337800	-0.0181296734000000008	0.0828694101999999932
4395339800	-0.0175598112999999986	0.0823037786999999965
4395341800	-0.0165898303000000004	0.0812299055000000048
4395343800	-0.0174089987000000009	0.082164526700000004
4395345800	-0.0168067260999999989	0.0843666755000000018
4395347800	-0.0199275770999999997	0.0828993154000000065
4395349800	-0.0181549478999999993	0.0829497874999999968
4395351800	-0.0192787056000000012	0.0845479794000000007
4395353800	-0.0191969129000000016	0.0830672759999999955
4395355800	-0.0166934702000000011	0.0835268854000000005
4395357800	-0.0166828371000000003	0.0828232577999999942
4395359800	-0.0182512745000000011	0.0839212250000000021
4395361800	-0.0148745460000000006	0.0807646310999999978
4395363800	-0.0142507815000000003	0.0834370863000000046
4395365800	-0.0214581193999999996	0.0820327049999999974
4395367800	-0.0190755168999999988	0.0843424775999999932
4395369800	-0.0155799083000000005	0.077386637499999994
4395371800	-0.0158895863999999991	0.0803159848000000037
4395373800	-0.0179287604000000003	0.0840782394999999988
4395375800	-0.0158163704000000016	0.0826727099000000021
4395377800	-0.0163410325000000016	0.086416315699999996
4395379800	-0.0177131597000000016	0.0835688195000000023
4395381800	-0.0168645915000000014	0.0882725909000000031
4395383800	-0.0168313387000000002	0.0827343474999999995
4395385800	-0.0116430071999999996	0.0829167766000000056
4395387800	-0.0148033256999999998	0.0846714751000000043
4395389800	-0.0171460849999999984	0.0828757789999999966
4395391800	-0.0122216656000000007	0.0830515019000000049
4395393800	-0.0136333045000000003	0.0850226402999999936
4395395800	-0.0149919187000000006	0.0841425675000000012
4395397800	-0.0149486129999999995	0.0813375835999999991
4395399800	-0.0152962277999999993	0.0848723403999999959
4395401800	-0.0148561953999999993	0.0834172866999999957
4395403800	-0.0159678432000000016	0.0801951974000000012
4395405800	-0.0138265235	0.0861869724000000059
4395407800	-0.015875785600000001	0.0832940254999999935
4395409800	-0.0147072238000000004	0.0824631517999999952
4395411800	-0.0189656366999999999	0.0856810761000000032
4395413800	-0.0151315149999999999	0.0805759146000000065
4395415800	-0.0149821516999999998	0.0861529243000000028
4395417800	-0.0151710591999999998	0.0858115225999999953
4395419800	-0.014594012	0.0836466161999999958
4395421800	-0.0110208879999999995	0.080576581800000005
4395423800	-0.0180277351000000009	0.0818882511000000035
4395425800	-0.0143241628999999995	0.0834332497000000034
4395427800	-0.0120356200000000003	0.0833340582000000052
4395429800	-0.0131064743000000004	0.0801018398999999992
4395431800	-0.0120927967000000001	0.0816590804000000003
4395433800	-0.0109844082999999999	0.0852668451000000022
4395435800	-0.00982247739999999973	0.0832962144999999932
4395437800	-0.0107835508999999993	0.0849163839000000031
4395439800	-0.0113625989999999993	0.0813257522999999982
4395441800	-0.00997489579999999952	0.0813096469999999988
4395443800	-0.0148497439999999998	0.0861063173999999931
4395445800	-0.0125425940000000007	0.0832820172999999969
4395447800	-0.0109950060999999995	0.0820439230000000047
4395449800	-0.00992502129999999969	0.0817001866999999965
4395451800	-0.0116635578999999996	0.0806364068000000045
4395453800	-0.0107692914000000004	0.0827206954999999966
4395455800	-0.0112906529999999995	0.080990374599999998
4395457800	-0.0110813939	0.0838637824000000032
4395459800	-0.0135878747000000005	0.0808181330000000003
4395461800	-0.0121091463	0.0793475988999999965
4395463800	-0.0136734014000000001	0.0841145551000000019
4395465800	-0.0125472202000000005	0.0825760088000000031
4395467800	-0.0115183078000000005	0.0800668667000000028
4395469800	-0.00913440809999999971	0.0815247401000000066
4395471800	-0.00857887180000000034	0.0791296865999999988
4395473800	-0.0124901961999999995	0.0843952832999999986
4395475800	-0.0084115039000000006	0.0844142343999999961
4395477800	-0.0106801680999999999	0.082632225099999998
4395479800	-0.00669137859999999977	0.0836249877000000003
4395481800	-0.00823985139999999956	0.0823607449000000047
4395483800	-0.00830857750000000075	0.0791464060000000025
4395485800	-0.00683070209999999973	0.0834161739999999957
4395487800	-0.00901202899999999953	0.0823140435999999975
4395489800	-0.00662012280000000026	0.0794218708999999967
4395491800	-0.0111073050999999992	0.0800337004000000046
4395493800	-0.0090394329999999995	0.0831266457000000014
4395495800	-0.0048754645999999997	0.0811877545000000006
4395497800	-0.00756681590000000005	0.085806258199999999
4395499800	-0.0109595138000000009	0.0814675658000000025
4395501800	-0.0071986801999999999	0.0797484534999999967
4395503800	-0.0102709375000000006	0.0819158185999999955
4395505800	-0.00713584020000000013	0.0818109617999999983
4395507800	-0.00749512359999999957	0.0832905382999999944
4395509800	-0.00166489510000000004	0.084420975800000006
4395511800	-0.00749886290000000011	0.080558110500000002
4395513800	-0.00451500340000000021	0.0824655103999999972
4395515800	-0.00803733780000000057	0.0789687144999999951
4395517800	-0.00553524449999999966	0.0845606852999999936
4395519800	-0.0109470842999999998	0.0816634391999999931
4395521800	-0.00624338210000000005	0.0818633143999999979
4395523800	-0.00734704510000000043	0.0773069509999999988
4395525800	-0.0104642788000000007	0.0826920639000000013
4395527800	-0.00639830369999999996	0.080416454200000001
4395529800	-0.0037378461	0.0838011676999999983
4395531800	-0.00763986450000000029	0.0805572200999999932
4395533800	-0.00667352440000000026	0.0803404052000000063
4395535800	-0.00643886390000000027	0.0797343801000000019
4395537800	-0.00478422669999999974	0.0814481086999999937
4395539800	-0.00275137999999999988	0.0801430583999999946
4395541800	-0.00741136050000000025	0.0783850157000000047
4395543800	-0.00292522400000000014	0.0783844145999999936
4395545800	-0.00735515519999999957	0.0788589608000000025
4395547800	-0.00325235850000000007	0.0827926862000000069
4395549800	-0.00436512800000000024	0.080316426199999999
4395551800	-0.00155997750000000011	0.0784598710999999949
4395553800	-0.00344592810000000005	0.0754959085999999946
4395555800	3.76270999999999976e-05	0.0772535374999999969
4395557800	-0.00670734380000000043	0.0823298670999999954
4395559800	-0.00410256409999999998	0.0789022828999999953
4395561800	-0.00325409639999999986	0.0779981545999999942
4395563800	-0.00253480669999999993	0.0782427437000000059
4395565800	0.0020396148000000002	0.0774829820000000058
4395567800	-0.00211827330000000005	0.0766206366
4395569800	-0.00235485580000000016	0.0781475566999999954
4395571800	-9.2490899999999999e-05	0.0830008824000000034
4395573800	0.002813856	0.0787088913999999945
4395575800	-0.00354062099999999987	0.0800766049000000008
4395577800	-0.000509960999999999965	0.0790738770999999951
4395579800	-0.00225900260000000018	0.0815776938999999979
4395581800	-0.00165281600000000009	0.0776902332000000001
4395583800	-0.00458374899999999981	0.0769701123000000043
4395585800	7.94548999999999971e-05	0.0780185216999999959
4395587800	0.00276284450000000015	0.0796972955000000011
4395589800	-0.00238597619999999979	0.0762634422999999978
4395591800	-0.00277374539999999991	0.0779927339999999941
4395593800	0.000317571299999999993	0.0777767112999999954
4395595800	-0.00162140609999999997	0.0805272739000000015
4395597800	-1.22093000000000001e-05	0.0751079003000000023
4395599800	0.00192733339999999996	0.0805715469999999934
4395601800	0.00469927599999999963	0.0791704473999999964
4395603800	0.00118309449999999994	0.0763309239
4395605800	0.00311173760000000004	0.0755496595000000049
4395607800	0.00210503720000000021	0.0747603827000000026
4395609800	0.00495552400000000021	0.0776159465000000048
4395611800	0.0033749737000000001	0.0755286730999999989
4395613800	-0.000472447300000000019	0.0760149531999999989
4395615800	0.00369186200000000018	0.0737377478000000031
4395617800	0.00468046360000000036	0.072766235700000001
4395619800	0.00139534149999999998	0.0748735724000000047
4395621800	0.00343300259999999987	0.0762361250999999962
4395623800	0.00217202370000000016	0.0760789971000000037
4395625800	0.00261900419999999993	0.074808199899999997
4395627800	0.0101134827000000007	0.0716507829000000013
4395629800	0.00492108949999999976	0.0736283905000000016
4395631800	0.00604655680000000008	0.0759752068000000003
4395633800	0.00623797180000000041	0.0762581221000000059
4395635800	0.00459845160000000013	0.0789432040999999973
4395637800	0.00444269159999999969	0.0738583067999999954
4395639800	0.00490749129999999961	0.0703432853000000025
4395641800	0.00609674109999999974	0.0749633484999999988
4395643800	0.00973521549999999992	0.0751923424000000007
4395645800	0.0062398261	0.0733148680000000053
4395647800	0.00676505129999999989	0.0729639348000000049
4395649800	0.00646261310000000033	0.0727656799999999993
4395651800	0.00604129180000000012	0.0670899367999999996
4395653800	0.0084383619	0.0724493310000000057
4395655800	0.00967219029999999945	0.0719755110000000059
4395657800	0.00969145889999999989	0.0714406015000000061
4395659800	0.00659202449999999988	0.0695640254000000069
4395661800	0.00538030930000000032	0.0692133518999999975
4395663800	0.00707565119999999971	0.0711429358000000012
4395665800	0.00747321619999999961	0.0675994407999999936
4395667800	0.00500914169999999975	0.0704087743999999988
4395669800	0.0105439582999999996	0.067991269300000004
4395671800	0.00679936080000000023	0.0699445657000000026
4395673800	0.0100148945999999992	0.0698434411999999949
4395675800	0.0106124991000000005	0.0688805859999999937
4395677800	0.0062189280999999999	0.0719366189999999933
4395679800	0.00943351259999999914	0.0673302390999999945
4395681800	0.0119016936000000007	0.065593202500000003
4395683800	0.0123697705999999998	0.0704561573000000024
4395685800	0.00896376230000000065	0.065188420299999994
4395687800	0.00840051009999999952	0.0659996149999999976
4395689800	0.0122891439000000005	0.0654131908000000067
4395691800	0.0090935063999999996	0.0598343791000000014
4395693800	0.0119803203999999993	0.0641726786000000049
4395695800	0.00854040629999999919	0.0656683519000000049
4395697800	0.0101047541999999997	0.0647748736000000047
4395699800	0.0103062047	0.0637545493000000046
4395701800	0.0104421057000000008	0.0624284160000000005
4395703800	0.0108664113	0.0644152434999999968
4395705800	0.0128335322000000009	0.0621185026000000001
4395707800	0.00812368110000000025	0.0601689196999999967
4395709800	0.0120532244999999993	0.064704848800000006
4395711800	0.0157443745000000017	0.0603388638999999977
4395713800	0.0138590184000000009	0.0568678494000000034
4395715800	0.0122793243	0.0574667880999999992
4395717800	0.0101146510000000005	0.0609585581999999987
4395719800	0.0112353095000000004	0.0581850870999999978
4395721800	0.0127951381000000006	0.0582921075999999969
4395723800	0.0129942498999999993	0.0576962103000000018
4395725800	0.0146195289999999992	0.0557359166999999989
4395727800	0.0141360792999999998	0.0559647063
4395729800	0.0120572397999999994	0.0563669637000000015
4395731800	0.0146558815000000005	0.0571186377999999967
4395733800	0.00831278430000000068	0.0499432869000000015
4395735800	0.0116761168000000005	0.0522950271000000022
4395737800	0.0130504793000000008	0.0512831439000000014
4395739800	0.0132808972000000008	0.054125452999999997
4395741800	0.00832832200000000085	0.0511715296000000014
4395743800	0.0125611895999999997	0.0522832510999999972
4395745800	0.0118260976999999996	0.0465969732000000025
4395747800	0.00823258609999999967	0.0471042767999999973
4395749800	0.0095712952999999993	0.0462353917000000031
4395751800	0.0131020887999999999	0.047363456499999998
4395753800	0.0109146652999999993	0.0473918097000000024
4395755800	0.00928244580000000055	0.0493704387999999994
4395757800	0.00667031680000000019	0.0480871979000000033
4395759800	0.00803532160000000086	0.0394777688000000002
4395761800	0.0106860619999999996	0.0423830635999999997
4395763800	0.00845464920000000078	0.0448257079999999988
4395765800	0.00821214919999999939	0.0426105901999999995
4395767800	0.0082919472000000001	0.0399690440999999966
4395769800	0.00984630350000000043	0.0464217357000000011
4395771800	0.00652135879999999994	0.044957823600000002
4395773800	0.00715319150000000032	0.0445190913000000008
4395775800	0.00483591290000000024	0.0406978274999999987
4395777800	0.0066965992999999998	0.0379155075000000008
4395779800	0.00461329880000000032	0.0389371279000000001
4395781800	0.0066744765000000001	0.0379997850000000012
4395783800	0.00747271519999999963	0.0378351176999999969
4395785800	0.00263338139999999988	0.0368174977
4395787800	0.00558561270000000002	0.0352828520999999978
4395789800	0.00294134080000000003	0.0367587871999999968
4395791800	0.000137476400000000011	0.0320256173999999977
4395793800	0.00120543179999999992	0.0305480145000000015
4395795800	-0.000197773799999999994	0.0338051714000000003
4395797800	0.00271644540000000019	0.035409766500000002
4395799800	-3.61159999999999986e-06	0.0337567000000000006
4395801800	-0.000833047900000000044	0.0340333939000000002
4395803800	-0.00548001290000000012	0.0343084615999999995
4395805800	-0.00156224110000000005	0.0334593426999999985
4395807800	-0.00184109760000000008	0.0314649129000000027
4395809800	-0.00246526729999999982	0.0292040842000000009
4395811800	-0.00413083229999999975	0.0324214139000000012
4395813800	-0.00522745219999999969	0.0313716148999999972
4395815800	-0.00456773829999999968	0.0300950047000000005
4395817800	-0.00718254859999999974	0.0353411180999999991
4395819800	-0.00572320989999999981	0.0305204949000000003
4395821800	-0.0106884275000000001	0.0332260496000000016
4395823800	-0.0112645164000000006	0.0295970470999999992
4395825800	-0.00945584380000000051	0.0264197310999999997
4395827800	-0.00913485189999999926	0.0274851615000000007
4395829800	-0.0138460053000000003	0.0294287621999999999
4395831800	-0.0119692692000000003	0.0323170130999999999
4395833800	-0.0132967650999999999	0.0283660163999999992
4395835800	-0.0113639879000000006	0.0300044128999999993
4395837800	-0.0146668768000000008	0.0259686169000000015
4395839800	-0.016091157200000001	0.0326896029999999976
4395841800	-0.0173668753999999988	0.0307460620000000011
4395843800	-0.0186009016999999985	0.0326549104000000007
4395845800	-0.0174551311000000001	0.0315024537000000021
4395847800	-0.0202050203000000012	0.0304972555999999985
4395849800	-0.0191238640000000008	0.0309855139999999987
4395851800	-0.0197544600000000015	0.0311208284000000016
4395853800	-0.0197216347999999986	0.0291212656999999993
4395855800	-0.0225281685999999988	0.0310557750999999986
4395857800	-0.0218701040999999992	0.0309943703999999987
4395859800	-0.0184947471000000002	0.0338864815999999971
4395861800	-0.0245206542999999999	0.0317110797999999999
4395863800	-0.0263487508000000009	0.0320470429999999973
4395865800	-0.024914604600000001	0.0328765578999999988
4395867800	-0.0244578680999999985	0.0358719055000000023
4395869800	-0.0280679906999999999	0.0347109676000000034
4395871800	-0.0274951584000000006	0.0336164093999999983
4395873800	-0.0273438275999999987	0.0346739661000000018
4395875800	-0.0269739212999999985	0.0343889529999999999
4395877800	-0.0266573909000000012	0.034061764199999997
4395879800	-0.0281156688000000002	0.0351155853000000018
4395881800	-0.0291617238000000008	0.0308120155000000014
4395883800	-0.0261741690000000006	0.0360818171999999979
4395885800	-0.0301600687000000006	0.0368951058000000012
4395887800	-0.0302113593999999985	0.0381797455000000008
4395889800	-0.0348726492000000013	0.0310542185999999991
4395891800	-0.032570979899999998	0.0363402984999999998
4395893800	-0.0328865128000000034	0.039714752300000003
4395895800	-0.0318166314000000033	0.0329519960999999986
4395897800	-0.0327402602999999973	0.0386697125000000017
4395899800	-0.033707652099999999	0.0400285155000000004
4395901800	-0.0346076820000000007	0.041165748000000002
4395903800	-0.0344344104999999984	0.0399733542999999997
4395905800	-0.0353396242999999971	0.0388108605000000023
4395907800	-0.0339125643000000032	0.0431444517999999971
4395909800	-0.0346261828000000021	0.040036561499999998
4395911800	-0.0352889330000000015	0.0444445944000000023
4395913800	-0.0320788379999999984	0.0393288332000000032
4395915800	-0.036172050499999997	0.0419736723000000006
4395917800	-0.0350889926000000005	0.0439812502000000022
4395919800	-0.0356109553999999981	0.0415848312999999997
4395921800	-0.0370304700000000028	0.0435242252000000024
4395923800	-0.0388639518999999989	0.0429298134000000026
4395925800	-0.0360109704000000017	0.0449483821000000033
4395927800	-0.0364384290000000013	0.0434206228000000027
4395929800	-0.0396174992000000031	0.046033205100000002
4395931800	-0.0333182387999999968	0.0491121202999999992
4395933800	-0.0374403722999999966	0.043102948000000002
4395935800	-0.0369851984999999966	0.0477306555999999979
4395937800	-0.0409678251000000007	0.0459101145000000016
4395939800	-0.0364023000999999999	0.0505178167999999969
4395941800	-0.037078047900000001	0.0505492864999999986
4395943800	-0.037124008	0.0503307180999999978
4395945800	-0.0359889321000000026	0.0500701948000000022
4395947800	-0.042121284600000003	0.0504272128000000028
4395949800	-0.0402155933999999993	0.0469778325999999982
4395951800	-0.0393230166000000034	0.0497124166000000034
4395953800	-0.0379663746999999996	0.0469682068000000022
4395955800	-0.0405968156999999968	0.0534012993000000033
4395957800	-0.0349959005999999975	0.0530930744000000024
4395959800	-0.0373808322999999998	0.0550797991000000001
4395961800	-0.0355007358000000023	0.055358910499999997
4395963800	-0.0395901161999999973	0.0549451655999999983
4395965800	-0.0392167991999999993	0.0515753221000000012
4395967800	-0.0402105116999999998	0.0535007528000000024
4395969800	-0.0391866999999999979	0.0568729580000000012
4395971800	-0.0412960101999999968	0.0543880358999999994
4395973800	-0.0395089512999999976	0.0528477831999999981
4395975800	-0.0408874976999999973	0.0558438596999999981
4395977800	-0.0415445014000000029	0.0586093279000000009
4395979800	-0.0410098846999999989	0.0527170584999999969
4395981800	-0.0380188409999999977	0.0560447163999999998
4395983800	-0.0408431137999999971	0.057271507800000003
4395985800	-0.0401611582999999994	0.0574045029000000012
4395987800	-0.0395782762999999996	0.0594384968999999985
4395989800	-0.0424650567000000034	0.0624092903000000032
4395991800	-0.0411454033000000011	0.0555193466999999996
4395993800	-0.0392345558000000011	0.0601758220999999982
4395995800	-0.0407580291000000025	0.0575442873999999979
4395997800	-0.040903214799999997	0.0577625093000000006
4395999800	-0.0384861337000000012	0.0595324194000000015
4396001800	-0.0376402221999999967	0.0613735316999999975
4396003800	-0.040784138999999997	0.0610292025999999987
4396005800	-0.0389387593000000004	0.0623791123999999989
4396007800	-0.0389888421999999985	0.0592337476999999987
4396009800	-0.0391684175999999981	0.0625495214999999966
4396011800	-0.0384385476999999989	0.0614224401000000031
4396013800	-0.0346469031000000011	0.0631013000999999935
4396015800	-0.0401270692999999984	0.0605381228999999979
4396017800	-0.0376483691999999967	0.0642347000000000057
4396019800	-0.0324849580000000013	0.0613815295999999982
4396021800	-0.0356761868000000024	0.0621200105999999974
4396023800	-0.0377913059999999967	0.0634100519000000001
4396025800	-0.0413503124999999999	0.0622881970999999979
4396027800	-0.0360625519000000033	0.0654816037000000017
4396029800	-0.0392769921999999994	0.061315902999999998
4396031800	-0.0384382831999999994	0.0645408065000000059
4396033800	-0.0379119823000000009	0.0660232926000000053
4396035800	-0.036193812899999997	0.0671892038999999941
4396037800	-0.0387847123999999974	0.0634376512000000004
4396039800	-0.0374327391000000009	0.0664068877000000002
4396041800	-0.0390392255999999979	0.066456880900000001
4396043800	-0.0362181897000000003	0.0647491153000000069
4396045800	-0.0383236793999999978	0.0662710138000000004
4396047800	-0.0360239461999999969	0.0677336285999999982
4396049800	-0.0385555979000000021	0.0713350950000000011
4396051800	-0.034633962499999997	0.0674013653000000018
4396053800	-0.0373202249999999985	0.0697822441999999959
4396055800	-0.038724566299999999	0.0674631977999999993
4396057800	-0.0392961509000000001	0.0644602343999999966
4396059800	-0.0386383812000000021	0.0659747913999999963
4396061800	-0.0373724120000000007	0.0671548438999999969
4396063800	-0.0373837665999999999	0.0658602508000000059
4396065800	-0.0343931135999999971	0.0638286218999999932
4396067800	-0.0368258938000000022	0.0700553106000000037
4396069800	-0.0349584523999999994	0.0656315311000000012
4396071800	-0.0335294506000000034	0.0639458261000000056
4396073800	-0.0342609257	0.0700529225000000033
4396075800	-0.0372957308999999973	0.0672307372000000014
4396077800	-0.038757483500000002	0.069496145800000006
4396079800	-0.0364030948000000007	0.0691421581000000035
4396081800	-0.0366159859000000018	0.0696321104000000024
4396083800	-0.0359378684000000032	0.0675783117999999988
4396085800	-0.0391045173000000024	0.067516578100000002
4396087800	-0.0371369428999999973	0.0706400635000000027
4396089800	-0.0312234722999999992	0.0708564307000000004
4396091800	-0.0371045180999999974	0.0690144037000000043
4396093800	-0.0369529695000000019	0.0698751828000000047
4396095800	-0.0372625602000000028	0.0726506325000000064
4396097800	-0.0363401403999999983	0.0702628924999999932
4396099800	-0.0342780331000000008	0.0715871696999999946
4396101800	-0.0322103553000000001	0.0687156428000000041
4396103800	-0.0324824979999999985	0.0709042725999999984
4396105800	-0.0349561286999999984	0.0733351970000000047
4396107800	-0.0366780435000000002	0.068188560800000006
4396109800	-0.0316601450000000006	0.0719914645000000047
4396111800	-0.0343872729000000016	0.0700278260999999957
4396113800	-0.0383245602000000032	0.0752026041000000006
4396115800	-0.0360812055999999992	0.0714822787999999931
4396117800	-0.0388206462999999974	0.0734540127000000015
4396119800	-0.0383103064000000007	0.0713668293000000037
4396121800	-0.0333479808999999974	0.0706188705999999944
4396123800	-0.0355828185000000019	0.0734255684999999964
4396125800	-0.0342126821999999969	0.0688535309000000012
4396127800	-0.0345274579000000026	0.0720907987999999944
4396129800	-0.0336837252000000004	0.0762802390999999941
4396131800	-0.0356100286999999974	0.0733189696000000057
4396133800	-0.0338827027000000031	0.0715396665000000015
4396135800	-0.0325288222000000016	0.0723779128999999938
4396137800	-0.0350388841000000006	0.0704824086999999988
4396139800	-0.0298896831999999994	0.0739663354999999939
4396141800	-0.0328441008999999992	0.0729992463000000008
4396143800	-0.0321419076999999997	0.0735879019999999967
4396145800	-0.0339810707999999989	0.0718632612999999948
4396147800	-0.0318821873000000033	0.0746983794000000006
4396149800	-0.0318003713999999993	0.0709795606999999995
4396151800	-0.0324533914000000034	0.0745527628999999997
4396153800	-0.0331336418999999965	0.0740757571000000004
4396155800	-0.0332759458999999994	0.0775741305000000048
4396157800	-0.0318805995000000023	0.0742758015999999965
4396159800	-0.0321646366999999989	0.0728230161999999931
4396161800	-0.0334919920999999995	0.0711452095999999951
4396163800	-0.0319406574000000026	0.0727815363999999992
4396165800	-0.0330646505000000007	0.0752218047000000056
4396167800	-0.0346149174000000004	0.0746863519000000031
4396169800	-0.0318180112000000029	0.0754905748000000015
4396171800	-0.0330907298999999974	0.0748082847000000051
4396173800	-0.031215230699999999	0.0741629931000000048
4396175800	-0.0338385027000000019	0.0737848841000000033
4396177800	-0.0300636858	0.0743547610000000053
4396179800	-0.0335322311999999984	0.0753171354999999931
4396181800	-0.0280988728000000007	0.0769214753000000001
4396183800	-0.0322131890999999976	0.0736036253000000029
4396185800	-0.0338482733000000022	0.0720066788000000013
4396187800	-0.0328996002999999981	0.0747166006000000021
4396189800	-0.0329484142999999993	0.0793208631999999941
4396191800	-0.0292343270000000009	0.074063801700000001
4396193800	-0.0288393530999999995	0.0755040480999999986
4396195800	-0.0318911992999999991	0.0738029802000000068
4396197800	-0.0310647114000000002	0.0757574379999999964
4396199800	-0.0276588088000000003	0.0781109430000000021
4396201800	-0.0286284439000000016	0.076859297300000004
4396203800	-0.0320711247000000019	0.0763711707999999989
4396205800	-0.0285986264000000004	0.0780961186000000002
4396207800	-0.0305200485999999986	0.075360817400000002
4396209800	-0.0307996521999999995	0.0773947059999999937
4396211800	-0.0303016343999999993	0.0758260157999999934
4396213800	-0.0302041758	0.0773343721000000067
4396215800	-0.0271677898000000015	0.0806165145999999944
4396217800	-0.0319425748999999995	0.0748482711000000023
4396219800	-0.030019793999999999	0.0742865687999999941
4396221800	-0.0280740737999999983	0.0755308945000000009
4396223800	-0.0288748703999999988	0.0755859058000000056
4396225800	-0.0273461771999999985	0.0806618684999999974
4396227800	-0.0311462399000000008	0.0750427018000000001
4396229800	-0.0268796575999999988	0.0768860984999999997
4396231800	-0.0252806998000000005	0.0782216661000000035
4396233800	-0.0285135678000000004	0.0760352199000000062
4396235800	-0.0308729226000000016	0.0760087854000000007
4396237800	-0.028513334500000001	0.0761989272000000023
4396239800	-0.0288600019999999992	0.0769946445000000007
4396241800	-0.0269887819000000015	0.0733402657000000041
4396243800	-0.0301240894999999995	0.0786558682000000065
4396245800	-0.0260186776999999994	0.080395792100000002
4396247800	-0.0262201368999999997	0.0792110426999999978
4396249800	-0.0282494809999999999	0.0808416118000000045
4396251800	-0.0279653672000000006	0.0745900884000000042
4396253800	-0.0305326937999999999	0.0778209700999999976
4396255800	-0.0288845982000000001	0.0797538341999999983
4396257800	-0.0283280209000000005	0.0780065020999999997
4396259800	-0.0258375828000000016	0.0797561747999999959
4396261800	-0.0267623064000000015	0.0761275257000000038
4396263800	-0.0295732460999999988	0.0791923553999999974
4396265800	-0.0254921848999999992	0.0771653597999999996
4396267800	-0.0266401061000000015	0.0803610233000000007
4396269800	-0.0263858218000000005	0.0773370929999999956
4396271800	-0.0270064510000000008	0.0798583481000000039
4396273800	-0.0237739154000000015	0.0740777831000000025
4396275800	-0.0277489642000000002	0.0784186629000000052
4396277800	-0.0245920389000000017	0.0803194879
4396279800	-0.0270472294999999988	0.0763245545999999969
4396281800	-0.0224352366999999997	0.0788407881000000033
4396283800	-0.0302003310000000004	0.0784209039000000052
4396285800	-0.0267786981999999993	0.0801440961000000063
4396287800	-0.0232212419000000017	0.0777943150999999972
4396289800	-0.0280482779000000015	0.0773884697000000038
4396291800	-0.0217371942000000005	0.0775853588999999982
4396293800	-0.0258823957000000014	0.0789977500000000055
4396295800	-0.0252167364999999997	0.0760102509000000065
4396297800	-0.0233706956000000014	0.0809190070000000011
4396299800	-0.0245093010999999986	0.0796507595000000013
4396301800	-0.0250826754999999985	0.0811785871999999992
4396303800	-0.0232378760000000011	0.0810199389999999992
4396305800	-0.0253362394999999997	0.0808607972999999952
4396307800	-0.029095260500000001	0.0784074978000000034
4396309800	-0.0195113532000000013	0.0785446295000000044
4396311800	-0.0268055767	0.0803095840000000033
4396313800	-0.0230004562000000017	0.0836611560999999948
4396315800	-0.0250575247000000001	0.0813406972000000061
4396317800	-0.0251770355000000001	0.0793321149000000003
4396319800	-0.0241214031999999988	0.0753644948000000009
4396321800	-0.0216030096999999983	0.0815097295000000027
4396323800	-0.0263817314999999983	0.0816996118000000021
4396325800	-0.0241925482999999983	0.0821900708999999952
4396327800	-0.0236011612000000016	0.0808160388999999979
4396329800	-0.0227328925000000008	0.0826376719999999954
4396331800	-0.0229005987000000001	0.0806595719000000044
4396333800	-0.0208148610000000005	0.0814652483999999955
4396335800	-0.0253104819000000009	0.0786188206000000001
4396337800	-0.0237134552999999984	0.0805179949000000006
4396339800	-0.0280932678999999998	0.0770956131999999961
4396341800	-0.0240896209000000007	0.0820234432000000041
4396343800	-0.0262743608000000003	0.0799698838000000023
4396345800	-0.0221616139999999996	0.0768434151000000065
4396347800	-0.0220412141000000013	0.0819869034000000052
4396349800	-0.0286845106000000009	0.0819900072000000063
4396351800	-0.0242454804999999995	0.0807212189999999968
4396353800	-0.0226290016000000004	0.0797025420000000012
4396355800	-0.0223474612999999996	0.0830441635000000039
4396357800	-0.0256043277999999999	0.0802175192999999981
4396359800	-0.0223768808999999999	0.079881199299999997
4396361800	-0.0233781778000000003	0.0825329132000000021
4396363800	-0.0250923384000000006	0.0778292636999999982
4396365800	-0.0248060907999999997	0.0796819844000000027
4396367800	-0.0202807038999999988	0.0836376585999999977
4396369800	-0.0244639624000000007	0.0832436463000000015
4396371800	-0.0270990724000000002	0.0814838991000000068
4396373800	-0.0241012840000000006	0.0804219674999999967
4396375800	-0.0250429794999999997	0.0793893989999999994
4396377800	-0.0256421756000000008	0.0842577884000000055
4396379800	-0.0202727850999999994	0.0795320625000000003
4396381800	-0.0220143699000000005	0.0840536335000000023
4396383800	-0.0227363015000000002	0.0803064618000000063
4396385800	-0.0159470706999999996	0.082646755500000002
4396387800	-0.0235911188000000015	0.0818994719000000065
4396389800	-0.0223091321000000002	0.0809663427999999935
4396391800	-0.0226978273000000008	0.0784236766000000057
4396393800	-0.0242521719000000011	0.0807791382999999974
4396395800	-0.0257346126999999994	0.0793579670999999959
4396397800	-0.0207526780000000001	0.0793404639999999994
4396399800	-0.0202898825999999997	0.080413621399999996
4396401800	-0.0230110014000000015	0.0783639076000000045
4396403800	-0.0181983681999999987	0.0781370982999999991
4396405800	-0.0183588824999999997	0.0838780467000000002
4396407800	-0.0217025216	0.079831662100000006
4396409800	-0.0219809208999999992	0.0799159237999999966
4396411800	-0.0177892821999999992	0.0816837725999999958
4396413800	-0.0224457093000000017	0.0827606335999999942
4396415800	-0.0240930206000000008	0.0804274640999999985
4396417800	-0.0208263085999999993	0.0818236851999999959
4396419800	-0.015657426700000001	0.0802755455000000034
4396421800	-0.0216944368000000012	0.0871817176999999943
4396423800	-0.019916046199999999	0.0840218065999999986
4396425800	-0.020832119100000001	0.081536522799999997
4396427800	-0.0195993255999999984	0.0817081572000000061
4396429800	-0.0228421785999999988	0.082760486499999994
4396431800	-0.0221253026000000005	0.0859106976000000022
4396433800	-0.0185531149999999985	0.0833409231000000056
4396435800	-0.0213349302000000011	0.0837838746000000023
4396437800	-0.0200466294000000017	0.0834442145999999968
4396439800	-0.0208717939999999991	0.0814266430000000069
4396441800	-0.0146536083000000008	0.0810372240000000049
4396443800	-0.0217223711999999999	0.0817394230999999999
4396445800	-0.0223676681000000016	0.0805464862999999975
4396447800	-0.0247453738000000013	0.0848838870000000051
4396449800	-0.0245497057000000005	0.0807727101000000058
4396451800	-0.0217492939999999989	0.0799876619000000066
4396453800	-0.0178013978000000003	0.0851308211999999981
4396455800	-0.0207827385000000017	0.0814092024999999997
4396457800	-0.0189838352000000002	0.0851440824000000013
4396459800	-0.0206026696999999995	0.0842877271000000011
4396461800	-0.0203048907000000015	0.082896473499999998
4396463800	-0.023247665800000001	0.0823022726999999982
4396465800	-0.0170770366999999992	0.0795276902999999952
4396467800	-0.0170047198999999996	0.0828947198999999968
4396469800	-0.0159351577000000008	0.0814149185999999969
4396471800	-0.020738854000000001	0.0856800486000000028
4396473800	-0.0177766471000000009	0.081172029100000001
4396475800	-0.0180540393000000014	0.0797026985999999965
4396477800	-0.0181909461999999987	0.0789586778000000017
4396479800	-0.0162508150999999997	0.0845428772999999995
4396481800	-0.0194372605999999989	0.0870093391999999938
4396483800	-0.0191821757000000016	0.0851956306000000024
4396485800	-0.0162129066000000002	0.0837935841999999931
4396487800	-0.0198588458000000002	0.079210953400000006
4396489800	-0.0187909259999999995	0.0840690251
4396491800	-0.0158008151000000006	0.0824790584999999937
4396493800	-0.019559546399999999	0.0828523327999999976
4396495800	-0.0159306011999999983	0.0810318958999999978
4396497800	-0.0174387312000000017	0.0836729370000000028
4396499800	-0.0176489623000000012	0.0863857499999999973
4396501800	-0.0163431446999999994	0.0794783795999999959
4396503800	-0.0186941444000000012	0.0827759232000000039
4396505800	-0.0165221277	0.0835835414000000027
4396507800	-0.0159762666999999983	0.081802377999999995
4396509800	-0.0172802662000000017	0.0816421967000000026
4396511800	-0.0181017425000000003	0.0834040575000000034
4396513800	-0.0174716165999999999	0.0852773971999999936
4396515800	-0.0143570580000000007	0.0816647726000000046
4396517800	-0.0172466668999999989	0.0866786214000000027
4396519800	-0.0170937931000000008	0.0808846027999999967
4396521800	-0.0145984393	0.0817707476999999933
4396523800	-0.0155986687999999998	0.0838221412000000055
4396525800	-0.0198449308000000005	0.0839335202999999946
4396527800	-0.0168898430000000016	0.0841502209000000029
4396529800	-0.0162608618000000017	0.0870989201000000046
4396531800	-0.0157690153000000013	0.0822394689000000012
4396533800	-0.0166759231000000001	0.0824864859000000034
4396535800	-0.0180050947000000017	0.0847337403999999933
4396537800	-0.0155504566999999996	0.0844108957999999965
4396539800	-0.0168190627999999995	0.0820164567999999983
4396541800	-0.0174761935999999986	0.081640432900000004
4396543800	-0.0145994425000000004	0.082279108399999995
4396545800	-0.019113223700000001	0.0847427946999999987
4396547800	-0.0173216287999999989	0.0859784158999999937
4396549800	-0.0168819961000000011	0.0838417300000000032
4396551800	-0.0179709564999999995	0.084011723999999996
4396553800	-0.0169700082000000009	0.0842477726000000066
4396555800	-0.0173904665	0.0826761936999999975
4396557800	-0.0205869571000000008	0.083783014599999997
4396559800	-0.0163827378999999995	0.0840707378999999977
4396561800	-0.0162043582999999991	0.0849315033999999969
4396563800	-0.0160692939	0.0874024731999999971
4396565800	-0.0154732802999999995	0.0831010729999999975
4396567800	-0.0144569755999999997	0.0824480665999999945
4396569800	-0.0155829426999999996	0.0835434347000000022
4396571800	-0.0183102230000000005	0.0844892441999999938
4396573800	-0.0166046632000000013	0.0853575201000000006
4396575800	-0.0120307269000000001	0.0844270081000000061
4396577800	-0.0147633374999999994	0.0843857278000000044
4396579800	-0.0145784743999999994	0.0845624239000000028
4396581800	-0.0132289897000000007	0.0856926858999999957
4396583800	-0.0173103718999999996	0.0867955779999999982
4396585800	-0.0167541644000000003	0.0829594082999999954
4396587800	-0.0182569500999999988	0.0839153861000000029
4396589800	-0.0172138639999999989	0.0821835887000000043
4396591800	-0.0170851334999999986	0.0852043244999999977
4396593800	-0.0153349031999999996	0.0850983188999999973
4396595800	-0.0134832048000000006	0.0844346136999999941
4396597800	-0.0117627646999999991	0.0850241929999999979
4396599800	-0.0131520136999999995	0.0823891513999999991
4396601800	-0.0154548545000000002	0.0816936515000000057
4396603800	-0.0146971701000000003	0.0849620014999999951
4396605800	-0.00897231889999999983	0.0822632014999999939
4396607800	-0.0144274448999999992	0.087213050200000003
4396609800	-0.0137222031000000001	0.0852006783999999934
4396611800	-0.0148879639000000005	0.0835880400000000023
4396613800	-0.0168479987999999997	0.0876307988000000065
4396615800	-0.0180540920999999986	0.0814886132999999985
4396617800	-0.0133955351999999993	0.0828488290999999932
4396619800	-0.0111356877000000007	0.0871334943999999972
4396621800	-0.0143089409000000008	0.0846099993999999966
4396623800	-0.0121175382999999994	0.0887653947999999943
4396625800	-0.0138680793000000007	0.0834748262000000046
4396627800	-0.0127078993000000005	0.0867047098000000016
4396629800	-0.0113637735000000004	0.086376004500000006
4396631800	-0.0181344561000000015	0.0839657681000000045
4396633800	-0.0172818494000000003	0.0858034854000000041
4396635800	-0.0131411528999999996	0.0832087220999999932
4396637800	-0.0133830092000000005	0.085486733199999998
4396639800	-0.0157288977999999989	0.0834464842999999984
4396641800	-0.0141402943	0.0850875764000000034
4396643800	-0.0145976160000000008	0.0824665328000000059
4396645800	-0.00991486329999999999	0.084227582499999995
4396647800	-0.0139958921000000007	0.0863268420000000009
4396649800	-0.0157734253000000012	0.084946943600000005
4396651800	-0.0146150624999999996	0.0810668253000000061
4396653800	-0.0155250688999999994	0.0834437251000000046
4396655800	-0.0121009230999999991	0.085318270099999996
4396657800	-0.0142161735999999997	0.0821161848000000055
4396659800	-0.0098078356999999998	0.0830642488999999984
4396661800	-0.0145513490999999995	0.0859948472000000019
4396663800	-0.0139825179999999993	0.0838029772999999978
4396665800	-0.0128768295000000008	0.0837170841999999998
4396667800	-0.0125887889999999995	0.0850040261999999991
4396669800	-0.00717839629999999975	0.0834588638000000049
4396671800	-0.0114457528000000003	0.081328600900000006
4396673800	-0.0132269941999999998	0.0870266643000000006
4396675800	-0.0113292565000000008	0.0855320541000000045
4396677800	-0.0155413397999999998	0.0831889026999999975
4396679800	-0.0127516504999999995	0.0868520549000000031
4396681800	-0.0140567182000000002	0.087556042700000003
4396683800	-0.00841062430000000076	0.0883712589999999937
4396685800	-0.0142589559000000001	0.0831101466000000039
4396687800	-0.0152107340999999997	0.0878971587000000054
4396689800	-0.0158897516999999995	0.0833655895000000036
4396691800	-0.0130537015000000006	0.0856102105000000058
4396693800	-0.00958764630000000055	0.0868889716000000034
4396695800	-0.0102757736999999991	0.086299144499999994
4396697800	-0.0184844849000000006	0.0828518706999999965
4396699800	-0.0119086382000000001	0.0871657472000000044
4396701800	-0.0128160692000000003	0.0864262028999999987
4396703800	-0.0113446925999999993	0.0866165220000000013
4396705800	-0.0123489432999999999	0.0813179864000000002
4396707800	-0.0117674579000000001	0.0833495920000000001
4396709800	-0.00917999650000000077	0.0829762274999999994
4396711800	-0.0129736409999999993	0.0860518497999999965
4396713800	-0.0118441949000000005	0.0817544567000000055
4396715800	-0.00901550280000000016	0.0907589877000000017
4396717800	-0.0140924611000000002	0.0870095745000000059
4396719800	-0.00906796720000000063	0.0837898844000000004
4396721800	-0.0116254904000000006	0.0851067451000000058
4396723800	-0.0113678032999999998	0.0871106457000000028
4396725800	-0.00970405260000000054	0.0891750337999999976
4396727800	-0.0146474479000000008	0.086475960399999996
4396729800	-0.0112034525000000006	0.0844743741999999936
4396731800	-0.0124147287000000005	0.0852189488999999939
4396733800	-0.0129649586999999993	0.0835348890000000011
4396735800	-0.0101240762000000002	0.0883512562000000057
4396737800	-0.00997567949999999919	0.0857637962000000059
4396739800	-0.0142880009999999998	0.0855446264999999983
4396741800	-0.00847818789999999975	0.0903415288000000011
4396743800	-0.0102901373000000001	0.0819351061000000019
4396745800	-0.0133136793000000007	0.0856212922999999987
4396747800	-0.0126599629999999998	0.0868272157000000017
4396749800	-0.0108564886000000003	0.0855554037000000045
4396751800	-0.0113313926999999998	0.0862190082000000024
4396753800	-0.0108968654000000005	0.0855669255999999961
4396755800	-0.00770717069999999997	0.0866726617000000005
4396757800	-0.00876527939999999922	0.0831928314000000002
4396759800	-0.0118746865000000004	0.0874864666000000069
4396761800	-0.00907990380000000055	0.0872527562999999978
4396763800	-0.00780087469999999998	0.0867013397999999991
4396765800	-0.0101856676	0.0853996645999999943
4396767800	-0.0118086245999999995	0.0867516567999999932
4396769800	-0.0126093243000000004	0.0864165709999999976
4396771800	-0.00904245799999999975	0.0890750904999999954
4396773800	-0.0110450445999999997	0.0825069623999999946
4396775800	-0.00994923280000000083	0.0831530167999999931
4396777800	-0.0141308153999999998	0.0884433035000000006
4396779800	-0.0085144143999999998	0.0831593914999999989
4396781800	-0.00839532439999999928	0.0848449626999999984
4396783800	-0.00808752779999999914	0.0868511042000000011
4396785800	-0.00476711830000000041	0.082855453699999998
4396787800	-0.00906031600000000055	0.0833226573999999998
4396789800	-0.0139680223000000006	0.0855024137000000017
4396791800	-0.00819372919999999949	0.0860470423999999956
4396793800	-0.00944104519999999954	0.0860957425000000026
4396795800	-0.0110535800999999999	0.0859438877999999934
4396797800	-0.0117439328000000006	0.0846914356999999979
4396799800	-0.0112986822000000001	0.0856621629000000051
4396801800	-0.00624269110000000033	0.0827642611
4396803800	-0.00770340609999999992	0.0865135368999999932
