# freq, I e Q
5787440000	-0.0453991789999999978	0.33439722970000002
5787490000	-0.0430512185000000019	0.3354529329
5787540000	-0.0382634497000000004	0.335900586499999987
5787590000	-0.033163355999999998	0.336702050400000008
5787640000	-0.0293885558000000005	0.336049319299999982
5787690000	-0.0253253737999999985	0.336569945699999984
5787740000	-0.0217020601	0.337108614899999992
5787790000	-0.0167427922999999999	0.337715837399999996
5787840000	-0.0127113120000000007	0.338152400299999989
5787890000	-0.00877072630000000006	0.337882169600000004
5787940000	-0.00419781889999999974	0.338791460799999999
5787990000	0.000322053799999999989	0.338960451100000004
5788040000	0.0045365624000000002	0.338306972900000003
5788090000	0.00902639799999999971	0.340351229300000002
5788140000	0.0129351624999999998	0.337713123100000012
5788190000	0.0173427402999999994	0.338767393199999989
5788240000	0.0219382987000000008	0.339561324300000023
5788290000	0.0257492741999999983	0.338255402799999993
5788340000	0.0304398567000000002	0.338193245099999984
5788390000	0.0342674263000000007	0.337755523999999974
5788440000	0.0395080443000000031	0.336822917900000018
5788490000	0.0430896656000000003	0.337232624500000022
5788540000	0.0475943185999999976	0.336179479399999981
5788590000	0.0512539906000000003	0.335127577499999996
5788640000	0.0566751488999999997	0.334784732299999999
5788690000	0.0597132335999999986	0.335653322099999984
5788740000	0.0642634901999999952	0.333830486599999976
5788790000	0.0675998082999999944	0.333040799499999984
5788840000	0.0728727017000000005	0.332122580700000003
5788890000	0.0766216276000000057	0.331908429200000021
5788940000	0.0809358948999999994	0.330248714599999993
5788990000	0.0851970925000000018	0.329284103100000003
5789040000	0.0893187565999999933	0.328014907000000022
5789090000	0.0948207266000000021	0.327067649399999993
5789140000	0.0979803176000000053	0.326857549299999994
5789190000	0.103006453799999995	0.324974510800000005
5789240000	0.105241278199999996	0.324523388999999995
5789290000	0.110172340499999993	0.322579765199999979
5789340000	0.114770092599999998	0.320985704599999977
5789390000	0.118891493200000004	0.319591310299999987
5789440000	0.1238427265	0.319001534099999984
5789490000	0.125814919899999988	0.317540793200000004
5789540000	0.130846361699999997	0.315276402499999997
5789590000	0.134332786399999987	0.313871215300000006
5789640000	0.137594883499999987	0.311322427800000023
5789690000	0.142598944799999988	0.310042579400000018
5789740000	0.14666647490000001	0.308755465800000017
5789790000	0.150744913199999997	0.306090400200000001
5789840000	0.153778027300000009	0.306081816399999984
5789890000	0.157753923800000001	0.305126123299999996
5789940000	0.162694137500000002	0.300748297100000006
5789990000	0.16588565999999999	0.299811102200000013
5790040000	0.170094047599999992	0.298067706900000007
5790090000	0.172920528800000001	0.294794342499999973
5790140000	0.176724521899999987	0.293322019300000014
5790190000	0.181633027800000013	0.290991969399999995
5790240000	0.186199429899999991	0.288224449900000013
5790290000	0.188487503599999995	0.286587977800000004
5790340000	0.192120255299999987	0.283463229099999992
5790390000	0.19552465690000001	0.281858233600000008
5790440000	0.198908748200000013	0.279241250800000007
5790490000	0.203213389900000013	0.277373059600000027
5790540000	0.206288181200000004	0.274086192499999992
5790590000	0.211522164200000001	0.272122749399999975
5790640000	0.213335501799999994	0.267727771999999975
5790690000	0.216925661200000008	0.266155940899999999
5790740000	0.220599973499999991	0.263635592099999982
5790790000	0.224127976400000012	0.260741380000000023
5790840000	0.227502972100000006	0.257948814999999998
5790890000	0.231109492700000002	0.25497771629999999
5790940000	0.234511580500000011	0.251588799899999993
5790990000	0.238380928299999989	0.24999555879999999
5791040000	0.239161402100000003	0.246949511499999996
5791090000	0.244182210700000013	0.244321985600000013
5791140000	0.247056154500000014	0.240981364000000003
5791190000	0.2492193885	0.238359585699999987
5791240000	0.253900831599999988	0.233942126700000003
5791290000	0.257059906800000015	0.231278963300000001
5791340000	0.258660063699999998	0.227362333199999989
5791390000	0.262349794000000025	0.224685282200000003
5791440000	0.265043550800000027	0.220604103400000001
5791490000	0.266701840099999976	0.218254966299999992
5791540000	0.270285357599999998	0.215139376100000002
5791590000	0.273263045300000007	0.210442730999999994
5791640000	0.276241260099999997	0.206973232199999996
5791690000	0.27959071499999999	0.203508124900000004
5791740000	0.28211315549999999	0.200431513100000014
5791790000	0.283877325000000014	0.195895794900000003
5791840000	0.287262387900000027	0.194515300800000013
5791890000	0.289060047699999989	0.190328909099999999
5791940000	0.290867395699999975	0.186876939900000011
5791990000	0.293236976599999977	0.182931300600000013
5792040000	0.295423452600000025	0.178876548699999999
5792090000	0.298745044899999979	0.175718281599999998
5792140000	0.300624368099999983	0.172480446799999992
5792190000	0.303217457600000018	0.168956754799999997
5792240000	0.305392994400000006	0.164309377799999989
5792290000	0.307799235299999974	0.160315580399999991
5792340000	0.309947714799999996	0.15520228459999999
5792390000	0.31244729269999999	0.151857922300000003
5792440000	0.313596366199999976	0.146789180500000005
5792490000	0.315379020299999979	0.143152670399999987
5792540000	0.317385306300000003	0.140640102200000006
5792590000	0.319917959199999991	0.136020660200000004
5792640000	0.320769760199999976	0.132406948400000002
5792690000	0.322387364999999981	0.12895868969999999
5792740000	0.325166873099999976	0.124087607000000003
5792790000	0.326242272900000019	0.118941613400000007
5792840000	0.327071709099999997	0.115604533499999995
5792890000	0.328611143900000013	0.112059103899999998
5792940000	0.330831213199999974	0.107006947800000002
5792990000	0.332674115499999978	0.103485097700000001
5793040000	0.332210206600000002	0.0986183600000000021
5793090000	0.334866736599999992	0.094749418299999999
5793140000	0.336896071399999997	0.0902710176000000031
5793190000	0.337684287600000022	0.0862933285999999966
5793240000	0.339838182300000013	0.0813803617999999951
5793290000	0.338633339799999988	0.078597229099999999
5793340000	0.341693866800000023	0.0731610711999999969
5793390000	0.342917664700000013	0.068331878400000004
5793440000	0.343158119400000017	0.0641898162999999938
5793490000	0.343739028300000027	0.0603802589999999986
5793540000	0.344150635099999991	0.0558790454000000006
5793590000	0.345592771999999993	0.0520663341000000002
5793640000	0.346007320800000018	0.0466348657
5793690000	0.346257883099999997	0.0420893156000000032
5793740000	0.346961604099999987	0.0381574833999999974
5793790000	0.347132571300000026	0.0329496348000000022
5793840000	0.348154341599999972	0.0296970712000000012
5793890000	0.348830519299999975	0.0244824072000000004
5793940000	0.349598260100000002	0.0203796143999999992
5793990000	0.348366714099999975	0.0161685818000000016
5794040000	0.348955672800000005	0.0120232321999999992
5794090000	0.349963907700000021	0.00664062430000000002
5794140000	0.349689377299999993	0.0020153069
5794190000	0.350673316999999984	-0.00237984830000000005
5794240000	0.349391379700000004	-0.0078851111999999994
5794290000	0.349613988300000011	-0.0115979828
5794340000	0.350166904000000001	-0.0155762387999999995
5794390000	0.34944476670000002	-0.0200732828999999995
5794440000	0.349152785799999976	-0.025122973199999999
5794490000	0.349934243199999995	-0.0286016769000000011
5794540000	0.348224190499999975	-0.0328755754000000025
5794590000	0.347883743500000009	-0.0387235362999999999
5794640000	0.347436887600000022	-0.0426594579999999973
5794690000	0.348843373199999973	-0.0465187656999999991
5794740000	0.347074744699999993	-0.0513399365000000024
5794790000	0.347493231999999985	-0.0557331449999999978
5794840000	0.345094328399999983	-0.0612294852000000028
5794890000	0.344539785900000006	-0.0640493250999999986
5794940000	0.344969414500000016	-0.0679830661000000031
5794990000	0.342560850699999975	-0.0740293954999999976
5795040000	0.342442128700000015	-0.078148015799999998
5795090000	0.342136814299999981	-0.0819107087999999955
5795140000	0.339969007699999992	-0.0868953568000000037
5795190000	0.338836261199999988	-0.0915185869999999985
5795240000	0.338609611899999996	-0.096375422500000002
5795290000	0.337349555400000001	-0.100367991000000004
5795340000	0.337114936199999993	-0.103686955799999994
5795390000	0.335415263100000027	-0.109055767999999997
5795440000	0.333218335600000026	-0.112059461299999996
5795490000	0.333058984800000013	-0.117579836699999996
5795540000	0.330427338700000017	-0.121499931199999994
5795590000	0.328880407900000005	-0.126471430299999993
5795640000	0.327310374399999993	-0.129821124199999999
5795690000	0.325910848500000017	-0.134037244199999989
5795740000	0.323151726899999991	-0.139176637500000006
5795790000	0.321132521299999973	-0.143052118899999997
5795840000	0.319273861800000003	-0.147956399900000007
5795890000	0.318714430800000004	-0.151583914300000011
5795940000	0.316083169399999975	-0.154898417199999999
5795990000	0.314595559999999996	-0.1586709647
5796040000	0.3116083563	-0.163772183999999987
5796090000	0.310993670599999994	-0.167446729900000008
5796140000	0.308578572399999973	-0.170980621700000002
5796190000	0.306779921899999974	-0.174940363999999987
5796240000	0.304168310599999991	-0.180644185699999987
5796290000	0.302095152500000019	-0.183272887800000006
5796340000	0.298836609099999984	-0.186253116800000007
5796390000	0.297452985299999972	-0.189726699700000001
5796440000	0.294171802099999991	-0.194109264799999987
5796490000	0.291917874899999985	-0.198560051300000012
5796540000	0.289559365199999974	-0.201311234400000011
5796590000	0.286558425999999977	-0.206485456799999995
5796640000	0.284643526500000021	-0.210502292000000008
5796690000	0.282256160799999989	-0.212335661000000009
5796740000	0.279736805199999994	-0.217296509400000004
5796790000	0.275291755299999996	-0.221072788900000011
5796840000	0.273051926100000009	-0.225774439800000004
5796890000	0.2701524857	-0.225622127700000008
5796940000	0.26848524800000001	-0.230993318800000014
5796990000	0.264272566300000011	-0.234933032799999997
5797040000	0.261471644299999972	-0.237657653800000007
5797090000	0.259099069999999987	-0.24237422010000001
5797140000	0.25555705350000002	-0.243865588900000013
5797190000	0.253722186399999994	-0.248580393199999999
5797240000	0.249375383700000008	-0.250539722500000006
5797290000	0.245214469099999999	-0.25331196039999998
5797340000	0.242958069299999996	-0.257667527100000016
5797390000	0.2396596426	-0.259896435300000006
5797440000	0.235281849600000009	-0.262587306899999984
5797490000	0.233537330500000001	-0.267260132300000008
5797540000	0.229386078699999996	-0.270532352300000001
5797590000	0.225154726899999991	-0.272592704000000019
5797640000	0.223347083400000007	-0.27647110359999999
5797690000	0.21927451810000001	-0.278991051699999992
5797740000	0.215873235699999999	-0.280744243599999999
5797790000	0.212740145699999994	-0.284908511600000025
5797840000	0.208009747100000003	-0.286696253299999981
5797890000	0.204984393699999989	-0.290138676900000003
5797940000	0.200372287199999999	-0.293062426699999989
5797990000	0.19767235050000001	-0.296352303400000017
5798040000	0.193464420100000006	-0.29751275319999998
5798090000	0.189556277699999998	-0.300533380000000017
5798140000	0.184836018099999999	-0.303348126300000021
5798190000	0.181332882700000003	-0.305515543900000019
5798240000	0.176767514799999997	-0.30687182759999998
5798290000	0.173755912600000006	-0.310383517300000022
5798340000	0.168774757999999997	-0.312295413500000008
5798390000	0.166368952099999995	-0.314702606800000007
5798440000	0.162462540200000005	-0.316306590900000018
5798490000	0.156904413699999995	-0.317821790900000012
5798540000	0.154132415800000006	-0.319611767800000002
5798590000	0.149145354600000002	-0.321688188400000019
5798640000	0.14605742129999999	-0.324525358500000027
5798690000	0.14117210329999999	-0.325830366199999999
5798740000	0.137246567200000003	-0.328243981100000026
5798790000	0.132943440299999993	-0.330643197499999986
5798840000	0.128963762700000012	-0.331288725800000017
5798890000	0.124305022599999995	-0.333366009399999996
5798940000	0.120267319100000006	-0.335423010799999977
5798990000	0.115374323799999998	-0.336401928299999986
5799040000	0.111963949199999996	-0.339047559499999984
5799090000	0.106850659900000006	-0.338915239500000021
5799140000	0.102617838599999997	-0.34138116730000001
5799190000	0.0979391919	-0.341936016999999981
5799240000	0.0929714398999999941	-0.343953465299999983
5799290000	0.0880916432999999943	-0.345596026599999995
5799340000	0.0840408641000000012	-0.345551294100000017
5799390000	0.0800434948000000035	-0.347413130700000017
5799440000	0.0764153268000000024	-0.348947928399999996
5799490000	0.0709998829999999997	-0.350580003699999976
5799540000	0.067667096600000004	-0.350612968999999997
5799590000	0.0615810929000000021	-0.35047802950000001
5799640000	0.0579482784999999986	-0.353332329999999972
5799690000	0.0522162830999999966	-0.35246530650000002
5799740000	0.0479979125000000034	-0.353430368699999997
5799790000	0.0443902644999999985	-0.353930011300000014
5799840000	0.0398695607000000007	-0.355131614900000003
5799890000	0.0349085217000000003	-0.355267288600000009
5799940000	0.0309357409999999992	-0.35585974640000001
5799990000	0.0263868747000000001	-0.355016951700000027
5800040000	0.0205819718999999991	-0.355971180900000017
5800090000	0.0158316293000000004	-0.356989619500000022
5800140000	0.0117883242999999999	-0.356684410900000026
5800190000	0.00726156319999999959	-0.357386103200000027
5800240000	0.0026132477000000002	-0.356949449099999983
5800290000	-0.00235309960000000019	-0.357634695700000005
5800340000	-0.00673981349999999962	-0.358301135699999995
5800390000	-0.0106973814000000007	-0.357792857899999983
5800440000	-0.0159385587999999988	-0.357659389400000027
5800490000	-0.0207069868999999983	-0.357194704799999985
5800540000	-0.025032547799999999	-0.35613902380000001
5800590000	-0.0306974129999999998	-0.35667042929999998
5800640000	-0.0342708444000000001	-0.356021509999999985
5800690000	-0.040373664699999999	-0.355058028000000026
5800740000	-0.0435520845999999989	-0.355682723899999997
5800790000	-0.0486527494000000005	-0.353908321000000026
5800840000	-0.0513897746000000002	-0.353216127499999977
5800890000	-0.0573939996000000022	-0.353461865099999994
5800940000	-0.0620057539000000019	-0.352993203300000002
5800990000	-0.0657204826000000047	-0.351254008000000006
5801040000	-0.0711193814999999951	-0.351032188600000017
5801090000	-0.0754682052999999936	-0.349099082000000005
5801140000	-0.0797994880999999961	-0.348822667600000025
5801190000	-0.0849858252000000036	-0.34843870170000002
5801240000	-0.088890627599999994	-0.346691362599999997
5801290000	-0.0935984229000000056	-0.345667983800000023
5801340000	-0.0969751184999999988	-0.344942750999999992
5801390000	-0.101497597600000003	-0.342491959700000015
5801440000	-0.106421147899999999	-0.343042963699999981
5801490000	-0.1108905434	-0.340293461399999997
5801540000	-0.1159911993	-0.339394698100000003
5801590000	-0.120109391499999996	-0.338523888100000003
5801640000	-0.124230520400000002	-0.33546468639999999
5801690000	-0.128849198999999998	-0.335317279299999993
5801740000	-0.132530355300000013	-0.332441544099999986
5801790000	-0.13897654009999999	-0.331834765500000017
5801840000	-0.141317174800000001	-0.330238627700000009
5801890000	-0.14587478470000001	-0.327861813000000002
5801940000	-0.150410883800000006	-0.325972778600000013
5801990000	-0.15503474510000001	-0.323376406200000022
5802040000	-0.159323386399999989	-0.321869883000000023
5802090000	-0.162462314100000005	-0.319791550400000013
5802140000	-0.168137663999999992	-0.318627988799999984
5802190000	-0.170442109400000014	-0.314402170500000022
5802240000	-0.174210687599999997	-0.313292636100000021
5802290000	-0.179295204399999991	-0.311298367399999998
5802340000	-0.18398557330000001	-0.308052040600000021
5802390000	-0.188510202799999999	-0.305529364299999995
5802440000	-0.19164243110000001	-0.304204415399999983
5802490000	-0.195415585499999989	-0.300802466699999993
5802540000	-0.199379190699999986	-0.298902757299999988
5802590000	-0.204683688100000011	-0.295998965599999997
5802640000	-0.206919644699999988	-0.293799038700000015
5802690000	-0.210900506300000012	-0.290867182000000002
5802740000	-0.214973666899999999	-0.288077965400000024
5802790000	-0.219123525799999996	-0.285875034299999997
5802840000	-0.222034895799999993	-0.282418636800000011
5802890000	-0.225328705900000009	-0.279299492199999999
5802940000	-0.229021500399999994	-0.276958337100000007
5802990000	-0.233772186999999992	-0.273032200000000003
5803040000	-0.237214426300000003	-0.270489263099999988
5803090000	-0.240176117599999989	-0.267153459799999993
5803140000	-0.245061876200000001	-0.264515130499999973
5803190000	-0.247927454699999994	-0.261015779499999989
5803240000	-0.250771578200000012	-0.258500237899999985
5803290000	-0.254455328400000014	-0.254697078700000024
5803340000	-0.257422124500000016	-0.251303388800000027
5803390000	-0.260380126900000008	-0.247494863399999987
5803440000	-0.263065488299999983	-0.244245245100000008
5803490000	-0.266362436799999991	-0.241855784600000012
5803540000	-0.269472627099999973	-0.237589734999999996
5803590000	-0.274330780499999982	-0.233450600199999997
5803640000	-0.27682467999999999	-0.23161868129999999
5803690000	-0.279604696300000011	-0.227270056599999992
5803740000	-0.282134145900000022	-0.222999281100000002
5803790000	-0.286265914600000004	-0.219457875299999994
5803840000	-0.288662654700000021	-0.215679182500000011
5803890000	-0.29178924610000001	-0.212208411499999999
5803940000	-0.293988499100000023	-0.208615458799999987
5803990000	-0.295936436299999994	-0.204984883700000009
5804040000	-0.298610494900000023	-0.200884426100000013
5804090000	-0.301907483699999979	-0.196005720299999991
5804140000	-0.304243526799999997	-0.192484903900000004
5804190000	-0.307062880599999977	-0.189877747399999991
5804240000	-0.308329283899999973	-0.1843301839
5804290000	-0.312759802199999992	-0.180613017999999986
5804340000	-0.313981833200000005	-0.176446992699999999
5804390000	-0.316029010399999977	-0.172296588199999989
5804440000	-0.31986412879999998	-0.169092746500000002
5804490000	-0.320870680999999991	-0.163867887800000001
5804540000	-0.322278819100000002	-0.160530805100000007
5804590000	-0.324566887500000012	-0.156965750799999998
5804640000	-0.327459465100000013	-0.15151117280000001
5804690000	-0.329879164999999974	-0.147895216299999993
5804740000	-0.330371496699999989	-0.142716293399999999
5804790000	-0.332496872200000015	-0.139565696900000008
5804840000	-0.334095716499999973	-0.134327252199999997
5804890000	-0.336695348700000008	-0.130561780799999999
5804940000	-0.337252903400000026	-0.126939357199999991
5804990000	-0.340482077300000019	-0.121269104700000005
5805040000	-0.341102696500000024	-0.116006666899999999
5805090000	-0.342829273800000001	-0.1124960074
5805140000	-0.345227876900000008	-0.106535594400000003
5805190000	-0.345669885899999973	-0.1037314508
5805240000	-0.347953680499999973	-0.0991096203000000064
5805290000	-0.349758453899999988	-0.0943430752999999955
5805340000	-0.349654655199999997	-0.0894311467999999998
5805390000	-0.350988384200000003	-0.0848920321999999949
5805440000	-0.351718096199999997	-0.0797187293999999935
5805490000	-0.35374878609999999	-0.0754225622000000012
5805540000	-0.354596071000000013	-0.0714965758999999978
5805590000	-0.355357064399999978	-0.0659959620999999996
5805640000	-0.35616399059999998	-0.0613557413999999968
5805690000	-0.357839808799999992	-0.0567872967999999978
5805740000	-0.359014014599999987	-0.0526663839000000022
5805790000	-0.359282367400000024	-0.0466151735000000025
5805840000	-0.35860160029999999	-0.0429439241999999971
5805890000	-0.361381626499999997	-0.0384614512999999977
5805940000	-0.360356328499999989	-0.0333087805999999972
5805990000	-0.360282954900000008	-0.0282834782
5806040000	-0.362156709500000007	-0.0246611517000000016
5806090000	-0.360913978899999988	-0.0190907713
5806140000	-0.362826745900000025	-0.0130105147999999993
5806190000	-0.361846410900000026	-0.00878527269999999916
5806240000	-0.36199671360000002	-0.00401442980000000019
5806290000	-0.362372134600000007	-0.000128485600000000002
5806340000	-0.363534140999999977	0.00520261479999999978
5806390000	-0.363316402400000016	0.0100020991999999996
5806440000	-0.363085895200000008	0.0156647669999999996
5806490000	-0.362624704099999973	0.0200974208000000015
5806540000	-0.360927168799999976	0.0248933422999999994
5806590000	-0.3624126815	0.0293253303999999985
5806640000	-0.361648018500000001	0.0347388392000000032
5806690000	-0.361474319799999999	0.0396382425999999982
5806740000	-0.360985825300000007	0.0440725360000000024
5806790000	-0.359679990900000024	0.0487197047999999994
5806840000	-0.358665860900000022	0.0541503503999999983
5806890000	-0.35891832709999999	0.0593848167999999968
5806940000	-0.358811717099999983	0.061967076900000001
5806990000	-0.35632974919999999	0.0693684450000000008
5807040000	-0.356987238400000018	0.072346526800000005
5807090000	-0.355687610300000012	0.0775601536000000008
5807140000	-0.354936937399999985	0.083054237000000003
5807190000	-0.353397267000000015	0.0861241056000000005
5807240000	-0.35179804269999998	0.0928921038000000004
5807290000	-0.350907111100000002	0.0965271035999999971
5807340000	-0.349847655099999988	0.102757858999999993
5807390000	-0.349827021399999993	0.106507041900000002
5807440000	-0.346803717700000014	0.112500812500000005
5807490000	-0.345307951599999996	0.115337045400000004
5807540000	-0.343526444400000019	0.120401350399999996
5807590000	-0.342511777999999989	0.125331940400000008
5807640000	-0.341631870000000004	0.129660657099999993
5807690000	-0.339881368800000028	0.13500980500000001
5807740000	-0.337987896600000004	0.139921843200000007
5807790000	-0.335729383400000025	0.142895406000000003
5807840000	-0.3335233648	0.149171634199999986
5807890000	-0.332750127299999976	0.154275071200000002
5807940000	-0.32996581060000002	0.158410232099999992
5807990000	-0.327197360200000009	0.163854795500000011
5808040000	-0.324668554300000023	0.167201639799999996
5808090000	-0.323330722299999984	0.1722740408
5808140000	-0.321099097599999994	0.176285654900000005
5808190000	-0.319206490299999979	0.180278828700000004
5808240000	-0.316607414199999992	0.185431073899999993
5808290000	-0.314333149899999997	0.189346896699999989
5808340000	-0.311198602099999999	0.195114615800000002
5808390000	-0.307641604499999999	0.199380575300000001
5808440000	-0.306223498900000002	0.202988226299999991
5808490000	-0.304249246600000023	0.208280455899999994
5808540000	-0.300066046099999983	0.212236297299999987
5808590000	-0.298333573299999988	0.21623672490000001
5808640000	-0.295579574800000022	0.2210152336
5808690000	-0.290595973800000018	0.224782098799999996
5808740000	-0.288081420699999979	0.229299915800000004
5808790000	-0.286148523599999982	0.233462854599999992
5808840000	-0.280755995899999999	0.23756770490000001
5808890000	-0.279050624000000025	0.242395340799999998
5808940000	-0.274454992900000028	0.246462294599999993
5808990000	-0.271658836100000023	0.250391482300000023
5809040000	-0.267732073399999992	0.25388935410000002
5809090000	-0.263363636800000023	0.258208182200000025
5809140000	-0.260318839999999996	0.263188511999999986
5809190000	-0.257261364400000025	0.265953816499999995
5809240000	-0.253521296900000026	0.270673959500000005
5809290000	-0.248968349000000005	0.274825683799999998
5809340000	-0.244225997700000003	0.279140710999999986
5809390000	-0.241235496999999993	0.281949814600000015
5809440000	-0.237401431699999999	0.285622175699999981
5809490000	-0.23253032030000001	0.290196299300000016
5809540000	-0.227345842299999989	0.294253187699999974
5809590000	-0.22369681159999999	0.298198992499999982
5809640000	-0.219291053600000008	0.301647731899999993
5809690000	-0.214193294099999987	0.305712961299999975
5809740000	-0.209695419100000002	0.308152086900000011
5809790000	-0.204544189500000001	0.312654371099999995
5809840000	-0.199862659999999998	0.316217325599999988
5809890000	-0.194173539799999989	0.320744800900000016
5809940000	-0.189781148799999994	0.323084414799999997
5809990000	-0.1839936556	0.327900075199999974
5810040000	-0.178340055500000011	0.330820476099999983
5810090000	-0.172784597300000009	0.334636122899999999
5810140000	-0.166886319599999999	0.336757030299999982
5810190000	-0.161641395599999987	0.340710038599999987
5810240000	-0.155321833100000001	0.344487837100000027
5810290000	-0.14973675219999999	0.347408338699999986
5810340000	-0.142695180499999991	0.351001479599999999
5810390000	-0.136043797500000008	0.355193104599999976
5810440000	-0.1293513097	0.356381793700000005
5810490000	-0.122323706300000001	0.35977510909999999
5810540000	-0.115033432800000002	0.363205747000000023
5810590000	-0.106825346200000004	0.365901497199999981
5810640000	-0.0986856911000000003	0.36819095730000001
5810690000	-0.0902665099999999943	0.371202609399999994
5810740000	-0.0811382231999999981	0.373613735900000021
5810790000	-0.0719473233999999989	0.376337704800000006
5810840000	-0.0622694240999999982	0.37917173500000001
5810890000	-0.050684221699999997	0.381216843999999999
5810940000	-0.040709743399999998	0.383026563599999981
5810990000	-0.0279049211000000005	0.383409452400000017
5811040000	-0.0151369198000000007	0.384461233299999983
5811090000	-0.00212806370000000016	0.384882804700000025
5811140000	0.0134571060999999995	0.384179013100000022
5811190000	0.0279259029000000006	0.382372996799999976
5811240000	0.0458318387999999965	0.378821423900000009
5811290000	0.0641985682000000002	0.373255973100000027
5811340000	0.0846664698000000049	0.365149915800000002
5811390000	0.106043584199999999	0.354758237500000018
5811440000	0.129035771399999999	0.337730953300000025
5811490000	0.150029269399999998	0.315306448600000011
5811540000	0.170100583700000002	0.286598044200000013
5811590000	0.184956489499999988	0.249620157300000006
5811640000	0.190510040500000005	0.205075340800000006
5811690000	0.183239019000000003	0.158406846699999992
5811740000	0.161787884399999998	0.113457266000000001
5811790000	0.126481980100000002	0.0795261574999999998
5811840000	0.0844486754000000062	0.0579156233999999978
5811890000	0.0431048391000000003	0.049669000900000003
5811940000	0.00483100679999999994	0.0546242087000000029
5811990000	-0.0277834879000000007	0.0672440053000000065
5812040000	-0.0520710903999999988	0.0833232572999999949
5812090000	-0.0708958887000000065	0.103699131799999997
5812140000	-0.0842586493999999964	0.122920436999999994
5812190000	-0.0930994725000000023	0.142568100100000011
5812240000	-0.097535215699999997	0.160511344599999994
5812290000	-0.100250973300000004	0.176816278100000002
5812340000	-0.099400710500000003	0.192774358000000007
5812390000	-0.0979577821000000015	0.205785304199999991
5812440000	-0.0940921188999999936	0.218730042000000013
5812490000	-0.0913326983000000009	0.229608145600000008
5812540000	-0.0866547621000000046	0.239094309000000005
5812590000	-0.0813913665000000064	0.248691408700000005
5812640000	-0.075334828699999995	0.256069803799999995
5812690000	-0.0707144621999999945	0.261600746100000003
5812740000	-0.0652043659999999997	0.269474110099999997
5812790000	-0.0597174259000000027	0.274813238399999993
5812840000	-0.0540180238000000021	0.279322005500000026
5812890000	-0.0487519552000000023	0.284921956099999985
5812940000	-0.0429501073999999997	0.288191769599999981
5812990000	-0.0370320467000000014	0.291953143199999987
5813040000	-0.0312745980000000007	0.296045257200000023
5813090000	-0.0248807724000000008	0.296689144999999987
5813140000	-0.0203523687000000016	0.300987218999999973
5813190000	-0.0132534312000000005	0.303000930999999973
5813240000	-0.00724693639999999997	0.30501393910000002
5813290000	-0.000890666099999999953	0.306970020200000027
5813340000	0.00447937759999999987	0.308834065699999993
5813390000	0.00993615280000000045	0.309659540000000011
5813440000	0.0141642438999999998	0.31103581990000001
5813490000	0.0204361566000000015	0.312005002799999986
5813540000	0.0258553088999999986	0.312176641199999994
5813590000	0.0307951451000000008	0.313251163200000016
5813640000	0.0362311920000000023	0.314833282200000009
5813690000	0.0414858554000000004	0.314219466800000014
5813740000	0.0477015076999999996	0.313774389300000012
5813790000	0.0519382987000000032	0.315116077100000003
5813840000	0.0574345615000000018	0.313446884099999989
5813890000	0.0630822599000000067	0.313935933200000017
5813940000	0.0675571425999999947	0.315009137699999997
5813990000	0.0736463415999999982	0.314199735099999988
5814040000	0.0772409067999999949	0.312941036200000022
5814090000	0.0833112071000000065	0.312463368999999991
5814140000	0.0885911214000000002	0.312447278800000006
5814190000	0.0923372107000000053	0.310147899000000005
5814240000	0.0973363363000000065	0.309455541200000017
5814290000	0.103635822799999999	0.308185451700000002
5814340000	0.108309744900000005	0.308140413499999988
5814390000	0.111768220400000007	0.306544436899999995
5814440000	0.116732255399999998	0.305107620799999979
5814490000	0.121602801999999996	0.304496628800000002
5814540000	0.126544932400000004	0.302317114100000006
5814590000	0.130321898299999989	0.30025118340000001
5814640000	0.135481182899999997	0.29874960519999999
5814690000	0.139949412400000001	0.296684679200000023
5814740000	0.142844429299999992	0.295829359600000008
5814790000	0.149798579300000012	0.294636316299999979
5814840000	0.154103179199999996	0.292000955200000023
5814890000	0.156688230799999995	0.289543106699999997
5814940000	0.161742448600000005	0.288011932400000004
5814990000	0.165511278799999995	0.286546257500000012
5815040000	0.170073088000000011	0.285000852000000027
5815090000	0.173316528599999992	0.282153366100000025
5815140000	0.178240814800000008	0.279824313599999985
5815190000	0.182274292100000013	0.276649357900000004
5815240000	0.185274511400000008	0.274548697600000002
5815290000	0.190088591100000009	0.272807228800000023
5815340000	0.19479599010000001	0.269376032900000006
5815390000	0.196506453100000006	0.266318927300000008
5815440000	0.202125070900000009	0.26481451210000001
5815490000	0.205433622799999993	0.262034612
5815540000	0.209927098300000003	0.258474663300000018
5815590000	0.213616575899999994	0.256316765000000002
5815640000	0.216550346700000007	0.254636010899999987
5815690000	0.218606134099999988	0.250240439300000006
5815740000	0.222951252200000005	0.248453494599999991
5815790000	0.226969193200000002	0.245520699099999989
5815840000	0.231519299799999995	0.240543958899999993
5815890000	0.233326095799999994	0.238364025099999988
5815940000	0.236340050800000007	0.236012716000000011
5815990000	0.240456804299999993	0.2332961707
5816040000	0.243867992300000003	0.229351484800000005
5816090000	0.246021501199999992	0.225742418599999994
5816140000	0.250256022799999978	0.222012362600000013
5816190000	0.254060470799999993	0.219499476400000004
5816240000	0.255946488199999989	0.216150403099999999
5816290000	0.258721558600000012	0.211820809400000004
5816340000	0.261458591399999996	0.208747707100000013
5816390000	0.265840935100000009	0.2044505462
5816440000	0.267539393000000014	0.201449966000000008
5816490000	0.269540631199999992	0.199307440400000008
5816540000	0.273224464300000025	0.195567381099999993
5816590000	0.274982452400000021	0.190949864599999991
5816640000	0.279289585399999984	0.187769610599999998
5816690000	0.280812215300000001	0.183634239300000002
5816740000	0.283668669500000026	0.18058871600000001
5816790000	0.286606429699999998	0.177398419800000012
5816840000	0.287345480099999995	0.17218496820000001
5816890000	0.289768434899999983	0.168481589200000004
5816940000	0.292830763800000005	0.166277625200000001
5816990000	0.295288278500000001	0.161608054299999998
5817040000	0.296872735800000009	0.15770358940000001
5817090000	0.299572540599999992	0.153299115200000002
5817140000	0.301906488099999981	0.148987970999999997
5817190000	0.304729085399999988	0.145076410699999991
5817240000	0.306780096700000005	0.140934872900000008
5817290000	0.306298895999999987	0.136678297599999998
5817340000	0.309622858599999995	0.1325549855
5817390000	0.312279767300000011	0.128479178700000002
5817440000	0.313830985100000015	0.124924339199999998
5817490000	0.315205102800000025	0.121394424299999998
5817540000	0.31497170419999998	0.1164590863
5817590000	0.317804014400000001	0.111561231900000002
5817640000	0.318044601099999991	0.108985351199999997
5817690000	0.320784532899999975	0.104251004800000005
5817740000	0.322120441300000004	0.0998489825000000025
5817790000	0.323631866400000023	0.0961059741999999995
5817840000	0.323905381900000011	0.0903190507000000004
5817890000	0.324787561599999997	0.0865412093000000049
5817940000	0.327585868200000019	0.0835678469000000063
5817990000	0.329134295899999985	0.0791415798999999948
5818040000	0.327636221200000022	0.073783611299999996
5818090000	0.330651013599999988	0.0694319803000000013
5818140000	0.330584983900000018	0.0656069454000000052
5818190000	0.333105478700000013	0.0603723306999999973
5818240000	0.332715370499999996	0.0551838482000000033
5818290000	0.33362724840000002	0.0507342262999999974
5818340000	0.333770405699999995	0.0483038785000000012
5818390000	0.334237184500000006	0.0438334768
5818440000	0.334299710299999997	0.038215049299999998
5818490000	0.335847892400000014	0.0333751420999999979
5818540000	0.336823502200000013	0.0316515672000000012
5818590000	0.335689525400000022	0.0259960080999999989
5818640000	0.336822701499999988	0.0216341185999999984
5818690000	0.33646111179999999	0.0166383481999999999
5818740000	0.337816491800000007	0.0130169200999999991
5818790000	0.33792374289999999	0.00844741650000000073
5818840000	0.337392381399999997	0.00401407699999999958
5818890000	0.336818540200000016	-0.000478336299999999989
5818940000	0.337107010799999995	-0.00558000860000000022
5818990000	0.336484494799999978	-0.00999513280000000059
5819040000	0.336906682600000007	-0.0129127567999999995
5819090000	0.33634960920000001	-0.0189799535999999984
5819140000	0.336600926700000025	-0.0225620618000000016
5819190000	0.336510167099999979	-0.0272839593000000005
5819240000	0.335477981799999991	-0.0321794621000000003
5819290000	0.334490900199999996	-0.0351652319000000033
5819340000	0.334630445599999993	-0.0409309188000000004
5819390000	0.335021768200000014	-0.0451984912999999974
5819440000	0.332983497500000003	-0.0485666121000000034
5819490000	0.332288157899999992	-0.0533643911999999998
5819540000	0.331837428900000009	-0.0578417319999999999
5819590000	0.330331820300000023	-0.061910525000000001
5819640000	0.330838622099999979	-0.0672584712999999973
5819690000	0.329413222100000014	-0.0707017924000000048
5819740000	0.32799100619999999	-0.076031914000000006
5819790000	0.327638564799999976	-0.0787311244999999993
5819840000	0.326632685099999986	-0.0832570192999999986
5819890000	0.324197433899999998	-0.0875587815000000019
5819940000	0.325402680300000025	-0.092213688000000002
5819990000	0.322358606400000025	-0.0960859736999999936
5820040000	0.321538512399999976	-0.0996133981999999946
5820090000	0.319893564000000019	-0.1042614605
5820140000	0.318915058600000023	-0.108743498699999996
5820190000	0.316122867299999999	-0.114410356500000004
5820240000	0.315078627300000025	-0.118062119899999998
5820290000	0.314432574999999992	-0.120711915500000003
5820340000	0.313545327099999993	-0.124922925099999998
5820390000	0.310829221900000008	-0.129583941799999991
5820440000	0.308574951699999989	-0.132499170599999994
5820490000	0.30692280420000001	-0.136841843500000004
5820540000	0.305233575500000021	-0.140571257000000005
5820590000	0.30383413469999998	-0.144407664800000002
5820640000	0.300504511600000024	-0.148857863000000007
5820690000	0.299306276400000015	-0.153190921799999991
5820740000	0.297267750399999975	-0.157297438699999986
5820790000	0.295924235099999988	-0.160130602600000005
5820840000	0.293356336399999973	-0.163885147000000009
5820890000	0.291008920100000013	-0.168303526700000011
5820940000	0.289011447600000027	-0.171823946199999994
5820990000	0.287029355900000005	-0.175392383699999987
5821040000	0.28399942319999999	-0.178999798900000007
5821090000	0.281648048300000009	-0.183872424099999987
5821140000	0.278430290500000011	-0.186832383399999996
5821190000	0.277159556400000007	-0.190570354400000003
5821240000	0.2741161929	-0.194234395599999998
5821290000	0.273627826399999996	-0.196498030299999987
5821340000	0.268974212400000023	-0.201251382799999989
5821390000	0.267041461699999982	-0.205241596500000012
5821440000	0.263024105100000016	-0.207348967699999998
5821490000	0.260726406099999974	-0.21074679830000001
5821540000	0.258504388299999999	-0.214547103999999988
5821590000	0.254926537800000019	-0.218852974000000006
5821640000	0.253371294600000019	-0.220530365499999992
5821690000	0.249726151499999993	-0.223835107100000014
5821740000	0.247306250799999988	-0.226861430700000005
5821790000	0.2442745952	-0.230528345200000012
5821840000	0.241499687399999996	-0.232620808600000006
5821890000	0.238715522099999994	-0.237359502100000008
5821940000	0.233778735099999996	-0.240925193799999993
5821990000	0.2313693587	-0.243041580099999988
5822040000	0.22803985160000001	-0.244639365899999989
5822090000	0.22401110560000001	-0.248976415499999992
5822140000	0.222279090499999998	-0.251189613599999972
5822190000	0.219149804700000006	-0.255099563400000007
5822240000	0.216067637199999996	-0.256788844000000016
5822290000	0.2104944906	-0.260398151899999986
5822340000	0.208943584500000001	-0.262408428699999974
5822390000	0.205228855999999987	-0.264143296600000022
5822440000	0.201478643200000002	-0.266876177300000017
5822490000	0.198678459700000004	-0.270132426500000022
5822540000	0.19528067260000001	-0.272262193099999994
5822590000	0.190275348799999994	-0.274422501099999994
5822640000	0.1878736617	-0.276668070900000007
5822690000	0.183590622199999998	-0.280124685500000026
5822740000	0.179944638099999998	-0.282254109799999986
5822790000	0.175391936700000001	-0.284719393300000012
5822840000	0.173400168800000004	-0.286901321699999989
5822890000	0.168720845400000014	-0.287938849100000005
5822940000	0.164452472699999991	-0.290434816799999995
5822990000	0.161786816599999994	-0.293630080299999985
5823040000	0.156951448500000007	-0.294620560899999995
5823090000	0.153413567299999998	-0.295526475200000027
5823140000	0.149241497499999987	-0.299263575399999981
5823190000	0.145245552299999997	-0.30129086519999998
5823240000	0.142504051699999995	-0.302766515000000014
5823290000	0.137676818799999989	-0.30454115570000001
5823340000	0.134166029999999992	-0.306640209499999983
5823390000	0.129951242100000003	-0.306106726200000012
5823440000	0.126287915400000006	-0.308573185999999999
5823490000	0.121667125799999998	-0.310756782999999981
5823540000	0.1175559672	-0.312539349600000016
5823590000	0.1135886911	-0.313571115899999975
5823640000	0.109054477499999997	-0.31538669079999998
5823690000	0.105375971999999998	-0.316376997100000001
5823740000	0.101729652500000003	-0.317866866000000026
5823790000	0.0968325718999999974	-0.31873441349999998
5823840000	0.0928206080999999933	-0.319739826299999974
5823890000	0.0881664578999999948	-0.321230251600000016
5823940000	0.0855180469000000054	-0.32235656439999999
5823990000	0.0812099426000000013	-0.323320291500000023
5824040000	0.0773382298999999995	-0.323643700699999981
5824090000	0.0732346925000000037	-0.32531520949999998
5824140000	0.068120896799999997	-0.326246471699999985
5824190000	0.0637674954999999932	-0.326622150700000002
5824240000	0.0597014745999999985	-0.326747638399999984
5824290000	0.0551984976000000002	-0.3286635168
5824340000	0.0500179150999999975	-0.327062811899999972
5824390000	0.0472928389000000018	-0.329328638399999984
5824440000	0.0425504592000000015	-0.329292741399999978
5824490000	0.0392815336000000015	-0.329699862899999974
5824540000	0.0343439883999999973	-0.331140177300000005
5824590000	0.0296765298000000004	-0.330437256899999976
5824640000	0.0256037593000000008	-0.331063494800000024
5824690000	0.0218085251000000001	-0.330255936199999989
5824740000	0.0172562633000000014	-0.331376593100000005
5824790000	0.0125167167999999992	-0.331725869399999984
5824840000	0.00822768110000000018	-0.332237333799999979
5824890000	0.00416286179999999974	-0.331957179200000008
5824940000	0.000331620600000000014	-0.331311714599999974
5824990000	-0.00382226780000000012	-0.331893574299999994
5825040000	-0.00868916760000000045	-0.331846519700000009
5825090000	-0.0121338120000000008	-0.331740816599999988
5825140000	-0.0176180379000000012	-0.330990165100000011
5825190000	-0.0215699767000000001	-0.330158151899999974
5825240000	-0.0264178646000000003	-0.330504773400000007
5825290000	-0.0292349605999999984	-0.33115963679999999
5825340000	-0.0349061482000000006	-0.329844880100000015
5825390000	-0.038065516700000003	-0.328836154900000011
5825440000	-0.0427573309000000013	-0.329065379800000002
5825490000	-0.0469374451000000026	-0.326371077000000009
5825540000	-0.0513127126999999988	-0.327234958999999992
5825590000	-0.0543767744000000011	-0.325965311699999982
5825640000	-0.0600174840999999973	-0.324298685799999986
5825690000	-0.0637828446999999937	-0.324205198400000005
5825740000	-0.0671115515000000051	-0.32380539949999998
5825790000	-0.0719071924999999945	-0.321643599800000013
5825840000	-0.0764662999000000065	-0.321218020900000012
5825890000	-0.0811761327999999949	-0.320259721200000014
5825940000	-0.0833950073000000042	-0.31967210610000002
5825990000	-0.0883186519999999975	-0.318604964499999976
5826040000	-0.0929953265000000029	-0.316009848699999985
5826090000	-0.0964451286999999935	-0.315592947700000015
5826140000	-0.0998029629000000001	-0.313375474099999995
5826190000	-0.104215024399999995	-0.31173959670000001
5826240000	-0.108272333799999995	-0.312113992999999978
5826290000	-0.111124803499999994	-0.309825977899999994
5826340000	-0.116393792900000001	-0.308840924000000017
5826390000	-0.11880164	-0.306071419999999983
5826440000	-0.123592564799999999	-0.304802412500000008
5826490000	-0.128043909900000002	-0.303769400799999978
5826540000	-0.132622551300000002	-0.301608325899999974
5826590000	-0.136246908199999989	-0.300324531900000025
5826640000	-0.140138305800000001	-0.29807615580000002
5826690000	-0.142784223500000002	-0.296315291199999997
5826740000	-0.146735772600000008	-0.294854567499999998
5826790000	-0.152464318900000007	-0.292321560099999989
5826840000	-0.154926842499999995	-0.289691865800000004
5826890000	-0.158170365099999988	-0.286503925499999978
5826940000	-0.161726195299999986	-0.285973158700000007
5826990000	-0.165920317900000003	-0.283336572900000028
5827040000	-0.168855797800000013	-0.2817043823
5827090000	-0.173989681099999988	-0.279593895400000014
5827140000	-0.176142861699999986	-0.278002498300000012
5827190000	-0.178693188000000003	-0.274268041000000018
5827240000	-0.182365519899999995	-0.271719688700000017
5827290000	-0.185643381999999996	-0.270226777500000015
5827340000	-0.190265713700000005	-0.266499788800000026
5827390000	-0.192968387500000005	-0.265288813299999982
5827440000	-0.196520437200000009	-0.261307348399999972
5827490000	-0.199705209599999989	-0.258809532999999981
5827540000	-0.202635461699999991	-0.256997557599999982
5827590000	-0.206382405200000008	-0.253698835999999983
5827640000	-0.209344690700000002	-0.250272842399999973
5827690000	-0.212742319499999999	-0.2490381874
5827740000	-0.215788907400000007	-0.245434985900000013
5827790000	-0.218244546900000003	-0.242887276799999996
5827840000	-0.220903159200000004	-0.240056189800000014
5827890000	-0.225035425600000005	-0.237749237299999999
5827940000	-0.227797041499999992	-0.234647527599999989
5827990000	-0.231367206600000014	-0.230753594899999998
5828040000	-0.2328582129	-0.227897524500000004
5828090000	-0.237277466399999998	-0.224257737000000013
5828140000	-0.239298791700000013	-0.222021065699999992
5828190000	-0.242238325300000001	-0.218160999299999991
5828240000	-0.244927843700000009	-0.217139511499999993
5828290000	-0.24769146580000001	-0.212292367199999998
5828340000	-0.249737120199999996	-0.208945898200000008
5828390000	-0.251563625800000024	-0.205689199299999986
5828440000	-0.25508752680000002	-0.201687008000000001
5828490000	-0.257425975400000007	-0.199257146800000007
5828540000	-0.259051944300000003	-0.196061604400000006
5828590000	-0.262225034000000023	-0.191168766200000007
5828640000	-0.26551606160000002	-0.188531929900000006
5828690000	-0.266026509600000016	-0.185748337399999991
5828740000	-0.269609886600000015	-0.181965894900000008
5828790000	-0.272424758200000006	-0.179390104500000008
5828840000	-0.273970579599999986	-0.173332435899999998
5828890000	-0.275181489200000018	-0.170837314699999993
5828940000	-0.277083787000000026	-0.167604422400000008
5828990000	-0.27942182710000002	-0.163658900899999987
5829040000	-0.280165867700000015	-0.161016946800000005
5829090000	-0.284415464600000001	-0.155485476900000003
5829140000	-0.285986608699999978	-0.15329102289999999
5829190000	-0.286437120599999984	-0.149689976599999996
5829240000	-0.288998437200000013	-0.145017793899999997
5829290000	-0.291007827100000005	-0.142049672799999999
5829340000	-0.292590589199999973	-0.138000144999999991
5829390000	-0.293845684300000021	-0.134410753699999996
5829440000	-0.296263319700000027	-0.129555183500000004
5829490000	-0.29640758909999998	-0.126366536700000004
5829540000	-0.298548827399999994	-0.123848071000000004
5829590000	-0.300196769899999993	-0.119067989599999993
5829640000	-0.302331550299999974	-0.114003168599999996
5829690000	-0.303336606499999994	-0.111102593299999997
5829740000	-0.303893240999999981	-0.107601293700000003
5829790000	-0.305300803399999987	-0.104227362200000007
5829840000	-0.306877874100000003	-0.0983790932000000035
5829890000	-0.306975268700000026	-0.0952588600000000008
5829940000	-0.308075130500000016	-0.0919943985000000047
5829990000	-0.310697988899999999	-0.0867526975999999977
5830040000	-0.310373191800000003	-0.0825436251000000037
5830090000	-0.311467779200000017	-0.0802788695000000024
5830140000	-0.311553291299999979	-0.0745499751999999932
5830190000	-0.312413467599999994	-0.0717396901000000031
5830240000	-0.314329760800000024	-0.067253632100000002
5830290000	-0.314213179100000017	-0.0636497691999999976
5830340000	-0.314950599300000023	-0.0589435711000000015
5830390000	-0.315862727200000026	-0.0554033633000000011
5830440000	-0.316234464900000012	-0.0510435131
5830490000	-0.316851985700000005	-0.0467356626999999997
5830540000	-0.317528433300000024	-0.0421943883000000033
5830590000	-0.318315248499999981	-0.0381469098000000034
5830640000	-0.318469221600000019	-0.034741124499999998
5830690000	-0.318453145100000001	-0.0307644575999999996
5830740000	-0.31961654690000002	-0.0270084660999999997
5830790000	-0.318993524099999981	-0.0223470295999999985
5830840000	-0.319246993099999987	-0.0197558588999999993
5830890000	-0.320191810999999993	-0.0141458387999999994
5830940000	-0.319047441300000012	-0.0101887564000000003
5830990000	-0.319778779399999991	-0.00630424580000000026
5831040000	-0.319449406400000024	-0.00204936130000000008
5831090000	-0.31856630050000001	0.002763307
5831140000	-0.319402811800000019	0.00652563469999999958
5831190000	-0.319357847799999983	0.0101203267999999992
5831240000	-0.318115752699999976	0.0143907870000000004
5831290000	-0.318974884600000008	0.0178769114000000007
5831340000	-0.317883742899999988	0.0224032647999999994
5831390000	-0.316954844299999983	0.0269560780999999992
5831440000	-0.315429238800000011	0.0304788404999999998
5831490000	-0.315567469099999998	0.0345171477000000004
5831540000	-0.315164948499999986	0.0392035890999999984
5831590000	-0.314642020199999983	0.0419021981999999973
5831640000	-0.315200607799999977	0.0451971697999999991
5831690000	-0.313723139200000001	0.0510711905999999966
5831740000	-0.314218011999999991	0.0547843130000000011
5831790000	-0.311737614499999982	0.0586250857999999972
5831840000	-0.309458539600000027	0.0612243948999999996
5831890000	-0.308930200799999999	0.0651433763999999943
5831940000	-0.309103229500000021	0.0694283165999999979
5831990000	-0.308031913900000009	0.0738673611999999952
5832040000	-0.305982640199999989	0.0780686342999999949
5832090000	-0.305115491299999986	0.081007609199999997
5832140000	-0.304728887700000006	0.0849029612999999961
5832190000	-0.304290302999999984	0.0894529248999999943
5832240000	-0.302705791800000013	0.0920910286999999939
5832290000	-0.300176438300000015	0.0967914274000000047
5832340000	-0.300633839899999977	0.100963770699999997
5832390000	-0.298303851700000011	0.104388329899999993
5832440000	-0.296647980799999988	0.108123035699999995
5832490000	-0.295403795099999977	0.110972503799999997
5832540000	-0.293507524399999997	0.114691437899999998
5832590000	-0.292054108300000004	0.119020625800000002
5832640000	-0.28986857760000001	0.121745657500000007
5832690000	-0.28862858600000002	0.126285797499999991
5832740000	-0.286498622799999991	0.130229110399999987
5832790000	-0.285111414499999993	0.133125489399999991
5832840000	-0.283147344400000001	0.136530248100000001
5832890000	-0.280900668999999992	0.140626387699999994
5832940000	-0.278599142600000016	0.143757651699999989
5832990000	-0.277802065599999981	0.146735365000000006
5833040000	-0.274869489799999978	0.150995077599999999
5833090000	-0.274356025700000006	0.155208948799999996
5833140000	-0.271144913499999973	0.15728220879999999
5833190000	-0.2689073347	0.16038075160000001
5833240000	-0.267998294099999979	0.164168456699999993
5833290000	-0.265236899199999987	0.166915550500000009
5833340000	-0.261726105799999997	0.170516954599999992
5833390000	-0.259280685800000021	0.174589819199999996
5833440000	-0.258191826299999982	0.177045797799999988
5833490000	-0.256363414299999981	0.179217247699999999
5833540000	-0.253195161999999974	0.184281341999999987
5833590000	-0.250599162799999997	0.187492862799999993
5833640000	-0.248718209500000009	0.19020428410000001
5833690000	-0.246910168900000004	0.192813476799999994
5833740000	-0.242733881699999987	0.195573166900000012
5833790000	-0.240528676699999999	0.198600947299999997
5833840000	-0.2386355332	0.201262829100000012
5833890000	-0.234573335100000002	0.2038856473
5833940000	-0.232636079999999995	0.20657176599999999
5833990000	-0.228702328300000007	0.210591021699999992
5834040000	-0.227194514300000011	0.212584192300000002
5834090000	-0.224664669700000014	0.216934030599999994
5834140000	-0.222209632600000012	0.218363672099999989
5834190000	-0.219994571500000013	0.221443906200000012
5834240000	-0.215725968399999996	0.222711866700000011
5834290000	-0.212777907699999991	0.226441745400000005
5834340000	-0.210401314899999997	0.22892501970000001
5834390000	-0.206371427200000013	0.231717642800000012
5834440000	-0.204123925900000003	0.234398070799999997
5834490000	-0.199162021599999989	0.237432228999999995
5834540000	-0.197022593100000004	0.238496218900000001
5834590000	-0.193814556500000013	0.241429661500000003
5834640000	-0.191443177500000006	0.244265945200000001
5834690000	-0.187737486799999992	0.245582937800000012
5834740000	-0.184535295300000013	0.248855781500000012
5834790000	-0.181470298899999993	0.250124188400000003
5834840000	-0.178105672800000003	0.252225096500000023
5834890000	-0.1747965722	0.254677920000000002
5834940000	-0.17127135839999999	0.257312508200000012
5834990000	-0.16793982830000001	0.259099825299999975
5835040000	-0.165701703300000003	0.261087616500000008
5835090000	-0.161280999600000002	0.26257672700000001
5835140000	-0.159358489800000003	0.264715797799999986
5835190000	-0.15573124960000001	0.266002789399999995
5835240000	-0.151741891399999995	0.268346190900000003
5835290000	-0.147985560999999988	0.269592046699999977
5835340000	-0.143533013799999998	0.272496795999999986
5835390000	-0.140247340299999995	0.271937430099999988
5835440000	-0.137501384300000001	0.274889977399999985
5835490000	-0.133428623100000004	0.277432471600000008
5835540000	-0.130875459299999997	0.27933559400000002
5835590000	-0.127130552099999988	0.278962493500000019
5835640000	-0.123222309099999996	0.281250026099999995
5835690000	-0.120037638200000005	0.282922332800000009
5835740000	-0.116502534699999993	0.28252703039999999
5835790000	-0.112004657499999993	0.284688597400000021
5835840000	-0.109929342499999999	0.286320094099999978
5835890000	-0.104952679199999996	0.288077021300000014
5835940000	-0.101657510600000001	0.289903944299999994
5835990000	-0.0975326034000000008	0.289336871499999981
5836040000	-0.093867282199999999	0.290980532299999983
5836090000	-0.0898579070000000008	0.292283434700000011
5836140000	-0.0878885392999999987	0.292809542699999981
5836190000	-0.0838929285999999996	0.293789576499999983
5836240000	-0.079161469799999995	0.293907467500000019
5836290000	-0.0754536539000000006	0.295055386099999983
5836340000	-0.0718506825999999932	0.295329620299999984
5836390000	-0.0682724271999999993	0.297223605399999979
5836440000	-0.0636760917000000065	0.29795483909999998
5836490000	-0.0600092301999999994	0.298009501899999973
5836540000	-0.0553898293999999999	0.299427900299999994
5836590000	-0.0522208943000000009	0.299816382699999995
5836640000	-0.0494241249999999993	0.301340425099999976
5836690000	-0.0456652067999999967	0.301191760699999977
5836740000	-0.0417612751000000018	0.301220319700000017
5836790000	-0.0376946841000000005	0.301548899300000006
5836840000	-0.0335660106000000014	0.30139432770000002
5836890000	-0.0300874681000000005	0.301956971799999974
5836940000	-0.0258556867000000017	0.303166713199999993
5836990000	-0.0220843203999999994	0.301747690999999985
5837040000	-0.0187166448999999992	0.301930493500000008
5837090000	-0.0150873238	0.303160973
5837140000	-0.0100771443000000002	0.302561824599999973
5837190000	-0.00741085139999999969	0.301550143599999987
5837240000	-0.0034239419000000001	0.302132798500000022
5837290000	-0.00060287969999999998	0.302426605800000026
5837340000	0.00464768940000000012	0.302695077199999996
5837390000	0.00893489069999999982	0.30176892529999999
5837440000	0.0120661948000000008	0.301500639100000023
