# freq, I e Q
4385803800	-0.0165234209999999999	-0.1681164832
4385823800	-0.0166795050999999986	-0.169081322099999987
4385843800	-0.0205101206000000008	-0.166657972999999987
4385863800	-0.0231604629000000013	-0.167909130900000009
4385883800	-0.0247898562000000017	-0.165924915000000006
4385903800	-0.0266862508999999998	-0.16127788509999999
4385923800	-0.0297622105000000005	-0.163714550900000005
4385943800	-0.0244179228999999998	-0.166388635899999998
4385963800	-0.0254095251000000001	-0.164062839999999988
4385983800	-0.0278791203999999987	-0.165979666500000012
4386003800	-0.0255255407999999996	-0.166049729899999998
4386023800	-0.028110910900000001	-0.163689907699999998
4386043800	-0.0277005162999999985	-0.163490136400000013
4386063800	-0.0255739065000000002	-0.165038886500000009
4386083800	-0.0296030723999999995	-0.164157365599999994
4386103800	-0.0302840345000000011	-0.168471737900000001
4386123800	-0.033636475300000003	-0.166284709400000008
4386143800	-0.0351299881000000022	-0.168396773899999991
4386163800	-0.0305145030999999997	-0.168393030400000004
4386183800	-0.0382695893999999981	-0.16410235640000001
4386203800	-0.0355369061000000014	-0.165059384100000012
4386223800	-0.0310856689999999998	-0.160335303099999993
4386243800	-0.0364687683000000026	-0.165636602399999999
4386263800	-0.0385140819999999981	-0.166281432600000001
4386283800	-0.0348569749999999984	-0.166143698300000003
4386303800	-0.0397091030999999969	-0.164834894399999987
4386323800	-0.0378807436999999969	-0.164137011100000008
4386343800	-0.0429033971999999986	-0.162488431500000002
4386363800	-0.0442862201000000025	-0.163352589800000003
4386383800	-0.0447464902999999969	-0.161403108699999992
4386403800	-0.0417130250000000008	-0.160309107700000009
4386423800	-0.0423646389000000012	-0.162268026900000001
4386443800	-0.0463413098000000009	-0.159126012900000002
4386463800	-0.0423205500999999998	-0.160611152899999998
4386483800	-0.0485504187000000004	-0.159494650799999999
4386503800	-0.0476784806000000033	-0.162311707100000008
4386523800	-0.0474698995000000026	-0.158269167900000007
4386543800	-0.047464769599999998	-0.158060554800000003
4386563800	-0.0479324880999999967	-0.161551090799999991
4386583800	-0.0499163517000000001	-0.163057040600000008
4386603800	-0.0522302192999999984	-0.158243073000000012
4386623800	-0.0510778352999999991	-0.160382195599999999
4386643800	-0.0546210531999999985	-0.158004994499999996
4386663800	-0.0524077192000000011	-0.160710534300000013
4386683800	-0.0569521959999999966	-0.159448345500000005
4386703800	-0.0555658471999999973	-0.162684571800000011
4386723800	-0.0567363431000000029	-0.15890870339999999
4386743800	-0.0592985186000000025	-0.156165857200000008
4386763800	-0.0557618479000000014	-0.156671767500000003
4386783800	-0.0593038908000000017	-0.157094401599999989
4386803800	-0.0593238485999999995	-0.156341253900000005
4386823800	-0.0608377919000000003	-0.157910230900000004
4386843800	-0.0593790844999999984	-0.154937052900000011
4386863800	-0.0621423008000000013	-0.153869159599999999
4386883800	-0.0632572252000000029	-0.15379324920000001
4386903800	-0.063548483899999994	-0.156845740099999992
4386923800	-0.0664275098000000064	-0.158208623500000006
4386943800	-0.0656083808000000046	-0.157237993999999992
4386963800	-0.0654772866999999981	-0.156330221399999997
4386983800	-0.0662279818999999964	-0.152034187399999993
4387003800	-0.071827604500000003	-0.155287704800000009
4387023800	-0.0691732136000000053	-0.151776121099999994
4387043800	-0.0704300167000000005	-0.152166081600000003
4387063800	-0.0684393853000000024	-0.153747399400000012
4387083800	-0.0730486563999999949	-0.154985073499999987
4387103800	-0.0743135454999999945	-0.149679183999999993
4387123800	-0.0737209196999999983	-0.153498362299999996
4387143800	-0.0745549412999999966	-0.153712732299999988
4387163800	-0.0741157600999999971	-0.150459529199999997
4387183800	-0.0757056153999999953	-0.149098831799999998
4387203800	-0.073198025299999997	-0.15091675160000001
4387223800	-0.075364505499999998	-0.147839224399999997
4387243800	-0.078310063799999996	-0.150031043100000011
4387263800	-0.0817302726000000007	-0.150070134299999991
4387283800	-0.0784059324999999974	-0.149554866099999989
4387303800	-0.0751032734999999979	-0.145634110099999992
4387323800	-0.0789219183000000046	-0.146262346999999987
4387343800	-0.0806920914999999933	-0.146978009500000006
4387363800	-0.0797835739000000016	-0.146573282299999996
4387383800	-0.0833260090000000064	-0.147341643800000005
4387403800	-0.0841915374000000022	-0.149616009200000011
4387423800	-0.0834881754000000031	-0.148339954800000007
4387443800	-0.0834822184999999967	-0.149410066300000005
4387463800	-0.0861593863999999959	-0.145869101499999987
4387483800	-0.0823096313000000052	-0.144719593600000002
4387503800	-0.0859666107999999957	-0.140757292300000003
4387523800	-0.0937000751999999965	-0.144975346899999996
4387543800	-0.088325239599999994	-0.143394995400000003
4387563800	-0.0897948714999999981	-0.140756174099999992
4387583800	-0.089085745600000002	-0.140335008900000002
4387603800	-0.0897085204999999997	-0.1395808563
4387623800	-0.0961689896999999988	-0.14464049100000001
4387643800	-0.0908846962000000036	-0.136750074400000005
4387663800	-0.0971085185999999989	-0.140195163000000012
4387683800	-0.0924344594000000019	-0.141200777899999991
4387703800	-0.0926843343000000042	-0.139124735199999988
4387723800	-0.0972063180999999943	-0.139374109400000001
4387743800	-0.0943207905000000013	-0.141342146599999996
4387763800	-0.0919962151000000006	-0.142571430700000001
4387783800	-0.0976350982000000062	-0.136169710999999999
4387803800	-0.100458358900000003	-0.139470140800000003
4387823800	-0.0985621841999999998	-0.139144330199999999
4387843800	-0.101468485400000002	-0.13155913620000001
4387863800	-0.100489386099999994	-0.133177658199999993
4387883800	-0.106735377800000003	-0.13408511749999999
4387903800	-0.104438346599999995	-0.131449618200000007
4387923800	-0.102425539800000007	-0.132898558299999997
4387943800	-0.101127703900000004	-0.138221181700000001
4387963800	-0.104286974199999993	-0.132793896900000014
4387983800	-0.106718184100000002	-0.132177150500000007
4388003800	-0.106094847500000006	-0.132273086699999987
4388023800	-0.105545440800000001	-0.129103707600000006
4388043800	-0.107938762699999996	-0.13025962029999999
4388063800	-0.106596044900000006	-0.135502999900000004
4388083800	-0.107713693799999996	-0.131595335199999997
4388103800	-0.108985500499999999	-0.131711091499999988
4388123800	-0.108675551600000003	-0.130568265300000014
4388143800	-0.108764946200000004	-0.129125128300000003
4388163800	-0.110943790799999997	-0.127461414699999998
4388183800	-0.111147623200000004	-0.126303647999999991
4388203800	-0.108476654300000003	-0.123321104799999998
4388223800	-0.109379097999999994	-0.125136164100000002
4388243800	-0.114387492300000004	-0.125339759800000006
4388263800	-0.111302833500000004	-0.126270898999999992
4388283800	-0.113506227599999995	-0.123009759799999993
4388303800	-0.112680419000000004	-0.124270962700000001
4388323800	-0.1148154755	-0.125075199500000012
4388343800	-0.115312260499999999	-0.121960144800000003
4388363800	-0.1178208486	-0.125292232499999989
4388383800	-0.116233390199999995	-0.120314895699999994
4388403800	-0.118741872700000001	-0.121487307000000003
4388423800	-0.121307330500000005	-0.119322042500000003
4388443800	-0.120334045799999997	-0.119994634700000005
4388463800	-0.118977217800000007	-0.120639565599999998
4388483800	-0.122129831899999999	-0.121716851799999998
4388503800	-0.121759970600000003	-0.119223180100000006
4388523800	-0.122355940699999999	-0.117221877899999993
4388543800	-0.119740546000000003	-0.117438656799999999
4388563800	-0.122950798599999994	-0.113430389399999998
4388583800	-0.126906127499999993	-0.117480279199999996
4388603800	-0.1234133912	-0.115268923600000003
4388623800	-0.123478316000000005	-0.113063510500000006
4388643800	-0.129307320000000003	-0.110757705799999995
4388663800	-0.124880838899999999	-0.111441592199999995
4388683800	-0.124026789400000004	-0.111327870800000006
4388703800	-0.126377035599999993	-0.111818392500000002
4388723800	-0.126718982199999997	-0.1141357707
4388743800	-0.127249061200000013	-0.110056679199999993
4388763800	-0.129516095400000003	-0.112533830200000004
4388783800	-0.129419842499999993	-0.109103113900000007
4388803800	-0.131150108900000006	-0.111029529099999996
4388823800	-0.131156624299999996	-0.111160652099999993
4388843800	-0.131816350800000009	-0.108339294899999994
4388863800	-0.130240200800000011	-0.110255869199999995
4388883800	-0.130606304600000001	-0.106149605199999997
4388903800	-0.1344051993	-0.1088380444
4388923800	-0.130623358200000012	-0.105813223400000003
4388943800	-0.1312194837	-0.106874179700000002
4388963800	-0.140073192900000004	-0.104395648800000004
4388983800	-0.135066676699999999	-0.104835181099999994
4389003800	-0.137607220400000008	-0.0992313194999999981
4389023800	-0.136207020600000006	-0.0988651101000000004
4389043800	-0.138526511500000005	-0.099772018000000004
4389063800	-0.138420122300000004	-0.0997695340000000069
4389083800	-0.135282893200000004	-0.0961839991000000005
4389103800	-0.136830559200000007	-0.0971789960000000036
4389123800	-0.144964039200000006	-0.100545819800000005
4389143800	-0.138070822600000004	-0.0987719284000000003
4389163800	-0.141750246599999991	-0.0992428848999999946
4389183800	-0.140569958100000003	-0.0932389713000000009
4389203800	-0.139041010599999987	-0.0950080477000000007
4389223800	-0.142531808700000012	-0.0937283881000000041
4389243800	-0.139405670199999998	-0.0928915812999999979
4389263800	-0.141835101399999997	-0.0918103170999999968
4389283800	-0.141738787899999996	-0.0935893371000000029
4389303800	-0.140872004800000006	-0.0953967302000000017
4389323800	-0.142923107100000002	-0.0917387600000000025
4389343800	-0.144013072500000006	-0.0881599311999999996
4389363800	-0.148608411299999993	-0.0890175576999999996
4389383800	-0.146762727199999998	-0.0850745995999999949
4389403800	-0.14517201930000001	-0.0865234943000000034
4389423800	-0.148297265000000011	-0.0863482230999999961
4389443800	-0.146812219900000013	-0.0848623626999999991
4389463800	-0.144936791499999995	-0.0844552348999999952
4389483800	-0.151065720200000003	-0.0854736578000000052
4389503800	-0.148613843999999995	-0.0829008509000000032
4389523800	-0.145407445200000013	-0.080603373300000003
4389543800	-0.149294405200000008	-0.0824755521000000019
4389563800	-0.148245630299999986	-0.081814293499999996
4389583800	-0.149187284400000009	-0.0828425406999999947
4389603800	-0.15251847730000001	-0.077243212399999997
4389623800	-0.150377464699999991	-0.0777499318999999994
4389643800	-0.148360899500000004	-0.0787578904000000024
4389663800	-0.1537506971	-0.0771445226000000012
4389683800	-0.152948444699999991	-0.0790413187000000017
4389703800	-0.151680335100000008	-0.0762877228999999935
4389723800	-0.152537164199999992	-0.0757005882999999963
4389743800	-0.155310804400000002	-0.0723083184000000018
4389763800	-0.154948764600000011	-0.0713369504000000015
4389783800	-0.150903934200000006	-0.0747427756999999998
4389803800	-0.152940946999999994	-0.070640041400000006
4389823800	-0.155145740899999995	-0.071369443099999999
4389843800	-0.155148158499999994	-0.0722765219000000014
4389863800	-0.154285200000000011	-0.0703242377999999946
4389883800	-0.156798702600000006	-0.0703595157999999943
4389903800	-0.154687785599999988	-0.0668825341999999962
4389923800	-0.156517164900000005	-0.0649586456000000034
4389943800	-0.157916783100000013	-0.066661065699999994
4389963800	-0.157031190200000004	-0.0663423367999999986
4389983800	-0.160559467900000002	-0.0642709573000000006
4390003800	-0.159472270400000005	-0.0672591978000000035
4390023800	-0.162378917399999989	-0.0604526006999999976
4390043800	-0.161166867500000005	-0.0609492300000000001
4390063800	-0.159383616300000003	-0.0619582319000000006
4390083800	-0.156577017499999999	-0.062428383300000001
4390103800	-0.160791294700000004	-0.0614690977000000027
4390123800	-0.162229934800000003	-0.0578468124999999972
4390143800	-0.158118516099999995	-0.0578511359999999975
4390163800	-0.159238547499999994	-0.0575659011999999984
4390183800	-0.164044175799999997	-0.0549580272000000022
4390203800	-0.162720663200000004	-0.0554786915000000033
4390223800	-0.162942415000000007	-0.0593369867999999981
4390243800	-0.161960405199999991	-0.0536910605999999999
4390263800	-0.161319428399999992	-0.0529658608000000003
4390283800	-0.163817229700000011	-0.0526480840999999991
4390303800	-0.162152159399999996	-0.0509824236
4390323800	-0.162786524999999987	-0.0520015745000000015
4390343800	-0.167857185399999997	-0.0521099870999999978
4390363800	-0.164935592200000009	-0.0468045829999999968
4390383800	-0.166011471800000004	-0.0476690290000000017
4390403800	-0.161015496099999988	-0.0485510087000000021
4390423800	-0.163825377299999991	-0.0439883391000000026
4390443800	-0.161708446499999992	-0.0443369688000000012
4390463800	-0.166701283899999997	-0.0434696777000000006
4390483800	-0.163502543100000008	-0.0456711829000000027
4390503800	-0.163121160999999987	-0.0457223983000000014
4390523800	-0.165033986299999991	-0.0434547195000000025
4390543800	-0.164836499899999989	-0.0463924027000000017
4390563800	-0.164652810399999988	-0.0416219234999999979
4390583800	-0.161727297299999989	-0.0398513346999999976
4390603800	-0.16454689480000001	-0.0392350792000000018
4390623800	-0.169416012000000005	-0.0358717086999999976
4390643800	-0.167618940699999996	-0.0378290838999999976
4390663800	-0.167961771799999993	-0.0364431381000000013
4390683800	-0.166592027599999998	-0.0338114992999999989
4390703800	-0.164447710100000005	-0.0392309201999999982
4390723800	-0.169792661000000011	-0.0319258904999999982
4390743800	-0.165594169200000002	-0.0308111457999999984
4390763800	-0.166103198000000007	-0.0334130296999999993
4390783800	-0.166839547700000007	-0.0290081921
4390803800	-0.167940488400000004	-0.0337852682000000029
4390823800	-0.169317608300000005	-0.0257890427000000005
4390843800	-0.168398081000000005	-0.0325763474999999983
4390863800	-0.169516003800000009	-0.0266768886000000004
4390883800	-0.169715948799999988	-0.0309036541999999984
4390903800	-0.16973532890000001	-0.0264239443999999997
4390923800	-0.169152527100000005	-0.0255204265999999999
4390943800	-0.170210395699999989	-0.0278584605999999992
4390963800	-0.167903574899999991	-0.0226051315000000003
4390983800	-0.170482448499999995	-0.0244370908999999997
4391003800	-0.171802518399999993	-0.0233196648000000006
4391023800	-0.168578195600000008	-0.0209829044999999999
4391043800	-0.174624189000000013	-0.0186135064000000003
4391063800	-0.169519062400000003	-0.0166860747000000011
4391083800	-0.169426068000000013	-0.0210490979000000009
4391103800	-0.171792332200000009	-0.0186019826000000006
4391123800	-0.170852138799999997	-0.0142722661999999997
4391143800	-0.169625498000000013	-0.0153642814000000006
4391163800	-0.169851424100000009	-0.0139716033999999992
4391183800	-0.170616727500000009	-0.0147899837999999999
4391203800	-0.169771130299999989	-0.0148395029000000008
4391223800	-0.171370501300000005	-0.0110356253000000008
4391243800	-0.173507005200000008	-0.0111927063000000007
4391263800	-0.170594181000000011	-0.0124185028999999995
4391283800	-0.169002811899999994	-0.00782855210000000037
4391303800	-0.171232736999999996	-0.00927475510000000045
4391323800	-0.172556808400000011	-0.0091803973000000004
4391343800	-0.17243208430000001	-0.00666246709999999964
4391363800	-0.174111928599999993	-0.00552424050000000031
4391383800	-0.1717158201	-0.00729705540000000034
4391403800	-0.172922057600000012	-0.00271025290000000011
4391423800	-0.174893450899999997	-0.000756730300000000048
4391443800	-0.171285301599999995	-0.00301732509999999999
4391463800	-0.169959642299999991	-0.00298728959999999995
4391483800	-0.166623156800000005	-0.000342368099999999992
4391503800	-0.1713105251	-0.00220935199999999993
4391523800	-0.171313239400000011	0.00551884360000000004
4391543800	-0.171584996600000012	0.00357154100000000013
4391563800	-0.174010821900000001	0.00402656489999999971
4391583800	-0.168331427799999989	0.00516991089999999966
4391603800	-0.170808776100000004	0.00599586790000000008
4391623800	-0.170963673799999993	0.0070006879000000001
4391643800	-0.171994188200000009	0.0050909318000000002
4391663800	-0.173586307400000001	0.00595780609999999999
4391683800	-0.170867460500000012	0.0052024380999999998
4391703800	-0.169972795199999999	0.00967905110000000062
4391723800	-0.174113753799999993	0.0100654585000000008
4391743800	-0.170893482600000007	0.00723145200000000019
4391763800	-0.170983325999999991	0.0129804198999999999
4391783800	-0.16673172389999999	0.0156095004000000002
4391803800	-0.172913778500000004	0.0143319363000000005
4391823800	-0.169534692099999995	0.0143299546
4391843800	-0.174311624100000007	0.0150902008999999997
4391863800	-0.169557997500000002	0.017241268399999999
4391883800	-0.170897291600000001	0.0155893600999999996
4391903800	-0.173464885000000013	0.0168290939999999993
4391923800	-0.17169102859999999	0.0167009956999999987
4391943800	-0.170603785199999997	0.0217075055000000017
4391963800	-0.167536534099999995	0.0226590908000000001
4391983800	-0.166313465500000007	0.0223671361000000006
4392003800	-0.171025753800000013	0.0223482059999999989
4392023800	-0.169849093799999989	0.022820812900000001
4392043800	-0.168917803700000008	0.0246778801000000006
4392063800	-0.169784781699999998	0.0268668640000000007
4392083800	-0.172492497800000005	0.0261799404999999985
4392103800	-0.171680548699999991	0.0297533526999999992
4392123800	-0.167504275799999991	0.0276708849999999992
4392143800	-0.165275784600000003	0.0272347413000000003
4392163800	-0.170027130999999998	0.0295301637999999984
4392183800	-0.168697370499999999	0.0305703574000000013
4392203800	-0.168346094000000002	0.0358221966000000017
4392223800	-0.170520474300000002	0.032704654100000001
4392243800	-0.167901890400000003	0.0328305367000000028
4392263800	-0.166260163399999994	0.0355619819999999989
4392283800	-0.168461055800000009	0.035521127700000002
4392303800	-0.16596048020000001	0.0369492426000000013
4392323800	-0.166848090799999987	0.0398980762000000003
4392343800	-0.165216846100000009	0.0402769243000000027
4392363800	-0.170019304600000004	0.0382783320999999996
4392383800	-0.168936984300000009	0.0389724987999999981
4392403800	-0.17260785070000001	0.0395767518999999984
4392423800	-0.171234653799999997	0.0413683156999999982
4392443800	-0.165644290100000008	0.042042918999999998
4392463800	-0.164038613899999991	0.0479826143999999982
4392483800	-0.167735812900000003	0.0408227155000000022
4392503800	-0.167289883400000006	0.0440558833000000011
4392523800	-0.163030521799999994	0.0448749551000000024
4392543800	-0.162483856399999987	0.0505878832000000028
4392563800	-0.166137751400000006	0.0451778832999999991
4392583800	-0.163774634000000002	0.0503012153000000004
4392603800	-0.163598598099999992	0.0463782287000000029
4392623800	-0.163359610900000007	0.0512040853000000004
4392643800	-0.162753898000000008	0.0532829658999999997
4392663800	-0.161070719899999992	0.0502998883999999993
4392683800	-0.164493840000000002	0.0552413880999999968
4392703800	-0.160230584300000006	0.0533681888000000007
4392723800	-0.163514374800000001	0.0532492281999999983
4392743800	-0.160898163700000013	0.0586785256000000033
4392763800	-0.163537284899999996	0.0519549218999999993
4392783800	-0.161567064099999991	0.0592474034999999968
4392803800	-0.16233986110000001	0.0552218298999999982
4392823800	-0.163500282400000002	0.0599584484999999973
4392843800	-0.163191220999999997	0.0582395932000000019
4392863800	-0.161952258799999999	0.058004014399999998
4392883800	-0.159349947399999997	0.062497314499999998
4392903800	-0.16259986709999999	0.0593643089999999971
4392923800	-0.162415389500000007	0.064357162999999995
4392943800	-0.1555811483	0.0646133477000000039
4392963800	-0.159319948699999991	0.0673717778999999989
4392983800	-0.15891271609999999	0.0648217021999999976
4393003800	-0.157367337699999998	0.067517828000000002
4393023800	-0.16010262480000001	0.0635070229000000014
4393043800	-0.15989630660000001	0.0704065781000000057
4393063800	-0.15621455540000001	0.0673751147000000022
4393083800	-0.156363749100000005	0.0669398560000000059
4393103800	-0.160610608500000002	0.0702109883999999934
4393123800	-0.154939602900000001	0.0708747371999999959
4393143800	-0.1528548354	0.0721617643999999947
4393163800	-0.152583714300000006	0.0711296955000000064
4393183800	-0.154882738299999989	0.0701780344000000056
4393203800	-0.156200724000000013	0.0757954148999999966
4393223800	-0.1561450271	0.0742896747999999968
4393243800	-0.155136574299999996	0.0776011236999999965
4393263800	-0.153850006799999994	0.0737734993999999977
4393283800	-0.153522317800000002	0.0801463766999999938
4393303800	-0.152387637500000006	0.0773107781000000049
4393323800	-0.157088085999999988	0.0776336554000000012
4393343800	-0.148788410900000001	0.0818226744000000034
4393363800	-0.149309855299999988	0.0808757774999999957
4393383800	-0.152118515300000007	0.0852732702000000009
4393403800	-0.150536575499999992	0.0808500959999999963
4393423800	-0.149863019699999989	0.085004882899999995
4393443800	-0.153480244799999999	0.0872467226000000068
4393463800	-0.148602002000000011	0.0845340566999999987
4393483800	-0.151259292699999992	0.0859696558000000027
4393503800	-0.147485348900000007	0.0842758187999999991
4393523800	-0.145820401200000005	0.086599997600000006
4393543800	-0.149693240499999991	0.0899737131999999995
4393563800	-0.147966018700000007	0.0868880191000000052
4393583800	-0.148547866000000001	0.0913971559999999933
4393603800	-0.146037429200000013	0.0938551997999999971
4393623800	-0.145031796800000001	0.0917175625999999966
4393643800	-0.144701427999999993	0.0908333620999999952
4393663800	-0.143491020800000008	0.093177728200000004
4393683800	-0.144124128800000001	0.0932755831000000035
4393703800	-0.144976545699999987	0.0949402079000000038
4393723800	-0.142786749299999988	0.0957546633999999952
4393743800	-0.141873782799999987	0.0950124579999999941
4393763800	-0.139097819900000003	0.0951338362999999965
4393783800	-0.144392589900000007	0.0990541733000000063
4393803800	-0.14495840069999999	0.0995585253000000059
4393823800	-0.139196751099999988	0.101630845999999997
4393843800	-0.141729313400000001	0.102719261399999998
4393863800	-0.140017881900000002	0.102776047800000006
4393883800	-0.140287971600000005	0.100523753199999996
4393903800	-0.142417083700000002	0.103812409300000005
4393923800	-0.138905656999999988	0.103168890999999999
4393943800	-0.136734000699999997	0.105743206800000003
4393963800	-0.135597452899999998	0.105923060700000002
4393983800	-0.134683211800000008	0.109342306400000006
4394003800	-0.139496103799999993	0.106935396099999996
4394023800	-0.13423297079999999	0.105763603999999997
4394043800	-0.133445309900000003	0.1086525146
4394063800	-0.138168405299999991	0.111256423399999999
4394083800	-0.132951799600000004	0.112299109199999997
4394103800	-0.132632626700000006	0.109832549299999999
4394123800	-0.129726596599999994	0.112965945200000001
4394143800	-0.127551833799999986	0.113222141499999998
4394163800	-0.132057158600000002	0.1117049705
4394183800	-0.128006739700000011	0.113201162300000005
4394203800	-0.128554701399999999	0.118150735600000001
4394223800	-0.124361582799999995	0.113794131100000001
4394243800	-0.126199059499999988	0.115477375300000004
4394263800	-0.128921660500000007	0.117698351300000004
4394283800	-0.126915903599999991	0.118520062300000006
4394303800	-0.126247213699999999	0.117078246799999994
4394323800	-0.125484644499999992	0.118212289999999998
4394343800	-0.123239766400000006	0.115265216000000004
4394363800	-0.122236227000000003	0.118068689199999993
4394383800	-0.124541086600000003	0.123350987499999995
4394403800	-0.119360328299999999	0.119477028599999993
4394423800	-0.119701706399999996	0.120670054900000004
4394443800	-0.123121300899999994	0.122370234699999997
4394463800	-0.120343760199999997	0.123407892399999997
4394483800	-0.119731584200000005	0.126855011500000003
4394503800	-0.1187342911	0.121938541799999994
4394523800	-0.115596383699999999	0.123644584399999993
4394543800	-0.116537237500000002	0.129504027299999991
4394563800	-0.118865055299999994	0.128226754999999998
4394583800	-0.113309244099999998	0.126417418499999989
4394603800	-0.110159495900000001	0.130430841399999997
4394623800	-0.113976844699999996	0.131274039199999998
4394643800	-0.113941293299999996	0.13105847000000001
4394663800	-0.112755947699999998	0.130878628899999988
4394683800	-0.107178090500000003	0.132429985299999997
4394703800	-0.113034593200000005	0.131846626999999994
4394723800	-0.1091671892	0.131419457500000003
4394743800	-0.109320247199999998	0.134819460700000004
4394763800	-0.105992234300000002	0.1344870762
4394783800	-0.109844413700000004	0.135124870600000002
4394803800	-0.104463492500000005	0.137891086400000001
4394823800	-0.102767560800000005	0.134883616600000006
4394843800	-0.103123226200000001	0.1380988675
4394863800	-0.100783580600000006	0.139767564900000002
4394883800	-0.100817554899999995	0.140377681300000001
4394903800	-0.101345726699999999	0.139352570799999992
4394923800	-0.0990316846000000028	0.137211331800000003
4394943800	-0.0989860778000000024	0.140064556000000007
4394963800	-0.0972642772999999933	0.14313684430000001
4394983800	-0.0972388525999999948	0.143929522899999995
4395003800	-0.0945075970999999931	0.139932685599999995
4395023800	-0.0933453384999999997	0.143142093599999992
4395043800	-0.0911079295000000039	0.144919955099999997
4395063800	-0.0918538945000000051	0.141793778300000006
4395083800	-0.087149143200000001	0.145313021399999992
4395103800	-0.0868913807000000066	0.146190677800000002
4395123800	-0.0862043286000000047	0.146588443799999996
4395143800	-0.0840904489999999977	0.143740790199999996
4395163800	-0.0882632747999999995	0.1484952353
4395183800	-0.085575993000000003	0.147410029800000009
4395203800	-0.0819133752999999937	0.152465689099999996
4395223800	-0.0794754470000000046	0.154612510000000009
4395243800	-0.0830739370999999949	0.151405923599999992
4395263800	-0.0782458287000000058	0.149429150499999996
4395283800	-0.073630824999999997	0.149361614000000004
4395303800	-0.0718655396999999946	0.15055395190000001
4395323800	-0.0689807265000000058	0.155356177699999987
4395343800	-0.0671195584999999956	0.149839150199999993
4395363800	-0.0674701786999999942	0.156459293100000008
4395383800	-0.0666691980999999934	0.158776566000000008
4395403800	-0.0610329356999999989	0.151634485200000002
4395423800	-0.0591155003999999998	0.154425327400000006
4395443800	-0.0615447731999999997	0.153192569400000006
4395463800	-0.0536922805000000017	0.155273059200000008
4395483800	-0.0505231189999999983	0.155185433099999992
4395503800	-0.0504293716000000017	0.153624027100000005
4395523800	-0.0458191223000000009	0.153269392100000013
4395543800	-0.0431854826999999997	0.154327874700000006
4395563800	-0.0388122678000000013	0.154988813100000011
4395583800	-0.0359425287999999982	0.151582775700000005
4395603800	-0.0298363817999999989	0.149720630599999988
4395623800	-0.0213169945999999999	0.147582002399999995
4395643800	-0.0170964247000000014	0.143611720500000012
4395663800	-0.0131825801000000006	0.13997892910000001
4395683800	-0.00970151089999999987	0.13185215010000001
4395703800	-0.000842217799999999978	0.126321309900000012
4395723800	-0.00476087160000000006	0.111851986099999995
4395743800	0.00267989840000000014	0.100363527100000002
4395763800	-0.00203652530000000007	0.0894177238999999957
4395783800	-0.00564341149999999982	0.0736367886000000027
4395803800	-0.0138292538	0.0612849404000000014
4395823800	-0.0304761293000000016	0.0510037913999999981
4395843800	-0.0443850256000000026	0.0490585155999999981
4395863800	-0.0591603808999999967	0.054528077799999998
4395883800	-0.0763186061000000054	0.0565968115999999979
4395903800	-0.0857053029999999966	0.0607132676000000024
4395923800	-0.0934117324999999971	0.0694940901999999971
4395943800	-0.0935834058999999996	0.0781189828999999947
4395963800	-0.100998210500000005	0.0865983919000000019
4395983800	-0.1025129387	0.0912608372000000001
4396003800	-0.104619570800000006	0.102429054500000005
4396023800	-0.100945479800000001	0.102938045699999994
4396043800	-0.102305151699999999	0.111044965600000003
4396063800	-0.103232072899999999	0.113791925899999993
4396083800	-0.0985519249999999986	0.122187435999999996
4396103800	-0.0966613182999999931	0.122305513800000001
4396123800	-0.0973091804000000005	0.123813478899999996
4396143800	-0.0976022455000000039	0.128145461500000002
4396163800	-0.0912744669000000036	0.130148317099999994
4396183800	-0.096573168599999995	0.131276412499999995
4396203800	-0.091170493800000002	0.138318359700000004
4396223800	-0.0883833086000000018	0.134104584500000013
4396243800	-0.0882260559999999971	0.137551847599999999
4396263800	-0.0881644305999999961	0.142264486999999995
4396283800	-0.0842360912000000017	0.14136617239999999
4396303800	-0.0827653520000000004	0.142076079200000011
4396323800	-0.0812390124000000047	0.14382061069999999
4396343800	-0.082938313400000005	0.147958924999999991
4396363800	-0.0761682575999999972	0.144003331799999995
4396383800	-0.0800266084999999988	0.151062526100000011
4396403800	-0.0803583763000000062	0.150072690199999997
4396423800	-0.0724621520999999963	0.149971901200000007
4396443800	-0.0722797584000000048	0.152860986199999993
4396463800	-0.0728007330000000064	0.14944290939999999
4396483800	-0.0703396060999999934	0.153415630800000008
4396503800	-0.0686342927999999963	0.153672523700000008
4396523800	-0.0716849472000000015	0.153090438200000012
4396543800	-0.0710686766999999997	0.152083291300000006
4396563800	-0.069063530299999995	0.155096878100000002
4396583800	-0.0648188710999999945	0.155209249299999991
4396603800	-0.0641703631999999968	0.155698645100000005
4396623800	-0.0627341116999999976	0.155600575699999993
4396643800	-0.0640637029000000052	0.160028150000000008
4396663800	-0.0620980017000000023	0.155419267400000005
4396683800	-0.0578899313000000026	0.160216831300000001
4396703800	-0.0585923615999999967	0.162771702099999999
4396723800	-0.057683674499999997	0.161243563899999998
4396743800	-0.0553250809999999982	0.162004322400000011
4396763800	-0.0558770690000000014	0.160233114900000001
4396783800	-0.0569699190000000008	0.160727219599999999
4396803800	-0.0527091079999999976	0.163737397400000012
4396823800	-0.0516369134999999993	0.1630294256
4396843800	-0.0500729260999999981	0.161301010599999989
4396863800	-0.0535320182999999977	0.163375484799999998
4396883800	-0.045843863700000001	0.165385736000000005
4396903800	-0.0476696123999999985	0.167994879900000005
4396923800	-0.0470075546000000011	0.163641118899999993
4396943800	-0.045703988600000002	0.164683559600000001
4396963800	-0.045389714099999999	0.164153418100000004
4396983800	-0.0439460987999999997	0.163758043800000003
4397003800	-0.0423791826000000024	0.165968118100000006
4397023800	-0.0388026583000000008	0.166623340600000003
4397043800	-0.0409891132000000033	0.169727956699999988
4397063800	-0.0390905466999999993	0.169631637499999988
4397083800	-0.0379361733000000007	0.165428217500000002
4397103800	-0.0325589562999999971	0.166636102199999997
4397123800	-0.0359104940000000011	0.167237579200000014
4397143800	-0.0395474416999999981	0.166283137599999992
4397163800	-0.0322868467000000034	0.167177540900000005
4397183800	-0.0342131483000000028	0.169133715200000007
4397203800	-0.0317738768000000033	0.166846203199999987
4397223800	-0.0254013919000000005	0.168333356600000011
4397243800	-0.0311353943000000008	0.168800363600000003
4397263800	-0.0300816780999999984	0.170731804699999989
4397283800	-0.0271553848999999993	0.165937550500000003
4397303800	-0.0287757849000000003	0.170378620300000005
4397323800	-0.0273271846999999998	0.172734894100000008
4397343800	-0.0279164221000000011	0.1679806935
4397363800	-0.0262413999000000002	0.171079616099999998
4397383800	-0.0249690395999999995	0.171174314500000008
4397403800	-0.020662082200000001	0.17099755559999999
4397423800	-0.0179889508000000004	0.170190259099999991
4397443800	-0.0236774732000000002	0.170764966299999987
4397463800	-0.0141625147999999996	0.169907883799999992
4397483800	-0.0152495111999999995	0.167512342400000014
4397503800	-0.0156227928999999998	0.171960627799999988
4397523800	-0.0151184179999999998	0.169684330999999994
4397543800	-0.0169302064000000016	0.168930410899999994
4397563800	-0.0143986032999999999	0.171926811499999999
4397583800	-0.0148247168999999998	0.167122896500000007
4397603800	-0.0112759708	0.171111190800000007
4397623800	-0.0119747280000000005	0.172961800700000001
4397643800	-0.0121329579999999992	0.169704301199999991
4397663800	-0.0101248850000000001	0.173641286000000006
4397683800	-0.00947723680000000027	0.170662110899999997
4397703800	-0.00630724279999999964	0.172264478999999998
4397723800	-0.00904518510000000033	0.174180151300000002
4397743800	-0.0040823980999999997	0.174906718799999999
4397763800	-0.00400947020000000029	0.17284642489999999
4397783800	-0.0059058835000000004	0.16848668
4397803800	-0.00126819099999999989	0.173772356300000014
4397823800	-0.00416255269999999972	0.170809167200000001
4397843800	-0.00159925559999999994	0.17185369989999999
4397863800	0.00473752559999999958	0.170045688499999986
4397883800	0.00182697330000000007	0.171858556100000004
4397903800	0.00323733880000000003	0.173164610699999999
4397923800	-9.56286999999999947e-05	0.171306160600000007
4397943800	0.00316960830000000008	0.170799261099999988
4397963800	0.00560909100000000008	0.171871680299999996
4397983800	0.000632772299999999972	0.169132950799999987
4398003800	0.00361443020000000014	0.17133997170000001
4398023800	0.0059357339999999998	0.174936135900000012
4398043800	0.00848235060000000068	0.175078681799999997
4398063800	0.00683896109999999977	0.174208395200000005
4398083800	0.00916163910000000054	0.174663010300000004
4398103800	0.0108385648000000005	0.171566992700000004
4398123800	0.0102594142000000006	0.170728073899999999
4398143800	0.0127191613000000002	0.168914763200000012
4398163800	0.0161127237000000013	0.170816849599999987
4398183800	0.0153290005000000003	0.174599650899999986
4398203800	0.0165224427999999986	0.168326113500000013
4398223800	0.016509206299999999	0.171896148700000001
4398243800	0.0207527186000000009	0.169533175499999994
4398263800	0.0190299573000000007	0.173150235600000008
4398283800	0.0204915258000000003	0.172121073699999988
4398303800	0.0198148271000000015	0.172309362599999988
4398323800	0.020658557000000001	0.172110478099999992
4398343800	0.0215109664000000013	0.168705106699999996
4398363800	0.0235607320000000009	0.168243654200000009
4398383800	0.0233901608000000004	0.167592958099999995
4398403800	0.0231140409000000005	0.170575327500000012
4398423800	0.0266560366999999999	0.17191784730000001
4398443800	0.0295574614999999999	0.172445301599999989
4398463800	0.0259469290999999984	0.170502462800000004
4398483800	0.031678320900000001	0.170675287499999995
4398503800	0.0301155243999999996	0.168726396000000001
4398523800	0.0282791247000000016	0.171432683899999994
4398543800	0.031763250899999998	0.170801830200000004
4398563800	0.0301018387999999991	0.169150013999999987
4398583800	0.0354815822000000003	0.169321468199999992
4398603800	0.0326861919000000015	0.168888385899999993
4398623800	0.0323058873999999968	0.173077747599999998
4398643800	0.0373599173999999978	0.16863347640000001
4398663800	0.0369961010000000035	0.173388330899999998
4398683800	0.0370261420999999993	0.167981104900000011
4398703800	0.0375503371999999988	0.167504456800000007
4398723800	0.0395579091999999979	0.170031878100000006
4398743800	0.0359170491000000008	0.167787188300000001
4398763800	0.0419079896000000007	0.168489045799999987
4398783800	0.0428030674999999999	0.166184856299999989
4398803800	0.0433590116999999983	0.166923057600000008
4398823800	0.0400076626000000005	0.166188980099999994
4398843800	0.0436868996999999967	0.168650452700000009
4398863800	0.0440483403000000023	0.167652034300000002
4398883800	0.0426577033999999966	0.167942997300000008
4398903800	0.0450589279999999981	0.163343516800000005
4398923800	0.0475385077000000031	0.1663681729
4398943800	0.0471279781999999967	0.165434035499999993
4398963800	0.0483070088999999966	0.163064043900000011
4398983800	0.0489882207000000014	0.167180498600000005
4399003800	0.0500531687999999989	0.163742501600000007
4399023800	0.0505639157999999977	0.161806267100000012
4399043800	0.0502902293999999972	0.165555555800000004
4399063800	0.052948941200000002	0.162712020200000002
4399083800	0.0576369049000000008	0.162920055600000002
4399103800	0.0590356754000000011	0.159725126999999995
4399123800	0.0595343675999999988	0.163227360099999996
4399143800	0.0537539395000000003	0.166306902499999992
4399163800	0.0571184713000000011	0.160585629400000013
4399183800	0.0583829010000000009	0.159327883700000006
4399203800	0.0587046412999999989	0.163661215100000007
4399223800	0.0633301183000000018	0.162088318700000011
4399243800	0.0646778996999999994	0.161941284600000013
4399263800	0.066099198900000003	0.159327686699999999
4399283800	0.0655964839000000022	0.156447878000000012
4399303800	0.0631843150999999992	0.159262131000000001
4399323800	0.0648201719999999953	0.158679429799999994
4399343800	0.0665204981000000056	0.161301118399999999
4399363800	0.0655272581999999937	0.158585408600000005
4399383800	0.0670525379999999949	0.161629413500000013
4399403800	0.0656292395000000056	0.156405260800000001
4399423800	0.0690809032999999961	0.156628582099999997
4399443800	0.0671859759000000001	0.158146772600000013
4399463800	0.0705494532000000008	0.158532716399999996
4399483800	0.0732097978999999982	0.158771779599999996
4399503800	0.0701564063000000016	0.156677867400000004
4399523800	0.0745795595999999977	0.156285284200000013
4399543800	0.0762494497999999937	0.160663008800000007
4399563800	0.074341446699999994	0.152988527000000013
4399583800	0.0720911558999999952	0.156051539999999989
4399603800	0.076443577400000004	0.153926401099999999
4399623800	0.0795391396000000028	0.152206497999999996
4399643800	0.0764537450999999979	0.15293080810000001
4399663800	0.0736547139999999961	0.153986816800000009
4399683800	0.0771331487999999954	0.153153470200000003
4399703800	0.0779428154999999984	0.1528686769
4399723800	0.0791296395000000014	0.150499331399999992
4399743800	0.0839013244999999991	0.151397820799999999
4399763800	0.0788186312000000028	0.148962174499999989
4399783800	0.0847206850999999983	0.146836825599999998
4399803800	0.0862790204000000033	0.149104509800000007
4399823800	0.0847754096999999984	0.150548610299999996
4399843800	0.0870536709000000047	0.146949658600000005
4399863800	0.0835819488999999943	0.149237243299999989
4399883800	0.0889827960000000029	0.146960153700000012
4399903800	0.0896210338999999939	0.147775982299999997
4399923800	0.0891853298999999988	0.147680431899999992
4399943800	0.0912879431000000047	0.147764087699999991
4399963800	0.0897768963000000059	0.145238233299999991
4399983800	0.0903054355000000031	0.143114579600000014
4400003800	0.0929479299999999981	0.147091992100000013
4400023800	0.0933684909999999979	0.144988642499999987
4400043800	0.0950599168999999994	0.144891887500000011
4400063800	0.0919832014000000059	0.145014320700000005
4400083800	0.0934538523999999954	0.144205079600000008
4400103800	0.0952474635999999986	0.145263534400000005
4400123800	0.0979193569999999985	0.146517422499999994
4400143800	0.100503254900000005	0.142915855300000005
4400163800	0.0984076509999999988	0.144394258199999986
4400183800	0.097486980599999995	0.137399769700000007
4400203800	0.0985367674999999971	0.136227489099999988
4400223800	0.0996124778000000016	0.141719900600000004
4400243800	0.103016102900000003	0.140802197399999995
4400263800	0.102555327200000004	0.13726508409999999
4400283800	0.102647271600000006	0.13783108329999999
4400303800	0.0975497094999999981	0.138044766699999988
4400323800	0.106123152100000007	0.135887814800000006
4400343800	0.1035088121	0.13359585060000001
4400363800	0.104706643899999993	0.136954055800000002
4400383800	0.105458942700000002	0.141319990099999987
4400403800	0.105872645099999996	0.135705057099999998
4400423800	0.108612953200000001	0.136569561000000006
4400443800	0.103928672999999999	0.134516529200000012
4400463800	0.106960861000000004	0.137888301099999999
4400483800	0.110438235400000001	0.133892565299999988
4400503800	0.108327920499999994	0.131926892800000001
4400523800	0.114465838599999994	0.131163977799999998
4400543800	0.112666981700000002	0.129113593299999996
4400563800	0.111328397800000006	0.134570691399999998
4400583800	0.112111704399999998	0.13087812800000001
4400603800	0.114614951100000001	0.129431990899999988
4400623800	0.112875165400000005	0.126826027000000008
4400643800	0.115128720500000004	0.128559149499999997
4400663800	0.116891088300000001	0.131654444799999992
4400683800	0.117060101099999994	0.125040704000000003
4400703800	0.114419207999999994	0.127958962199999998
4400723800	0.117305556800000002	0.12515734349999999
4400743800	0.118041265899999998	0.127438181099999992
4400763800	0.122144177800000003	0.124956298300000004
4400783800	0.119290913600000006	0.120727666900000002
4400803800	0.124176172700000004	0.123000674500000004
4400823800	0.117418043400000005	0.124865237399999995
4400843800	0.123490369700000005	0.121000165300000004
4400863800	0.123335060400000002	0.120283609499999999
4400883800	0.1226311977	0.116709859499999999
4400903800	0.126494534699999994	0.121627130400000005
4400923800	0.125182788500000003	0.117457449000000005
4400943800	0.124777974	0.122960424200000001
4400963800	0.123674678900000001	0.117246165099999994
4400983800	0.125884648399999993	0.121109914400000004
4401003800	0.123840967999999996	0.115969502899999993
4401023800	0.125401096200000006	0.114787294999999998
4401043800	0.126705284899999993	0.119891792999999997
4401063800	0.127171342900000012	0.114915186200000005
4401083800	0.125809699100000005	0.114621942899999996
4401103800	0.129874864400000012	0.115718863199999994
4401123800	0.131976259200000001	0.112248052200000004
4401143800	0.131579650100000001	0.113182371399999995
4401163800	0.131948402299999989	0.110743336100000006
4401183800	0.130615556800000004	0.109591977199999996
4401203800	0.128287595199999993	0.109652683000000001
4401223800	0.1348278594	0.111012112999999996
4401243800	0.130217069500000004	0.108541936300000003
4401263800	0.133298011299999991	0.108736951299999995
4401283800	0.134409177699999993	0.105944336900000005
4401303800	0.13241147419999999	0.106334800100000001
4401323800	0.135645840500000003	0.108146204699999998
4401343800	0.134844270399999994	0.107479480500000002
4401363800	0.136487149899999993	0.104086557499999996
4401383800	0.1361815267	0.102923900200000001
4401403800	0.133408026799999996	0.106088610700000002
4401423800	0.143196435399999988	0.105652734900000003
4401443800	0.140077938000000013	0.103394823799999994
4401463800	0.139553661899999987	0.100984128899999998
4401483800	0.138659930900000006	0.0997149214999999978
4401503800	0.141262127500000001	0.105106482400000006
4401523800	0.139931853599999989	0.0989152930999999958
4401543800	0.141070813699999992	0.0993778010999999961
4401563800	0.139901736299999996	0.0974578145999999979
4401583800	0.138418482700000012	0.0979109138999999934
4401603800	0.143949875100000013	0.100534695100000002
4401623800	0.142918169000000012	0.0969993343000000036
4401643800	0.143468190699999998	0.0941222745999999999
4401663800	0.1448612024	0.0953229763999999952
4401683800	0.145891251100000008	0.0935771402000000058
4401703800	0.144293293299999986	0.0908275481000000023
4401723800	0.145770095999999988	0.0912737923000000034
4401743800	0.142737042099999989	0.0935265168000000008
4401763800	0.148859232300000005	0.0926915388999999951
4401783800	0.150601722500000007	0.0912869406999999994
4401803800	0.145000296100000009	0.0874571801999999981
4401823800	0.145387506999999999	0.0873864666999999984
4401843800	0.146011914100000001	0.0847261933999999967
4401863800	0.14957089870000001	0.089907013600000002
4401883800	0.146920320999999993	0.0889933292999999931
4401903800	0.149932398200000011	0.0844035536000000003
4401923800	0.149247079499999991	0.0831909737000000038
4401943800	0.149743817800000012	0.0831724687000000018
4401963800	0.149501031799999989	0.0810542040000000047
4401983800	0.150313064200000013	0.0798029385000000036
4402003800	0.151996488399999991	0.0842572932999999941
4402023800	0.153497958999999989	0.0819990347999999952
4402043800	0.148680559600000012	0.0782971030000000068
4402063800	0.154215432799999996	0.0806170811999999959
4402083800	0.154253622700000009	0.0782759150000000015
4402103800	0.152558067999999991	0.0739558409
4402123800	0.152423637199999989	0.0757662907000000024
4402143800	0.152928589199999992	0.0781188465999999998
4402163800	0.156541835600000012	0.0751832731000000032
4402183800	0.156946901299999997	0.073371999800000004
4402203800	0.158387798400000002	0.0755650327000000066
4402223800	0.154081383900000007	0.0743975265999999996
4402243800	0.156550872300000005	0.0722187202999999972
4402263800	0.158899598000000003	0.0711522287000000003
4402283800	0.157922453900000009	0.0698712449000000041
4402303800	0.155336221599999991	0.073454652800000006
4402323800	0.155219426299999991	0.0688869180999999997
4402343800	0.158854729400000005	0.0686566581999999981
4402363800	0.153322913199999994	0.0671656458000000067
4402383800	0.157195461399999986	0.0680569057999999977
4402403800	0.156016981299999996	0.0670284203999999967
4402423800	0.157393063100000008	0.0643446074999999978
4402443800	0.159584677799999991	0.0615319319000000031
4402463800	0.160603140300000002	0.0628981467000000044
4402483800	0.163577457300000007	0.0638343989000000056
4402503800	0.159230868899999989	0.0607924171000000027
4402523800	0.161382282300000013	0.0584100123000000013
4402543800	0.159357330800000002	0.0594044773000000012
4402563800	0.161088766200000011	0.0588820125999999985
4402583800	0.16318741149999999	0.0569674158999999986
4402603800	0.16238150409999999	0.0551451821999999967
4402623800	0.161791989500000011	0.0558773319000000004
4402643800	0.158985091500000009	0.0536639954999999988
4402663800	0.160203488499999991	0.055366755400000002
4402683800	0.1638329221	0.0535261990999999979
4402703800	0.162016685100000002	0.0513490904999999997
4402723800	0.164308985600000013	0.055251101900000002
4402743800	0.163821508899999996	0.055523946400000003
4402763800	0.167647310999999993	0.0492634101000000019
4402783800	0.165683290399999988	0.047805125900000002
4402803800	0.162476213700000011	0.0533583141999999996
4402823800	0.164593033100000008	0.0455934454000000017
4402843800	0.162668568399999991	0.0470156123000000023
4402863800	0.167967183999999992	0.0490892969000000026
4402883800	0.166204225700000013	0.045038486099999997
4402903800	0.166549767600000009	0.0442487485999999985
4402923800	0.1634178939	0.0463937088999999969
4402943800	0.168441715399999997	0.0430260514000000011
4402963800	0.169299467600000003	0.0440629373000000005
4402983800	0.164839840500000001	0.0396615771999999991
4403003800	0.165648729100000003	0.0399878872000000024
4403023800	0.165912887499999995	0.0418526143000000003
4403043800	0.166373847299999988	0.0400918535999999978
4403063800	0.170686634000000004	0.0350667902999999975
4403083800	0.168864223300000005	0.0376738482999999999
4403103800	0.169295408000000008	0.039791960799999998
4403123800	0.168117010499999997	0.0336785772999999983
4403143800	0.16945509110000001	0.0335373745000000015
4403163800	0.167179690600000014	0.0351293197000000015
4403183800	0.166290119900000005	0.0322019959999999966
4403203800	0.165733776100000008	0.0329198742999999988
4403223800	0.167929046400000004	0.0304889718000000004
4403243800	0.16461137649999999	0.0277829245000000002
4403263800	0.168599991100000013	0.0284132001999999988
4403283800	0.168971509200000009	0.0282148446999999983
4403303800	0.170688317899999997	0.0282271086999999997
4403323800	0.1728991681	0.0265601377
4403343800	0.172465808100000006	0.0311332427999999987
4403363800	0.168466238299999987	0.0245552298000000016
4403383800	0.169572443699999992	0.0268437854000000004
4403403800	0.171400787199999988	0.0292964122
4403423800	0.171810832999999996	0.0234114722999999997
4403443800	0.168534064900000002	0.0199274602000000002
4403463800	0.169547131399999995	0.0243837194
4403483800	0.17145794889999999	0.0215354645999999983
4403503800	0.171580426099999989	0.0192845739000000009
4403523800	0.171768242200000004	0.0184748108000000015
4403543800	0.170511520400000005	0.0197477962000000007
4403563800	0.174117700900000005	0.0151238589000000003
4403583800	0.171831009000000007	0.0175949255000000006
4403603800	0.169161139699999991	0.0151093582000000008
4403623800	0.170331827999999991	0.016439918500000001
4403643800	0.17074027080000001	0.0114734053999999992
4403663800	0.170198281499999993	0.0138883675999999998
4403683800	0.170054367799999995	0.0101270565000000003
4403703800	0.173396221699999992	0.0104015870000000003
4403723800	0.172828270799999989	0.0106589017000000008
4403743800	0.172017011400000003	0.00918529790000000013
4403763800	0.168426311699999998	0.00894841860000000072
4403783800	0.168670437199999995	0.00725069680000000032
4403803800	0.171897850099999999	0.00583813200000000022
4403823800	0.167435815300000013	0.00655406539999999968
4403843800	0.172234886199999992	0.00526209319999999987
4403863800	0.17062561779999999	0.00507649830000000014
4403883800	0.17676485489999999	0.00310331019999999982
4403903800	0.171948025199999993	0.000953857700000000034
4403923800	0.1696682105	0.000619040600000000051
4403943800	0.175029283199999997	0.000583336500000000008
4403963800	0.167652288700000013	0.000310188199999999992
4403983800	0.173222638200000001	-0.00259426110000000008
4404003800	0.172103162199999993	-0.00484827369999999997
4404023800	0.17332623459999999	-0.0042455714000000002
4404043800	0.1713766444	-0.00448514310000000006
4404063800	0.171868143400000006	-0.00471996120000000002
4404083800	0.170948415500000006	-0.00524556559999999998
4404103800	0.173333285700000006	-0.00645157679999999994
4404123800	0.174512483299999993	-0.00857589840000000034
4404143800	0.1702849736	-0.00986170859999999962
4404163800	0.169607418199999999	-0.00985492970000000079
4404183800	0.169521689499999989	-0.0111657422000000003
4404203800	0.170422543499999996	-0.0135061387999999994
4404223800	0.17313677059999999	-0.0173836204999999987
4404243800	0.168591432200000002	-0.00942117060000000062
4404263800	0.168407062699999999	-0.00951940249999999946
4404283800	0.171354555900000011	-0.0154267298000000004
4404303800	0.174193664400000003	-0.0163858007999999992
4404323800	0.170136668500000005	-0.0143551380999999995
4404343800	0.171911691799999988	-0.0174187163999999992
4404363800	0.170750821800000008	-0.0178292562999999987
4404383800	0.168842279499999998	-0.0209365157000000017
4404403800	0.171823869099999998	-0.0211856708999999983
4404423800	0.170684915500000006	-0.0224109255999999993
4404443800	0.172117090299999997	-0.0241134344999999993
4404463800	0.16835986180000001	-0.0264011899000000001
4404483800	0.172013417800000012	-0.0233556115000000016
4404503800	0.170342360599999992	-0.0279519106999999989
4404523800	0.168139095900000007	-0.0256476045000000007
4404543800	0.173674682400000002	-0.025678676000000001
4404563800	0.172154807699999995	-0.0269512917000000012
4404583800	0.1716323877	-0.0303971681000000001
4404603800	0.169645045699999997	-0.0281219673000000017
4404623800	0.171631011100000008	-0.0281127281999999992
4404643800	0.167593955999999988	-0.0307438124999999986
4404663800	0.16897413750000001	-0.0331687682999999983
4404683800	0.169424023000000007	-0.0318151159000000031
4404703800	0.167701129300000001	-0.0329122218999999966
4404723800	0.168753549899999994	-0.031416470299999999
4404743800	0.170648215399999997	-0.0344605446999999981
4404763800	0.171531042500000008	-0.0372697151999999976
4404783800	0.1716812536	-0.0388187475000000004
4404803800	0.165209738800000006	-0.0369072176000000002
4404823800	0.166729580799999999	-0.0344668720000000026
4404843800	0.170090483999999986	-0.036635101500000003
4404863800	0.166670551800000011	-0.0395209498000000034
4404883800	0.169930871099999992	-0.0418828798000000016
4404903800	0.164679955699999991	-0.0416294460000000005
4404923800	0.166672976400000006	-0.0381973224999999986
4404943800	0.168425717400000008	-0.0475789002999999974
4404963800	0.167319481999999992	-0.0436397273000000002
4404983800	0.166905730400000007	-0.046686140299999998
4405003800	0.16372068070000001	-0.0483542
4405023800	0.163301676499999993	-0.0454089531999999976
4405043800	0.165122310900000013	-0.0446182701999999973
4405063800	0.16374142559999999	-0.0499106818000000022
4405083800	0.166014725700000004	-0.0487699180999999968
4405103800	0.168211534299999993	-0.0486365339000000008
4405123800	0.161442003899999992	-0.0497986441999999987
4405143800	0.1643213808	-0.0504916093999999982
4405163800	0.166066132700000008	-0.0457686227999999987
4405183800	0.161956908499999996	-0.0523869814999999989
4405203800	0.163640576199999999	-0.0535421179999999997
4405223800	0.163657526899999989	-0.0564793665000000028
4405243800	0.165613718100000001	-0.0541029400000000021
4405263800	0.162279754500000012	-0.0568293124999999996
4405283800	0.1631800115	-0.0578923329999999972
4405303800	0.161608545699999995	-0.0571816143000000027
4405323800	0.16002473510000001	-0.0561235300999999992
4405343800	0.15976369909999999	-0.0601255507000000022
4405363800	0.160902636999999987	-0.0624735807999999976
4405383800	0.158162550499999999	-0.0615445833999999983
4405403800	0.162077395499999999	-0.0609839355000000027
4405423800	0.1613212017	-0.0619438752999999995
4405443800	0.1582552448	-0.0651589211999999973
4405463800	0.159995815499999999	-0.0654720624999999973
4405483800	0.157738228600000002	-0.0637136455999999934
4405503800	0.162019812900000004	-0.0638595148000000029
4405523800	0.156973358400000013	-0.0683717355000000027
4405543800	0.158715920600000004	-0.0704385852999999951
4405563800	0.159309724399999991	-0.0697987766999999953
4405583800	0.158422203600000006	-0.0698308967000000058
4405603800	0.159611450300000013	-0.0714274666999999974
4405623800	0.155344048600000006	-0.0709851115000000032
4405643800	0.1529053685	-0.0708070556000000018
4405663800	0.156896643899999993	-0.0691902176000000063
4405683800	0.156607305700000005	-0.0722734973999999974
4405703800	0.152193026199999998	-0.0733528385000000033
4405723800	0.155145544999999996	-0.0760179329000000015
4405743800	0.151080195100000009	-0.0778001125000000043
4405763800	0.155189256299999995	-0.0782091986999999961
4405783800	0.156306769000000012	-0.0734390245000000053
4405803800	0.1553732632	-0.0789638842000000007
