# freq, I e Q
5719378213	0.24880433569999999	-0.189040338700000005
5719381213	0.248058444699999991	-0.185914543799999998
5719384213	0.250755872699999993	-0.184799894999999992
5719387213	0.251229778199999976	-0.187975028999999988
5719390213	0.250493754600000007	-0.187756496200000011
5719393213	0.249200243900000007	-0.186956883800000001
5719396213	0.248560276999999996	-0.190492221600000011
5719399213	0.253736817800000014	-0.186789236299999994
5719402213	0.252915746800000008	-0.193936690800000006
5719405213	0.248812075500000007	-0.188958720100000005
5719408213	0.247867826699999988	-0.192380082000000008
5719411213	0.251000236300000013	-0.192981246899999986
5719414213	0.248630643600000006	-0.189145344500000007
5719417213	0.251072071600000002	-0.193344507700000001
5719420213	0.24603972939999999	-0.190114286800000004
5719423213	0.245408888900000011	-0.191294181499999993
5719426213	0.245424492200000011	-0.192684218600000012
5719429213	0.251008113300000002	-0.191731908899999998
5719432213	0.243542289299999992	-0.192370486899999998
5719435213	0.246291081899999986	-0.194619181800000013
5719438213	0.24566968489999999	-0.196796089099999988
5719441213	0.243182619099999997	-0.191037369099999993
5719444213	0.241608082299999999	-0.192512385400000013
5719447213	0.247811338200000009	-0.195300139699999986
5719450213	0.245392944400000007	-0.197102517300000002
5719453213	0.245120341800000002	-0.193248789199999993
5719456213	0.242351501599999991	-0.19502990910000001
5719459213	0.24227654039999999	-0.197992673300000005
5719462213	0.243397322500000013	-0.193189940599999999
5719465213	0.244581201999999998	-0.19821125140000001
5719468213	0.244952472100000013	-0.1986843254
5719471213	0.241696105599999989	-0.196727906899999999
5719474213	0.242125848199999993	-0.196826222800000006
5719477213	0.242622755699999998	-0.199044993000000003
5719480213	0.24273671229999999	-0.197606283599999988
5719483213	0.242278541099999994	-0.198908011500000009
5719486213	0.240574764899999988	-0.198644468399999996
5719489213	0.240740776600000012	-0.198608855800000011
5719492213	0.240425969200000006	-0.197935453300000008
5719495213	0.234871012500000004	-0.201853274299999996
5719498213	0.240437801400000012	-0.203422241799999987
5719501213	0.240207504900000007	-0.202368923199999995
5719504213	0.238627770200000006	-0.20146640569999999
5719507213	0.241424514300000004	-0.199361215099999989
5719510213	0.242037142600000005	-0.200811571200000011
5719513213	0.240968701600000001	-0.202967707200000014
5719516213	0.238877177800000007	-0.204828705700000002
5719519213	0.238651233500000004	-0.200847102299999997
5719522213	0.236083681900000009	-0.199968859400000004
5719525213	0.233800977599999987	-0.204696514999999996
5719528213	0.236092939700000004	-0.202218799000000005
5719531213	0.236746990600000012	-0.202325343399999996
5719534213	0.240894359100000011	-0.202881393100000001
5719537213	0.236302263200000001	-0.201611838900000007
5719540213	0.236111370099999995	-0.202896647399999991
5719543213	0.23788164719999999	-0.203872439500000002
5719546213	0.235014005299999995	-0.203870463599999996
5719549213	0.234664759299999998	-0.20653485190000001
5719552213	0.233093145299999999	-0.204770481700000007
5719555213	0.235503266500000003	-0.206677821000000012
5719558213	0.230544790599999994	-0.20551938480000001
5719561213	0.231090847999999988	-0.204616755700000014
5719564213	0.233173779599999992	-0.207791197399999988
5719567213	0.234363757300000003	-0.2049022432
5719570213	0.230613977199999987	-0.208480299600000002
5719573213	0.234770776399999992	-0.203369588500000004
5719576213	0.230838926899999991	-0.20800332660000001
5719579213	0.22580338820000001	-0.20901176199999999
5719582213	0.229814776999999998	-0.207732882199999996
5719585213	0.232837155399999995	-0.209262297000000014
5719588213	0.231735175099999996	-0.205755323699999992
5719591213	0.232626098199999992	-0.204891901200000004
5719594213	0.229262671499999987	-0.207182477199999993
5719597213	0.233743457999999987	-0.208726218600000013
5719600213	0.2305304829	-0.212129427199999998
5719603213	0.231376702399999995	-0.21101888290000001
5719606213	0.232589569299999993	-0.210111417999999994
5719609213	0.227992261800000012	-0.211066470899999997
5719612213	0.228156838899999992	-0.213501101700000001
5719615213	0.22560986890000001	-0.213416406700000005
5719618213	0.229608987300000011	-0.211152381700000003
5719621213	0.229716966200000011	-0.21307760710000001
5719624213	0.226544907200000006	-0.214143189499999997
5719627213	0.227415610699999993	-0.212343546299999991
5719630213	0.22325332040000001	-0.211939384199999997
5719633213	0.228061905799999992	-0.211692874400000008
5719636213	0.229450084800000009	-0.211323703800000012
5719639213	0.228454890599999988	-0.214392278399999997
5719642213	0.224392626499999998	-0.214360183799999993
5719645213	0.223479423399999988	-0.213317788799999991
5719648213	0.225501666299999987	-0.214267786300000013
5719651213	0.226171248299999988	-0.215385218999999989
5719654213	0.227357026600000012	-0.215888907600000013
5719657213	0.227796811200000004	-0.215054255299999997
5719660213	0.225736651399999988	-0.214865843100000009
5719663213	0.223332824900000004	-0.215445813000000014
5719666213	0.219149626699999989	-0.217656349199999988
5719669213	0.221041115099999991	-0.216952557500000004
5719672213	0.224930365800000004	-0.217751094099999987
5719675213	0.221273121999999989	-0.216008733199999997
5719678213	0.220162692999999993	-0.216462720299999994
5719681213	0.223770721400000011	-0.21830372079999999
5719684213	0.219463157900000011	-0.218023848500000006
5719687213	0.222830544999999991	-0.217176340999999995
5719690213	0.220146584099999987	-0.220858208499999986
5719693213	0.218515378799999993	-0.216433428799999994
5719696213	0.219197521400000012	-0.215822501800000011
5719699213	0.221383354799999987	-0.221317381899999999
5719702213	0.215058091600000001	-0.218158248299999996
5719705213	0.221099577600000013	-0.217658831999999997
5719708213	0.218913151899999991	-0.222203352699999995
5719711213	0.217336755399999998	-0.223235295299999997
5719714213	0.218556656999999988	-0.220781975699999994
5719717213	0.215050373999999989	-0.219195054400000006
5719720213	0.21750104440000001	-0.223541612100000009
5719723213	0.213875330700000005	-0.222469304400000012
5719726213	0.214211111499999995	-0.223000012299999995
5719729213	0.214478642800000008	-0.222137029900000005
5719732213	0.211561311800000013	-0.22824451870000001
5719735213	0.214716271799999997	-0.224394941200000003
5719738213	0.212839070399999997	-0.221660290700000012
5719741213	0.210558111200000009	-0.2238694772
5719744213	0.209039801599999991	-0.221211287300000004
5719747213	0.213584399300000005	-0.223697423799999989
5719750213	0.209389586799999999	-0.224306273899999992
5719753213	0.211537821399999992	-0.226706984899999991
5719756213	0.20949193960000001	-0.229786338899999998
5719759213	0.208001039299999996	-0.225181269299999987
5719762213	0.213337498799999997	-0.225496914800000003
5719765213	0.21431559850000001	-0.225457982000000001
5719768213	0.206801031800000007	-0.226663934700000014
5719771213	0.211159675699999994	-0.228696121000000002
5719774213	0.209486028500000004	-0.227501933099999998
5719777213	0.208725600300000008	-0.227802100899999999
5719780213	0.209465996200000004	-0.228851504099999992
5719783213	0.207020508500000006	-0.230441885799999996
5719786213	0.207684735199999998	-0.229647176300000005
5719789213	0.2011943343	-0.227966269199999988
5719792213	0.205111685200000005	-0.227495275100000005
5719795213	0.20415351100000001	-0.22995892309999999
5719798213	0.207181967699999997	-0.226419865899999989
5719801213	0.206317425800000009	-0.228825201000000006
5719804213	0.204641728699999997	-0.228167027900000013
5719807213	0.2038825742	-0.232817923799999993
5719810213	0.205779793900000008	-0.2359998237
5719813213	0.197957949999999994	-0.231606688199999994
5719816213	0.202623922699999987	-0.231550444599999988
5719819213	0.201346077600000006	-0.23462312090000001
5719822213	0.20177301219999999	-0.231092318699999993
5719825213	0.202066295300000004	-0.229382092900000001
5719828213	0.1984075213	-0.234238035499999997
5719831213	0.201886169700000007	-0.230859224499999988
5719834213	0.198935010200000012	-0.234068384099999999
5719837213	0.198547023699999992	-0.233056733699999991
5719840213	0.203029335499999991	-0.233671944900000012
5719843213	0.20102032680000001	-0.234119339399999987
5719846213	0.200700701499999995	-0.232038501899999999
5719849213	0.195972307000000012	-0.236559911699999986
5719852213	0.196548034099999991	-0.233930192199999998
5719855213	0.194674167600000003	-0.236212365099999988
5719858213	0.195659270299999993	-0.235838948200000009
5719861213	0.191466268899999986	-0.235437636899999997
5719864213	0.195265390300000008	-0.235614040800000007
5719867213	0.194010494000000006	-0.234780000600000011
5719870213	0.1946099996	-0.234820183399999993
5719873213	0.193893839300000009	-0.234175212100000002
5719876213	0.193233635699999989	-0.237337629299999991
5719879213	0.191642248399999993	-0.234780798900000004
5719882213	0.191986680200000009	-0.237886142599999989
5719885213	0.19158836709999999	-0.237981563199999996
5719888213	0.193617467799999998	-0.234194338400000007
5719891213	0.188386670499999992	-0.236723150999999993
5719894213	0.185889542200000007	-0.236687979500000006
5719897213	0.187784102799999991	-0.235787118399999995
5719900213	0.186737718800000008	-0.237317239000000013
5719903213	0.191033051300000006	-0.239301492199999993
5719906213	0.18790799359999999	-0.240378926399999998
5719909213	0.186668321999999998	-0.239268418799999993
5719912213	0.186267095900000013	-0.237366085599999999
5719915213	0.184629229199999995	-0.234152660900000004
5719918213	0.183510541700000002	-0.238823931200000006
5719921213	0.182320853799999988	-0.242463153399999992
5719924213	0.182180414699999987	-0.23994068930000001
5719927213	0.18203392530000001	-0.240355229799999986
5719930213	0.183354982299999997	-0.238666630600000013
5719933213	0.187927555699999999	-0.241168623199999987
5719936213	0.177564740599999993	-0.245232018699999998
5719939213	0.178033652200000003	-0.243669822199999997
5719942213	0.182151203399999989	-0.242105112300000008
5719945213	0.177920007299999988	-0.243505740700000001
5719948213	0.180837719799999991	-0.245729798999999999
5719951213	0.177067293399999992	-0.242602144800000002
5719954213	0.181826895999999988	-0.239235608900000007
5719957213	0.177695093700000001	-0.242812045599999998
5719960213	0.177330359999999992	-0.240278987400000005
5719963213	0.179328077899999994	-0.243892023600000007
5719966213	0.177837521299999995	-0.244892554699999987
5719969213	0.175448972099999989	-0.243017353399999997
5719972213	0.175094302899999998	-0.241780112999999991
5719975213	0.175701807500000001	-0.243265635600000002
5719978213	0.17284774289999999	-0.242516448400000001
5719981213	0.170825004000000003	-0.242485415199999998
5719984213	0.173807257100000001	-0.244426977600000012
5719987213	0.171691288299999995	-0.247712661400000006
5719990213	0.170585753899999998	-0.244148849899999992
5719993213	0.170287326099999997	-0.240937230299999999
5719996213	0.170117644799999995	-0.248864503600000009
5719999213	0.171548374599999998	-0.243183676099999996
5720002213	0.167672907399999987	-0.244774540200000001
5720005213	0.168786117799999996	-0.249888181600000009
5720008213	0.16437269530000001	-0.246305225500000002
5720011213	0.167956334200000001	-0.250204957200000022
5720014213	0.164509844900000007	-0.24644226050000001
5720017213	0.1649897008	-0.246721730800000011
5720020213	0.162300751100000001	-0.247429877699999995
5720023213	0.161664784199999995	-0.248349320799999995
5720026213	0.165695607599999989	-0.247713150800000004
5720029213	0.16365652180000001	-0.246845026400000001
5720032213	0.160451443100000007	-0.251144596100000006
5720035213	0.161588443999999998	-0.2463696571
5720038213	0.159916037099999991	-0.248131729400000001
5720041213	0.158587919500000007	-0.250534911699999974
5720044213	0.160051637200000013	-0.2480526864
5720047213	0.161438077799999996	-0.247030518100000013
5720050213	0.156923283899999988	-0.246345211400000014
5720053213	0.160317602199999992	-0.249081163800000005
5720056213	0.156124776399999998	-0.248853832400000002
5720059213	0.158590828999999989	-0.249384419899999987
5720062213	0.1551610987	-0.24818892070000001
5720065213	0.156232183100000005	-0.249563417300000007
5720068213	0.152004813200000005	-0.247350223400000013
5720071213	0.153744927599999998	-0.250450809300000021
5720074213	0.148429328400000005	-0.250113271500000012
5720077213	0.151412669700000002	-0.252978697299999999
5720080213	0.152957256900000005	-0.252552365800000012
5720083213	0.154134627699999999	-0.250933380300000008
5720086213	0.1478855315	-0.247313372599999998
5720089213	0.146776032800000011	-0.24992668039999999
5720092213	0.14516822330000001	-0.250490020899999999
5720095213	0.148390902399999997	-0.252126190099999981
5720098213	0.146824598700000003	-0.2458118158
5720101213	0.144573178299999994	-0.248863457099999991
5720104213	0.142416631900000007	-0.2533594079
5720107213	0.144438995900000006	-0.249894054899999996
5720110213	0.140246532499999993	-0.249373730999999987
5720113213	0.142982548999999987	-0.251473299799999994
5720116213	0.140548938300000009	-0.254436157699999999
5720119213	0.140907328700000001	-0.251370087299999989
5720122213	0.138367120700000013	-0.255798271199999983
5720125213	0.139745730499999998	-0.250423051999999979
5720128213	0.134709240099999988	-0.250229575900000001
5720131213	0.137527086999999992	-0.248523718799999987
5720134213	0.134515624299999997	-0.250790218299999979
5720137213	0.135282820199999987	-0.25358073809999998
5720140213	0.132644884600000013	-0.250755541299999996
5720143213	0.134047410700000008	-0.248250866799999997
5720146213	0.136041098199999988	-0.2518183846
5720149213	0.132174990299999989	-0.252606434599999985
5720152213	0.129038706499999989	-0.250864357900000001
5720155213	0.126899107000000011	-0.253048892700000028
5720158213	0.125145276400000005	-0.250576146900000019
5720161213	0.128447751199999988	-0.24972241340000001
5720164213	0.128752655100000002	-0.248427311399999989
5720167213	0.126392459099999993	-0.254421051499999995
5720170213	0.126136978300000008	-0.249465837200000012
5720173213	0.122296150899999997	-0.250304544399999995
5720176213	0.122261305000000001	-0.250383241199999995
5720179213	0.122262502800000006	-0.247993460199999988
5720182213	0.123473273800000005	-0.249384777299999999
5720185213	0.119668771300000004	-0.248666335900000007
5720188213	0.119756764000000002	-0.248484340199999987
5720191213	0.117728020799999999	-0.250295485300000009
5720194213	0.119534666799999995	-0.248829707399999989
5720197213	0.118301972899999996	-0.248739301299999993
5720200213	0.115548591199999995	-0.247791791300000008
5720203213	0.115835308400000003	-0.248867312499999993
5720206213	0.115410549799999998	-0.245546187299999996
5720209213	0.111769739000000007	-0.247658102099999999
5720212213	0.114685367999999996	-0.24540968769999999
5720215213	0.113278442199999996	-0.247271284600000002
5720218213	0.110201260499999995	-0.245122726200000002
5720221213	0.111056904999999997	-0.246871282400000003
5720224213	0.107629082900000006	-0.247014370099999991
5720227213	0.1076194917	-0.244134721100000007
5720230213	0.110419524800000002	-0.242742927400000003
5720233213	0.1081577591	-0.247238690499999997
5720236213	0.104110267199999995	-0.248322159200000003
5720239213	0.102261477000000003	-0.248711391100000012
5720242213	0.102090237200000003	-0.245701524700000007
5720245213	0.102295440000000001	-0.246241291800000012
5720248213	0.0998375422999999984	-0.246953884900000004
5720251213	0.0987065171999999963	-0.244627367200000001
5720254213	0.100347159599999999	-0.241958593599999994
5720257213	0.100178957099999993	-0.241604977400000004
5720260213	0.100141027100000002	-0.247907771700000001
5720263213	0.097927848900000003	-0.241200728400000008
5720266213	0.0940593450000000025	-0.243189247899999988
5720269213	0.0943370330000000007	-0.245198709300000012
5720272213	0.0931215430999999955	-0.24265567469999999
5720275213	0.091235734299999996	-0.2465461558
5720278213	0.0905442065999999962	-0.240729978700000014
5720281213	0.0944124216999999988	-0.239159491000000002
5720284213	0.0914509124000000007	-0.242427079099999998
5720287213	0.0893211790999999949	-0.23693395519999999
5720290213	0.0864234578000000059	-0.237477916499999997
5720293213	0.0857787398000000034	-0.23782433489999999
5720296213	0.0847566993000000019	-0.240966665200000013
5720299213	0.0826997576000000068	-0.241870704399999997
5720302213	0.0827908225999999942	-0.238721320900000006
5720305213	0.0865365825000000005	-0.235316968799999998
5720308213	0.0851951615000000051	-0.234314659400000014
5720311213	0.0772708299999999987	-0.235730877599999999
5720314213	0.0814705269000000065	-0.229624900999999992
5720317213	0.0766843772000000007	-0.236709662399999993
5720320213	0.0771165104000000046	-0.236003202400000001
5720323213	0.0776535948000000031	-0.2314132089
5720326213	0.0762258041000000025	-0.233816131499999996
5720329213	0.0744430216000000061	-0.23156475600000001
5720332213	0.0716218787000000023	-0.232917864499999988
5720335213	0.0781324508000000029	-0.23021377970000001
5720338213	0.0727868235999999946	-0.233246736099999991
5720341213	0.0731424078999999977	-0.226610213899999996
5720344213	0.0683290797000000033	-0.230649824400000009
5720347213	0.0706130709000000051	-0.226163313599999999
5720350213	0.0703237706000000018	-0.229359131800000005
5720353213	0.0696334826000000046	-0.227529762999999996
5720356213	0.0676801706000000058	-0.226704308800000004
5720359213	0.0685780396000000014	-0.224235518500000008
5720362213	0.0684903468000000043	-0.222401423900000006
5720365213	0.0618041137000000032	-0.220067372099999992
5720368213	0.0622412034000000003	-0.220855485099999999
5720371213	0.0613820684999999977	-0.217942627
5720374213	0.0659029039999999983	-0.218247297300000004
5720377213	0.0596498556999999971	-0.217436639799999998
5720380213	0.0605290475999999966	-0.2155025421
5720383213	0.0591725040000000008	-0.213896259400000011
5720386213	0.0598273465999999976	-0.214511051300000005
5720389213	0.0535645515000000016	-0.213871951899999996
5720392213	0.0601443142	-0.214259276199999987
5720395213	0.0578400123000000002	-0.212352262699999988
5720398213	0.0549338160999999978	-0.209394033300000004
5720401213	0.0543520711999999975	-0.21017234609999999
5720404213	0.0514366024999999977	-0.211528983300000001
5720407213	0.0561053643000000019	-0.210454263599999997
5720410213	0.0544094348000000033	-0.206555139700000001
5720413213	0.0580800337999999999	-0.203205260199999987
5720416213	0.050369588899999998	-0.208325139500000006
5720419213	0.0487036732999999999	-0.202004923499999989
5720422213	0.0473230445000000013	-0.203764904299999994
5720425213	0.0512201856000000025	-0.199295481800000007
5720428213	0.0488257361999999973	-0.202605483100000011
5720431213	0.0485159656000000022	-0.196156952800000006
5720434213	0.0494122216000000003	-0.196699921
5720437213	0.0481581135000000021	-0.194852290399999989
5720440213	0.0471269332999999999	-0.195843149999999994
5720443213	0.0447588620000000034	-0.194029946799999992
5720446213	0.0437257375000000004	-0.192884546500000004
5720449213	0.0446003610999999994	-0.191607847400000003
5720452213	0.0443052977000000028	-0.190358345099999993
5720455213	0.0452046484999999998	-0.188870998699999987
5720458213	0.0427534925999999982	-0.183822331499999991
5720461213	0.0419138256999999972	-0.183624908100000012
5720464213	0.0438290993000000004	-0.181669279399999994
5720467213	0.0444384999999999988	-0.181932959899999996
5720470213	0.0413540820000000003	-0.181920071099999997
5720473213	0.0419767003999999971	-0.179249278300000009
5720476213	0.0404646608999999977	-0.180921356300000002
5720479213	0.0405922961000000013	-0.1804989226
5720482213	0.0427029520000000024	-0.176515630300000004
5720485213	0.0402612753999999975	-0.175059294300000001
5720488213	0.0367027208999999993	-0.173156294900000007
5720491213	0.0450245956000000017	-0.170285950600000013
5720494213	0.0362591614000000034	-0.167689789000000006
5720497213	0.0398715260999999987	-0.165832765399999998
5720500213	0.036508134400000003	-0.169756132899999995
5720503213	0.0396200508000000007	-0.165772310499999992
5720506213	0.0363783401000000034	-0.162685307800000012
5720509213	0.0399122446000000006	-0.162649748300000008
5720512213	0.0386381947000000031	-0.159076957600000013
5720515213	0.0391149380000000019	-0.157627073400000012
5720518213	0.0407060978000000004	-0.158974518700000012
5720521213	0.0413265509000000017	-0.157148030399999999
5720524213	0.0392907837999999995	-0.155792035500000009
5720527213	0.036476139099999999	-0.152759675499999997
5720530213	0.0372215246	-0.153720196499999989
5720533213	0.0403936111999999986	-0.14920205319999999
5720536213	0.0423261668999999965	-0.149627982500000006
5720539213	0.0394393227000000013	-0.14681241040000001
5720542213	0.0415349579000000024	-0.148501509199999993
5720545213	0.0440919441999999967	-0.144002495400000013
5720548213	0.0426974325000000002	-0.147457394399999997
5720551213	0.0455120852000000034	-0.145409788200000001
5720554213	0.0411540577999999976	-0.135856944000000007
5720557213	0.0401285648000000023	-0.139415849000000008
5720560213	0.0432634808999999981	-0.141108780600000011
5720563213	0.0424891692999999973	-0.135090652400000011
5720566213	0.0432213092000000021	-0.135267057200000013
5720569213	0.041966044600000002	-0.133451613899999988
5720572213	0.0450311882000000024	-0.132434000400000002
5720575213	0.0459396733999999987	-0.12876053979999999
5720578213	0.0481616246000000012	-0.133144360900000008
5720581213	0.0449598181	-0.124511746500000006
5720584213	0.0470442966000000004	-0.125053038000000005
5720587213	0.0456606682999999985	-0.121547793599999995
5720590213	0.0458801638999999997	-0.123162928800000002
5720593213	0.0497097563999999992	-0.121453609700000006
5720596213	0.0513006068000000023	-0.118529402699999994
5720599213	0.0525739586999999994	-0.120013347199999995
5720602213	0.0476933105999999968	-0.1184259966
5720605213	0.0519384899000000025	-0.118663600100000002
5720608213	0.051883742699999999	-0.115071715300000002
5720611213	0.0518322917999999994	-0.111908645299999998
5720614213	0.0520204895999999972	-0.112072024699999995
5720617213	0.051087716800000002	-0.108196881199999997
5720620213	0.0514071321999999969	-0.108389679200000005
5720623213	0.0568219001000000029	-0.106358231799999994
5720626213	0.0573086116999999978	-0.107653090800000004
5720629213	0.0603962374999999982	-0.105139608199999998
5720632213	0.0594156543000000023	-0.106550924899999996
5720635213	0.0618841326999999969	-0.106471059000000007
5720638213	0.0595642258999999966	-0.104649907700000003
5720641213	0.0629079233999999959	-0.1029403344
5720644213	0.0623615951000000002	-0.101705924200000006
5720647213	0.0644153108000000002	-0.101151867800000003
5720650213	0.0664403660999999951	-0.0974693573000000035
5720653213	0.0659500823999999986	-0.0983059203999999964
5720656213	0.0658235647000000035	-0.0994282290000000069
5720659213	0.0711832824000000058	-0.0955046774999999959
5720662213	0.0651825644000000037	-0.0947028726000000015
5720665213	0.0720247501000000068	-0.0957973037000000027
5720668213	0.0748197413000000061	-0.0948892640999999953
5720671213	0.0718994418999999996	-0.0946991605999999986
5720674213	0.0771004515999999945	-0.0938775839000000056
5720677213	0.0757373144999999998	-0.0905046298999999943
5720680213	0.0748874563999999965	-0.0941304488999999966
5720683213	0.0752410116999999989	-0.0901118909999999995
5720686213	0.077348588900000001	-0.0881128436999999987
5720689213	0.0783276133000000013	-0.0904890510999999953
5720692213	0.0823572075999999959	-0.0878207014000000064
5720695213	0.0813963957999999932	-0.0898363342000000065
5720698213	0.0801965503999999968	-0.0868601564999999937
5720701213	0.0877049872000000008	-0.0887037101999999938
5720704213	0.0872632916000000008	-0.0896415200999999967
5720707213	0.0866351301999999934	-0.0863486247000000012
5720710213	0.0861989511999999986	-0.0799777802999999954
5720713213	0.088260431200000003	-0.084606260099999997
5720716213	0.0906705143999999991	-0.0842444623999999975
5720719213	0.0920713301999999956	-0.0864900328000000052
5720722213	0.0925262230999999991	-0.0850547328000000047
5720725213	0.0951440550000000052	-0.0859666228000000032
5720728213	0.0940187539000000017	-0.0802114540999999959
5720731213	0.0967769172000000066	-0.085034912800000001
5720734213	0.0988416243	-0.086703980900000005
5720737213	0.0968544439000000035	-0.0831292156000000004
5720740213	0.101999622999999998	-0.0810819509999999993
5720743213	0.100986408200000002	-0.0820619545000000061
5720746213	0.0981529049000000042	-0.0851882585000000025
5720749213	0.104950565100000004	-0.0832321907999999944
5720752213	0.103729090400000001	-0.0853930271000000046
5720755213	0.109375189600000006	-0.0795909853
5720758213	0.111109719900000001	-0.0838697889000000057
5720761213	0.108213216400000006	-0.080293187299999999
5720764213	0.111783766899999998	-0.0838089196000000036
5720767213	0.115094854199999999	-0.0809594158000000036
5720770213	0.108751374600000006	-0.0814647530000000009
5720773213	0.116236029800000001	-0.0817782011999999975
5720776213	0.116797748600000001	-0.080441752199999994
5720779213	0.117294761999999997	-0.0776101953999999983
5720782213	0.119267657900000004	-0.0790527538000000002
5720785213	0.117845838999999994	-0.0829304252999999991
5720788213	0.118999280099999993	-0.0793751067000000032
5720791213	0.123447428600000006	-0.0817261405999999968
5720794213	0.124107170599999997	-0.0850994530999999998
5720797213	0.122981672400000006	-0.0793746459999999932
5720800213	0.125426470600000006	-0.0779586854999999995
5720803213	0.124881821700000006	-0.0781805099000000003
5720806213	0.127776094000000007	-0.0817827960000000048
5720809213	0.131340647799999988	-0.0814217896000000024
5720812213	0.126930173300000004	-0.0812367207999999952
5720815213	0.133442685700000008	-0.083155792800000003
5720818213	0.129017178900000001	-0.0817659706999999958
5720821213	0.131353921200000001	-0.0770173920999999984
5720824213	0.134020322899999988	-0.0873428234999999997
5720827213	0.132562547100000011	-0.0848889666999999987
5720830213	0.137870802900000006	-0.0818188323000000051
5720833213	0.134693353799999999	-0.0830429149999999949
5720836213	0.137089811099999986	-0.080237616100000006
5720839213	0.139167486899999998	-0.0843674207999999953
5720842213	0.139073815900000008	-0.081949419699999998
5720845213	0.139070818900000004	-0.0806017029000000024
5720848213	0.141261406099999987	-0.0818390459000000042
5720851213	0.142819987499999995	-0.0831755217999999991
5720854213	0.14099821039999999	-0.084621035499999997
5720857213	0.144055253100000002	-0.0850779103000000037
5720860213	0.143812095299999998	-0.0827935986999999984
5720863213	0.143042495999999991	-0.0873580961000000045
5720866213	0.147945110500000004	-0.087697296600000002
5720869213	0.147749496300000005	-0.0877117582000000034
5720872213	0.144990912400000005	-0.0856633324999999946
5720875213	0.147682563699999991	-0.0886803857999999973
5720878213	0.149550729599999987	-0.0876797158000000021
5720881213	0.148872024600000014	-0.0907797741000000019
5720884213	0.147640221200000005	-0.0908278916999999963
5720887213	0.154106997500000009	-0.0905460998999999961
5720890213	0.154267176300000003	-0.0919420415999999963
5720893213	0.155386779000000003	-0.0892096477999999998
5720896213	0.155026925600000004	-0.0904181542000000033
5720899213	0.157381064999999987	-0.0905114550000000045
5720902213	0.155644191300000012	-0.089929557800000004
5720905213	0.154762459800000002	-0.091770286699999995
5720908213	0.160923368399999989	-0.0927464407000000018
5720911213	0.16197057849999999	-0.0897172385000000044
5720914213	0.159274723099999987	-0.0898197513000000003
5720917213	0.162088306300000012	-0.0918132081999999961
5720920213	0.160787244299999993	-0.0928711017999999944
5720923213	0.157744211899999986	-0.0939032622999999983
5720926213	0.158791418900000009	-0.0981141435000000006
5720929213	0.166224538100000013	-0.0970389396999999931
5720932213	0.160669994799999993	-0.0941231946000000014
5720935213	0.167019578700000004	-0.0958162696000000036
5720938213	0.163809286400000004	-0.0988172350000000033
5720941213	0.165079676300000006	-0.0979799737999999948
5720944213	0.165470227400000003	-0.0960747316000000046
5720947213	0.168020746400000004	-0.101706204100000003
5720950213	0.169334225700000007	-0.0989878067999999944
5720953213	0.165700260900000007	-0.0992227918000000014
5720956213	0.166976834099999999	-0.102854458499999996
5720959213	0.169733182900000001	-0.103847120200000004
5720962213	0.167571752200000007	-0.101463840200000002
5720965213	0.167972915299999997	-0.101699540300000002
5720968213	0.169040968000000014	-0.103471473699999997
5720971213	0.168318509599999999	-0.102913638900000007
5720974213	0.169891840699999991	-0.104646287399999996
5720977213	0.172871241300000006	-0.1069233869
5720980213	0.171567753200000006	-0.105590652800000004
5720983213	0.175299367799999994	-0.107320748499999993
5720986213	0.176581151900000011	-0.107654544800000002
5720989213	0.173007297599999998	-0.108020892100000002
5720992213	0.173248979599999992	-0.108094464599999995
5720995213	0.176149442500000003	-0.110047168200000003
5720998213	0.174847981499999999	-0.111688507199999995
5721001213	0.175806849799999998	-0.111257787799999994
5721004213	0.178706524300000003	-0.111697120799999994
5721007213	0.177423520599999995	-0.106251570399999995
5721010213	0.177661742600000006	-0.110671333199999999
5721013213	0.179359370600000012	-0.110001020699999993
5721016213	0.176173843599999991	-0.111078354300000001
5721019213	0.181412797900000006	-0.113820920300000003
5721022213	0.179973598000000012	-0.113144806099999995
5721025213	0.178667745200000005	-0.113231597399999995
5721028213	0.17700854969999999	-0.116260122100000002
5721031213	0.176457020500000006	-0.112066411899999996
5721034213	0.179637291799999987	-0.115364252900000006
5721037213	0.181124632799999991	-0.115648088100000004
5721040213	0.182701510000000011	-0.114493627299999998
5721043213	0.178792352399999993	-0.120229607700000005
5721046213	0.181886260399999999	-0.120498931000000004
5721049213	0.184257579300000002	-0.119582942600000006
5721052213	0.184781791800000011	-0.120476257599999997
5721055213	0.181474435200000006	-0.118738868999999997
5721058213	0.180307501700000011	-0.123460567800000004
5721061213	0.180835643900000009	-0.121609244399999997
5721064213	0.179552635200000005	-0.123068627700000002
5721067213	0.185822059900000003	-0.125890682000000004
5721070213	0.183479135500000001	-0.123046478299999998
5721073213	0.181870832700000012	-0.123644164000000001
5721076213	0.184321981500000009	-0.125796711100000014
5721079213	0.188606575800000009	-0.127609058400000003
5721082213	0.182389098100000008	-0.123192134699999997
5721085213	0.181355092999999995	-0.126784546299999995
5721088213	0.185996216900000011	-0.126126399100000008
5721091213	0.180683063100000013	-0.1241023141
5721094213	0.187617946600000002	-0.130278455200000004
5721097213	0.1883284717	-0.129303342999999987
5721100213	0.187386873000000009	-0.129235782900000012
5721103213	0.189236081299999997	-0.131472164199999991
5721106213	0.187051091199999991	-0.129956300899999988
5721109213	0.185105599300000007	-0.129816386499999992
5721112213	0.188377156900000009	-0.133416045799999994
5721115213	0.187694286799999999	-0.134492837100000012
5721118213	0.189337818200000008	-0.135420731799999999
5721121213	0.184013077500000011	-0.133322236099999991
5721124213	0.185999730499999988	-0.135229852300000009
5721127213	0.183980695299999997	-0.134358005599999997
5721130213	0.190268859099999993	-0.133862671600000011
5721133213	0.188316448800000008	-0.134307531799999991
5721136213	0.190813234500000012	-0.135456654600000004
5721139213	0.189664339099999996	-0.1365074228
5721142213	0.187476529100000011	-0.138458710499999998
5721145213	0.187638894199999989	-0.142043314400000009
5721148213	0.187248697800000002	-0.138177486799999999
5721151213	0.189209675699999996	-0.137959825499999994
5721154213	0.188783094699999987	-0.138483975199999998
5721157213	0.190083365799999987	-0.137551879500000002
5721160213	0.187496446799999994	-0.142753650600000004
5721163213	0.191456721599999991	-0.140084812599999997
5721166213	0.189487379600000005	-0.144642675800000009
5721169213	0.19215237369999999	-0.146628905400000009
5721172213	0.189512428700000013	-0.142455161299999994
5721175213	0.192287533700000013	-0.143557818400000009
5721178213	0.190238167099999994	-0.145978803200000007
5721181213	0.192176680799999999	-0.143768736199999997
5721184213	0.189885098800000013	-0.144072382400000004
5721187213	0.18997552370000001	-0.14666126530000001
5721190213	0.189849533699999989	-0.14616322109999999
5721193213	0.191451410399999994	-0.146171481999999991
5721196213	0.185060175599999988	-0.149797777900000012
5721199213	0.191852214399999998	-0.148737652199999987
5721202213	0.189557853100000007	-0.1482664125
5721205213	0.193414935900000001	-0.147331332799999992
5721208213	0.188143352699999988	-0.151798493499999992
5721211213	0.191979557699999998	-0.149971153899999987
5721214213	0.187675173400000006	-0.153443909299999987
5721217213	0.189047062399999993	-0.15484308590000001
5721220213	0.18801600269999999	-0.152127962400000011
5721223213	0.190579643699999995	-0.15103384319999999
5721226213	0.189670800199999989	-0.151856482600000009
5721229213	0.190976934999999987	-0.155118992099999992
5721232213	0.191480712999999997	-0.153125478000000009
5721235213	0.193778920399999999	-0.154581387600000009
5721238213	0.191591553500000011	-0.154622503100000003
5721241213	0.194941633800000014	-0.156564810199999987
5721244213	0.192956314800000001	-0.155738787999999989
5721247213	0.191342740900000002	-0.155653090900000013
5721250213	0.1946070409	-0.157551738899999988
5721253213	0.189581004599999992	-0.155754751400000002
5721256213	0.191357197099999987	-0.1557937338
5721259213	0.193835227299999996	-0.162446085500000004
5721262213	0.188782279500000011	-0.159360229599999986
5721265213	0.190403800300000009	-0.158188080000000009
5721268213	0.192344090400000001	-0.159955565599999988
5721271213	0.191896280299999999	-0.16219762330000001
5721274213	0.191913897700000002	-0.159918175400000001
5721277213	0.190080016399999996	-0.164392712400000002
5721280213	0.1930740346	-0.164326816900000006
5721283213	0.194256265000000011	-0.161860751800000008
5721286213	0.191841197200000008	-0.161355941100000011
5721289213	0.193959648099999993	-0.160619847700000012
5721292213	0.187760647499999989	-0.165714100199999992
5721295213	0.189634631500000012	-0.167867862799999989
5721298213	0.190312569900000006	-0.167824394999999987
5721301213	0.1928961488	-0.166347232900000003
5721304213	0.192335078599999987	-0.167662586599999996
5721307213	0.188254168999999999	-0.169789337900000004
5721310213	0.187750802999999994	-0.166472973699999999
5721313213	0.189782888399999988	-0.168036076099999987
5721316213	0.191980560900000014	-0.165628831300000001
5721319213	0.188661624700000002	-0.168842247899999992
5721322213	0.1932433348	-0.168941986200000005
5721325213	0.192413422899999992	-0.169870906699999991
5721328213	0.188159204599999991	-0.169292136900000001
5721331213	0.193340356500000005	-0.16929097030000001
5721334213	0.192708118300000009	-0.169893685399999994
5721337213	0.190504263499999993	-0.170478714199999992
5721340213	0.1912278372	-0.171123669199999995
5721343213	0.189724333599999989	-0.166805570600000008
5721346213	0.188247805900000009	-0.171820613499999997
5721349213	0.190994706200000003	-0.17574277399999999
5721352213	0.189217086000000007	-0.173016181399999996
5721355213	0.1867919314	-0.176813305599999998
5721358213	0.190084428899999991	-0.173378670799999995
5721361213	0.190125098299999989	-0.175502470999999993
5721364213	0.186178483300000003	-0.173949222600000009
5721367213	0.190143572199999999	-0.178554981599999996
5721370213	0.188935215699999992	-0.175424373299999992
5721373213	0.18996730919999999	-0.176675847299999994
5721376213	0.189239065499999998	-0.175309462599999993
5721379213	0.187336160599999996	-0.176078550199999989
5721382213	0.189753995099999989	-0.176063053500000011
5721385213	0.189626898399999994	-0.17773253080000001
5721388213	0.19239883029999999	-0.179683066199999991
5721391213	0.193193747100000007	-0.180051407800000007
5721394213	0.188760727099999998	-0.182857949200000008
5721397213	0.190392539400000005	-0.179363065799999999
5721400213	0.188451379599999996	-0.179297419099999994
5721403213	0.188567943399999993	-0.18460796430000001
5721406213	0.188521202400000004	-0.180715689499999999
5721409213	0.190472601600000013	-0.183097605800000007
5721412213	0.191191973799999998	-0.177701034000000008
5721415213	0.190716009900000011	-0.179263781300000008
5721418213	0.190194126999999991	-0.180578402199999988
5721421213	0.191018314800000005	-0.182088667799999993
5721424213	0.191602079300000006	-0.184112384500000004
5721427213	0.188324876499999988	-0.182011527099999987
5721430213	0.188969557399999988	-0.186421067100000004
5721433213	0.187517820700000004	-0.184062514499999996
5721436213	0.186322145200000011	-0.184808458700000011
5721439213	0.185648765699999996	-0.18306411680000001
5721442213	0.188306429100000006	-0.186709765
5721445213	0.188540898200000001	-0.182665336499999997
5721448213	0.187317976200000014	-0.185311663900000007
5721451213	0.188458491400000011	-0.187780319800000012
5721454213	0.187775268400000001	-0.188732847600000003
5721457213	0.184838469100000014	-0.184467749399999992
5721460213	0.190143467799999993	-0.187252361499999992
5721463213	0.185466264600000014	-0.1883377044
5721466213	0.186290097799999999	-0.186646011400000006
5721469213	0.184715091599999992	-0.187478576499999994
5721472213	0.183474977700000014	-0.195055775799999997
5721475213	0.187028881199999997	-0.190015075300000003
5721478213	0.187228014999999998	-0.1903498364
5721481213	0.184963459699999999	-0.190299360700000003
5721484213	0.189740829599999994	-0.191276389099999999
5721487213	0.184335004200000013	-0.189781239099999999
5721490213	0.182818179899999989	-0.192055372400000007
5721493213	0.180910301299999993	-0.189824125399999988
5721496213	0.179955665399999992	-0.192698881300000013
5721499213	0.183523145700000001	-0.190972609799999998
5721502213	0.18674416499999999	-0.194351783700000003
5721505213	0.183914629999999996	-0.193182353599999995
5721508213	0.184622162300000003	-0.192908550699999987
5721511213	0.186421505799999998	-0.19145962829999999
5721514213	0.185925023999999994	-0.196207924499999992
5721517213	0.181298519800000002	-0.19580757330000001
5721520213	0.183284806299999992	-0.194845010699999988
5721523213	0.187443232900000006	-0.199283925800000011
5721526213	0.184907823700000001	-0.196143921400000004
5721529213	0.183285127399999997	-0.195980924700000003
5721532213	0.18612005949999999	-0.194754146600000011
5721535213	0.184488235700000003	-0.197987336099999994
5721538213	0.182907495599999997	-0.198061619299999991
5721541213	0.185880792200000006	-0.196387985300000012
5721544213	0.1811007382	-0.197739502000000011
5721547213	0.183881354200000013	-0.195154350700000007
5721550213	0.183899481100000012	-0.199132322100000009
5721553213	0.183386588099999998	-0.200409904599999994
5721556213	0.18227240380000001	-0.198215881199999999
5721559213	0.181574332700000007	-0.201642484099999991
5721562213	0.181779252700000005	-0.199724404699999997
5721565213	0.18558812990000001	-0.202798994399999988
5721568213	0.179959941699999987	-0.201080851199999994
5721571213	0.181746841999999992	-0.198385424700000007
5721574213	0.180440097699999996	-0.200961114999999996
5721577213	0.18347315589999999	-0.202913704499999986
5721580213	0.183876724200000008	-0.200651440099999995
5721583213	0.18058882100000001	-0.204861925499999986
5721586213	0.179988663399999999	-0.201720425000000009
5721589213	0.177788970399999996	-0.202828281700000002
5721592213	0.181865225800000002	-0.203319607000000013
5721595213	0.178188769599999991	-0.207527593700000013
5721598213	0.177498635900000007	-0.204605339200000014
5721601213	0.178466649700000007	-0.201577927299999987
5721604213	0.179970239899999995	-0.207081084800000009
5721607213	0.177064253100000013	-0.204037619799999986
5721610213	0.1787092344	-0.206332160200000003
5721613213	0.176595919699999993	-0.205301284199999989
5721616213	0.180216356599999988	-0.205297769299999988
5721619213	0.178755532599999989	-0.207795860299999996
5721622213	0.178398062299999993	-0.207950265599999989
5721625213	0.179483296399999992	-0.20772948120000001
5721628213	0.177710557800000002	-0.211505724199999995
5721631213	0.173102866399999999	-0.208932269000000004
5721634213	0.174423903500000005	-0.208901735100000013
5721637213	0.176038534800000007	-0.2069088174
5721640213	0.176864875499999991	-0.210314833899999998
5721643213	0.176327619299999988	-0.208542495999999994
5721646213	0.179404561399999996	-0.212183026800000007
5721649213	0.177945313299999991	-0.206640205699999996
5721652213	0.177585829700000003	-0.209540470499999992
5721655213	0.173205724899999997	-0.210426022200000007
5721658213	0.176721783900000012	-0.20932633149999999
5721661213	0.178785122200000007	-0.210690597899999998
5721664213	0.178936777600000013	-0.211916871400000012
5721667213	0.179647994199999994	-0.212476568700000007
5721670213	0.175136408599999988	-0.211134247299999994
5721673213	0.176640782100000004	-0.214167590800000002
5721676213	0.176637067600000003	-0.210749032800000013
5721679213	0.172878048799999989	-0.213577728900000013
5721682213	0.175559318699999994	-0.211950585699999999
5721685213	0.172397512800000013	-0.215041296599999987
5721688213	0.174457517000000006	-0.211541915100000005
5721691213	0.170493950100000013	-0.213634444099999987
5721694213	0.173228835500000011	-0.213557802299999988
5721697213	0.170698025599999997	-0.214376977400000002
5721700213	0.176380890099999993	-0.212282277399999997
5721703213	0.171104988699999988	-0.216192486299999986
5721706213	0.174489688899999995	-0.21849032060000001
5721709213	0.171399015999999987	-0.215940948999999993
5721712213	0.172807192999999998	-0.217208664299999993
5721715213	0.173303804300000003	-0.215410695699999988
5721718213	0.171770774999999987	-0.217647828099999996
5721721213	0.171309016300000005	-0.21597540300000001
5721724213	0.171861589300000006	-0.220388555000000014
5721727213	0.170819344099999992	-0.216939095400000004
5721730213	0.173251251699999997	-0.21880482309999999
5721733213	0.170588962199999999	-0.218866601900000013
5721736213	0.171753022599999999	-0.218652047399999994
5721739213	0.171301839099999992	-0.2177044484
5721742213	0.170330925900000013	-0.219371186200000012
5721745213	0.169585755799999988	-0.218393672499999997
5721748213	0.171760306400000007	-0.219018728299999993
5721751213	0.170266712799999997	-0.21974548499999999
5721754213	0.168817601499999997	-0.216073798000000011
5721757213	0.168993236999999991	-0.220134932499999991
5721760213	0.167583254099999995	-0.220871663800000007
5721763213	0.17060268340000001	-0.222598715599999997
5721766213	0.168489971399999994	-0.22083364459999999
5721769213	0.168036003999999989	-0.217970567300000001
5721772213	0.165918913899999992	-0.219804903999999995
5721775213	0.167526364799999994	-0.222322380300000011
5721778213	0.168274631300000005	-0.222434872400000011
5721781213	0.169832598899999992	-0.220142694
5721784213	0.167540557199999995	-0.223331411000000007
5721787213	0.165499933200000005	-0.223685170600000011
5721790213	0.169418840999999987	-0.224250739000000004
5721793213	0.168061534300000009	-0.223770557799999992
5721796213	0.168540095700000003	-0.222955840200000005
5721799213	0.168773227899999989	-0.223085256399999987
5721802213	0.163208024700000009	-0.225800805999999993
5721805213	0.169664537400000009	-0.224108274800000007
5721808213	0.161399808300000003	-0.227666714599999986
5721811213	0.165254364399999992	-0.224888789700000008
5721814213	0.167420060300000006	-0.221381638600000014
5721817213	0.165222832600000008	-0.226185484900000011
5721820213	0.163605181500000002	-0.223789332300000005
5721823213	0.165547504099999992	-0.227063809899999997
5721826213	0.16333450229999999	-0.226088100900000005
5721829213	0.164640761400000002	-0.224073989899999992
5721832213	0.165346150400000003	-0.223684913799999996
5721835213	0.162166361499999995	-0.229260304899999989
5721838213	0.162293238000000006	-0.22853777019999999
5721841213	0.163293285399999988	-0.224024778099999988
5721844213	0.163331659399999995	-0.227086797400000012
5721847213	0.159689632199999987	-0.230452676599999989
5721850213	0.161603683800000009	-0.228825844899999992
5721853213	0.165039042100000005	-0.227723940900000005
5721856213	0.162431458499999987	-0.228387235200000011
5721859213	0.165115449199999986	-0.2290660115
5721862213	0.1614385505	-0.231298761500000005
5721865213	0.162264828899999991	-0.229245720799999997
5721868213	0.160987705600000003	-0.231865766800000012
5721871213	0.160525589100000005	-0.227386753699999999
5721874213	0.159899212200000002	-0.228477134199999987
5721877213	0.159413559900000001	-0.229253877699999997
5721880213	0.157898805700000006	-0.229914817399999999
5721883213	0.159226782099999992	-0.230291161299999991
5721886213	0.161217876700000012	-0.230283944399999996
5721889213	0.163781324899999997	-0.231949036999999997
5721892213	0.162575186900000002	-0.233860445
5721895213	0.159358772300000007	-0.234564554400000014
5721898213	0.160744820900000002	-0.232633421499999993
5721901213	0.156761922299999995	-0.2349807488
5721904213	0.162212681899999989	-0.229450246299999994
5721907213	0.157575634399999998	-0.232330832500000001
5721910213	0.157303794899999988	-0.233631285699999997
5721913213	0.160413769300000009	-0.234296551299999989
5721916213	0.158109421700000002	-0.234222893600000009
5721919213	0.156596968100000011	-0.23379339469999999
5721922213	0.156046486900000003	-0.231405535400000001
5721925213	0.154432557500000012	-0.233789823499999994
5721928213	0.156652428900000001	-0.23533333070000001
5721931213	0.15415486040000001	-0.236431349699999988
5721934213	0.157640034499999998	-0.235180642100000004
5721937213	0.154462871599999996	-0.23349105349999999
5721940213	0.157029017800000004	-0.234524594899999994
5721943213	0.159161655699999988	-0.231330321700000008
5721946213	0.157482575900000005	-0.23747786709999999
5721949213	0.156813318199999996	-0.238741136399999998
5721952213	0.152684771899999988	-0.231945431300000005
5721955213	0.154876400800000008	-0.236608866400000006
5721958213	0.158612264499999989	-0.233605333400000004
5721961213	0.151393486299999991	-0.236369176200000003
5721964213	0.155774912600000009	-0.240612222699999989
5721967213	0.15473940550000001	-0.235816962399999996
5721970213	0.154950203700000011	-0.238175575
5721973213	0.153074433900000001	-0.2374133836
5721976213	0.156411368599999989	-0.236392739699999993
5721979213	0.152175272599999994	-0.240165313500000005
5721982213	0.156672889499999995	-0.240190562200000013
5721985213	0.151769551499999988	-0.240959263499999993
5721988213	0.154821544400000011	-0.239377987099999995
5721991213	0.150544522200000003	-0.240668592300000012
5721994213	0.15051030809999999	-0.241938073000000003
5721997213	0.150393110999999996	-0.237302515600000014
5722000213	0.150945242600000001	-0.243010833000000009
5722003213	0.15094599110000001	-0.23915359650000001
5722006213	0.149915207100000003	-0.242701440600000012
5722009213	0.152090835000000008	-0.237927711399999992
5722012213	0.150773509199999989	-0.240998766100000011
5722015213	0.149081266399999995	-0.241391874499999992
5722018213	0.150897651999999993	-0.238853027999999995
5722021213	0.151789978699999994	-0.242573084999999994
5722024213	0.1506318247	-0.241923874099999991
5722027213	0.147667592600000008	-0.244624801100000011
5722030213	0.149394985499999994	-0.244266499199999987
5722033213	0.148251259699999999	-0.241572796400000012
5722036213	0.14881772339999999	-0.240356258399999995
5722039213	0.147867925900000002	-0.241563057800000008
5722042213	0.151912053699999994	-0.240388704799999992
5722045213	0.146589958699999995	-0.243962301500000006
5722048213	0.150533213400000004	-0.242379523799999996
5722051213	0.147823091200000006	-0.241695111299999987
5722054213	0.148063801299999992	-0.244736333800000011
5722057213	0.149188574200000007	-0.243501433699999992
5722060213	0.147495658000000002	-0.247292366200000002
5722063213	0.148399390800000003	-0.245123154499999996
5722066213	0.149599523699999987	-0.245411732399999999
5722069213	0.147269343599999991	-0.245037178299999991
5722072213	0.147079964600000002	-0.241381136800000007
5722075213	0.149183231199999988	-0.246376545000000002
5722078213	0.146920471400000002	-0.248376283599999997
5722081213	0.14534409479999999	-0.247020589799999996
5722084213	0.143421461599999994	-0.244278973799999993
5722087213	0.14048306029999999	-0.245192846999999992
5722090213	0.146250366999999992	-0.246931465300000014
5722093213	0.144358963499999993	-0.24782506230000001
5722096213	0.148099979200000009	-0.245766204300000013
5722099213	0.143338880199999991	-0.246296795000000013
5722102213	0.142482184200000001	-0.245668436099999998
5722105213	0.146598104899999998	-0.246995856900000005
5722108213	0.143058838100000002	-0.247004302000000009
5722111213	0.140084792799999996	-0.247429109899999999
5722114213	0.142630492299999995	-0.250981902599999973
5722117213	0.142902145700000011	-0.250997963499999976
5722120213	0.144899146700000009	-0.247014638799999992
5722123213	0.141773296100000001	-0.249869708899999987
5722126213	0.143431401900000005	-0.245147098799999991
5722129213	0.142937142299999986	-0.250396641699999978
5722132213	0.143899092199999995	-0.249329099999999998
5722135213	0.138759923199999996	-0.248362076500000001
5722138213	0.140890462699999996	-0.246958366699999987
5722141213	0.14077132249999999	-0.250027485300000019
5722144213	0.140735789100000008	-0.250218659700000012
5722147213	0.143142608599999999	-0.251366795799999987
5722150213	0.141812904699999992	-0.251147747500000018
5722153213	0.140975185800000014	-0.247954156099999989
5722156213	0.138836608700000003	-0.252909763999999981
5722159213	0.138631758500000007	-0.253539382400000013
5722162213	0.138248814199999986	-0.256371359899999984
5722165213	0.135635352200000003	-0.24759408220000001
5722168213	0.138712156899999994	-0.250152973800000011
5722171213	0.139634307699999988	-0.251719123300000014
5722174213	0.136902478500000008	-0.248439479699999993
5722177213	0.139651877300000005	-0.252468672200000022
5722180213	0.136871643999999987	-0.253909334799999997
5722183213	0.141343504199999997	-0.253051815399999991
5722186213	0.135718483899999992	-0.249094047699999988
5722189213	0.135831239100000001	-0.256249956000000001
5722192213	0.139718787600000005	-0.25070992139999998
5722195213	0.137370729800000008	-0.249355055699999995
5722198213	0.136152308	-0.25457939559999998
5722201213	0.136782534399999989	-0.255491326600000013
5722204213	0.137622298400000009	-0.253326498399999989
5722207213	0.135792050199999986	-0.253712638699999993
5722210213	0.135318192799999987	-0.25237971469999998
5722213213	0.130285202200000005	-0.255456509599999992
5722216213	0.135109747400000008	-0.253520368499999982
5722219213	0.138228302599999991	-0.252220119999999992
5722222213	0.135683520199999991	-0.2536570145
5722225213	0.135081426599999999	-0.252656889100000004
5722228213	0.136483462800000011	-0.256537593700000011
5722231213	0.136612260900000004	-0.255907030500000021
5722234213	0.132150717700000003	-0.253132454299999976
5722237213	0.131189181399999993	-0.253646199999999988
5722240213	0.133679593699999988	-0.254142348500000004
5722243213	0.136490009100000004	-0.256347367300000017
5722246213	0.130935177200000002	-0.255051027699999988
5722249213	0.135935998899999994	-0.256549472399999978
5722252213	0.134312414600000013	-0.25521332699999999
5722255213	0.128051293900000002	-0.255427241999999999
5722258213	0.130648205699999992	-0.255025579000000002
5722261213	0.132488821600000001	-0.255845364899999983
5722264213	0.131338702599999996	-0.256464692200000011
5722267213	0.13361939049999999	-0.253540747399999988
5722270213	0.131553909200000013	-0.253174733599999979
5722273213	0.132742063900000012	-0.258013718999999975
5722276213	0.131300381299999991	-0.258014712699999982
5722279213	0.128998350000000012	-0.258047476900000017
5722282213	0.131788589099999992	-0.254342594199999994
5722285213	0.129827185699999986	-0.258411842100000011
5722288213	0.127573836100000004	-0.255936394800000022
5722291213	0.131563909000000007	-0.258633363800000016
5722294213	0.131350922399999986	-0.260962198699999981
5722297213	0.128587573399999988	-0.259585675100000024
5722300213	0.127749089499999996	-0.256074482300000017
5722303213	0.127691965500000004	-0.259293304300000027
5722306213	0.130758125599999997	-0.260201716400000005
5722309213	0.130096862000000008	-0.258618903999999983
5722312213	0.128636891599999997	-0.260739288399999991
5722315213	0.130204187100000007	-0.259601398300000008
5722318213	0.126193530199999987	-0.265242496699999997
5722321213	0.128906323099999998	-0.259408305399999983
5722324213	0.127276037799999991	-0.262120979400000009
5722327213	0.130159233099999994	-0.265747832999999989
5722330213	0.126278993400000011	-0.256851575499999984
5722333213	0.126910878499999991	-0.259042950900000013
5722336213	0.122523723799999998	-0.257958518000000026
5722339213	0.123516838000000004	-0.259183845400000001
5722342213	0.125323269500000001	-0.261216027999999989
5722345213	0.127111891700000007	-0.260606352400000019
5722348213	0.125890296699999987	-0.261238766000000011
5722351213	0.122191170200000004	-0.264009283599999978
5722354213	0.126269630399999999	-0.261041681699999972
5722357213	0.123561781100000004	-0.262644131999999975
5722360213	0.120429550600000004	-0.260521588400000004
5722363213	0.125312288800000005	-0.260740568100000014
5722366213	0.123411354599999995	-0.263113631700000017
5722369213	0.121996855400000007	-0.25921306500000002
5722372213	0.124714360499999996	-0.262160709300000017
5722375213	0.122440843199999996	-0.262895315899999982
5722378213	0.118987466200000003	-0.260154786099999979
