# freq, I e Q
5807153611	-0.16408376420000001	0.181994731599999987
5807158611	-0.163658635100000005	0.184648882099999995
5807163611	-0.160812413500000001	0.181795409600000013
5807168611	-0.161359612399999991	0.184342421000000006
5807173611	-0.157224812600000013	0.180860797800000001
5807178611	-0.157368967599999993	0.183287856599999993
5807183611	-0.161708005999999987	0.18095157449999999
5807188611	-0.160085325400000006	0.184776995100000008
5807193611	-0.157841605200000012	0.182683634700000014
5807198611	-0.159417710699999993	0.185890080200000002
5807203611	-0.157371825399999998	0.184445957900000013
5807208611	-0.158876289700000006	0.184921177399999997
5807213611	-0.157444072299999988	0.189724986200000001
5807218611	-0.157244142499999989	0.186676459900000008
5807223611	-0.156465308999999997	0.18798058740000001
5807228611	-0.153532616600000005	0.184353033599999994
5807233611	-0.153724071099999998	0.183928607200000011
5807238611	-0.157323839599999987	0.188254144000000012
5807243611	-0.1551938239	0.18731426100000001
5807248611	-0.15688764329999999	0.186818829800000002
5807253611	-0.152327525999999991	0.188752013200000013
5807258611	-0.156307163999999998	0.185975330999999994
5807263611	-0.155316499699999999	0.184747994299999996
5807268611	-0.155234263300000008	0.190111400699999988
5807273611	-0.152207628099999992	0.189417967800000003
5807278611	-0.153514660800000008	0.187137649999999989
5807283611	-0.153465672299999994	0.191791320099999996
5807288611	-0.15119466170000001	0.19293628530000001
5807293611	-0.151330305299999995	0.190898963000000005
5807298611	-0.152329946800000005	0.190336623499999996
5807303611	-0.152850513999999993	0.191142855100000009
5807308611	-0.1470042389	0.190424120899999993
5807313611	-0.155680965000000004	0.193012022700000008
5807318611	-0.151709872500000009	0.188499808600000013
5807323611	-0.151390171600000012	0.190623888600000013
5807328611	-0.152811514499999995	0.194573833800000012
5807333611	-0.147731802400000001	0.192728127400000004
5807338611	-0.151715671599999991	0.188564144200000006
5807343611	-0.144268526600000002	0.194711253400000006
5807348611	-0.148501881800000013	0.195927694799999996
5807353611	-0.147328961499999994	0.191955871199999989
5807358611	-0.146317641800000009	0.19473717069999999
5807363611	-0.148535139099999991	0.196516354100000012
5807368611	-0.14836648890000001	0.195438026900000006
5807373611	-0.143954674199999993	0.192611656800000003
5807378611	-0.146171282699999988	0.192487943800000005
5807383611	-0.144331940299999989	0.193696619600000008
5807388611	-0.143108250800000003	0.196373148599999992
5807393611	-0.145537691599999991	0.197155540200000007
5807398611	-0.146677959599999991	0.193872238899999993
5807403611	-0.145924480699999998	0.198292552000000011
5807408611	-0.141180687400000004	0.196298767099999993
5807413611	-0.145078497700000003	0.194382941100000012
5807418611	-0.144147022200000002	0.197420348299999993
5807423611	-0.145255603700000013	0.198341121499999995
5807428611	-0.142535198599999996	0.196688944000000004
5807433611	-0.140970120599999998	0.196661188900000006
5807438611	-0.138514906699999996	0.199303992000000013
5807443611	-0.139163815400000002	0.198672553700000004
5807448611	-0.143672216299999989	0.201781028100000009
5807453611	-0.142759313199999988	0.200349806399999997
5807458611	-0.141371106999999996	0.200123881000000003
5807463611	-0.142275884699999994	0.200163722900000007
5807468611	-0.142859274400000014	0.196512499099999988
5807473611	-0.139501153099999997	0.202631237699999994
5807478611	-0.138733150299999997	0.202388981899999987
5807483611	-0.141668116799999994	0.203418726800000005
5807488611	-0.140294741700000003	0.201913005300000004
5807493611	-0.13454389650000001	0.20276015180000001
5807498611	-0.138566768899999998	0.202263800399999999
5807503611	-0.135104628100000013	0.203667132299999998
5807508611	-0.138480380200000003	0.20386212070000001
5807513611	-0.135746360300000007	0.203417869800000012
5807518611	-0.136251391599999994	0.204792959800000007
5807523611	-0.136004946999999987	0.203201434600000008
5807528611	-0.136128941000000003	0.204253808099999989
5807533611	-0.131765700200000002	0.203792679100000013
5807538611	-0.13296406899999999	0.205573971800000005
5807543611	-0.134452781599999988	0.202264340099999995
5807548611	-0.135541924099999989	0.203072967500000007
5807553611	-0.133780927900000013	0.204586590499999998
5807558611	-0.131364449299999991	0.205638719100000006
5807563611	-0.133671019299999999	0.204306545199999995
5807568611	-0.133196889600000007	0.206290890899999996
5807573611	-0.134193783499999997	0.207480612099999989
5807578611	-0.130395643300000003	0.202534811700000011
5807583611	-0.127670748299999998	0.205846708500000003
5807588611	-0.132988499900000001	0.210244095399999997
5807593611	-0.133017789899999989	0.209056648399999989
5807598611	-0.128855721099999987	0.210247137499999986
5807603611	-0.1244325191	0.210993777900000012
5807608611	-0.131311716999999994	0.2068388377
5807613611	-0.130794526500000008	0.207031672899999991
5807618611	-0.129709423099999999	0.210878745400000012
5807623611	-0.132104879300000005	0.208921681199999987
5807628611	-0.12804240280000001	0.210398610699999988
5807633611	-0.123291547900000006	0.210292166800000013
5807638611	-0.126865372400000009	0.211815778199999999
5807643611	-0.1274170258	0.211060654099999995
5807648611	-0.125602546499999995	0.212005070399999995
5807653611	-0.126066057799999992	0.209566876200000002
5807658611	-0.122528933100000001	0.2098321504
5807663611	-0.125475446800000001	0.212236246999999989
5807668611	-0.123690668399999995	0.209858869000000003
5807673611	-0.127165713300000011	0.214045775699999996
5807678611	-0.123391714999999999	0.212462137599999989
5807683611	-0.123719185499999995	0.213183363799999998
5807688611	-0.123130169299999995	0.211617013500000006
5807693611	-0.1236856281	0.210773481200000001
5807698611	-0.118337115300000004	0.213341230399999998
5807703611	-0.120473983000000007	0.21159773979999999
5807708611	-0.122683973399999993	0.214633659899999996
5807713611	-0.122497940999999999	0.212663366500000006
5807718611	-0.119267988000000005	0.215633463299999995
5807723611	-0.119829148299999994	0.215379039299999991
5807728611	-0.121912039299999997	0.215464501700000005
5807733611	-0.118590669900000001	0.213713721999999995
5807738611	-0.122077577600000001	0.217568556699999999
5807743611	-0.1184243881	0.213792157199999999
5807748611	-0.116111705999999995	0.216941158899999986
5807753611	-0.1203917558	0.215897676199999999
5807758611	-0.117205941300000005	0.214844979200000008
5807763611	-0.114916196700000001	0.217791243299999993
5807768611	-0.114460746399999994	0.21794754890000001
5807773611	-0.115755173500000003	0.216398497400000001
5807778611	-0.114517611000000005	0.216957649899999994
5807783611	-0.114693471500000005	0.216393405700000013
5807788611	-0.112903468600000001	0.220579350400000013
5807793611	-0.112934746899999994	0.2190844666
5807798611	-0.113051241600000005	0.218629421699999993
5807803611	-0.113054819200000004	0.220363008199999988
5807808611	-0.109070504400000004	0.219776321999999996
5807813611	-0.1122055619	0.222823521200000013
5807818611	-0.108712364500000006	0.218063348200000007
5807823611	-0.112363017600000004	0.220869765200000012
5807828611	-0.110817420200000002	0.218608500099999992
5807833611	-0.108632382799999996	0.222995697800000003
5807838611	-0.108123364499999999	0.218381150999999996
5807843611	-0.1057797652	0.223989924600000001
5807848611	-0.105325410100000003	0.221796964000000013
5807853611	-0.106422637299999998	0.2254669074
5807858611	-0.112898902699999998	0.222891887700000013
5807863611	-0.108988372200000003	0.220725072500000008
5807868611	-0.105120156800000003	0.221588101799999992
5807873611	-0.102301930799999996	0.222567421999999987
5807878611	-0.106705174799999997	0.22302296860000001
5807883611	-0.105620233899999999	0.224263443099999987
5807888611	-0.107763068300000001	0.222679713000000001
5807893611	-0.102757535799999994	0.223019092599999996
5807898611	-0.102171277099999999	0.22420182050000001
5807903611	-0.1039925659	0.223181924700000006
5807908611	-0.106285120799999994	0.22506418889999999
5807913611	-0.100984772700000003	0.227436900500000011
5807918611	-0.1012189535	0.2258328275
5807923611	-0.105577458799999996	0.22898432199999999
5807928611	-0.100133835000000004	0.2277154542
5807933611	-0.101974930300000002	0.226071486699999991
5807938611	-0.0982602085000000014	0.229692453800000002
5807943611	-0.0975476863000000055	0.226273368800000013
5807948611	-0.0984604384000000027	0.227954400899999993
5807953611	-0.098529091799999996	0.229983064300000012
5807958611	-0.0954045327000000026	0.228098450600000002
5807963611	-0.096570615999999998	0.227609275400000005
5807968611	-0.101193449599999999	0.223867078100000005
5807973611	-0.0980265416000000028	0.228277361000000012
5807978611	-0.0953978248000000029	0.229954467999999995
5807983611	-0.0950058220000000037	0.231473722399999998
5807988611	-0.0936357939999999944	0.232893567200000012
5807993611	-0.0900201909999999994	0.230833511399999997
5807998611	-0.094525053100000006	0.230669198900000011
5808003611	-0.0927117768000000064	0.228331882399999991
5808008611	-0.0933570856999999948	0.233846546099999997
5808013611	-0.0908926491000000003	0.229614563800000004
5808018611	-0.0927972444000000063	0.229402747500000004
5808023611	-0.0887626192000000036	0.230604385599999989
5808028611	-0.0880811254000000016	0.229103540699999997
5808033611	-0.088673827100000005	0.232275628900000003
5808038611	-0.0895194943999999965	0.231174753399999988
5808043611	-0.0911004616000000017	0.234097037899999999
5808048611	-0.0837732260000000062	0.232179350899999998
5808053611	-0.0868891422999999996	0.232212126699999993
5808058611	-0.087106853299999995	0.235412908799999987
5808063611	-0.0888768949999999974	0.233548218800000013
5808068611	-0.0839490435000000007	0.231311428900000005
5808073611	-0.0859159241999999934	0.234939616900000009
5808078611	-0.0834605852000000065	0.230654108999999996
5808083611	-0.0833595642999999942	0.235043211599999996
5808088611	-0.0812401895999999984	0.233012927000000009
5808093611	-0.0820825099999999974	0.234847986199999997
5808098611	-0.0836926109000000057	0.231424006099999996
5808103611	-0.080650723399999999	0.232079940600000006
5808108611	-0.0800193173000000035	0.238296569300000011
5808113611	-0.0803502455000000004	0.236377995300000004
5808118611	-0.0775333029000000035	0.231661096900000002
5808123611	-0.0763141314999999931	0.237859640300000008
5808128611	-0.0786773156000000057	0.236658394100000002
5808133611	-0.077213354299999995	0.236123203700000006
5808138611	-0.0746615731000000032	0.235924308400000005
5808143611	-0.074780187600000006	0.238275190299999995
5808148611	-0.0762031051000000015	0.236985827099999991
5808153611	-0.0726873722000000028	0.239998297599999993
5808158611	-0.0776510244999999988	0.237577827800000002
5808163611	-0.0737371010999999937	0.240770186200000014
5808168611	-0.0737815299000000036	0.238442604499999988
5808173611	-0.0686188397999999977	0.236714071199999987
5808178611	-0.0709542643000000001	0.236446353299999995
5808183611	-0.0694016093000000001	0.233833741399999989
5808188611	-0.0681779566000000059	0.238308451100000013
5808193611	-0.0680798596000000006	0.239903160899999995
5808198611	-0.0698714966999999937	0.239610748600000006
5808203611	-0.0694537320000000041	0.24104968160000001
5808208611	-0.0668326868999999935	0.240491886099999996
5808213611	-0.061900351499999999	0.240261701699999997
5808218611	-0.063277798499999996	0.241738795899999998
5808223611	-0.0651625722000000046	0.242340703699999993
5808228611	-0.062967129400000002	0.243193813499999995
5808233611	-0.0649092616999999983	0.243622024599999987
5808238611	-0.063065100900000004	0.240995214399999991
5808243611	-0.0591435906999999983	0.239075179199999988
5808248611	-0.0611405303000000025	0.244326823400000004
5808253611	-0.0586360933999999986	0.241125532400000009
5808258611	-0.0571956297000000002	0.241364235600000004
5808263611	-0.0569864103999999996	0.240997661000000002
5808268611	-0.0555865522000000001	0.243014482899999995
5808273611	-0.0567281196000000015	0.242125808400000003
5808278611	-0.0558070139000000007	0.238854325300000003
5808283611	-0.0526070351999999991	0.241069663399999995
5808288611	-0.0530517074000000019	0.246145583100000009
5808293611	-0.0536666768000000002	0.244064738100000012
5808298611	-0.0475061215999999994	0.242014298699999991
5808303611	-0.0564093634999999968	0.243614206100000008
5808308611	-0.0499974091000000009	0.246362727599999998
5808313611	-0.0507020374999999981	0.24565205670000001
5808318611	-0.0479205149999999969	0.243125590899999994
5808323611	-0.0453213297000000029	0.244894452900000004
5808328611	-0.0503826778999999988	0.243924596800000004
5808333611	-0.0429750626000000024	0.24409178640000001
5808338611	-0.0443913168999999982	0.243862784199999988
5808343611	-0.0423262370999999971	0.245389909600000011
5808348611	-0.0431766967999999973	0.2435158979
5808353611	-0.0423111496000000004	0.250890664500000027
5808358611	-0.0426137403000000012	0.246697
5808363611	-0.0432638083999999992	0.245250918799999995
5808368611	-0.0400307213000000023	0.246023195700000002
5808373611	-0.0340030507000000023	0.244100936500000004
5808378611	-0.0366560811000000014	0.240810487200000006
5808383611	-0.0387894999000000032	0.246575250299999993
5808388611	-0.0393456568999999978	0.240912758799999988
5808393611	-0.0349279369999999992	0.241226229799999997
5808398611	-0.0347166303000000023	0.248637513199999993
5808403611	-0.0325057595000000019	0.247061693700000001
5808408611	-0.0325086601999999975	0.2433776567
5808413611	-0.032037997399999997	0.244613652900000006
5808418611	-0.0309754850999999984	0.248321196599999988
5808423611	-0.0294994105	0.245935570900000011
5808428611	-0.0248797566000000005	0.244730972299999988
5808433611	-0.0263739722000000017	0.243773668400000004
5808438611	-0.0293466227000000017	0.244414316100000001
5808443611	-0.0249398639999999991	0.244853130700000005
5808448611	-0.0240622973000000004	0.244165208500000008
5808453611	-0.0247715195999999999	0.243461833600000011
5808458611	-0.0237561657999999995	0.245328490300000007
5808463611	-0.0170355113000000002	0.246675359700000013
5808468611	-0.0181460391000000006	0.246299082800000013
5808473611	-0.0157248174000000004	0.247043486000000007
5808478611	-0.0148660847000000006	0.250948161000000003
5808483611	-0.0161047438000000015	0.244446618700000007
5808488611	-0.0189464116999999987	0.246792215799999992
5808493611	-0.0130856118000000007	0.247545403500000011
5808498611	-0.0164570573000000012	0.244936998600000011
5808503611	-0.0138921057000000008	0.248886477999999994
5808508611	-0.00960625019999999941	0.243297212799999996
5808513611	-0.0116924025000000008	0.241230071699999993
5808518611	-0.00958593110000000026	0.245347209300000008
5808523611	-0.00721270660000000036	0.244039620799999996
5808528611	-0.0031260445999999999	0.240884226400000012
5808533611	-0.00155784949999999999	0.246292996699999989
5808538611	-0.00183906049999999995	0.244987121800000013
5808543611	-0.000243640200000000006	0.243478356099999987
5808548611	-0.00305269070000000007	0.245009619099999992
5808553611	-0.000135107800000000008	0.245975985300000005
5808558611	0.000694318599999999963	0.241504702900000007
5808563611	0.00555212869999999973	0.244762961899999992
5808568611	0.00304378789999999993	0.2414001177
5808573611	0.00683066059999999989	0.240034708499999999
5808578611	0.00454526880000000015	0.243955621000000011
5808583611	0.00339592460000000002	0.245586751900000011
5808588611	0.00818503769999999985	0.241576582300000009
5808593611	0.0116917210000000004	0.241733333500000008
5808598611	0.0129643029000000003	0.240322147200000003
5808603611	0.0118826234000000003	0.241428375100000009
5808608611	0.0164070320999999998	0.242199327500000006
5808613611	0.0140200078999999991	0.241762899199999992
5808618611	0.0134174901000000003	0.23875584620000001
5808623611	0.0197880609000000013	0.241126417900000001
5808628611	0.0183357216000000003	0.237740633400000012
5808633611	0.0207520902	0.238639256699999996
5808638611	0.0250482586999999993	0.23702206549999999
5808643611	0.0262629948999999994	0.235555824400000002
5808648611	0.0235129424000000004	0.236670796200000005
5808653611	0.0250687703000000012	0.233877094499999993
5808658611	0.0268361716	0.237316315800000011
5808663611	0.0288717287000000017	0.237337051399999999
5808668611	0.0330290702999999977	0.234880105400000011
5808673611	0.0312443908000000006	0.235662333700000004
5808678611	0.0331321462999999983	0.235691221400000012
5808683611	0.0359408612000000002	0.231512710300000008
5808688611	0.0358459709000000029	0.232999262200000001
5808693611	0.0355228027000000016	0.2331860496
5808698611	0.0414670358000000031	0.226740227099999997
5808703611	0.0415905292999999981	0.231041555799999992
5808708611	0.0403763727000000031	0.228400965399999989
5808713611	0.0447953190000000001	0.226558922800000007
5808718611	0.0455869745000000021	0.224198774699999992
5808723611	0.0470677803000000006	0.224714299799999989
5808728611	0.0508767240999999995	0.224307756999999997
5808733611	0.053273361800000002	0.225951281400000009
5808738611	0.051875089499999999	0.219906823599999995
5808743611	0.0562546921999999977	0.219852667000000002
5808748611	0.0551505475000000009	0.2157147965
5808753611	0.0528025913	0.221914723000000008
5808758611	0.0576066506999999978	0.216812600999999994
5808763611	0.0591545991999999979	0.216448728600000001
5808768611	0.0591673658000000033	0.212094900700000005
5808773611	0.0642224581000000044	0.211164867499999992
5808778611	0.0631339821999999939	0.211168283900000003
5808783611	0.0626225692000000056	0.20754045900000001
5808788611	0.0627007071999999971	0.209476657900000002
5808793611	0.0651493640000000013	0.20594630089999999
5808798611	0.0692236742000000016	0.205958996700000008
5808803611	0.0708354518999999988	0.20385948109999999
5808808611	0.0676842718999999954	0.203516688700000004
5808813611	0.0712816779000000067	0.20188388069999999
5808818611	0.0751991230000000066	0.199601706699999992
5808823611	0.0701916684000000041	0.196473016499999986
5808828611	0.0755965229000000044	0.194078582100000008
5808833611	0.0779782281000000049	0.194193062500000013
5808838611	0.0792089128999999975	0.189067910300000003
5808843611	0.0830329312000000069	0.190089089099999997
5808848611	0.0779188382000000068	0.188021129700000011
5808853611	0.0821588734999999931	0.182995491300000007
5808858611	0.0808685791000000043	0.184643116999999995
5808863611	0.0841305294000000009	0.179682338599999991
5808868611	0.0829104122999999998	0.176093092199999995
5808873611	0.0871607179000000037	0.175106729200000005
5808878611	0.0850908412000000031	0.170838017099999989
5808883611	0.0848485234999999949	0.169998767999999995
5808888611	0.0863976308999999942	0.168439976600000013
5808893611	0.0869332604000000037	0.16600441660000001
5808898611	0.0881541817999999949	0.162916728099999991
5808903611	0.0915661420000000031	0.159166009800000008
5808908611	0.0924922019000000012	0.159988955099999997
5808913611	0.0922074709000000048	0.155657431699999987
5808918611	0.0938682884999999939	0.153121646
5808923611	0.0918500802000000033	0.151312734700000007
5808928611	0.0904372053000000037	0.149537271500000013
5808933611	0.0927848881999999986	0.147710857299999998
5808938611	0.0944170587000000006	0.145308148899999989
5808943611	0.0943257138000000023	0.142621061999999993
5808948611	0.0947077021999999935	0.136182098400000007
5808953611	0.0931573561999999994	0.137641655700000004
5808958611	0.0930024946999999935	0.133380403199999997
5808963611	0.0932263376000000005	0.12895301540000001
5808968611	0.0932808962000000047	0.128545842800000004
5808973611	0.0954405978999999932	0.1251332426
5808978611	0.0923036656000000011	0.124020770899999994
5808983611	0.0937841313000000038	0.120503995700000005
5808988611	0.0929512537999999944	0.119258341200000006
5808993611	0.0896413756999999978	0.116608254999999994
5808998611	0.0959219637999999958	0.111984074500000003
5809003611	0.0910166309000000062	0.110601290699999993
5809008611	0.0856972622999999933	0.109392320599999995
5809013611	0.0886409452999999958	0.104657999400000007
5809018611	0.0889964377999999945	0.100817979299999999
5809023611	0.0852984967999999982	0.0960773142999999941
5809028611	0.0887282818999999973	0.0942290211999999988
5809033611	0.083909352399999998	0.0921641079000000002
5809038611	0.0822312476000000014	0.0903175858000000026
5809043611	0.080585492100000003	0.088676269000000002
5809048611	0.0814796908999999986	0.0857249048999999957
5809053611	0.0785996063999999939	0.0845675151000000042
5809058611	0.0746752420999999972	0.0824433908999999965
5809063611	0.0734003956999999957	0.0788069678000000023
5809068611	0.0743853819000000055	0.0783354831000000057
5809073611	0.0708813642000000049	0.0755374693000000069
5809078611	0.0702501420000000015	0.0729105634999999974
5809083611	0.0644329158999999985	0.0707013313999999976
5809088611	0.0648414690999999932	0.0684061814000000018
5809093611	0.0629562523000000013	0.0674652637999999943
5809098611	0.0597138379999999983	0.0648721931999999973
5809103611	0.0569623700999999996	0.0608263139999999994
5809108611	0.0543784237999999989	0.0633434576999999943
5809113611	0.058548686400000001	0.0630792020000000009
5809118611	0.0538432733000000011	0.0575125739999999969
5809123611	0.052013690199999997	0.0592682615999999968
5809128611	0.0441105301999999977	0.0598751823999999974
5809133611	0.0435659434000000012	0.0535721030999999973
5809138611	0.0456635007999999995	0.0552992863000000001
5809143611	0.0441571089999999999	0.0518255146999999985
5809148611	0.0382451157999999999	0.0496106212000000033
5809153611	0.0382903503999999992	0.0526084491999999973
5809158611	0.031855009099999998	0.0514055413999999974
5809163611	0.0335770838999999988	0.0472737119000000011
5809168611	0.0291264811999999984	0.0485151381000000007
5809173611	0.025709676800000001	0.0447089203000000032
5809178611	0.0240340373999999996	0.0424594169999999993
5809183611	0.0233297620999999983	0.0442343041000000034
5809188611	0.0186740058000000007	0.0446897045000000034
5809193611	0.0140614455000000003	0.0436854081000000033
5809198611	0.0165974096999999994	0.0449227416999999976
5809203611	0.0130481447999999996	0.0423285201999999972
5809208611	0.00962260239999999933	0.0444110070000000023
5809213611	0.00895444089999999915	0.0410000141000000026
5809218611	0.00633841360000000041	0.043548989500000003
5809223611	-0.000317090300000000009	0.0413299578999999986
5809228611	0.00072388439999999997	0.0404561630000000033
5809233611	-0.00126502379999999994	0.0404509564000000016
5809238611	-0.0021232807000000002	0.0422256226999999998
5809243611	-0.00569724659999999977	0.0422635869999999983
5809248611	-0.00767323620000000001	0.0433938077000000019
5809253611	-0.0122127966000000008	0.0431099061999999991
5809258611	-0.0166505932000000009	0.043171289699999997
5809263611	-0.0121184382999999993	0.0419231514999999985
5809268611	-0.0142667261	0.0443518486000000003
5809273611	-0.0221936757999999998	0.0441034080999999981
5809278611	-0.0220384243999999993	0.0458779491000000025
5809283611	-0.0249910357999999985	0.0443869307000000005
5809288611	-0.0272566526000000003	0.0482414502000000009
5809293611	-0.0250200780000000012	0.0449270025000000003
5809298611	-0.026901695199999999	0.0451138416999999972
5809303611	-0.0299514570999999986	0.0478685845999999998
5809308611	-0.033201459400000001	0.0476580232999999978
5809313611	-0.0318424944999999987	0.0542193016999999999
5809318611	-0.0367332364000000008	0.0527649414000000011
5809323611	-0.0343193723999999992	0.0513011368000000009
5809328611	-0.0404677546000000027	0.0526096210000000022
5809333611	-0.0434671135000000014	0.0528494584000000003
5809338611	-0.0436732146999999973	0.0496813879999999999
5809343611	-0.0439704056999999995	0.051249659000000003
5809348611	-0.0438673393999999967	0.0532373507999999995
5809353611	-0.0462141784	0.0561532866999999991
5809358611	-0.0434568694000000005	0.0599546665999999978
5809363611	-0.048143182100000001	0.0611475314999999978
5809368611	-0.0512632187000000017	0.0598166478999999987
5809373611	-0.0554406672000000017	0.0598174424999999982
5809378611	-0.0486616855000000029	0.064812903000000005
5809383611	-0.0564978464000000027	0.0640427051999999941
5809388611	-0.0570555058000000032	0.0625868661999999937
5809393611	-0.059328458700000003	0.0627424577000000039
5809398611	-0.0585336425999999979	0.0671933893999999976
5809403611	-0.0551305826999999998	0.0681131618000000022
5809408611	-0.057465467499999999	0.0668016230000000044
5809413611	-0.0622020276000000011	0.0675082790000000044
5809418611	-0.0649364773000000034	0.0706452461999999975
5809423611	-0.063522868499999996	0.0724175878000000023
5809428611	-0.0625044921999999975	0.0707294081000000019
5809433611	-0.0640071608000000042	0.0741092487999999994
5809438611	-0.0670336569999999965	0.0717638171000000019
5809443611	-0.067563435000000005	0.078137158799999995
5809448611	-0.0689399229000000058	0.0774205022999999992
5809453611	-0.0706775864000000059	0.0775666725999999973
5809458611	-0.0670693054999999955	0.0763913769999999964
5809463611	-0.0683372621000000041	0.0803308721000000059
5809468611	-0.0739711609999999936	0.0807272915000000063
5809473611	-0.0727849148999999973	0.0775408298000000024
5809478611	-0.0695457954999999933	0.0804279534000000018
5809483611	-0.0734161913000000027	0.0819342886999999964
5809488611	-0.0714370834000000038	0.0828965578000000064
5809493611	-0.0750475319000000057	0.0861938968000000028
5809498611	-0.072799154899999996	0.0849713723999999948
5809503611	-0.0707703873999999955	0.0852637564999999958
5809508611	-0.0757830493999999966	0.091551562000000003
5809513611	-0.0740993776000000021	0.0916154869000000011
5809518611	-0.0776516450000000052	0.0882093168000000066
5809523611	-0.0780642002000000029	0.0946236062000000017
5809528611	-0.0765224709999999947	0.0960485018999999995
5809533611	-0.077887219399999999	0.0941842256999999988
5809538611	-0.0790922302000000021	0.0986558101999999992
5809543611	-0.0803404301999999931	0.0977838704000000003
5809548611	-0.0796056889999999934	0.0925911779000000018
5809553611	-0.0799223654000000006	0.0973381965000000016
5809558611	-0.0792965716000000043	0.097782750099999996
5809563611	-0.0815000666999999984	0.0977671942000000044
5809568611	-0.0809465069000000065	0.0984998764999999998
5809573611	-0.0762609432999999948	0.101648666799999995
5809578611	-0.0832493240999999939	0.100975379200000007
5809583611	-0.0812388760999999959	0.103193299599999996
5809588611	-0.0808809223999999993	0.105123535500000004
5809593611	-0.0826764811999999988	0.103114706700000003
5809598611	-0.0798022901000000062	0.106568233100000007
5809603611	-0.0789086497999999942	0.1080688172
5809608611	-0.0796051764999999995	0.1057284275
5809613611	-0.0785583376999999944	0.111807773999999999
5809618611	-0.0829341439000000069	0.109494999199999998
5809623611	-0.0824666985000000047	0.1075525388
5809628611	-0.0819581991000000037	0.110659489900000005
5809633611	-0.0809325025000000031	0.110781013100000006
5809638611	-0.0838173257000000005	0.108988329600000003
5809643611	-0.0842748801999999991	0.110860919299999999
5809648611	-0.0823865002999999985	0.112609966000000006
5809653611	-0.0837033984000000036	0.115334210800000003
5809658611	-0.0847321773999999972	0.116310778399999995
5809663611	-0.0830950168000000045	0.1179602924
5809668611	-0.0796259651000000013	0.120884554699999994
5809673611	-0.0806624727999999958	0.120893895700000004
5809678611	-0.0827172852999999986	0.119672555999999999
5809683611	-0.0846605366000000026	0.121829177799999994
5809688611	-0.083898078900000006	0.122593629600000004
5809693611	-0.0834594525000000032	0.124437933599999995
5809698611	-0.0831520491999999944	0.126830671000000006
5809703611	-0.0823660947000000032	0.127442263
5809708611	-0.0840270097999999965	0.129523061100000003
5809713611	-0.0837828709999999949	0.126744217999999992
5809718611	-0.0812658314999999964	0.126768727899999989
5809723611	-0.0875485745000000037	0.132186901999999995
5809728611	-0.084049663400000002	0.126483193800000004
5809733611	-0.0820114713999999939	0.131669777799999999
5809738611	-0.0815587289000000021	0.132144239599999991
5809743611	-0.0835546826999999936	0.132502082699999996
5809748611	-0.0823806512999999963	0.12929459900000001
5809753611	-0.0829692791000000013	0.13265963280000001
5809758611	-0.0830848867999999935	0.132300669900000001
5809763611	-0.0809569698000000004	0.134593445300000003
5809768611	-0.0780434584000000015	0.135952941699999996
5809773611	-0.0839769905000000011	0.133341793699999989
5809778611	-0.0825013643000000046	0.138026300500000004
5809783611	-0.0782340237999999966	0.138520327599999993
5809788611	-0.0801355205000000015	0.138986717199999998
5809793611	-0.0829785967000000041	0.137089605100000012
5809798611	-0.078541115100000003	0.137719083900000011
5809803611	-0.0797275749000000006	0.137095158800000005
5809808611	-0.0817002921999999965	0.144016084999999988
5809813611	-0.0795247045999999957	0.137936441699999995
5809818611	-0.0816386087999999982	0.142496755100000011
5809823611	-0.0782718097000000002	0.141404270299999996
5809828611	-0.0799839663000000006	0.142772902099999988
5809833611	-0.0810993121999999955	0.141998153300000013
5809838611	-0.0810528333000000017	0.143710516300000007
5809843611	-0.0806470895000000049	0.140180974300000011
5809848611	-0.0811549027999999978	0.141528549000000003
5809853611	-0.0768229492999999986	0.14361610729999999
5809858611	-0.0804618611000000039	0.147451037000000007
5809863611	-0.0779428033999999964	0.144536497200000003
5809868611	-0.0777467527000000047	0.146863345199999995
5809873611	-0.0714340563000000067	0.148140101699999999
5809878611	-0.0786464877999999978	0.147295282299999997
5809883611	-0.0752905298000000056	0.148185170000000005
5809888611	-0.0756229652999999974	0.149850566500000004
5809893611	-0.0764732941000000055	0.146417834899999988
5809898611	-0.0752725724000000013	0.14870697699999999
5809903611	-0.0764191688000000063	0.150653185999999994
5809908611	-0.0759428364999999994	0.150086796699999997
5809913611	-0.0784598754999999981	0.151020277199999997
5809918611	-0.076247650799999997	0.152819577600000006
5809923611	-0.0761431672000000004	0.152494303800000008
5809928611	-0.072837705700000005	0.153980118999999999
5809933611	-0.0738116724000000002	0.154213228799999991
5809938611	-0.0712250306999999971	0.157682392899999996
5809943611	-0.0781290458999999993	0.155264803600000001
5809948611	-0.0746654872000000053	0.155355673500000013
5809953611	-0.0726423174000000033	0.153111736599999992
5809958611	-0.0720481857000000031	0.155915645299999989
5809963611	-0.0705864878999999945	0.157243671599999996
5809968611	-0.0711832701999999956	0.160080781000000005
5809973611	-0.0742367201999999948	0.158048629899999987
5809978611	-0.0775878660999999997	0.156198401300000012
5809983611	-0.0714054959999999989	0.158451426199999995
5809988611	-0.071610024199999997	0.158211896699999993
5809993611	-0.0739655674000000013	0.159557634700000006
5809998611	-0.0722586317000000061	0.156539914000000002
5810003611	-0.0727893418000000042	0.160552731300000001
5810008611	-0.0720522521999999999	0.162612772099999997
5810013611	-0.0712084479999999936	0.160434084899999996
5810018611	-0.0728779107000000065	0.163470517900000001
5810023611	-0.0689952083999999938	0.165495043099999989
5810028611	-0.0689955799000000064	0.164761986100000007
5810033611	-0.0696269969000000016	0.164424339599999997
5810038611	-0.0701435516000000064	0.165352988099999987
5810043611	-0.0685381984	0.163144400200000012
5810048611	-0.0683776605000000065	0.165038453299999999
5810053611	-0.0671154292000000069	0.162428095599999989
5810058611	-0.0703785878000000031	0.16620872619999999
5810063611	-0.0650976417000000002	0.1674346206
5810068611	-0.0704608775999999992	0.1682058045
5810073611	-0.0687687423999999992	0.167178718599999998
5810078611	-0.0685096231	0.164635067400000001
5810083611	-0.0682175718999999958	0.165545363899999992
5810088611	-0.0650146404000000039	0.166553053899999998
5810093611	-0.0681305957999999989	0.169698239800000011
5810098611	-0.0659747115000000051	0.167926554300000003
5810103611	-0.0646010253000000034	0.170687149199999999
5810108611	-0.0664437251999999978	0.167066463800000009
5810113611	-0.0657936060999999989	0.167586061300000005
5810118611	-0.0661684235000000037	0.170375499499999999
5810123611	-0.0646206525000000004	0.169153014800000001
5810128611	-0.0665756579999999959	0.170947257500000005
5810133611	-0.0667733127999999981	0.170840763700000009
5810138611	-0.0654417592000000048	0.175794314499999993
5810143611	-0.0638775919999999969	0.173863030599999996
5810148611	-0.064919733199999996	0.1761852468
5810153611	-0.0638751699000000006	0.167566598900000002
5810158611	-0.0639563176000000067	0.177290057899999992
5810163611	-0.0629110925000000015	0.17380341299999999
5810168611	-0.0597280992999999968	0.17217151650000001
5810173611	-0.0607915085000000008	0.177899176399999998
5810178611	-0.0575350483000000024	0.174242928299999988
5810183611	-0.0595508431000000005	0.170422269500000001
5810188611	-0.062714583500000004	0.175680446900000009
5810193611	-0.0620604270000000013	0.174480071600000008
5810198611	-0.0616182191000000032	0.175891418800000005
5810203611	-0.0610506280000000026	0.17821011040000001
5810208611	-0.0613039007999999983	0.179288994899999998
5810213611	-0.0580542117999999982	0.179309259599999993
5810218611	-0.0600306878999999974	0.180597230599999992
5810223611	-0.0606644978000000015	0.182323161099999992
5810228611	-0.0542869124999999994	0.180637351400000007
5810233611	-0.0575256263000000004	0.179338458000000006
5810238611	-0.0577635739999999981	0.181113012399999995
5810243611	-0.0538849942000000012	0.180233646500000011
5810248611	-0.0591277842999999997	0.181819910000000001
5810253611	-0.0560630189999999987	0.17911240249999999
5810258611	-0.0550042214999999987	0.178606274300000006
5810263611	-0.0537428775000000011	0.178451250199999994
5810268611	-0.0541831139000000031	0.181431058400000011
5810273611	-0.0556964667000000024	0.182838750200000011
5810278611	-0.0561124321999999995	0.182932699000000004
5810283611	-0.0567333481999999986	0.182072978899999988
5810288611	-0.0539885453000000029	0.178047427499999994
5810293611	-0.052332615300000003	0.179739725299999986
5810298611	-0.0516682503000000029	0.182770854199999999
5810303611	-0.0545904773000000024	0.179334458899999993
5810308611	-0.0529540006999999965	0.180277996400000001
5810313611	-0.0533646991999999973	0.1852984305
5810318611	-0.0517517512000000013	0.179132262900000006
5810323611	-0.0563739737999999976	0.183454430899999993
5810328611	-0.0529116390000000034	0.182329755499999996
5810333611	-0.0516933898999999974	0.184244895800000003
5810338611	-0.047184638299999998	0.18464843219999999
5810343611	-0.0515871347999999966	0.183009058299999999
5810348611	-0.0553148503000000027	0.182905413300000014
5810353611	-0.0513035865999999993	0.186586868200000006
5810358611	-0.0500030050000000031	0.185164813799999994
5810363611	-0.0478928496999999967	0.184492734500000005
5810368611	-0.044054973499999997	0.185449732499999992
5810373611	-0.0505674887000000031	0.187336166999999998
5810378611	-0.0489615670999999988	0.184780464100000014
5810383611	-0.0436536551000000009	0.185826341099999987
5810388611	-0.0483227316000000018	0.185236226100000012
5810393611	-0.0482767180999999976	0.185947173999999993
5810398611	-0.0495045070000000031	0.186497083799999991
5810403611	-0.0451793310000000031	0.183086392699999989
5810408611	-0.0413623731999999966	0.186884011900000008
5810413611	-0.0450834030000000011	0.188084982900000003
5810418611	-0.0458655512000000001	0.18522220989999999
5810423611	-0.0456404484999999999	0.190937275399999995
5810428611	-0.0452922535999999987	0.187241533099999996
5810433611	-0.0446958499000000009	0.189346358699999995
5810438611	-0.0450254329999999967	0.189056047799999988
5810443611	-0.0464507170000000025	0.190901505299999996
5810448611	-0.0473706162	0.191118431499999991
5810453611	-0.0422415443999999973	0.190096609400000005
5810458611	-0.0433944937000000017	0.190067819599999993
5810463611	-0.0449048512999999996	0.191895503800000006
5810468611	-0.0429447946000000025	0.191304906100000005
5810473611	-0.041094185200000001	0.19087399020000001
5810478611	-0.0425038979999999983	0.189458564800000007
5810483611	-0.0406557655999999976	0.192678157799999999
5810488611	-0.0368772823000000013	0.192950734000000013
5810493611	-0.0402318984000000004	0.194415674700000013
5810498611	-0.0407439299000000033	0.194065722100000004
5810503611	-0.0410421139999999976	0.189624428499999997
5810508611	-0.0411386519999999978	0.190779455699999989
5810513611	-0.0381771231000000016	0.192216917600000009
5810518611	-0.0390681314999999987	0.19260015929999999
5810523611	-0.0384137437000000026	0.1901661402
5810528611	-0.0357452101000000008	0.192042618299999995
5810533611	-0.037887078099999999	0.193041303199999986
5810538611	-0.0357372935999999974	0.193028923699999994
5810543611	-0.0410167099999999979	0.190411723899999996
5810548611	-0.036858813800000001	0.193651511400000004
5810553611	-0.036713054600000003	0.191499175399999999
5810558611	-0.0367064075999999975	0.194928493000000008
5810563611	-0.0357146495000000008	0.198670279199999994
5810568611	-0.0415264686999999993	0.196281025500000011
5810573611	-0.0339394741999999999	0.196070802799999999
5810578611	-0.0337440947999999991	0.195680834599999992
5810583611	-0.0332123854999999968	0.196704556100000011
5810588611	-0.0324550281999999995	0.195630253899999995
5810593611	-0.0306649049000000014	0.196490173800000001
5810598611	-0.0316636200000000034	0.193007972
5810603611	-0.0382885011999999983	0.193275267700000003
5810608611	-0.0335285734999999988	0.194344876
5810613611	-0.0319551658999999988	0.197509486900000003
5810618611	-0.0324824567999999966	0.198330475799999989
5810623611	-0.0303813827999999987	0.192618485300000003
5810628611	-0.0312647834999999971	0.196922732900000008
5810633611	-0.0334128832000000001	0.198629392200000005
5810638611	-0.0291347635999999986	0.194989723100000012
5810643611	-0.0311557376000000004	0.197998867699999997
5810648611	-0.0308587489	0.196352854800000004
5810653611	-0.025397339599999999	0.194845757499999994
5810658611	-0.0327676911999999973	0.196662525300000002
5810663611	-0.0279343579000000015	0.198326140699999987
5810668611	-0.0286716620999999984	0.196293518500000014
5810673611	-0.0275340389999999997	0.198641087299999991
5810678611	-0.0278370933000000008	0.196887720699999991
5810683611	-0.0269131685000000009	0.198895454100000008
5810688611	-0.0274567175999999996	0.199822833899999996
5810693611	-0.0277631643000000004	0.198446693000000007
5810698611	-0.0266316625000000001	0.197774472700000009
5810703611	-0.0282711982000000001	0.198542262200000014
5810708611	-0.0265073239999999988	0.201437951700000006
5810713611	-0.0261390815000000012	0.199195389
5810718611	-0.0250488736000000004	0.201308141899999987
5810723611	-0.0263447181000000009	0.199155537800000004
5810728611	-0.0238015554000000004	0.197627933799999989
5810733611	-0.0234475136999999986	0.197712502600000006
5810738611	-0.0253116559000000005	0.198733582200000009
5810743611	-0.0243298930999999996	0.198450067899999999
5810748611	-0.0241841123000000012	0.203349190900000004
5810753611	-0.0244847438000000001	0.198068245000000004
5810758611	-0.0236257419000000003	0.199121259800000006
5810763611	-0.0234693288999999992	0.204215124400000003
5810768611	-0.0209258520000000017	0.197514049400000002
5810773611	-0.0237989260999999994	0.201399386000000014
5810778611	-0.0215827227999999989	0.204301406500000005
5810783611	-0.021381007300000001	0.199058601000000002
5810788611	-0.0163895722999999986	0.200308012099999988
5810793611	-0.0212009943000000013	0.20046273349999999
5810798611	-0.0231667317999999997	0.204098884899999999
5810803611	-0.0210092348999999998	0.199838912000000007
5810808611	-0.0214999574999999998	0.200401074099999993
5810813611	-0.0159310307000000012	0.203535477699999995
5810818611	-0.017428445800000001	0.199439141699999989
5810823611	-0.0150981750999999997	0.200609277700000005
5810828611	-0.0176599129000000014	0.198694912800000012
5810833611	-0.0142133517999999993	0.203129617300000009
5810838611	-0.0212171303999999991	0.203671560499999987
5810843611	-0.0153068636999999994	0.199212368899999992
5810848611	-0.0168974894	0.204146869099999989
5810853611	-0.0163208318000000012	0.1993082833
5810858611	-0.0150393812000000002	0.204164771800000006
5810863611	-0.0147921322000000004	0.20344057069999999
5810868611	-0.0132683834999999997	0.199985960699999993
5810873611	-0.0124924467999999993	0.202903516700000008
5810878611	-0.0160837321999999991	0.200139820100000004
5810883611	-0.0150339897999999996	0.20190425179999999
5810888611	-0.0119128827000000003	0.203803875299999993
5810893611	-0.00987579750000000013	0.20044943870000001
5810898611	-0.0135543134999999999	0.202275516399999994
5810903611	-0.0143733678	0.202490099499999993
5810908611	-0.0133187244000000007	0.200599125999999989
5810913611	-0.0148981210000000003	0.206999008799999995
5810918611	-0.0129171970000000001	0.202610045399999994
5810923611	-0.0124312749000000007	0.203968446400000003
5810928611	-0.0143180187000000007	0.20201724430000001
5810933611	-0.00923771330000000036	0.199745177800000007
5810938611	-0.0103513187000000006	0.2017090463
5810943611	-0.00938746430000000041	0.204644837999999996
5810948611	-0.0084930019999999995	0.203752921799999986
5810953611	-0.0114947379999999991	0.205066729700000006
5810958611	-0.00756115089999999986	0.205373993799999988
5810963611	-0.00969210149999999958	0.201671607000000003
5810968611	-0.00797398440000000007	0.201343887400000005
5810973611	-0.0112659278000000005	0.209498702000000009
5810978611	-0.0106478660000000006	0.201460362000000004
5810983611	-0.00954692470000000071	0.206224097899999986
5810988611	-0.00828967090000000059	0.20453610089999999
5810993611	-0.0107959626999999999	0.205785551600000005
5810998611	-0.00762136580000000001	0.205392304999999997
5811003611	-0.00991323399999999993	0.205087581200000008
5811008611	-0.00528513580000000011	0.206554557199999989
5811013611	-0.00730252970000000012	0.206028509500000012
5811018611	-0.0016529022	0.203673417899999987
5811023611	-0.00637244990000000039	0.203329103300000008
5811028611	-0.00495739109999999983	0.2059980951
5811033611	-0.0090813788999999992	0.203589121900000003
5811038611	-0.00602760060000000035	0.206353527700000011
5811043611	-0.00272422749999999981	0.209853268399999987
5811048611	-0.00251648590000000004	0.2038804377
5811053611	-0.00308028109999999985	0.206765068200000013
5811058611	-0.00216102000000000004	0.208159219000000006
5811063611	-0.00127229709999999996	0.206472838999999991
5811068611	-0.000311249799999999989	0.204393750900000004
5811073611	-8.78968000000000018e-05	0.208861688200000006
5811078611	-0.00144315510000000004	0.204004151900000014
5811083611	-0.00252681239999999994	0.205969907799999991
5811088611	9.53254999999999939e-05	0.206427009299999992
5811093611	-0.00144008710000000009	0.205741840600000003
5811098611	-0.000754519900000000026	0.204256236300000005
5811103611	-0.00126354960000000008	0.205694017400000012
5811108611	0.00189261360000000001	0.209050674999999991
5811113611	-0.00189190579999999999	0.206825032900000011
5811118611	0.00168589200000000003	0.207252906999999986
5811123611	0.00614495839999999998	0.207507201000000002
5811128611	0.00271039010000000006	0.207265755800000007
5811133611	0.00135763839999999991	0.20919420150000001
5811138611	0.00438934029999999992	0.20887772269999999
5811143611	0.00457439890000000023	0.20565795910000001
5811148611	0.00502643760000000012	0.207200368400000001
5811153611	0.00554745450000000001	0.204490790899999997
5811158611	0.0021364448000000002	0.209060705200000002
5811163611	0.00541548189999999964	0.207666652400000012
5811168611	0.00503331430000000021	0.206138328600000004
5811173611	0.00628258059999999962	0.205752304500000011
5811178611	0.0031678587000000002	0.210377792300000005
5811183611	0.00715965150000000012	0.207289854299999993
5811188611	0.00661014779999999965	0.207059997999999995
5811193611	0.00653354430000000017	0.206578386899999994
5811198611	0.00480462080000000017	0.20907387329999999
5811203611	0.00881912739999999966	0.207118866900000004
5811208611	0.00993963370000000047	0.208656373300000003
5811213611	0.0094984596999999997	0.209262297900000005
5811218611	0.00620335690000000002	0.205836219699999989
5811223611	0.00687077710000000026	0.206934863200000013
5811228611	0.00829193439999999921	0.202240222899999988
5811233611	0.0116056184	0.209562691299999992
5811238611	0.00927734560000000041	0.208966174799999987
5811243611	0.0112068722000000006	0.206407896099999988
5811248611	0.00813255100000000002	0.206503625699999999
5811253611	0.00926949980000000076	0.207555239899999994
5811258611	0.00951213170000000073	0.205276591300000005
5811263611	0.00763254000000000016	0.207791861299999991
5811268611	0.0119598194999999997	0.205930663600000008
5811273611	0.0134640883999999992	0.208500315299999989
5811278611	0.0107960272000000006	0.206849480400000008
5811283611	0.0154142311000000001	0.206212671200000003
5811288611	0.0124612995999999997	0.206345857299999991
5811293611	0.0122726717999999992	0.207038176500000004
5811298611	0.0117555520000000007	0.207534116800000001
5811303611	0.0128239409000000006	0.209883291999999999
5811308611	0.0128123500000000001	0.210034740199999986
5811313611	0.0111071402000000007	0.206714882699999991
5811318611	0.0120601831999999996	0.206944461100000004
5811323611	0.0145146263999999994	0.207748696399999988
5811328611	0.0170577280000000012	0.208190969899999995
5811333611	0.0168624923000000003	0.206909366399999989
5811338611	0.0180657702999999989	0.207558139599999997
5811343611	0.0179663387999999986	0.20938765279999999
5811348611	0.0143598140999999999	0.211543188599999987
5811353611	0.016838223900000001	0.208268149600000008
5811358611	0.0163797900999999996	0.209351636300000005
5811363611	0.0151517435999999998	0.206531245000000002
5811368611	0.0178966249999999993	0.208178874300000011
5811373611	0.0141027186999999991	0.207464588400000011
5811378611	0.0182121155999999985	0.209740697400000009
5811383611	0.0198466028999999995	0.207492924699999998
5811388611	0.0224695277999999998	0.203675989899999993
5811393611	0.0200309164000000012	0.209304214799999999
5811398611	0.0195623857999999984	0.206887465999999992
5811403611	0.0201376867000000008	0.206390057399999993
5811408611	0.021084920699999999	0.207376548999999993
5811413611	0.0229690933	0.20733907339999999
5811418611	0.0199223497999999992	0.211118977099999994
5811423611	0.0218388155000000007	0.208870351700000012
5811428611	0.0229302774999999986	0.207974550600000002
5811433611	0.0229321390999999986	0.206955640800000007
5811438611	0.0233561797000000002	0.209781378399999996
5811443611	0.0244852423999999992	0.208164656499999989
5811448611	0.0232166013999999983	0.208002873300000002
5811453611	0.0236200030000000005	0.207165724899999987
5811458611	0.0231892490999999999	0.209577807300000002
5811463611	0.0242019488000000012	0.208855425099999992
5811468611	0.023861490400000001	0.210813494500000004
5811473611	0.0250956773999999987	0.208800432199999997
5811478611	0.022548629399999999	0.207534934799999987
5811483611	0.0242759165999999992	0.2060793561
5811488611	0.0266392545000000008	0.21009460390000001
5811493611	0.0264111307000000003	0.208725980799999988
5811498611	0.0283121936000000005	0.211990514200000008
5811503611	0.0275279533000000014	0.211346937600000007
5811508611	0.0243061801000000015	0.206786669799999989
5811513611	0.0264300344	0.209080588600000006
5811518611	0.0276850631000000007	0.208785313899999991
5811523611	0.0298535951000000015	0.209093345900000005
5811528611	0.0276478684999999988	0.207170646399999991
5811533611	0.030279770000000001	0.205498703899999996
5811538611	0.0296642233999999984	0.206688328199999993
5811543611	0.0321250759000000011	0.20637137459999999
5811548611	0.0329689418999999997	0.207143902699999993
5811553611	0.0314310972000000008	0.207439647799999988
5811558611	0.0319641586000000005	0.209028904799999998
5811563611	0.0288752461000000016	0.206773160700000014
5811568611	0.0317491451000000008	0.205382207799999994
5811573611	0.0302099272000000002	0.210813039300000005
5811578611	0.0303967355999999987	0.208958163299999999
5811583611	0.0316088254999999999	0.206793883499999998
5811588611	0.0340701908999999983	0.2085636253
5811593611	0.0326516177999999976	0.207286535200000011
5811598611	0.0329272015999999973	0.204085834900000013
5811603611	0.0326047678999999979	0.208109849900000005
5811608611	0.0337979360000000006	0.208764540100000007
5811613611	0.0313473688999999986	0.207303565200000012
5811618611	0.0315353870999999994	0.205765771099999994
5811623611	0.0339642703000000018	0.208031948500000008
5811628611	0.0299790148999999999	0.206844013999999993
5811633611	0.0369824893999999987	0.207054338300000002
5811638611	0.0377097875000000013	0.207912216700000013
5811643611	0.0360673035000000017	0.203626771499999998
5811648611	0.0346108415999999974	0.207142909900000005
5811653611	0.0395002618999999999	0.207403148600000004
5811658611	0.0393561196999999974	0.208002453700000006
5811663611	0.0395995214999999984	0.207613415500000009
5811668611	0.0381962632999999982	0.20718258710000001
5811673611	0.0362593265000000012	0.204379748500000014
5811678611	0.0386102842999999987	0.207731751500000006
5811683611	0.0372038880999999988	0.207795846700000009
5811688611	0.0394779758000000022	0.20912520200000001
5811693611	0.0396144990999999988	0.208439148299999988
5811698611	0.0368669526000000025	0.205776052900000006
5811703611	0.0393472131000000003	0.20383389460000001
5811708611	0.0407562453000000005	0.204391838200000009
5811713611	0.0387212122000000006	0.207664991399999999
5811718611	0.0388642110000000027	0.203095088899999998
5811723611	0.039175325300000001	0.206146886299999998
5811728611	0.0383915458999999973	0.206752555000000005
5811733611	0.0385117146999999979	0.207396218599999987
5811738611	0.0402520147999999994	0.208148545099999999
5811743611	0.0448826478000000015	0.204305867000000002
5811748611	0.0437282722000000013	0.203058147299999991
5811753611	0.0419671620000000023	0.20625524549999999
5811758611	0.0422174108000000006	0.202902616300000005
5811763611	0.0446756919000000016	0.205482011999999992
5811768611	0.0442322884	0.20354618590000001
5811773611	0.0451188542000000026	0.2035040709
5811778611	0.0462913433000000027	0.206989522600000003
5811783611	0.0436886921000000025	0.206908316499999995
5811788611	0.0427197023999999967	0.207613098999999995
5811793611	0.0442540727000000009	0.209043449599999986
5811798611	0.0449541280000000029	0.204210396200000005
5811803611	0.0390557971999999989	0.20876610109999999
5811808611	0.0481891705000000031	0.205255976199999995
5811813611	0.0436939438999999971	0.205654479899999992
5811818611	0.0480523471999999979	0.206853444400000003
5811823611	0.0486727191999999989	0.205336816000000005
5811828611	0.0467977295999999973	0.205218771900000013
5811833611	0.0474664825999999984	0.207913543000000006
5811838611	0.0475648102000000017	0.208634348899999988
5811843611	0.0436298401999999988	0.205764930200000001
5811848611	0.0483564402999999976	0.202620250000000002
5811853611	0.0478299868000000017	0.204680463300000004
5811858611	0.0467361744999999981	0.202812971399999986
5811863611	0.0498558163000000013	0.210436234500000013
5811868611	0.051043107499999997	0.205699650399999989
5811873611	0.0506612805000000027	0.205994077100000006
5811878611	0.0479922292	0.206545251399999991
5811883611	0.0518708585999999999	0.203644375699999991
5811888611	0.0529961690000000027	0.207085802900000004
5811893611	0.0491158624000000016	0.206245275499999992
5811898611	0.049695879200000001	0.205228294799999988
5811903611	0.0499342447999999994	0.207644639900000011
5811908611	0.0552311191999999979	0.205588675100000007
5811913611	0.0509353415000000018	0.206321142799999996
5811918611	0.0535888810999999993	0.206781978000000005
5811923611	0.0519705681999999974	0.210223077400000014
5811928611	0.0550872863000000032	0.208263945099999986
5811933611	0.0540987210999999968	0.2084171524
5811938611	0.0545724315999999987	0.202850444500000004
5811943611	0.0501426631999999997	0.204400856900000011
5811948611	0.051337900899999997	0.207668899500000004
5811953611	0.0556956460000000014	0.2046117992
5811958611	0.0529188113000000002	0.205490996700000011
5811963611	0.0522653951000000006	0.205871847699999999
5811968611	0.0577392476000000016	0.204872634400000003
5811973611	0.0560603511999999971	0.207484718000000012
5811978611	0.060012808899999999	0.205028153200000007
5811983611	0.0551420009000000017	0.20885287420000001
5811988611	0.0566075774999999989	0.204121681999999999
5811993611	0.0597772610999999995	0.204775039900000011
5811998611	0.0574848978999999982	0.201707651900000007
5812003611	0.0570845935000000027	0.205678327900000013
5812008611	0.0548088544999999969	0.205561282099999992
5812013611	0.0583206065999999981	0.206900079799999997
5812018611	0.0571179121000000012	0.206546092300000012
5812023611	0.0580153563000000011	0.204976158900000011
5812028611	0.0600598830000000014	0.202353148600000005
5812033611	0.0586604348000000012	0.203841497300000007
5812038611	0.0600239941999999999	0.206946441600000003
5812043611	0.0560959831999999978	0.199904867699999989
5812048611	0.0586752768999999966	0.203395436600000007
5812053611	0.0587358991999999969	0.202287067600000009
5812058611	0.0615550704000000018	0.200362352900000013
5812063611	0.0627343261999999957	0.202861641000000009
5812068611	0.0642437307999999957	0.203889009499999996
5812073611	0.0611314500999999982	0.204180525700000004
5812078611	0.0604540838000000025	0.201028167300000005
5812083611	0.0635576996999999977	0.199754819800000011
5812088611	0.0615312072000000002	0.201258949800000003
5812093611	0.0584433550999999968	0.199944030299999992
5812098611	0.063314690899999998	0.203016337800000002
5812103611	0.0629818537000000067	0.201938978399999997
5812108611	0.0665244844000000002	0.203667320900000004
5812113611	0.0644293133999999934	0.203613728399999999
5812118611	0.0637043523000000028	0.203660431700000005
5812123611	0.067394261299999994	0.202634244600000013
5812128611	0.0651314867999999991	0.206103745100000013
5812133611	0.0630982952000000014	0.200349511400000013
5812138611	0.0680318683000000063	0.204278765899999992
5812143611	0.0660894686000000064	0.205328712800000007
5812148611	0.0652479740000000002	0.202668628399999995
5812153611	0.0678436735000000068	0.203044658900000008
