# freq, I e Q
5787688104	0.148106187500000014	0.198039665199999992
5787691104	0.145354388400000006	0.197975931999999993
5787694104	0.146465503699999999	0.198826429299999996
5787697104	0.147141868700000011	0.1991655175
5787700104	0.150723886700000004	0.198596303899999993
5787703104	0.148105253500000006	0.200988069399999997
5787706104	0.148416971499999994	0.201034217200000004
5787709104	0.148746314399999996	0.194978392800000011
5787712104	0.150959038099999998	0.195353562499999994
5787715104	0.151127997099999994	0.197376763600000005
5787718104	0.150327304299999992	0.19617795939999999
5787721104	0.148573083500000008	0.195786126199999994
5787724104	0.15393300339999999	0.195377318599999988
5787727104	0.15233528930000001	0.193525725799999992
5787730104	0.150980657099999999	0.196461474800000008
5787733104	0.156021815700000011	0.195842828999999996
5787736104	0.153896025999999991	0.194077429400000001
5787739104	0.152313820900000008	0.195487066500000001
5787742104	0.153876302599999987	0.194699311000000014
5787745104	0.152220428399999996	0.195347611599999998
5787748104	0.149356057600000008	0.196710802200000007
5787751104	0.154030351499999996	0.191904809499999995
5787754104	0.154691260800000008	0.191218882400000012
5787757104	0.153361717600000003	0.192648023499999987
5787760104	0.1562553733	0.195862594700000003
5787763104	0.157535853400000009	0.193142977999999993
5787766104	0.156538970999999999	0.193366853100000013
5787769104	0.155752135600000008	0.192911397099999993
5787772104	0.158680527999999987	0.191910169800000002
5787775104	0.154110937199999992	0.195296252400000009
5787778104	0.155790551700000002	0.191289208900000007
5787781104	0.156864510900000004	0.193006799000000007
5787784104	0.156264314300000012	0.194992074399999993
5787787104	0.155967752999999987	0.1934251216
5787790104	0.154284645899999989	0.189375144500000009
5787793104	0.154544641600000004	0.193373947299999988
5787796104	0.161325347000000008	0.190398935299999988
5787799104	0.159376504899999993	0.190220899400000004
5787802104	0.157450662200000008	0.193538578900000008
5787805104	0.160399436499999992	0.191248666900000003
5787808104	0.158804497600000011	0.189385210199999987
5787811104	0.159171767900000011	0.191700675099999995
5787814104	0.161827886700000007	0.190906632500000006
5787817104	0.15756799199999999	0.190248509499999996
5787820104	0.164047574700000004	0.193840546499999988
5787823104	0.160131561199999994	0.193961855099999997
5787826104	0.161927605599999996	0.190102810000000011
5787829104	0.1622789278	0.193483136599999994
5787832104	0.158639126800000002	0.191065666599999989
5787835104	0.162578461099999988	0.186942568100000012
5787838104	0.163774085200000002	0.188410466999999998
5787841104	0.162630388799999998	0.192423194900000011
5787844104	0.159162592900000011	0.188034729000000012
5787847104	0.164650031299999999	0.190458030800000011
5787850104	0.16533070729999999	0.189872259900000007
5787853104	0.165323146700000007	0.185514972199999989
5787856104	0.164391875399999998	0.189974634199999992
5787859104	0.163702034899999987	0.189263305100000001
5787862104	0.163211223399999994	0.18556621949999999
5787865104	0.167263009399999996	0.186668063299999992
5787868104	0.168704456199999991	0.190097939999999993
5787871104	0.165192048099999989	0.184893446099999997
5787874104	0.164641398500000008	0.186252898700000002
5787877104	0.164059163400000013	0.187011298599999987
5787880104	0.163653684500000007	0.184968985299999999
5787883104	0.168895896299999987	0.185808101199999992
5787886104	0.166032071499999989	0.188474316599999997
5787889104	0.168046977099999995	0.187315186299999992
5787892104	0.168137553699999998	0.184936925700000004
5787895104	0.169546175800000004	0.184060184099999996
5787898104	0.170930403300000006	0.183873968599999993
5787901104	0.169510270299999988	0.185527663000000009
5787904104	0.168130104100000011	0.182011243399999995
5787907104	0.170046496299999988	0.185065144099999995
5787910104	0.167416926399999999	0.187389547900000009
5787913104	0.170491217800000011	0.187864263499999989
5787916104	0.169665488000000003	0.183349994200000005
5787919104	0.166859992000000013	0.183021832100000004
5787922104	0.171532278600000004	0.182484370499999993
5787925104	0.173255204699999998	0.180609352000000001
5787928104	0.17413337470000001	0.182229519499999992
5787931104	0.174386110600000005	0.183864024300000012
5787934104	0.174748878599999991	0.183317009899999994
5787937104	0.175111062200000001	0.1834447102
5787940104	0.173282048399999999	0.182926465499999996
5787943104	0.172407660699999993	0.181348660100000003
5787946104	0.174564244600000001	0.185761132299999993
5787949104	0.175265561600000008	0.18384945720000001
5787952104	0.173742940799999995	0.180471690699999993
5787955104	0.174826670699999992	0.177397138399999987
5787958104	0.175001795099999996	0.181959113000000006
5787961104	0.176186295500000006	0.179707977500000005
5787964104	0.173877463199999999	0.183873407699999991
5787967104	0.17749499660000001	0.179242874899999988
5787970104	0.17503428230000001	0.180955555500000004
5787973104	0.178097682600000001	0.182798219600000006
5787976104	0.177648338500000003	0.179856515200000011
5787979104	0.17722241829999999	0.177808575800000007
5787982104	0.178454259100000012	0.177817811299999989
5787985104	0.180293316399999987	0.184758602900000013
5787988104	0.177669837299999994	0.178354727299999988
5787991104	0.177410105099999993	0.179602501400000003
5787994104	0.177043876200000005	0.181137764899999998
5787997104	0.179504218100000001	0.180219616599999993
5788000104	0.179502713499999994	0.178131807100000011
5788003104	0.181734500900000012	0.1773404653
5788006104	0.18209603760000001	0.176639388600000002
5788009104	0.178886916899999998	0.174343932099999988
5788012104	0.184234315300000007	0.178345750899999989
5788015104	0.183203000199999994	0.17797235589999999
5788018104	0.18018052679999999	0.176284826100000014
5788021104	0.181597165499999991	0.175383092500000004
5788024104	0.184693327800000001	0.171979407100000009
5788027104	0.182846951099999988	0.173245676799999998
5788030104	0.1853070936	0.175520252799999998
5788033104	0.186598947200000004	0.175717808499999989
5788036104	0.184718332200000002	0.174228235000000009
5788039104	0.185448028300000012	0.175535751299999987
5788042104	0.185896872500000004	0.172549254900000004
5788045104	0.1846067552	0.172410516399999991
5788048104	0.1855108912	0.171106180999999996
5788051104	0.184299957099999995	0.172156403399999991
5788054104	0.185613096199999994	0.172824785600000003
5788057104	0.186422495500000007	0.171304604700000002
5788060104	0.185595329599999997	0.170745459999999988
5788063104	0.190122305800000002	0.172835761199999993
5788066104	0.1864646576	0.169257515599999991
5788069104	0.189576871199999997	0.169343950800000004
5788072104	0.186901374700000011	0.1700015426
5788075104	0.192574222999999989	0.171307483600000005
5788078104	0.192143420300000006	0.171065541099999996
5788081104	0.191284014700000005	0.168570489600000012
5788084104	0.189797338399999987	0.168983756600000007
5788087104	0.192314025400000005	0.169518948700000005
5788090104	0.18870542039999999	0.167623446700000012
5788093104	0.190098126300000003	0.1726798789
5788096104	0.1947973858	0.168743017999999995
5788099104	0.190910046500000014	0.167729710000000004
5788102104	0.192503333999999998	0.172759443200000001
5788105104	0.188478630199999997	0.168519794800000011
5788108104	0.193301046799999987	0.167838760599999998
5788111104	0.1988743117	0.16689297119999999
5788114104	0.190789499899999992	0.167498844199999997
5788117104	0.194125929899999994	0.162680519299999993
5788120104	0.195294096599999994	0.165927061900000006
5788123104	0.193639990099999992	0.166777083100000001
5788126104	0.197979769500000014	0.165612444100000006
5788129104	0.193532014700000005	0.164522379599999991
5788132104	0.197046382599999986	0.161508736399999991
5788135104	0.197950089899999987	0.162324434600000012
5788138104	0.196695747599999998	0.163649594399999987
5788141104	0.198049023399999996	0.161341944300000012
5788144104	0.197188716300000011	0.167321327500000006
5788147104	0.196113214300000005	0.16361175850000001
5788150104	0.199601987300000006	0.164469651500000008
5788153104	0.201680212100000006	0.160799482599999988
5788156104	0.198174518299999991	0.162206776800000008
5788159104	0.200547298600000007	0.16148095300000001
5788162104	0.199253830599999987	0.162508171899999998
5788165104	0.199383636100000011	0.162170622200000003
5788168104	0.2027641201	0.159181302599999991
5788171104	0.198301153000000008	0.16111418629999999
5788174104	0.2021710481	0.1603288514
5788177104	0.20217808470000001	0.159837183699999996
5788180104	0.203919299800000009	0.160418201799999993
5788183104	0.20143632689999999	0.156909547600000004
5788186104	0.202678060599999987	0.157423041900000005
5788189104	0.202315040899999993	0.157728840700000011
5788192104	0.205979945899999989	0.157365288999999992
5788195104	0.204402817799999997	0.156769389600000003
5788198104	0.204309583200000006	0.155613646299999991
5788201104	0.209278391099999989	0.159699380000000002
5788204104	0.207110873000000001	0.158580672799999989
5788207104	0.206851037500000001	0.15537045029999999
5788210104	0.209265256399999988	0.158828272399999998
5788213104	0.207989224800000011	0.156501866200000006
5788216104	0.207257317299999994	0.1553729415
5788219104	0.208705724000000009	0.150078693600000007
5788222104	0.206004602799999992	0.152899443299999993
5788225104	0.209625244300000013	0.151982012299999997
5788228104	0.206333421099999997	0.149848153499999998
5788231104	0.206935039799999998	0.149431690099999986
5788234104	0.208480583400000002	0.151820039500000004
5788237104	0.209100615200000006	0.149850839600000008
5788240104	0.208163797300000009	0.151406559400000001
5788243104	0.210645819399999989	0.148745207099999999
5788246104	0.208340737100000006	0.148834460299999999
5788249104	0.209772497199999991	0.150539707699999997
5788252104	0.213922607799999998	0.151503947700000002
5788255104	0.214169246199999996	0.150426648100000004
5788258104	0.207922314400000002	0.147146987000000007
5788261104	0.211797498299999998	0.144134278300000002
5788264104	0.214997819600000001	0.146887250200000014
5788267104	0.214216901399999993	0.145457397500000002
5788270104	0.2163082801	0.148010839499999991
5788273104	0.210839052599999993	0.146636553199999992
5788276104	0.212998485500000001	0.145378004599999999
5788279104	0.212478944100000011	0.14430576610000001
5788282104	0.216249478100000003	0.139614827500000011
5788285104	0.21879068539999999	0.140075024900000011
5788288104	0.214882322900000006	0.144158920200000013
5788291104	0.21953174889999999	0.145272277000000005
5788294104	0.213679590599999997	0.141519648100000006
5788297104	0.217344944600000006	0.1394266532
5788300104	0.219065608500000009	0.139693610999999995
5788303104	0.215326777500000011	0.141116275499999999
5788306104	0.216338541599999989	0.138566260299999994
5788309104	0.218011585400000013	0.13892534640000001
5788312104	0.217722652099999997	0.137995278199999988
5788315104	0.222755031999999992	0.140598507300000009
5788318104	0.220479672200000004	0.134895053799999998
5788321104	0.220984743600000005	0.13570542590000001
5788324104	0.223033691099999987	0.135391879900000012
5788327104	0.221724453300000013	0.130713357899999993
5788330104	0.223276076999999989	0.136953806099999992
5788333104	0.222523858600000013	0.13532177279999999
5788336104	0.220555530100000008	0.134204302500000011
5788339104	0.227157816300000009	0.132950833299999988
5788342104	0.225491438999999988	0.133407195099999987
5788345104	0.223806676799999993	0.130781594400000006
5788348104	0.224465248499999992	0.131904595699999988
5788351104	0.225101292799999991	0.127809712699999994
5788354104	0.227496656800000002	0.126502764500000003
5788357104	0.2252197846	0.125603215500000004
5788360104	0.229267173600000013	0.128588811500000011
5788363104	0.225046473800000008	0.124643268599999996
5788366104	0.2251561282	0.124066379500000004
5788369104	0.226911203099999986	0.122203170599999994
5788372104	0.227350234699999987	0.124295659700000005
5788375104	0.229296266400000004	0.124056382199999995
5788378104	0.228016860300000013	0.119951946500000003
5788381104	0.233235653799999998	0.121757601199999996
5788384104	0.227050643299999994	0.124000561600000003
5788387104	0.229021449099999996	0.122414904500000005
5788390104	0.230201519900000012	0.120611785200000002
5788393104	0.231349839400000007	0.1172547065
5788396104	0.236541993300000003	0.119362576900000003
5788399104	0.233668517500000006	0.114821823599999998
5788402104	0.232141193800000006	0.116985285899999999
5788405104	0.23120233770000001	0.116581506299999998
5788408104	0.233075969800000005	0.114745751399999998
5788411104	0.236796398299999988	0.1174329551
5788414104	0.236360470699999992	0.115067113700000001
5788417104	0.236469799499999994	0.115403492100000005
5788420104	0.235531805600000005	0.114268452100000001
5788423104	0.233608470799999995	0.1102552215
5788426104	0.234807041699999997	0.111117974100000003
5788429104	0.235845502200000001	0.107109172599999997
5788432104	0.233959622400000011	0.107960124899999996
5788435104	0.233809045599999987	0.106685467500000006
5788438104	0.235757493099999993	0.109195747300000007
5788441104	0.238675319999999996	0.1110058981
5788444104	0.237277762400000009	0.104344940100000005
5788447104	0.234448918899999997	0.100004919999999997
5788450104	0.2371987401	0.100496496399999996
5788453104	0.238794075200000011	0.103234046699999998
5788456104	0.238620270999999995	0.103136345099999999
5788459104	0.2380859263	0.1018477629
5788462104	0.237025157399999992	0.100508095899999997
5788465104	0.238105342400000003	0.101222014299999996
5788468104	0.2388105643	0.100162752600000002
5788471104	0.24108263399999999	0.0985053060000000008
5788474104	0.239557103699999996	0.0946535768999999944
5788477104	0.242662989100000004	0.0956337285999999953
5788480104	0.243984939000000012	0.0954289351000000008
5788483104	0.243690934199999987	0.093043965199999995
5788486104	0.243357882299999995	0.0927346836000000063
5788489104	0.239830529300000012	0.0881454046999999991
5788492104	0.241161986100000003	0.0878656426999999962
5788495104	0.241818891600000002	0.0903540444999999942
5788498104	0.243013529899999997	0.089181223599999998
5788501104	0.242047121199999993	0.0845039887999999989
5788504104	0.240518408500000003	0.0876657218999999932
5788507104	0.245925280200000013	0.0875400674000000045
5788510104	0.242235006400000008	0.0892930128000000017
5788513104	0.243225934000000005	0.0823915164999999977
5788516104	0.242550303200000011	0.0809882975999999949
5788519104	0.241794447699999998	0.0786786072000000003
5788522104	0.244655400699999998	0.0803013444000000021
5788525104	0.243379817599999992	0.0757780504000000049
5788528104	0.243905154699999988	0.0798436094999999957
5788531104	0.240177950899999992	0.0740932059000000004
5788534104	0.246626762500000013	0.0751609654000000016
5788537104	0.243971506899999996	0.0716600539000000064
5788540104	0.244025908000000014	0.0691426730000000017
5788543104	0.24065212829999999	0.0683921826000000038
5788546104	0.2445366125	0.0703597750999999938
5788549104	0.245523008600000009	0.0673155156000000005
5788552104	0.242164509700000002	0.0651336039999999977
5788555104	0.243329309800000004	0.0629436946999999969
5788558104	0.246111112399999998	0.0640408328000000027
5788561104	0.244022198100000004	0.0606520294000000015
5788564104	0.247762281599999995	0.0637878050999999974
5788567104	0.244666924400000013	0.0611156640000000001
5788570104	0.245392549500000001	0.0609952872999999993
5788573104	0.246880867400000009	0.0574685002000000014
5788576104	0.244264639400000011	0.0607118999999999992
5788579104	0.246159712499999989	0.055122972800000003
5788582104	0.246464997999999991	0.0565632220000000033
5788585104	0.246288456900000008	0.0494205865999999966
5788588104	0.242197825000000005	0.0513682863000000031
5788591104	0.243074462399999996	0.0524649120000000024
5788594104	0.244201544399999998	0.0492502854000000032
5788597104	0.245122478899999996	0.0480164548999999982
5788600104	0.242745273300000008	0.0450448000999999973
5788603104	0.245291988399999994	0.0486894374000000005
5788606104	0.241177317000000002	0.042961619999999999
5788609104	0.243397042000000008	0.0412503947999999995
5788612104	0.244271581200000004	0.0385149198999999998
5788615104	0.241830870400000009	0.0385607223999999971
5788618104	0.244395827799999993	0.0400445275999999975
5788621104	0.240865061500000005	0.034219134800000002
5788624104	0.2413042876	0.0350346273999999971
5788627104	0.243259172299999993	0.0355367290999999974
5788630104	0.238426735599999995	0.0329556484000000025
5788633104	0.237778479799999998	0.0289504678000000008
5788636104	0.238424702699999991	0.0281277852999999994
5788639104	0.240767059799999988	0.0246083773999999991
5788642104	0.239105727900000009	0.0286583393999999998
5788645104	0.236426430900000012	0.0227935038
5788648104	0.238073527199999996	0.0256295186999999994
5788651104	0.234473443000000004	0.0237339831000000015
5788654104	0.235781317500000004	0.0184772142999999993
5788657104	0.235726025300000003	0.0213486557
5788660104	0.235840077700000011	0.0158800514000000011
5788663104	0.23900691369999999	0.0148398624000000007
5788666104	0.233352481100000009	0.0125578198999999995
5788669104	0.237120959500000006	0.0133179952000000001
5788672104	0.229729160300000013	0.0116323438999999997
5788675104	0.231243803599999992	0.00863923330000000017
5788678104	0.230046920500000002	0.00917743279999999953
5788681104	0.228187555200000003	0.00677450699999999992
5788684104	0.230221226499999987	0.00297701379999999998
5788687104	0.227525568499999997	0.00254140549999999979
5788690104	0.228659437699999996	0.00268610659999999994
5788693104	0.222154098500000008	-0.000206782199999999987
5788696104	0.224528080699999993	-0.000270021000000000009
5788699104	0.223306655699999995	-0.00309755730000000002
5788702104	0.22230860890000001	-0.00284807080000000013
5788705104	0.220326171999999987	-0.00500030340000000035
5788708104	0.222031088200000004	-0.00736432470000000002
5788711104	0.221239221200000002	-0.00503350199999999959
5788714104	0.222593838699999991	-0.0114144219000000009
5788717104	0.217045788399999995	-0.00923112669999999989
5788720104	0.217837605299999987	-0.0111072312999999992
5788723104	0.22031337279999999	-0.0169645757000000015
5788726104	0.213622915999999996	-0.0121435578999999991
5788729104	0.214446588800000004	-0.0201450858000000003
5788732104	0.211437896699999989	-0.0188464906000000015
5788735104	0.210776960799999996	-0.0213518314000000001
5788738104	0.208839056500000009	-0.0211159037999999986
5788741104	0.207253502499999992	-0.0187169164999999998
5788744104	0.205391587099999995	-0.0219558897000000017
5788747104	0.209903961599999994	-0.0255200273999999991
5788750104	0.203915750199999996	-0.0254980364000000001
5788753104	0.201603792899999995	-0.0258637474999999992
5788756104	0.199846261800000008	-0.025359729000000001
5788759104	0.198741618199999998	-0.0306922864999999989
5788762104	0.193508908600000001	-0.0331367991999999972
5788765104	0.193506303800000001	-0.0305293088999999997
5788768104	0.194098565499999987	-0.0347214323000000005
5788771104	0.189395897199999996	-0.0331895517000000001
5788774104	0.191523485500000007	-0.0312927451999999995
5788777104	0.191576136099999988	-0.0332380083999999978
5788780104	0.186058467100000013	-0.0363076177999999972
5788783104	0.185468027099999988	-0.0389225531
5788786104	0.182929461799999998	-0.0359732742000000022
5788789104	0.1775348816	-0.0347966644000000033
5788792104	0.179352291599999991	-0.0439880059000000018
5788795104	0.179233135900000007	-0.0366780792999999994
5788798104	0.175241542199999989	-0.0404638538999999992
5788801104	0.176654979900000009	-0.0380312717000000008
5788804104	0.172312795200000007	-0.0386040424999999979
5788807104	0.17095059700000001	-0.0420501562000000009
5788810104	0.169324132900000007	-0.0428221100999999979
5788813104	0.1658798363	-0.0465394411000000022
5788816104	0.164924707599999998	-0.041162254199999998
5788819104	0.162373379699999987	-0.0462590922999999987
5788822104	0.1635956982	-0.0444815958999999969
5788825104	0.155701167599999996	-0.0457076878000000006
5788828104	0.155600863400000011	-0.048878520100000003
5788831104	0.157429673500000006	-0.0491287517000000007
5788834104	0.151242699600000002	-0.0479277817999999994
5788837104	0.150450596399999997	-0.0459035414999999988
5788840104	0.1514830234	-0.0471668564999999998
5788843104	0.145920633200000011	-0.0475922177000000016
5788846104	0.144458424800000013	-0.0524429052000000007
5788849104	0.140110271000000008	-0.0480974455000000023
5788852104	0.143674985700000007	-0.0495364978000000025
5788855104	0.140356541599999995	-0.0503961777999999971
5788858104	0.137403715799999993	-0.0484219505999999994
5788861104	0.133670416399999992	-0.0479703293000000031
5788864104	0.1343037973	-0.050081465700000001
5788867104	0.132725482300000003	-0.0477130805999999991
5788870104	0.1326259833	-0.0496554238000000009
5788873104	0.128505297800000001	-0.0495556773000000034
5788876104	0.125925058499999992	-0.0487608159999999985
5788879104	0.120395143100000004	-0.0486979402999999991
5788882104	0.119000634600000002	-0.0496992803000000025
5788885104	0.117464070800000001	-0.0467883543000000013
5788888104	0.120611174599999996	-0.0452851708000000033
5788891104	0.114365984200000007	-0.0422533917999999981
5788894104	0.1126112799	-0.0453237130000000016
5788897104	0.110295355600000006	-0.0420789967999999973
5788900104	0.1109339461	-0.0442819424999999975
5788903104	0.106919850799999994	-0.0469880323999999974
5788906104	0.108660509299999999	-0.0467373400999999966
5788909104	0.105401841999999996	-0.0416532775999999966
5788912104	0.101550800499999996	-0.0416883908999999969
5788915104	0.0989862313999999993	-0.0386259730000000009
5788918104	0.0994234251000000041	-0.0384251722000000032
5788921104	0.100691035100000006	-0.0378574641000000017
5788924104	0.0960577685999999958	-0.0410056560000000014
5788927104	0.0977119104999999988	-0.041846135399999998
5788930104	0.0934904789000000069	-0.0374471588999999994
5788933104	0.0914999274000000001	-0.0400485728000000013
5788936104	0.0892162960000000005	-0.033664674399999997
5788939104	0.0893280716999999974	-0.0349499105000000004
5788942104	0.0847219879999999981	-0.0352876484999999976
5788945104	0.0842027033000000008	-0.0309985343000000017
5788948104	0.0829251386999999979	-0.0341849341000000015
5788951104	0.0829802312999999986	-0.0273033918
5788954104	0.078991214000000004	-0.0291367873000000013
5788957104	0.0818091036999999965	-0.0300284313999999997
5788960104	0.0757648472999999933	-0.0260120852
5788963104	0.0757927919000000033	-0.028146557400000001
5788966104	0.0731769399999999959	-0.0239412812999999988
5788969104	0.0722673669000000046	-0.0245227005000000012
5788972104	0.0744742706999999976	-0.0242517029000000016
5788975104	0.0717182313999999987	-0.0216454680999999989
5788978104	0.0700554003999999952	-0.0229015015000000009
5788981104	0.0689492587000000018	-0.0188394566999999999
5788984104	0.065146258999999998	-0.0210385395000000017
5788987104	0.0665324842000000055	-0.0198667481000000014
5788990104	0.0673670133999999948	-0.0125452885999999993
5788993104	0.0697876630999999942	-0.0141420568000000003
5788996104	0.0627122172000000033	-0.0140902505999999997
5788999104	0.0638503284999999976	-0.0104458030999999996
5789002104	0.0603498510999999974	-0.0141970051
5789005104	0.0577864408999999996	-0.0134867745999999993
5789008104	0.0597606353000000035	-0.0104152532999999999
5789011104	0.0610882505999999978	-0.00779557100000000027
5789014104	0.0580214634000000007	-0.00714229589999999977
5789017104	0.0571758548000000019	-0.00550990439999999963
5789020104	0.0527162025999999978	-0.00309201989999999998
5789023104	0.0571008012999999967	-0.00579487709999999996
5789026104	0.0546433559999999971	-0.000794859500000000036
5789029104	0.0534019905000000031	-0.0003698509
5789032104	0.0537136642999999983	-0.00187213169999999999
5789035104	0.0533914961999999993	0.00445538950000000031
5789038104	0.0530818891000000015	0.00488972630000000016
5789041104	0.0516644339000000008	0.00360014389999999997
5789044104	0.0533606953999999981	0.0036180053999999998
5789047104	0.0474690627000000018	0.00709507460000000003
5789050104	0.0499240799000000013	0.00751653359999999993
5789053104	0.0487170180000000008	0.00918029289999999949
5789056104	0.047100542799999999	0.00890448490000000058
5789059104	0.0507186135999999968	0.0134847408000000005
5789062104	0.0499148624999999971	0.0127889510999999994
5789065104	0.0433804273999999976	0.0171411347999999991
5789068104	0.0489682541999999985	0.0136240591000000005
5789071104	0.0496858104999999967	0.0166368362999999991
5789074104	0.0490656630999999968	0.0131769370999999993
5789077104	0.0458158297999999992	0.020965950399999999
5789080104	0.0452285676999999997	0.0214473570000000002
5789083104	0.0455103139000000018	0.0226123397999999989
5789086104	0.0471981387999999974	0.0243111171000000015
5789089104	0.0440578355000000033	0.0252357523000000007
5789092104	0.0431222368999999994	0.023215934399999999
5789095104	0.0450559459999999995	0.0300337432000000008
5789098104	0.0432128895999999985	0.0270668395999999999
5789101104	0.0415088973	0.0311329507999999998
5789104104	0.0443997470999999977	0.0296585341000000016
5789107104	0.0425527903999999985	0.0332321299999999986
5789110104	0.0434624513999999976	0.0319238885999999986
5789113104	0.0434516669999999994	0.032597115599999997
5789116104	0.045568297100000002	0.0349588041999999988
5789119104	0.0451627169999999981	0.0376953645000000018
5789122104	0.041436572599999999	0.0343111904999999981
5789125104	0.0415006232999999974	0.0374137874999999967
5789128104	0.0390819925000000026	0.0404866076000000019
5789131104	0.0407666944999999989	0.0374715533000000017
5789134104	0.0428866696000000033	0.0401751075000000013
5789137104	0.0424958838000000019	0.0410669718999999989
5789140104	0.0395231259999999987	0.0433807677999999974
5789143104	0.0396251303999999999	0.0443419346000000006
5789146104	0.043309074000000003	0.0478524357000000011
5789149104	0.0439736494000000019	0.0465549566000000026
5789152104	0.0422383916000000012	0.0463473286000000012
5789155104	0.0431362870000000023	0.0505778502000000033
5789158104	0.0422360619999999978	0.0473002932000000029
5789161104	0.0389476547000000006	0.0523588075
5789164104	0.0417462222000000022	0.0544053218999999977
5789167104	0.0417904763999999984	0.0539947626000000028
5789170104	0.045209905100000003	0.055712049399999998
5789173104	0.0423482996	0.0523916334999999997
5789176104	0.0424925015000000017	0.0539120100999999977
5789179104	0.0411778460999999985	0.0570896799000000024
5789182104	0.0431514975999999981	0.0578697649999999966
5789185104	0.0440056100000000006	0.0599029916999999981
5789188104	0.0445400268000000002	0.0611158828000000001
5789191104	0.0426843611999999997	0.0581463668000000017
5789194104	0.0459099323999999989	0.0619554973999999967
5789197104	0.0471748688999999999	0.0618595451000000032
5789200104	0.046218227100000002	0.061190940499999999
5789203104	0.0459662694000000024	0.064387684700000003
5789206104	0.0441782990999999986	0.062226990900000001
5789209104	0.0421840158000000021	0.0660148780999999935
5789212104	0.0468733086999999979	0.0647858335000000007
5789215104	0.0459726093000000016	0.0661875143999999943
5789218104	0.0456786230000000015	0.0680906822999999967
5789221104	0.0465330826999999989	0.0695646676999999991
5789224104	0.0486607195999999992	0.0698874619999999974
5789227104	0.0461752342999999996	0.0720260979000000023
5789230104	0.0497729047999999966	0.0726601639999999993
5789233104	0.0477561866000000002	0.0696041587999999961
5789236104	0.048190115399999997	0.0724807162000000033
5789239104	0.047431472199999998	0.0742128529999999953
5789242104	0.0493884190999999972	0.0726232878000000054
5789245104	0.0490252071000000025	0.0722624080999999946
5789248104	0.0477392935000000018	0.079906337899999999
5789251104	0.0517897135000000008	0.0750522096000000027
5789254104	0.0454982104000000026	0.077351814599999999
5789257104	0.0467638580999999998	0.0788803522000000035
5789260104	0.0530405108999999972	0.0812071213000000042
5789263104	0.0527290241000000007	0.0782780965000000051
5789266104	0.0534376311000000007	0.0766775142000000048
5789269104	0.0517037845000000024	0.0794772274999999973
5789272104	0.0523685674000000032	0.0773812876000000011
5789275104	0.0517708431999999996	0.0845439867000000039
5789278104	0.0544254325999999969	0.0800081790999999931
5789281104	0.0507729837000000031	0.0809967174999999956
5789284104	0.0497905673999999993	0.0835615036999999977
5789287104	0.0551428720000000025	0.0839032397000000069
5789290104	0.056269147999999998	0.0857124873999999953
5789293104	0.0568760269000000013	0.0837209953000000034
5789296104	0.0544351449000000029	0.0854949289000000029
5789299104	0.0555636248000000027	0.0825081832999999959
5789302104	0.0532666254000000033	0.0899211582999999981
5789305104	0.0561208899999999997	0.0860344343000000039
5789308104	0.0578113380999999982	0.0892309787000000049
5789311104	0.0563320594999999966	0.0896812265000000025
5789314104	0.0579293110999999986	0.0884827014999999967
5789317104	0.0562355745000000032	0.0906156999999999935
5789320104	0.0589838603000000031	0.0928739081999999938
5789323104	0.0579088549000000008	0.094594823699999997
5789326104	0.0566324844999999966	0.0909083905000000053
5789329104	0.0591849734000000002	0.0905162748999999989
5789332104	0.0575999984999999992	0.0932623209000000009
5789335104	0.0593984997000000028	0.0972283243000000019
5789338104	0.0568711548999999983	0.094422149900000002
5789341104	0.0587188056	0.0966381067000000038
5789344104	0.0588376431000000033	0.0962673217000000053
5789347104	0.0558263579999999995	0.0951746361999999957
5789350104	0.0618797254000000019	0.0950195795000000065
5789353104	0.0615393097999999972	0.0967684748999999983
5789356104	0.0643125008000000054	0.0951932773000000038
5789359104	0.0625806143000000037	0.0988228000999999967
5789362104	0.0620051629000000007	0.0980946332999999976
5789365104	0.0640900120000000018	0.0990939054999999958
5789368104	0.0633266328000000045	0.101701637499999997
5789371104	0.0628503316000000034	0.0986440056999999954
5789374104	0.0616343337000000019	0.100151915499999994
5789377104	0.0658060788000000008	0.0971534272000000032
5789380104	0.0613937255999999973	0.100303295000000001
5789383104	0.0652138824000000061	0.101625363799999993
5789386104	0.0689817909000000062	0.101630153000000001
5789389104	0.0691002106000000033	0.103062369900000006
5789392104	0.0670827130999999965	0.103541410200000003
5789395104	0.0669456105999999967	0.101823033199999996
5789398104	0.0671677214999999994	0.101268513399999996
5789401104	0.0651997475999999965	0.103216353499999997
5789404104	0.0661425486999999979	0.101749102199999997
5789407104	0.0654123912999999974	0.0998562491999999968
5789410104	0.0689241970000000065	0.105384452500000003
5789413104	0.0717933485000000066	0.1044186525
5789416104	0.0725974083999999936	0.102773323999999999
5789419104	0.0723438760999999958	0.102529922600000004
5789422104	0.0736141389999999951	0.101967111400000005
5789425104	0.0691650313999999933	0.104749975499999995
5789428104	0.0725250887000000038	0.105007790200000006
5789431104	0.0682538916000000051	0.108116987100000006
5789434104	0.070605478200000002	0.106819849499999994
5789437104	0.0705302879999999965	0.106720708499999997
5789440104	0.0696391336	0.105017018500000003
5789443104	0.0747764199000000018	0.105941444300000007
5789446104	0.0726387847000000003	0.103860541099999995
5789449104	0.0719822611000000001	0.107530061600000004
5789452104	0.0768270256000000012	0.108579778500000002
5789455104	0.0751450362999999955	0.109927883399999995
5789458104	0.0709922800999999992	0.110862475399999993
5789461104	0.0747528954999999995	0.109472139999999996
5789464104	0.0756729545999999947	0.107603472699999994
5789467104	0.0762075393000000018	0.107846558699999998
5789470104	0.0765734983999999952	0.109232922900000001
5789473104	0.075632654699999996	0.104300559299999998
5789476104	0.0732411426000000032	0.109320178000000004
5789479104	0.0781994126000000039	0.114245325699999997
5789482104	0.0764288642000000018	0.107983235499999997
5789485104	0.0780171664999999986	0.110721316099999995
5789488104	0.0781892106000000031	0.110546236199999995
5789491104	0.0785170391000000051	0.109181350999999996
5789494104	0.078640044800000003	0.109967225200000004
5789497104	0.080144808900000003	0.110723967699999995
5789500104	0.0794432464999999949	0.108161268000000005
5789503104	0.0842483571000000042	0.113106357699999993
5789506104	0.0820213181000000041	0.111493335299999996
5789509104	0.0840719570000000027	0.1113904701
5789512104	0.0844485633000000013	0.110900160900000003
5789515104	0.0828748737000000041	0.111231280000000002
5789518104	0.0843948511000000012	0.110273153299999996
5789521104	0.0805482966999999939	0.115767663600000001
5789524104	0.0824255356999999966	0.114099898000000005
5789527104	0.083975024800000006	0.112371684700000002
5789530104	0.0847438987000000005	0.114246369400000006
5789533104	0.0843196687000000028	0.111328047299999996
5789536104	0.0826625859999999962	0.113104335700000003
5789539104	0.0842986676999999962	0.112101505399999996
5789542104	0.0838474735999999998	0.111342771899999998
5789545104	0.0859269131000000019	0.111599284000000007
5789548104	0.0858707672999999977	0.113521461000000004
5789551104	0.0871355501999999948	0.113556987600000006
5789554104	0.087363000499999996	0.117761166
5789557104	0.0869937192999999942	0.115380629100000007
5789560104	0.092236398799999994	0.113655575699999997
5789563104	0.0894634311000000043	0.114696115599999995
5789566104	0.0870520203999999992	0.113272544500000003
5789569104	0.0885394060000000011	0.115967382999999993
5789572104	0.0898292086000000017	0.115053424299999998
5789575104	0.0899879051000000013	0.116647923299999998
5789578104	0.0940225766000000046	0.111440133400000002
5789581104	0.0890902003000000053	0.119200766700000002
5789584104	0.0887482294000000033	0.119811519699999994
5789587104	0.089914877800000001	0.116802365699999994
5789590104	0.0921575461000000012	0.1184165722
5789593104	0.0937520845999999936	0.120204414699999998
5789596104	0.0898315932999999983	0.116190945200000006
5789599104	0.0928991977999999996	0.111023099900000005
5789602104	0.0926058936000000027	0.117649107599999997
5789605104	0.0936680923000000054	0.119001250099999997
5789608104	0.0939221528000000055	0.117190105399999994
5789611104	0.0941645475999999954	0.114812388299999998
5789614104	0.0942816219000000011	0.117466676399999997
5789617104	0.0960468327000000011	0.113112697900000003
5789620104	0.093157540600000005	0.118978599399999996
5789623104	0.0927596349999999931	0.115827927900000002
5789626104	0.0909779550999999936	0.117912203500000007
5789629104	0.0949491623000000007	0.117179144299999996
5789632104	0.094124857199999995	0.114705934300000006
5789635104	0.0968308083000000014	0.120608655300000006
5789638104	0.0939706812999999974	0.120841848500000001
5789641104	0.0961586685999999968	0.116776825700000003
5789644104	0.0981499479000000064	0.118432192300000003
5789647104	0.0967982934999999933	0.116540804499999998
5789650104	0.0995707623999999986	0.116451167999999994
5789653104	0.0982790364000000055	0.118690079599999998
5789656104	0.0978370350000000027	0.121321787200000003
5789659104	0.0988443999000000045	0.119734231600000005
5789662104	0.101028211199999995	0.117649103699999993
5789665104	0.101744610900000004	0.119176697200000001
5789668104	0.100023940899999997	0.114914327699999999
5789671104	0.101561093199999994	0.119212120599999999
5789674104	0.102529314900000001	0.1184919782
5789677104	0.0975682020000000066	0.118517172300000001
5789680104	0.104203419899999997	0.118263139700000006
5789683104	0.1024897741	0.117370962800000006
5789686104	0.099514380999999999	0.1176249709
5789689104	0.098424236200000001	0.123042961800000003
5789692104	0.102415016499999997	0.119003730299999999
5789695104	0.100990740199999998	0.118113407200000006
5789698104	0.101846419999999993	0.1173069895
5789701104	0.107092885200000001	0.119244764000000003
5789704104	0.104872582399999997	0.117160820900000004
5789707104	0.105473786099999994	0.119045936099999999
5789710104	0.104278167699999993	0.120868113900000004
5789713104	0.104023634500000003	0.118381586100000005
5789716104	0.1061663776	0.118913974300000003
5789719104	0.105194586399999998	0.115254725399999994
5789722104	0.104640975600000005	0.120053918900000001
5789725104	0.108194689299999994	0.1211882081
5789728104	0.104791159699999997	0.118407040599999999
5789731104	0.105747829000000002	0.119315769200000005
5789734104	0.106579661300000003	0.120247331099999993
5789737104	0.108810475200000006	0.123544082799999996
5789740104	0.106835308500000004	0.119139505199999995
5789743104	0.109245245699999993	0.118660648699999996
5789746104	0.109337040600000004	0.120146668999999998
5789749104	0.106791166300000004	0.119345265800000003
5789752104	0.107069938899999995	0.121164496100000005
5789755104	0.106776767699999997	0.117525145100000006
5789758104	0.110818123599999999	0.118877824199999996
5789761104	0.109296044499999995	0.120203023199999995
5789764104	0.111106345199999998	0.118560013199999995
5789767104	0.112274221199999996	0.120216900799999998
5789770104	0.1096512865	0.119485497299999993
5789773104	0.112543251900000002	0.119334710499999996
5789776104	0.113637012499999995	0.120558187499999997
5789779104	0.111242392199999998	0.116489304000000002
5789782104	0.113176423900000003	0.121243114999999999
5789785104	0.112887100099999999	0.11828574
5789788104	0.110975268899999993	0.122474697399999999
5789791104	0.107301369399999999	0.1169421135
5789794104	0.112045213899999996	0.117938576700000006
5789797104	0.110810845199999994	0.123219286799999994
5789800104	0.110742577600000003	0.119684600099999996
5789803104	0.1129711625	0.119258815200000007
5789806104	0.111348066900000001	0.117974131999999995
5789809104	0.117128831700000005	0.121412834499999997
5789812104	0.115596313399999998	0.120388152700000001
5789815104	0.114089017000000001	0.119806248500000004
5789818104	0.113516640899999993	0.114704785099999998
5789821104	0.113001204999999993	0.122026873399999999
5789824104	0.115318363100000001	0.119605890800000003
5789827104	0.114622215499999999	0.117780592099999998
5789830104	0.117662690299999997	0.116417296599999998
5789833104	0.114739225700000003	0.124250551200000003
5789836104	0.115970028500000003	0.117439366700000006
5789839104	0.117478254899999995	0.122196432800000004
5789842104	0.119315333499999995	0.123183915199999994
5789845104	0.117221071400000001	0.116409430300000005
5789848104	0.120295291299999996	0.118970395699999995
5789851104	0.116214756399999994	0.1212028042
5789854104	0.118811484600000003	0.121802208199999998
5789857104	0.117078948500000002	0.117278903200000006
5789860104	0.119252046400000006	0.120439008099999995
5789863104	0.1168140067	0.120198971900000007
5789866104	0.122396481500000001	0.120383474599999998
5789869104	0.117608412199999998	0.118709736100000005
5789872104	0.116182805099999995	0.119504935100000001
5789875104	0.119224890400000005	0.117341703000000006
5789878104	0.119023109000000002	0.119398844200000007
5789881104	0.122645897899999995	0.117863109999999993
5789884104	0.118345421500000006	0.1194660112
5789887104	0.121943766199999998	0.115752052899999999
5789890104	0.122647082099999999	0.121665484199999993
5789893104	0.121366221699999999	0.120382020899999997
5789896104	0.122174948800000002	0.120539200900000004
5789899104	0.123145079000000005	0.119370747599999993
5789902104	0.124532854600000006	0.121130114499999997
5789905104	0.124646485599999995	0.117904676400000005
5789908104	0.121217150699999998	0.122143658000000002
5789911104	0.124096188699999999	0.119366188999999998
5789914104	0.122190599600000005	0.123125954699999998
5789917104	0.120454149199999999	0.120521873400000007
5789920104	0.124864562200000001	0.116261178500000006
5789923104	0.124191850199999995	0.116699579400000003
5789926104	0.127638479999999999	0.119976501499999999
5789929104	0.123473365299999999	0.117746019300000004
5789932104	0.123027686499999997	0.121464954400000005
5789935104	0.124923277799999996	0.119408703300000002
5789938104	0.122486558499999995	0.116415853499999999
5789941104	0.124712230699999996	0.116790296700000004
5789944104	0.127208650300000004	0.116338834500000002
5789947104	0.125250228800000002	0.121237355099999999
5789950104	0.127225197200000001	0.116066668400000003
5789953104	0.126370465500000001	0.119963455400000002
5789956104	0.130326583800000007	0.114735829999999997
5789959104	0.128079834199999992	0.117186061300000005
5789962104	0.124680846400000003	0.119098550100000006
5789965104	0.126931550799999987	0.114560762199999999
5789968104	0.126993225200000004	0.114238570900000003
5789971104	0.129235397499999988	0.121411199999999997
5789974104	0.126929026299999997	0.1163536456
5789977104	0.129428154999999989	0.118465860000000006
5789980104	0.12839900709999999	0.118901012400000006
5789983104	0.127864649899999988	0.1187366485
5789986104	0.129395416799999996	0.117463156099999994
5789989104	0.13128282220000001	0.122912155699999998
5789992104	0.128620240200000013	0.116631449400000003
5789995104	0.128136275299999991	0.118722115700000005
5789998104	0.132746890400000012	0.118501846499999994
5790001104	0.133164035799999997	0.118037699199999999
5790004104	0.130921664900000012	0.116983591600000006
5790007104	0.131490322599999987	0.117745516699999997
5790010104	0.130360777600000005	0.113638530599999996
5790013104	0.132567396000000004	0.115129122
5790016104	0.133473109600000001	0.116220344500000003
5790019104	0.130762073199999995	0.116907049799999996
5790022104	0.132502704299999996	0.115994871299999996
5790025104	0.132028801299999998	0.116492255599999997
5790028104	0.13169139660000001	0.114649893200000005
5790031104	0.133968283500000007	0.113776789599999997
5790034104	0.132225874900000012	0.118787404499999999
5790037104	0.134199251900000011	0.114681800700000003
5790040104	0.129674831200000007	0.115256142000000006
5790043104	0.133002693100000013	0.116807281400000004
5790046104	0.133347666499999989	0.113547949600000003
5790049104	0.133633812399999996	0.117019335399999994
5790052104	0.135165553699999996	0.115452759099999996
5790055104	0.134272337500000005	0.111908094299999997
5790058104	0.137622129600000004	0.114086966499999998
5790061104	0.132485820199999993	0.116168328400000007
5790064104	0.136003169199999996	0.117097693599999997
5790067104	0.135543383600000011	0.117491364500000001
5790070104	0.1333197931	0.118489308599999996
5790073104	0.134921560200000012	0.116897247600000004
5790076104	0.137685271999999997	0.1154900066
5790079104	0.13416727610000001	0.115129978699999996
5790082104	0.135096668400000008	0.1144725033
5790085104	0.1348642813	0.113389190099999995
5790088104	0.133815482799999996	0.114208001000000003
5790091104	0.137754783500000005	0.113741582300000005
5790094104	0.137715862599999989	0.117305271099999997
5790097104	0.139144556100000011	0.112652972800000001
5790100104	0.138939032699999993	0.117366539800000003
5790103104	0.136940872500000005	0.114349670900000006
5790106104	0.1367823014	0.114020622599999996
5790109104	0.133664248900000004	0.115635663599999994
5790112104	0.137655894400000006	0.113939226699999993
5790115104	0.1353016467	0.109702167899999994
5790118104	0.135331264400000012	0.109972419900000007
5790121104	0.139177541500000002	0.117879108400000002
5790124104	0.140138675299999987	0.111693251800000004
5790127104	0.141208017999999991	0.115920673799999999
5790130104	0.13882842070000001	0.113037199399999996
5790133104	0.141791980600000006	0.115438903699999998
5790136104	0.140532534600000009	0.113525740799999997
5790139104	0.141150126999999986	0.115108120800000005
5790142104	0.13764397619999999	0.116671531199999998
5790145104	0.139188642800000012	0.114308563599999996
5790148104	0.143485581700000003	0.112296061399999994
5790151104	0.139413312099999992	0.1130456876
5790154104	0.141697146800000007	0.111840171000000002
5790157104	0.140585780500000007	0.111980156799999994
5790160104	0.143709991199999998	0.110145411799999995
5790163104	0.139458940599999998	0.112015911999999995
5790166104	0.145407524600000004	0.112101284999999995
5790169104	0.144810764300000006	0.112628729799999994
5790172104	0.141453599900000004	0.111156609500000003
5790175104	0.141350341399999996	0.112220801100000003
5790178104	0.140370309599999993	0.110024696199999994
5790181104	0.142115103900000012	0.115770676399999994
5790184104	0.143794655900000012	0.1115257266
5790187104	0.142058848799999998	0.116717734300000001
5790190104	0.143661736799999995	0.111858047700000005
5790193104	0.13995297470000001	0.112949520400000003
5790196104	0.145133609999999996	0.109853997800000006
5790199104	0.144044642400000006	0.1100461353
5790202104	0.143672862000000012	0.109307631500000002
5790205104	0.141663188999999995	0.111974502500000003
5790208104	0.145443332600000003	0.109031481
5790211104	0.145763462199999999	0.114071349700000005
5790214104	0.14555523540000001	0.108377234500000003
5790217104	0.145497028800000011	0.109049653999999996
5790220104	0.142902771200000001	0.111966292600000003
5790223104	0.142303911799999988	0.105696368600000007
5790226104	0.146141993299999995	0.106361464500000003
5790229104	0.146205926399999991	0.113582764099999997
5790232104	0.145271893600000007	0.112214816199999998
5790235104	0.1470474534	0.109280914000000007
5790238104	0.14549132070000001	0.111370048200000002
5790241104	0.148925818399999993	0.110143692400000007
5790244104	0.14740470189999999	0.109674069700000001
5790247104	0.147898902500000012	0.105448532999999997
5790250104	0.144566498099999996	0.112780137200000005
5790253104	0.150473640699999994	0.111222150199999995
5790256104	0.150192574299999992	0.110476901500000002
5790259104	0.148061390099999995	0.110494952699999996
5790262104	0.142626351099999993	0.110678514199999994
5790265104	0.145572515399999991	0.109948610500000002
5790268104	0.147811379500000006	0.110605466
5790271104	0.150752780599999997	0.108842229799999995
5790274104	0.15066038000000001	0.110141699999999995
5790277104	0.147353120899999995	0.106903529600000005
5790280104	0.148653972299999992	0.112112429400000005
5790283104	0.147962909100000012	0.109694917399999994
5790286104	0.150936239800000011	0.106646025800000002
5790289104	0.150914023899999999	0.106986745199999997
5790292104	0.151734442299999994	0.105928286199999999
5790295104	0.147931917200000013	0.107555742800000007
5790298104	0.150971516599999994	0.109288103400000003
5790301104	0.149019736300000011	0.109993753200000002
5790304104	0.150226735500000014	0.102665553500000006
5790307104	0.1500770981	0.108065588300000001
5790310104	0.148918930300000002	0.106326189000000002
5790313104	0.15300045100000001	0.108120130699999997
5790316104	0.149766361799999997	0.105198953499999998
5790319104	0.152438489600000004	0.110608167600000001
5790322104	0.153590434400000003	0.107694544000000003
5790325104	0.152771910300000008	0.107896357600000006
5790328104	0.154990384499999995	0.104085498499999998
5790331104	0.153063803999999998	0.107027059600000002
5790334104	0.150137720499999988	0.106064070400000002
5790337104	0.148885152200000009	0.105116612600000006
5790340104	0.153740872599999995	0.103945166000000006
5790343104	0.152585491500000003	0.108346371999999996
5790346104	0.150846113199999993	0.107198666799999995
5790349104	0.151200306899999998	0.108798544100000005
5790352104	0.152741957000000012	0.104916152700000001
5790355104	0.151569307099999995	0.106138033800000003
5790358104	0.150741735200000004	0.103709954399999998
5790361104	0.154431198900000011	0.107723096700000007
5790364104	0.157796644600000008	0.104452453099999995
5790367104	0.155369800199999991	0.106051920999999993
5790370104	0.155860987400000012	0.105383579300000002
5790373104	0.155487863400000009	0.105562335699999996
5790376104	0.1548690821	0.101231872900000006
5790379104	0.158447659399999996	0.104653916499999999
5790382104	0.156497176399999993	0.106895844000000004
5790385104	0.153563840400000012	0.106943686600000004
5790388104	0.156018960699999987	0.105517395999999999
5790391104	0.154206956400000011	0.105089931499999997
5790394104	0.1550015166	0.107226748499999996
5790397104	0.15502414510000001	0.104779472999999998
5790400104	0.155418205100000012	0.102693513299999997
5790403104	0.153754018100000001	0.104711778800000002
5790406104	0.156932601000000005	0.103935691499999996
5790409104	0.154937446899999998	0.104784422899999993
5790412104	0.157644335100000005	0.102781515200000007
5790415104	0.158288356699999994	0.104432951800000007
5790418104	0.156459638200000001	0.105494495899999999
5790421104	0.160779706500000008	0.101970169299999996
5790424104	0.157536137500000006	0.100983623100000003
5790427104	0.155282519099999988	0.104448885699999994
5790430104	0.160234121400000012	0.103447935899999996
5790433104	0.15627619940000001	0.103444011700000005
5790436104	0.158690524199999988	0.102407501900000003
5790439104	0.156380449000000005	0.100788123899999998
5790442104	0.157634584900000013	0.101597506000000004
5790445104	0.160455592400000013	0.103209806700000004
5790448104	0.158688193300000002	0.100587541099999997
5790451104	0.159305424899999992	0.100940653500000005
5790454104	0.1609236255	0.106536711399999998
5790457104	0.158472982499999998	0.103604340399999995
5790460104	0.160425789200000002	0.0998136159999999939
5790463104	0.158739790600000014	0.1015235055
5790466104	0.159083999199999993	0.100588624299999999
5790469104	0.159023234000000013	0.104490320999999997
5790472104	0.160843602499999988	0.1007819623
5790475104	0.160389803999999997	0.101492932699999996
5790478104	0.1610137284	0.102283227099999999
5790481104	0.162507992699999992	0.101931242399999997
5790484104	0.160692216500000012	0.104596221700000006
5790487104	0.159237539300000008	0.103138559800000001
5790490104	0.16087156050000001	0.102770600200000006
5790493104	0.160411066399999996	0.103595322200000006
5790496104	0.164856047000000006	0.101807028600000002
5790499104	0.160349094199999986	0.102130487699999994
5790502104	0.164864809100000009	0.0994277645000000015
5790505104	0.162858981600000008	0.1001724118
5790508104	0.158498598600000012	0.0993806864000000012
5790511104	0.165274925600000011	0.0993344357000000011
5790514104	0.163559228100000009	0.101720362800000005
5790517104	0.161263122399999986	0.0976886758999999938
5790520104	0.161271880799999989	0.100048875400000001
5790523104	0.161888560999999986	0.103835593399999995
5790526104	0.165033552400000005	0.104185292799999996
5790529104	0.160869895799999996	0.0979274281999999996
5790532104	0.160514991400000001	0.0983027199000000018
5790535104	0.161475572300000009	0.0997271542000000011
5790538104	0.163314724500000008	0.0994829866000000035
5790541104	0.163532351200000009	0.100459651400000002
5790544104	0.162483552599999997	0.0986591658999999982
5790547104	0.162487509800000013	0.0982418629999999987
5790550104	0.164116976100000006	0.101013099300000006
5790553104	0.159923391599999992	0.100217236000000001
5790556104	0.16561189300000001	0.0956325591999999947
5790559104	0.162430663000000003	0.0978792267999999965
5790562104	0.167298382500000009	0.0973216893999999944
5790565104	0.166543986100000013	0.0983150472999999997
5790568104	0.167014374900000012	0.0987147403000000062
5790571104	0.165966897800000013	0.0989630551000000025
5790574104	0.164062704400000009	0.0966796739999999932
5790577104	0.163602825300000004	0.0985391753000000037
5790580104	0.163943238800000002	0.0975645053000000068
5790583104	0.1606861074	0.0976007676999999935
5790586104	0.164076396200000002	0.0979584421000000011
5790589104	0.167845829400000007	0.0988586531999999935
5790592104	0.166603776399999987	0.100531921400000002
5790595104	0.166166293800000003	0.0954635295999999994
5790598104	0.160935833	0.0923723104000000045
5790601104	0.166392672699999994	0.0949116849000000012
5790604104	0.168131212299999999	0.0989285310000000001
5790607104	0.164923364699999991	0.0937811692999999946
5790610104	0.163710427800000002	0.0928414808999999952
5790613104	0.16305360599999999	0.0998497574000000027
5790616104	0.167563102600000013	0.0969455275000000033
5790619104	0.168911296799999999	0.093439646799999998
5790622104	0.16767715150000001	0.0963522951999999933
5790625104	0.16802769649999999	0.0964015810000000001
5790628104	0.167899802999999986	0.0938623008000000064
5790631104	0.163573200400000007	0.095738122600000003
5790634104	0.165535952600000008	0.0973814524999999931
5790637104	0.169739783599999999	0.092908455299999998
5790640104	0.163875605099999988	0.0919324680999999977
5790643104	0.170704856399999993	0.0955277635000000014
5790646104	0.164569927899999996	0.0972497331999999937
5790649104	0.169419969300000001	0.0937946260000000059
5790652104	0.166332699100000009	0.0928143983999999977
5790655104	0.167061856399999986	0.0930481558000000042
5790658104	0.170072714300000011	0.0943681400999999975
5790661104	0.169261784299999996	0.0925095932000000037
5790664104	0.167191846899999996	0.095548066299999998
5790667104	0.168606913500000011	0.0967773400999999978
5790670104	0.167260912699999986	0.0945133712000000015
5790673104	0.1728178826	0.0894235411000000036
5790676104	0.169853522300000004	0.0900425749999999997
5790679104	0.168092226900000002	0.0963131643999999981
5790682104	0.172094897400000002	0.0925211313999999979
5790685104	0.172986476299999997	0.0888749514999999934
5790688104	0.164838426499999996	0.0896209372999999948
