# freq, I e Q
5493148556	0.215420596999999991	0.0570980483000000025
5493156556	0.213247889899999987	0.0574844964000000014
5493164556	0.213037061299999997	0.0574933655999999987
5493172556	0.217340598400000001	0.0515595116000000034
5493180556	0.215248515000000001	0.0576062956999999973
5493188556	0.213163759799999991	0.0535318721000000025
5493196556	0.216570643600000001	0.0533652438000000034
5493204556	0.215274679999999996	0.0561200748999999971
5493212556	0.212903455600000013	0.0526934178000000031
5493220556	0.214576764100000011	0.0531535134999999992
5493228556	0.216430847199999998	0.0524535724000000023
5493236556	0.213780048499999986	0.0512606321000000018
5493244556	0.215455784399999989	0.0505407164999999992
5493252556	0.214671694200000013	0.0501350502999999975
5493260556	0.213591499099999999	0.0505803638
5493268556	0.215014121400000008	0.0489813272000000008
5493276556	0.21682713910000001	0.0509648553000000004
5493284556	0.214139559199999996	0.0519477025999999995
5493292556	0.215269026800000013	0.0520096814000000005
5493300556	0.219965445199999998	0.050541752500000002
5493308556	0.216033927900000006	0.045309213299999998
5493316556	0.216380595099999989	0.0477125712999999993
5493324556	0.214701484899999989	0.0460900945999999992
5493332556	0.216626175700000007	0.0454562442999999969
5493340556	0.216111777799999988	0.0457849386999999997
5493348556	0.217577659499999992	0.0430656207000000013
5493356556	0.216738638099999992	0.0415202102999999989
5493364556	0.215094456900000008	0.0401397562000000013
5493372556	0.214222570400000006	0.0406789161999999982
5493380556	0.217693477699999999	0.0408368907999999975
5493388556	0.217844658200000013	0.0420945142999999966
5493396556	0.21543029050000001	0.0410545179999999982
5493404556	0.218194391099999996	0.0412827902999999968
5493412556	0.218889553799999997	0.0406855055999999979
5493420556	0.216801400300000002	0.0432233643999999986
5493428556	0.219190266299999992	0.0432594183999999993
5493436556	0.216292785900000006	0.0405789166000000007
5493444556	0.218343866100000006	0.0376176677999999973
5493452556	0.217622389700000002	0.0393986384999999995
5493460556	0.219963531099999998	0.0340203426000000031
5493468556	0.218027668600000002	0.0365393878999999977
5493476556	0.218197812699999993	0.0367130925999999969
5493484556	0.215524557799999988	0.0389784391999999993
5493492556	0.220565579300000009	0.0344845338000000015
5493500556	0.217258980200000007	0.0337978596000000006
5493508556	0.218895175400000003	0.0378659545
5493516556	0.215839754800000005	0.0370212078999999986
5493524556	0.219839586000000003	0.0349124698999999997
5493532556	0.220730068800000012	0.0356698987000000009
5493540556	0.218070315999999986	0.0343641347
5493548556	0.218704550400000003	0.0327733107000000023
5493556556	0.22100419360000001	0.030654187900000001
5493564556	0.219628476099999997	0.0302273618999999993
5493572556	0.220101763300000003	0.0331259464000000017
5493580556	0.221983606100000008	0.0314596571999999977
5493588556	0.217132844999999991	0.0320395527000000013
5493596556	0.21782202719999999	0.0339781458999999994
5493604556	0.21792230700000001	0.0304211450000000001
5493612556	0.218999389099999997	0.0302905317000000014
5493620556	0.218903605000000001	0.0304139489000000013
5493628556	0.218685323999999986	0.0293410443000000007
5493636556	0.220962131700000008	0.0304018495000000014
5493644556	0.220754007499999988	0.0272823069999999987
5493652556	0.217831916900000006	0.0265674283000000011
5493660556	0.219747415299999999	0.0254329748999999987
5493668556	0.220120778099999997	0.0278836577000000016
5493676556	0.219699410300000009	0.0260244724999999996
5493684556	0.222745124600000011	0.0257344398999999995
5493692556	0.218495621499999987	0.0265133190999999983
5493700556	0.217754583899999993	0.0263632087999999994
5493708556	0.221704755400000009	0.0222168010000000013
5493716556	0.220160607099999989	0.0229169765999999997
5493724556	0.218938486099999996	0.0214148486000000013
5493732556	0.222921454099999999	0.0214422675999999986
5493740556	0.222452718699999996	0.0237992456000000012
5493748556	0.220393991300000008	0.0182291520999999998
5493756556	0.223608978699999988	0.0210896118999999993
5493764556	0.220767159500000004	0.0194149150999999992
5493772556	0.220010623300000013	0.0240035096000000003
5493780556	0.223759506500000011	0.0211256626999999989
5493788556	0.222053141000000009	0.0149124526000000007
5493796556	0.219432155099999998	0.0177806847000000004
5493804556	0.221315977899999988	0.0168675063999999993
5493812556	0.225236294100000012	0.0178258045000000004
5493820556	0.222894276899999993	0.0168160140999999985
5493828556	0.223304649100000002	0.0206252269999999994
5493836556	0.222516982299999999	0.0129029174999999996
5493844556	0.218617367499999993	0.018179087699999999
5493852556	0.221258546299999997	0.0149643080000000008
5493860556	0.224846966799999992	0.0133583394000000005
5493868556	0.22505631370000001	0.0170017600000000012
5493876556	0.227147307999999992	0.0145985660000000003
5493884556	0.221743576999999997	0.0152260872000000002
5493892556	0.224957485499999998	0.0141451068999999992
5493900556	0.218286863500000011	0.0116172273999999992
5493908556	0.221218545200000005	0.0132749871999999994
5493916556	0.226094392000000005	0.0112966021000000007
5493924556	0.223237007799999998	0.00972129090000000036
5493932556	0.222393466399999989	0.00833114450000000013
5493940556	0.220863454699999989	0.00923155630000000067
5493948556	0.223241449600000003	0.0104242546000000002
5493956556	0.2190256961	0.00712934599999999995
5493964556	0.223381727199999991	0.00869341790000000003
5493972556	0.222978834799999998	0.00799449779999999999
5493980556	0.222968031799999994	0.00761908059999999963
5493988556	0.223709514899999989	0.00436022830000000038
5493996556	0.222413713600000007	0.00750690130000000039
5494004556	0.223255804299999999	0.00459365130000000035
5494012556	0.225473601400000001	0.0047738972000000001
5494020556	0.224654978000000005	0.0028216812
5494028556	0.225740500099999991	0.00398813000000000032
5494036556	0.225184058599999987	0.00180944409999999993
5494044556	0.223625144299999995	0.00362097759999999982
5494052556	0.221973164800000011	0.00170382509999999999
5494060556	0.225723718999999989	-0.000604429500000000031
5494068556	0.223840575399999991	-0.000283634299999999996
5494076556	0.223849808099999992	-0.00186562670000000002
5494084556	0.224910398399999989	0.00145078390000000007
5494092556	0.222762497799999987	-0.000136168399999999989
5494100556	0.225481693499999997	0.00054697649999999997
5494108556	0.221975159599999999	-0.000758081699999999989
5494116556	0.222016341400000011	0.00153852450000000005
5494124556	0.220363452300000012	-0.00395590139999999965
5494132556	0.22650272560000001	-0.00511841509999999989
5494140556	0.222103764000000009	-0.00456632019999999965
5494148556	0.224850657300000006	-0.00613059120000000041
5494156556	0.222889436200000013	-0.00442579609999999967
5494164556	0.219664676599999997	-0.00720721799999999961
5494172556	0.221412788299999996	-0.00642076309999999994
5494180556	0.224955632099999997	-0.0054242886000000004
5494188556	0.223857901899999989	-0.00779639749999999979
5494196556	0.225279932099999997	-0.00836433599999999999
5494204556	0.224273455600000005	-0.00826723570000000019
5494212556	0.224376140000000002	-0.0054671883999999997
5494220556	0.225936535900000013	-0.0108099592000000001
5494228556	0.223791286000000006	-0.00784892859999999914
5494236556	0.225468613000000012	-0.00595887889999999979
5494244556	0.22748461989999999	-0.00841702010000000035
5494252556	0.224664593299999993	-0.0092157157
5494260556	0.220091286200000014	-0.0105151251999999994
5494268556	0.224718301199999998	-0.0130661074000000006
5494276556	0.224697191099999999	-0.0110170089999999995
5494284556	0.224283100499999999	-0.0105570170999999997
5494292556	0.223110406399999989	-0.0140682949000000002
5494300556	0.223532124400000004	-0.0137867010000000002
5494308556	0.221397347900000013	-0.0172211120000000002
5494316556	0.224246452000000013	-0.0147273670999999995
5494324556	0.225233482799999996	-0.0136777661000000005
5494332556	0.226914729600000004	-0.0152851527000000004
5494340556	0.225078054	-0.0165808586999999993
5494348556	0.223144637600000001	-0.0172557812000000005
5494356556	0.225026215800000012	-0.0159446139999999993
5494364556	0.225165634100000012	-0.0190555531999999986
5494372556	0.224930198800000009	-0.0151958345999999994
5494380556	0.225196286899999987	-0.0178147241999999997
5494388556	0.225786926199999988	-0.0200933130000000015
5494396556	0.226401985400000005	-0.021686968899999999
5494404556	0.223237653700000011	-0.0225927645999999989
5494412556	0.224531075100000005	-0.0217035751000000006
5494420556	0.219022364800000008	-0.0211376391999999989
5494428556	0.226614701599999996	-0.022339046500000001
5494436556	0.221649908600000001	-0.0255112195000000014
5494444556	0.222206302100000003	-0.0271731028999999992
5494452556	0.224538640900000003	-0.0243475280000000002
5494460556	0.222611969599999987	-0.0277632057000000015
5494468556	0.223675595700000007	-0.0219334846000000007
5494476556	0.223102148100000008	-0.0238251376000000008
5494484556	0.221141805899999988	-0.028535311800000001
5494492556	0.222271920499999998	-0.0274882416000000011
5494500556	0.221992739200000011	-0.0263649824000000005
5494508556	0.224313690499999996	-0.0266550746999999998
5494516556	0.223944443100000001	-0.0286470911999999987
5494524556	0.223567339599999998	-0.0322887982000000032
5494532556	0.221187200899999992	-0.0303058320999999992
5494540556	0.222397716800000006	-0.0302456122000000008
5494548556	0.225702663400000003	-0.0336936566000000035
5494556556	0.222878853300000013	-0.0319516671999999988
5494564556	0.219615898000000004	-0.0319642283000000013
5494572556	0.226494364400000009	-0.0312986531999999984
5494580556	0.221358298700000011	-0.0301072101000000002
5494588556	0.226104934099999988	-0.0310625759000000001
5494596556	0.222244534399999999	-0.0335931019999999997
5494604556	0.219396603500000009	-0.0337676598999999966
5494612556	0.222197496699999997	-0.0347852779000000015
5494620556	0.222003541500000012	-0.0349081940999999979
5494628556	0.221718059299999992	-0.0320142978000000009
5494636556	0.220316234599999994	-0.0346693402000000025
5494644556	0.222732130800000011	-0.0383600205000000014
5494652556	0.222989901699999993	-0.0360327897999999994
5494660556	0.219686130499999993	-0.0422971806999999991
5494668556	0.2242958803	-0.0394481844000000026
5494676556	0.2231146517	-0.0410689278000000019
5494684556	0.220338020999999995	-0.041478395799999998
5494692556	0.222255017700000002	-0.0406982850000000007
5494700556	0.22313786029999999	-0.0424611246999999983
5494708556	0.222427910899999998	-0.0419040918000000012
5494716556	0.219101816100000013	-0.0422640758000000019
5494724556	0.220224001899999994	-0.0429906962999999989
5494732556	0.21830372440000001	-0.0459078227000000033
5494740556	0.222768282300000009	-0.0457174901000000009
5494748556	0.219444460899999999	-0.0463859905000000017
5494756556	0.218307150100000014	-0.0483209813999999974
5494764556	0.2201725457	-0.0493736021999999983
5494772556	0.224034585600000002	-0.0480243435999999982
5494780556	0.219253404499999999	-0.0490207272000000027
5494788556	0.220364907199999988	-0.0486107365000000013
5494796556	0.22032793719999999	-0.044111085500000001
5494804556	0.219227801999999999	-0.0512969926000000007
5494812556	0.218294858799999991	-0.0489948960999999975
5494820556	0.219193249700000009	-0.0541325709999999974
5494828556	0.220091054600000002	-0.0474477731
5494836556	0.217980402500000003	-0.0542979576000000019
5494844556	0.2198745862	-0.0482887691999999979
5494852556	0.220648317900000002	-0.0535670440000000012
5494860556	0.218110161699999999	-0.0556615717999999968
5494868556	0.218505518799999993	-0.0537736520999999995
5494876556	0.218610774600000002	-0.0538610034999999973
5494884556	0.218705450200000012	-0.0523503178999999985
5494892556	0.22037213080000001	-0.0551479922999999969
5494900556	0.215607840500000009	-0.0562711349999999999
5494908556	0.216545360599999986	-0.0616795487999999975
5494916556	0.217489051799999999	-0.0595058192999999985
5494924556	0.215932840399999992	-0.0588907549000000016
5494932556	0.216981810100000005	-0.0606117143000000011
5494940556	0.215903875200000012	-0.0597440185000000026
5494948556	0.21578516410000001	-0.0629036215000000065
5494956556	0.213394516700000009	-0.062474256899999997
5494964556	0.21809713180000001	-0.0638389805999999976
5494972556	0.214723838299999997	-0.0642817138999999954
5494980556	0.217739912600000002	-0.0617758005999999998
5494988556	0.215149965299999996	-0.063360007900000001
5494996556	0.216552153100000006	-0.0619945220000000033
5495004556	0.216644608500000002	-0.0628333529999999946
5495012556	0.21582689490000001	-0.0661280266999999949
5495020556	0.218023486799999999	-0.0691793120000000067
5495028556	0.213035246499999997	-0.0638163011000000002
5495036556	0.218197016599999988	-0.0670291612000000064
5495044556	0.215426428700000006	-0.0634892994000000044
5495052556	0.212544169599999999	-0.0653809692999999942
5495060556	0.215707531799999991	-0.0690409107999999938
5495068556	0.215996276300000012	-0.0709429173000000052
5495076556	0.215127264200000001	-0.0701954508000000033
5495084556	0.21507154349999999	-0.0695949185000000053
5495092556	0.214227742299999996	-0.0738786017999999989
5495100556	0.213880950799999997	-0.0727778085999999935
5495108556	0.21317448180000001	-0.0711803315999999936
5495116556	0.214749481200000009	-0.0778972081000000038
5495124556	0.211453269299999996	-0.0764400020000000069
5495132556	0.211212568200000006	-0.0744242029999999943
5495140556	0.215626549199999989	-0.0763108086000000019
5495148556	0.209978160999999997	-0.0750319140999999995
5495156556	0.210418900200000009	-0.0786187695000000047
5495164556	0.212253522	-0.0809530420999999972
5495172556	0.213491300999999994	-0.0766943761999999973
5495180556	0.212526113900000008	-0.0787945765999999992
5495188556	0.209507304400000011	-0.0787092521000000017
5495196556	0.210143946100000006	-0.0802037411999999977
5495204556	0.210659679200000005	-0.0832866901000000048
5495212556	0.210736780699999987	-0.0813499963000000048
5495220556	0.208833161099999998	-0.0866670115999999963
5495228556	0.2123936404	-0.0836288419999999949
5495236556	0.2053640937	-0.0850923229999999975
5495244556	0.203839642600000009	-0.0830475737000000019
5495252556	0.207874649299999992	-0.0819421089999999991
5495260556	0.2061435093	-0.0871661660999999977
5495268556	0.209316340200000006	-0.0893547556000000021
5495276556	0.210332028700000007	-0.0882766088999999976
5495284556	0.202920756300000005	-0.0851264298999999947
5495292556	0.2069981454	-0.0899069309999999955
5495300556	0.207396767700000012	-0.0891007065999999959
5495308556	0.208995644899999999	-0.0946830845000000004
5495316556	0.205168771500000013	-0.0889075297999999958
5495324556	0.203129647299999994	-0.0873977504000000016
5495332556	0.203176090899999995	-0.0914870661999999946
5495340556	0.205109501500000013	-0.0952835333999999951
5495348556	0.201064100200000012	-0.0908250356000000064
5495356556	0.199135812100000004	-0.0932578683999999991
5495364556	0.205292751699999998	-0.0972469338000000044
5495372556	0.200221276700000006	-0.0924276101000000017
5495380556	0.200361787200000002	-0.0938864160000000003
5495388556	0.202538285499999998	-0.0982757310000000051
5495396556	0.198167483799999988	-0.0962566549000000021
5495404556	0.199351178500000004	-0.101358769200000004
5495412556	0.19874087800000001	-0.101604002900000004
5495420556	0.198373629400000001	-0.0984247188999999995
5495428556	0.197532618500000007	-0.0991066647999999939
5495436556	0.194777155499999993	-0.101862372300000004
5495444556	0.199296790800000012	-0.102235971999999994
5495452556	0.197470754100000007	-0.104053323099999998
5495460556	0.195942398200000006	-0.103578209599999999
5495468556	0.194828707299999987	-0.101549028499999999
5495476556	0.1941750686	-0.102557640500000005
5495484556	0.192915294500000001	-0.108617886600000005
5495492556	0.193620863899999995	-0.107929436500000003
5495500556	0.195498709500000006	-0.108065141700000006
5495508556	0.188391149099999988	-0.107240728399999999
5495516556	0.191739759399999987	-0.1031377656
5495524556	0.187292983299999993	-0.106044036600000002
5495532556	0.188101369699999993	-0.105452164900000006
5495540556	0.191590456599999986	-0.111805164100000007
5495548556	0.181582069699999987	-0.112078833200000005
5495556556	0.189946082900000007	-0.1127946222
5495564556	0.189632148299999997	-0.115024029299999997
5495572556	0.183891034300000006	-0.116067766899999994
5495580556	0.182871565099999994	-0.113165279300000005
5495588556	0.185350539199999997	-0.115848062599999996
5495596556	0.185167536999999993	-0.1124719946
5495604556	0.182649445500000007	-0.111771903399999997
5495612556	0.182211336299999999	-0.112052172300000003
5495620556	0.183423020999999992	-0.113967207000000001
5495628556	0.178700710499999998	-0.117107081500000001
5495636556	0.181332930700000006	-0.117213676399999994
5495644556	0.180753544300000013	-0.121308800199999997
5495652556	0.1770251303	-0.118361771000000005
5495660556	0.180099655500000011	-0.121070966700000004
5495668556	0.178191433099999991	-0.121164427199999994
5495676556	0.176324477199999996	-0.120631767700000003
5495684556	0.176453184600000007	-0.118955876899999993
5495692556	0.172893951399999996	-0.121082471499999997
5495700556	0.174886089800000005	-0.117550042499999993
5495708556	0.172019768500000003	-0.120407710799999998
5495716556	0.1666695443	-0.121222334200000004
5495724556	0.165070248400000008	-0.124669839199999993
5495732556	0.167107985799999997	-0.122502259399999994
5495740556	0.165230777500000009	-0.1202695607
5495748556	0.166291058999999991	-0.1248372804
5495756556	0.16457977809999999	-0.1233806286
5495764556	0.163488565700000005	-0.122318679599999994
5495772556	0.163889541700000002	-0.124801997400000003
5495780556	0.160075353599999998	-0.121009534799999999
5495788556	0.161583289099999999	-0.126264239700000003
5495796556	0.160431378900000005	-0.121281830199999996
5495804556	0.15935148939999999	-0.12531314260000001
5495812556	0.158935166900000008	-0.126732431400000012
5495820556	0.150255533100000005	-0.124838102399999998
5495828556	0.152892484599999989	-0.128235464800000004
5495836556	0.154740969799999989	-0.1201616462
5495844556	0.151357523100000002	-0.125286007199999994
5495852556	0.149135003900000007	-0.124805136799999994
5495860556	0.148492971000000001	-0.126358416100000009
5495868556	0.146392554499999994	-0.124366623800000006
5495876556	0.145885791600000009	-0.1237080807
5495884556	0.146711435000000001	-0.119374294300000003
5495892556	0.146250003399999995	-0.124957231500000002
5495900556	0.143049242699999996	-0.125568681600000009
5495908556	0.137565251500000013	-0.125327438699999988
5495916556	0.139692610200000011	-0.123086689799999996
5495924556	0.136917346599999989	-0.1241983688
5495932556	0.139490966999999993	-0.120371572600000004
5495940556	0.13532433490000001	-0.123959199199999995
5495948556	0.135541117399999994	-0.1238154635
5495956556	0.133551322800000011	-0.1209306661
5495964556	0.134120850300000011	-0.119899653699999997
5495972556	0.132747191300000011	-0.117454586099999994
5495980556	0.134347577200000012	-0.117889929099999999
5495988556	0.131902333900000002	-0.122476453299999996
5495996556	0.128053442699999992	-0.117622546499999994
5496004556	0.128386605699999989	-0.117235333400000002
5496012556	0.126979846400000013	-0.113745920299999997
5496020556	0.127209124700000009	-0.1153648902
5496028556	0.129804038700000013	-0.114674892900000006
5496036556	0.124727527800000002	-0.114404639299999999
5496044556	0.125489464800000006	-0.110081091699999994
5496052556	0.121829606100000001	-0.114331458600000005
5496060556	0.12748423989999999	-0.110544297599999994
5496068556	0.1222662417	-0.110047954500000003
5496076556	0.120362020400000005	-0.110497735999999999
5496084556	0.117654014900000006	-0.108938108300000003
5496092556	0.122146236699999994	-0.106699322200000002
5496100556	0.119757489300000006	-0.106783784199999995
5496108556	0.124136165399999998	-0.104723106799999993
5496116556	0.124444249100000001	-0.0996427805
5496124556	0.120269559600000006	-0.105045242600000005
5496132556	0.115938693400000001	-0.102476727599999998
5496140556	0.119730104399999995	-0.105145155500000004
5496148556	0.116433355599999996	-0.102239643599999999
5496156556	0.123626863099999998	-0.100889089099999996
5496164556	0.118961136100000003	-0.101686839099999995
5496172556	0.122683543399999997	-0.0953313352000000058
5496180556	0.118444585800000002	-0.0955737935999999982
5496188556	0.117915526300000004	-0.0878357906999999993
5496196556	0.114743166100000002	-0.0940615303000000014
5496204556	0.119635439900000001	-0.0963717498000000033
5496212556	0.119196856500000004	-0.0964293226000000059
5496220556	0.117875182199999998	-0.0901047705999999948
5496228556	0.119327499700000006	-0.0875571076999999975
5496236556	0.1249209087	-0.0870609120999999986
5496244556	0.122695097899999994	-0.0883525213000000004
5496252556	0.121898470999999994	-0.0859525342999999942
5496260556	0.118881690400000004	-0.0885468472000000006
5496268556	0.122074294299999997	-0.0903703847000000005
5496276556	0.122834934600000001	-0.0841671286000000018
5496284556	0.121822746499999995	-0.0873714435000000067
5496292556	0.122811592299999994	-0.0856786952000000018
5496300556	0.124399135699999996	-0.0856853531999999946
5496308556	0.120959086899999999	-0.0829682464999999952
5496316556	0.124251590199999998	-0.0816923450999999939
5496324556	0.126496416400000006	-0.0781144594000000025
5496332556	0.122992242299999999	-0.082265185099999999
5496340556	0.124580288499999997	-0.0830496953999999982
5496348556	0.125633061600000012	-0.0811082278000000018
5496356556	0.129186179200000001	-0.0815475467000000009
5496364556	0.127044783999999994	-0.0814070078000000003
5496372556	0.124188055300000003	-0.0822782249999999965
5496380556	0.128396214300000006	-0.083000228800000006
5496388556	0.133904454300000003	-0.0820400159999999934
5496396556	0.132413829600000005	-0.0764284652999999981
5496404556	0.129867510299999989	-0.0808115402999999982
5496412556	0.129932293000000004	-0.0801146075000000041
5496420556	0.132130998899999991	-0.0801585717999999947
5496428556	0.130832829000000012	-0.0815985149999999965
5496436556	0.132040720700000003	-0.0780196898
5496444556	0.135390909700000006	-0.0809055243000000035
5496452556	0.133943087799999999	-0.0787232885000000021
5496460556	0.133254670399999997	-0.0792364628999999987
5496468556	0.130770155599999993	-0.0805834703000000013
5496476556	0.131703023599999997	-0.083095572699999995
5496484556	0.138270097199999997	-0.0806339607000000069
5496492556	0.133183832400000007	-0.0811160186000000061
5496500556	0.140330021599999993	-0.0768361074000000061
5496508556	0.137927713099999988	-0.0796268353999999984
5496516556	0.138679018999999987	-0.0791094690000000017
5496524556	0.136804882600000011	-0.0813507626999999955
5496532556	0.139924099999999996	-0.0813112757999999991
5496540556	0.136981198100000007	-0.0804033066999999962
5496548556	0.142567219299999992	-0.0805693620000000055
5496556556	0.141258780299999998	-0.0800500425999999959
5496564556	0.140323322800000011	-0.0815762760000000031
5496572556	0.141017947300000002	-0.0819797577999999971
5496580556	0.139515517700000008	-0.0813017599000000063
5496588556	0.141554805000000006	-0.0805414145999999997
5496596556	0.144335486000000013	-0.0791746752000000026
5496604556	0.143323878999999987	-0.082818957700000001
5496612556	0.140514445799999999	-0.0813903744000000068
5496620556	0.142482871000000011	-0.0822379260999999973
5496628556	0.1437713464	-0.0802451301000000061
5496636556	0.144200525100000004	-0.0800777151999999964
5496644556	0.143412196800000002	-0.0821956724000000027
5496652556	0.144674346499999995	-0.0811746118999999988
5496660556	0.146436247800000002	-0.0845053741999999969
5496668556	0.144924196499999991	-0.0828602058999999974
5496676556	0.143762645900000013	-0.0870862939000000003
5496684556	0.146992654100000009	-0.0815077208999999969
5496692556	0.146797344200000013	-0.0840516657999999944
5496700556	0.148955486400000003	-0.0834761527999999947
5496708556	0.146920279099999995	-0.0813897511000000046
5496716556	0.146410192900000014	-0.0848694556999999988
5496724556	0.147374725200000001	-0.086694831299999997
5496732556	0.147746441099999987	-0.0855725279999999949
5496740556	0.149148666699999988	-0.0890605884999999958
5496748556	0.149169496000000013	-0.0856649297999999976
5496756556	0.149373379400000006	-0.0892139556000000056
5496764556	0.149307673700000004	-0.0880487556999999949
5496772556	0.146627140900000008	-0.0895758673999999949
5496780556	0.149339214999999997	-0.0871374574000000068
5496788556	0.148966371699999989	-0.0897973289999999952
5496796556	0.14975752140000001	-0.0887958467000000001
5496804556	0.148150375800000011	-0.0915291778
5496812556	0.147066556799999998	-0.0893193607000000028
5496820556	0.151815662500000004	-0.0887011753999999986
5496828556	0.151340535199999987	-0.0892868881999999975
5496836556	0.153107236199999996	-0.0911064127000000001
5496844556	0.146031228499999999	-0.091131239899999994
5496852556	0.154823969899999997	-0.0899676833000000037
5496860556	0.153374266199999998	-0.0901412208000000048
5496868556	0.150592766399999994	-0.0928356652000000004
5496876556	0.147503006399999997	-0.0943388415000000063
5496884556	0.154296985299999995	-0.0930375009000000003
5496892556	0.148473565499999988	-0.0930257270000000025
5496900556	0.149548865400000008	-0.0918718438999999998
5496908556	0.150756332800000004	-0.0951707135000000037
5496916556	0.1546443334	-0.0964912316000000048
5496924556	0.151152348399999997	-0.0950853111000000001
5496932556	0.152367201799999991	-0.0962874095000000041
5496940556	0.151309250400000012	-0.0967247470999999942
5496948556	0.152803748900000008	-0.0941130133000000063
5496956556	0.153985696300000002	-0.0977177837000000049
5496964556	0.148833973499999994	-0.0998274524000000024
5496972556	0.15466556749999999	-0.101013624900000001
5496980556	0.154659877899999992	-0.101963052600000006
5496988556	0.152648433100000008	-0.098062436599999997
5496996556	0.152155082800000008	-0.100908316400000003
5497004556	0.150937018899999997	-0.0988028660000000031
5497012556	0.152834095100000011	-0.099063139999999994
5497020556	0.151182836099999995	-0.0977950478000000067
5497028556	0.154364101300000001	-0.1029812388
5497036556	0.15196919510000001	-0.0983268531000000001
5497044556	0.15178489240000001	-0.100410951799999995
5497052556	0.150727080000000013	-0.104688269700000003
5497060556	0.152421358700000009	-0.100249283699999997
5497068556	0.152921694999999996	-0.103559956600000003
5497076556	0.152985446500000011	-0.105739386199999993
5497084556	0.147924610099999992	-0.1051560572
5497092556	0.153523629100000003	-0.106478621900000001
5497100556	0.15111227020000001	-0.105830460799999998
5497108556	0.15308230510000001	-0.105692994900000004
5497116556	0.14868070189999999	-0.105616239299999998
5497124556	0.153684928100000007	-0.109199478000000003
5497132556	0.150870872200000006	-0.110525417500000001
5497140556	0.151684276000000007	-0.109664033800000005
5497148556	0.151339779600000002	-0.107431235200000003
5497156556	0.151957979100000001	-0.108401872199999999
5497164556	0.152360031700000009	-0.1120167262
5497172556	0.151181835099999995	-0.109288469299999996
5497180556	0.155111319500000011	-0.111616582899999997
5497188556	0.152353553899999994	-0.110516029299999999
5497196556	0.153738441599999998	-0.109544745700000001
5497204556	0.147712545899999992	-0.112297306799999996
5497212556	0.152200223200000012	-0.114947131399999999
5497220556	0.151550053500000004	-0.108796229199999997
5497228556	0.149706496500000008	-0.113804814000000004
5497236556	0.152535071200000011	-0.111941370999999998
5497244556	0.152670379899999986	-0.115257324699999997
5497252556	0.151157150800000001	-0.117692527599999999
5497260556	0.153256880600000006	-0.114384247300000005
5497268556	0.151986850199999995	-0.114112767700000006
5497276556	0.150600336400000007	-0.113961020400000002
5497284556	0.150397506600000008	-0.114966117500000006
5497292556	0.149060679899999993	-0.114786354899999998
5497300556	0.151627107399999989	-0.112446761699999995
5497308556	0.149400219599999995	-0.1196719433
5497316556	0.151000012200000006	-0.116128543700000003
5497324556	0.149959768699999996	-0.118259615700000001
5497332556	0.146478791800000008	-0.117145142100000002
5497340556	0.150245904399999991	-0.117696491700000003
5497348556	0.151169902200000011	-0.120280226099999998
5497356556	0.149773469399999998	-0.113182829900000004
5497364556	0.152075258299999988	-0.118006737299999998
5497372556	0.150260058400000007	-0.120321517700000005
5497380556	0.149788088600000008	-0.119429913600000007
5497388556	0.149582392099999989	-0.120708749000000004
5497396556	0.146679250799999994	-0.119047890000000003
5497404556	0.1477372941	-0.121725235200000004
5497412556	0.148455564799999995	-0.121786718799999999
5497420556	0.146266557500000005	-0.122646177699999998
5497428556	0.146750121099999992	-0.123479681999999993
5497436556	0.149748823499999989	-0.125143764600000013
5497444556	0.148887040999999998	-0.121562885999999995
5497452556	0.149595074200000011	-0.123167519500000003
5497460556	0.149471762300000005	-0.123904208299999999
5497468556	0.148064126900000009	-0.124659509000000002
5497476556	0.147297140800000004	-0.128525325800000007
5497484556	0.146950579299999995	-0.125702356399999993
5497492556	0.144268121599999993	-0.127255162499999991
5497500556	0.142772233700000001	-0.12873111000000001
5497508556	0.145420438799999996	-0.12777611350000001
5497516556	0.144513861500000007	-0.128316089699999997
5497524556	0.146913281700000009	-0.126368378899999995
5497532556	0.147424371999999998	-0.130370796900000002
5497540556	0.146535478299999994	-0.125988394799999986
5497548556	0.150506129900000007	-0.12653511810000001
5497556556	0.148063953599999992	-0.128487791500000004
5497564556	0.149041659900000012	-0.128330191600000004
5497572556	0.146226830800000013	-0.128866699499999987
5497580556	0.143028702300000005	-0.12870143810000001
5497588556	0.145426346600000006	-0.12938341040000001
5497596556	0.146733859200000011	-0.131714807099999998
5497604556	0.14523327820000001	-0.131597108800000001
5497612556	0.145215700800000014	-0.132128804300000013
5497620556	0.146824780200000005	-0.132109879900000005
5497628556	0.145875064299999996	-0.132136239099999997
5497636556	0.146380820100000003	-0.131267525400000001
5497644556	0.142910020999999998	-0.131558955799999988
5497652556	0.143802953499999997	-0.134770319999999999
5497660556	0.142813068399999993	-0.130520318100000005
5497668556	0.140038264299999993	-0.135112277000000003
5497676556	0.140993422499999993	-0.131375584699999992
5497684556	0.144219309900000009	-0.136244539899999989
5497692556	0.141097831199999996	-0.13440428430000001
5497700556	0.144104947799999994	-0.138362575300000012
5497708556	0.142375539899999987	-0.134134544299999992
5497716556	0.141760657600000006	-0.134027231800000007
5497724556	0.139598293099999993	-0.135493736000000004
5497732556	0.143794871099999999	-0.137120560400000008
5497740556	0.140656499200000007	-0.14244594499999999
5497748556	0.136883493100000003	-0.14137591129999999
5497756556	0.138280872400000004	-0.138831014000000003
5497764556	0.140307342000000002	-0.139684801800000008
5497772556	0.140992483899999993	-0.13999944789999999
5497780556	0.137946704000000003	-0.144894927000000007
5497788556	0.138239907400000001	-0.140292861099999999
5497796556	0.137842320500000004	-0.142961961100000007
5497804556	0.13956550379999999	-0.142936221700000005
5497812556	0.137688253799999993	-0.142985210599999996
5497820556	0.140282645099999992	-0.14040877160000001
5497828556	0.138987316599999994	-0.141945610700000002
5497836556	0.139922420299999989	-0.142201769899999997
5497844556	0.137158635299999998	-0.142836806199999999
5497852556	0.136435575799999986	-0.143962992399999989
5497860556	0.135483432399999992	-0.140649034499999992
5497868556	0.138871547900000003	-0.147083561599999996
5497876556	0.135539456000000003	-0.144842082900000002
5497884556	0.142313704799999996	-0.144258346300000007
5497892556	0.139578255300000009	-0.141637921500000014
5497900556	0.137172825800000009	-0.147089622100000011
5497908556	0.137466190999999988	-0.143372407199999996
5497916556	0.138986885199999993	-0.150249076000000009
5497924556	0.138845344600000004	-0.143135619999999991
5497932556	0.138266499300000012	-0.145750547400000013
5497940556	0.134972649400000005	-0.1476833216
5497948556	0.13457584580000001	-0.145915517999999994
5497956556	0.135647992800000006	-0.145507719600000002
5497964556	0.134043329600000011	-0.151080888200000013
5497972556	0.134671538499999993	-0.146933942600000006
5497980556	0.135144285800000014	-0.14975420410000001
5497988556	0.136148097200000012	-0.147258843499999986
5497996556	0.1341922797	-0.152224805399999996
5498004556	0.131478176800000013	-0.147001599099999991
5498012556	0.129520502799999992	-0.149335907600000012
5498020556	0.13626357750000001	-0.149405082999999994
5498028556	0.13079966979999999	-0.148166328799999997
5498036556	0.133858336599999989	-0.150482585800000013
5498044556	0.132630195799999989	-0.153859292399999986
5498052556	0.131589382599999999	-0.150792497400000003
5498060556	0.131511677999999993	-0.152944289000000011
5498068556	0.131927111399999991	-0.153246824000000004
5498076556	0.128900320900000004	-0.155113332900000012
5498084556	0.128746141099999989	-0.153658603700000007
5498092556	0.131862148900000004	-0.152862654999999986
5498100556	0.126661577599999992	-0.156712340100000014
5498108556	0.132713556099999991	-0.154406473200000005
5498116556	0.129061621900000006	-0.158385321999999995
5498124556	0.127362999700000007	-0.157423921200000011
5498132556	0.12928216079999999	-0.154799895699999995
5498140556	0.130369168000000007	-0.154986668900000013
5498148556	0.126714889800000008	-0.155533605600000013
5498156556	0.128348839500000006	-0.155077573699999999
5498164556	0.127472139900000003	-0.151982583599999999
5498172556	0.127205425600000005	-0.15574059970000001
5498180556	0.126095135400000002	-0.153144498900000009
5498188556	0.127102659600000001	-0.155699128299999989
5498196556	0.125911899999999993	-0.158511123300000001
5498204556	0.128283533100000013	-0.157227121999999997
5498212556	0.127395507099999999	-0.157426230299999997
5498220556	0.124213525399999997	-0.155747413599999995
5498228556	0.127692672400000012	-0.158391806999999996
5498236556	0.123676483899999995	-0.161243894100000007
5498244556	0.127452343500000009	-0.16094829699999999
5498252556	0.125090465399999989	-0.1603417439
5498260556	0.123088809600000001	-0.162078381299999991
5498268556	0.121549694900000005	-0.162254929500000006
5498276556	0.123698229199999996	-0.159603583500000007
5498284556	0.12591811	-0.160466594900000009
5498292556	0.123374893200000002	-0.163520529299999995
5498300556	0.121902645800000001	-0.163158759300000011
5498308556	0.124294783800000003	-0.16279813600000001
5498316556	0.118394239100000007	-0.161714088099999986
5498324556	0.118943746700000005	-0.162912417400000009
5498332556	0.123140533199999999	-0.161513544399999986
5498340556	0.117203827299999994	-0.163412790000000002
5498348556	0.121796616400000002	-0.162596943299999991
5498356556	0.122837709500000003	-0.159847954600000008
5498364556	0.1219506957	-0.166540747600000011
5498372556	0.120902711100000004	-0.16402036410000001
5498380556	0.119229772900000003	-0.164134608600000009
5498388556	0.115859368500000004	-0.16820550540000001
5498396556	0.120472413099999995	-0.161725168400000008
5498404556	0.118165307799999994	-0.164889572699999987
5498412556	0.121792617699999994	-0.164606753100000003
5498420556	0.116903618799999998	-0.164557113199999994
5498428556	0.119187224499999994	-0.164437222699999996
5498436556	0.121949706500000005	-0.168248311099999992
5498444556	0.117864853800000002	-0.166541574999999997
5498452556	0.120263245399999996	-0.166553149799999994
5498460556	0.117503893600000006	-0.166913979299999987
5498468556	0.117433306799999998	-0.169113231400000008
5498476556	0.118468782199999997	-0.165724167100000014
5498484556	0.113698359299999996	-0.17067991460000001
5498492556	0.114942620400000001	-0.168744454799999999
5498500556	0.114452355800000002	-0.167603362899999997
5498508556	0.1135869095	-0.169299662099999998
5498516556	0.114561908200000007	-0.166012649600000006
5498524556	0.111534836900000003	-0.168845938499999987
5498532556	0.113387558799999996	-0.172492324499999988
5498540556	0.109587492600000003	-0.167421660400000005
5498548556	0.111621663100000004	-0.172076848100000013
5498556556	0.111735287099999997	-0.172422641600000009
5498564556	0.113232010199999997	-0.173302307799999999
5498572556	0.109164266199999999	-0.170416385000000004
5498580556	0.111566331000000005	-0.171339337499999994
5498588556	0.111633516899999993	-0.17251567579999999
5498596556	0.107208251899999996	-0.17258750619999999
5498604556	0.111889892199999993	-0.170302235800000007
5498612556	0.110703301700000006	-0.174055005200000001
5498620556	0.108806796499999997	-0.172857358300000014
5498628556	0.109491981599999996	-0.177493402200000011
5498636556	0.107466677499999996	-0.175298905700000007
5498644556	0.105242126500000005	-0.174637335100000013
5498652556	0.107559816399999994	-0.172804581600000007
5498660556	0.109322960799999994	-0.175347843499999989
5498668556	0.110654043499999993	-0.174141675100000004
5498676556	0.105415695800000001	-0.176988885699999987
5498684556	0.106792041200000007	-0.174294978299999986
5498692556	0.108416037899999998	-0.178050153600000011
5498700556	0.105105857499999997	-0.17401213439999999
5498708556	0.106498188600000002	-0.174020719399999996
5498716556	0.104852786099999998	-0.175030931899999992
5498724556	0.106271563799999996	-0.175383533700000011
5498732556	0.105200748100000005	-0.179175992799999989
5498740556	0.102085082699999996	-0.175212053400000012
5498748556	0.101832314399999999	-0.177603051799999995
5498756556	0.104608181600000003	-0.179427683700000007
5498764556	0.102995390399999998	-0.177242477600000004
5498772556	0.103775928599999998	-0.175808657400000012
5498780556	0.101013595100000006	-0.177558548600000005
5498788556	0.103082706699999999	-0.178287325100000005
5498796556	0.103842939699999998	-0.181055766199999996
5498804556	0.0999186987000000026	-0.177847584800000014
5498812556	0.0990756675000000059	-0.178229030600000005
5498820556	0.0978653492000000069	-0.184129161099999994
5498828556	0.103860217399999996	-0.183327540300000008
5498836556	0.0981872317999999966	-0.181670275999999992
5498844556	0.104163702400000002	-0.183519091299999992
5498852556	0.0979986290000000038	-0.181127588199999995
5498860556	0.0983103215000000058	-0.181491827299999992
5498868556	0.0969215003000000047	-0.178417783200000013
5498876556	0.0992965970000000003	-0.183559357000000006
5498884556	0.099280710499999994	-0.180220384900000002
5498892556	0.0927628461999999987	-0.182477588400000001
5498900556	0.095861874400000005	-0.182120625099999989
5498908556	0.0947022465000000035	-0.184856866700000011
5498916556	0.0957161465999999961	-0.182219752200000001
5498924556	0.0952631884999999984	-0.187239279400000014
5498932556	0.0976065091000000024	-0.180656811599999995
5498940556	0.0933641944999999973	-0.183151725500000001
5498948556	0.0950083850000000008	-0.180886176799999993
5498956556	0.0900772021000000034	-0.184387408800000013
5498964556	0.0960382689999999956	-0.184421960200000012
5498972556	0.0948998323000000005	-0.18500413269999999
5498980556	0.0930693664000000059	-0.18351485649999999
5498988556	0.0914127846999999993	-0.18406918559999999
5498996556	0.0920155339999999961	-0.185644443299999989
5499004556	0.0924144419999999994	-0.184619736799999989
5499012556	0.0892848294000000015	-0.185466386499999997
5499020556	0.0888649813000000066	-0.186385930799999988
5499028556	0.091713895099999998	-0.186173153000000008
5499036556	0.0901035827000000039	-0.184909356500000011
5499044556	0.0899478618000000008	-0.182250531800000004
5499052556	0.0903620232000000023	-0.184125021599999994
5499060556	0.0923375815000000016	-0.186987292100000008
5499068556	0.0901860226999999931	-0.187682809899999997
5499076556	0.091003253800000003	-0.187174240200000008
5499084556	0.0869892015000000018	-0.186947174999999993
5499092556	0.0869561643999999939	-0.189112708699999993
5499100556	0.0906268395999999948	-0.18461560660000001
5499108556	0.0886444110000000063	-0.188743744399999996
5499116556	0.0894070081000000044	-0.185861735800000011
5499124556	0.0888973247000000022	-0.184288944700000012
5499132556	0.0837988229999999945	-0.188830650099999997
5499140556	0.0855881862999999937	-0.191220994199999994
5499148556	0.0846185535999999933	-0.189494079199999998
5499156556	0.0832220681999999989	-0.187681554499999986
5499164556	0.0862866028999999951	-0.188475026699999992
5499172556	0.0831502451000000059	-0.191136792899999991
5499180556	0.0828147379000000045	-0.192754379799999986
5499188556	0.0826583139999999966	-0.191447668600000009
5499196556	0.0815503773000000043	-0.189641291600000012
5499204556	0.0845123517999999962	-0.19332646349999999
5499212556	0.0836010095000000036	-0.1895734694
5499220556	0.0850034412000000017	-0.190182298899999991
5499228556	0.0775349491999999946	-0.190795800799999998
5499236556	0.0839731702000000024	-0.193866637600000002
5499244556	0.0810996362999999998	-0.191870221300000005
5499252556	0.0819475974000000024	-0.191928015600000001
5499260556	0.0821093194000000054	-0.18910111939999999
5499268556	0.0814518075000000008	-0.192885207000000003
5499276556	0.0842962408999999996	-0.19068519040000001
5499284556	0.0787099245999999947	-0.191792657400000011
5499292556	0.079467226299999999	-0.191332891499999991
5499300556	0.0779276918000000041	-0.194314422799999997
5499308556	0.0773059215999999938	-0.193457600199999996
5499316556	0.0771376138999999988	-0.193940674099999988
5499324556	0.0750642658999999962	-0.193569015900000002
5499332556	0.0764335980000000054	-0.1955899371
5499340556	0.0757981365999999962	-0.189776447999999986
5499348556	0.077040953800000006	-0.196725073400000006
5499356556	0.0740960263000000063	-0.19455992250000001
5499364556	0.0768716817999999941	-0.194680260699999996
5499372556	0.0749416398000000011	-0.1939305999
5499380556	0.072207928399999996	-0.194469694100000007
5499388556	0.0698569603000000067	-0.196899659000000005
5499396556	0.0748015449999999971	-0.194603815499999999
5499404556	0.0715452557000000045	-0.195693498500000007
5499412556	0.0724184068999999958	-0.199819667899999998
5499420556	0.0749495560999999949	-0.195554006899999994
5499428556	0.069382816299999997	-0.196137843400000011
5499436556	0.0728576184000000043	-0.197847634800000005
5499444556	0.0697903024999999982	-0.193252232800000007
5499452556	0.070607424299999999	-0.19366509409999999
5499460556	0.068555885600000005	-0.197739939100000012
5499468556	0.0713640779999999975	-0.19674754920000001
5499476556	0.0707968397000000027	-0.195494834899999997
5499484556	0.0707750813000000006	-0.192426834699999993
5499492556	0.0714015754000000002	-0.194350460700000005
5499500556	0.071035258599999998	-0.201312099299999991
5499508556	0.0682238495000000028	-0.195738278999999987
5499516556	0.0673126509000000067	-0.194789660599999997
5499524556	0.0713044461999999962	-0.199840338499999992
5499532556	0.0671977629999999937	-0.197661855999999997
5499540556	0.065833829999999996	-0.200952515299999995
5499548556	0.0608915548999999987	-0.199540544600000008
5499556556	0.0656322941000000021	-0.195114548599999993
5499564556	0.0656191693999999964	-0.19724028569999999
5499572556	0.0682651098000000012	-0.196685750599999987
5499580556	0.0637503385999999977	-0.199945864400000006
5499588556	0.0621985909000000031	-0.201178655099999992
5499596556	0.0633514153000000052	-0.199129994300000002
5499604556	0.0620830476000000034	-0.199844236700000011
5499612556	0.064030015400000001	-0.202174802600000009
5499620556	0.0617762639999999974	-0.202865897600000011
5499628556	0.0632088610999999995	-0.200121051900000013
5499636556	0.0624769822999999974	-0.202012206299999997
5499644556	0.0606262075000000011	-0.1976522
5499652556	0.0599999912999999996	-0.199275397900000012
5499660556	0.0632718812999999991	-0.200597475400000003
5499668556	0.0589894922000000002	-0.200261196599999997
5499676556	0.0641182510000000011	-0.198946680399999992
5499684556	0.0615243109999999982	-0.202125820000000012
5499692556	0.0620428275000000015	-0.201651438300000013
5499700556	0.0575611655999999985	-0.197963072800000001
5499708556	0.0571583101999999996	-0.1979593241
5499716556	0.0583979680000000015	-0.198771753699999998
5499724556	0.0585936178999999988	-0.2027165514
5499732556	0.0542778128999999998	-0.200999186299999993
5499740556	0.0528130196999999982	-0.202232254599999994
5499748556	0.055804950300000003	-0.199614494799999986
5499756556	0.0565943859000000021	-0.206078721599999987
5499764556	0.0538839738999999998	-0.200586599199999993
5499772556	0.053064701899999997	-0.20319368530000001
5499780556	0.0538691457000000026	-0.203472038100000002
5499788556	0.0507356663999999971	-0.202431880600000003
5499796556	0.0540651882999999972	-0.204417750700000012
5499804556	0.0539540624000000024	-0.201151091599999998
5499812556	0.0543112377000000007	-0.203704347000000008
5499820556	0.0520981493000000004	-0.202019740799999986
5499828556	0.0521937076	-0.204821931900000004
5499836556	0.053055294599999997	-0.202510063299999987
5499844556	0.0533652657999999988	-0.204359871999999998
5499852556	0.0545137205000000014	-0.199809148399999997
5499860556	0.0549157425999999976	-0.206425500799999995
5499868556	0.0527971952000000008	-0.201667575500000001
5499876556	0.0517440943000000014	-0.202996980800000004
5499884556	0.0489466620000000019	-0.204691721800000004
5499892556	0.0494604010000000011	-0.20500594929999999
5499900556	0.0521982474000000016	-0.204918828100000006
5499908556	0.0485116047000000022	-0.204048201499999998
5499916556	0.0468901898000000025	-0.204384427400000013
5499924556	0.0482135895000000009	-0.20597600969999999
5499932556	0.0449497042999999971	-0.202537050400000002
5499940556	0.0438025483000000007	-0.203394304400000003
5499948556	0.0415263614999999975	-0.206240340200000011
5499956556	0.0457744958000000021	-0.200790680299999996
5499964556	0.0416561252999999992	-0.203513937300000003
5499972556	0.0443063551	-0.206059419100000002
5499980556	0.0437554886000000032	-0.205612848900000006
5499988556	0.0457110536000000026	-0.207540120800000005
5499996556	0.0406101208000000033	-0.200660025399999997
5500004556	0.0454202088000000004	-0.202928807600000011
5500012556	0.0448868354999999997	-0.206587110099999999
5500020556	0.0408482337000000001	-0.206366080199999996
5500028556	0.041730150399999999	-0.205955304499999992
5500036556	0.0339871444999999966	-0.205738957599999994
5500044556	0.0414054911999999983	-0.205339258100000005
5500052556	0.0384776345999999977	-0.203575564099999995
5500060556	0.0396143815999999982	-0.204904821500000001
5500068556	0.0396050346999999997	-0.203824321000000003
5500076556	0.0391410146999999972	-0.205872928300000008
5500084556	0.0378699425999999978	-0.206610047800000002
5500092556	0.0410039424	-0.206948207500000009
5500100556	0.0372728569999999995	-0.207178246399999988
5500108556	0.035699804100000003	-0.209032081700000011
5500116556	0.0353037595999999981	-0.207156740400000011
5500124556	0.037192674299999999	-0.205757514400000008
5500132556	0.0327423608000000019	-0.208985728600000004
5500140556	0.0371462926999999998	-0.205497349899999987
5500148556	0.0350783132999999969	-0.207355761599999994
5500156556	0.0329481396000000024	-0.208699100700000001
5500164556	0.0346596420999999988	-0.207452424999999996
5500172556	0.0318305187999999989	-0.208503764499999994
5500180556	0.0320720513000000013	-0.205553161799999995
5500188556	0.0311106698000000008	-0.208382023199999988
5500196556	0.0334592003999999998	-0.2102344035
5500204556	0.0324013271000000019	-0.210121234500000004
5500212556	0.0312760913000000029	-0.209173665000000009
5500220556	0.0317742711000000011	-0.207563430599999987
5500228556	0.0324367482999999984	-0.209211820900000012
5500236556	0.0288680130000000014	-0.210831523900000012
5500244556	0.0269526513999999995	-0.209713725399999995
5500252556	0.0287215305999999997	-0.207603321400000013
5500260556	0.0252180240999999999	-0.208199556400000013
5500268556	0.0275940913000000017	-0.210014027699999994
5500276556	0.0296457913000000017	-0.210067802500000012
5500284556	0.0306539878999999987	-0.208943054099999997
5500292556	0.026418829500000001	-0.211471928300000001
5500300556	0.0265472874000000011	-0.2095158305
5500308556	0.0293813488999999997	-0.213001841899999989
5500316556	0.0247558915999999997	-0.210237028900000011
5500324556	0.0236576621000000008	-0.21148463549999999
5500332556	0.0231327014999999983	-0.208892464100000008
5500340556	0.0228884420999999998	-0.209267686499999994
5500348556	0.0219012513000000006	-0.209595347900000006
5500356556	0.0221486405999999983	-0.209151149799999991
5500364556	0.0258861605000000015	-0.208916084800000013
5500372556	0.0227753425000000002	-0.213120152899999998
5500380556	0.0216540175000000008	-0.207583140100000008
5500388556	0.0220609460999999993	-0.210675649999999992
5500396556	0.0150228170000000008	-0.211923045300000001
5500404556	0.0229475025000000013	-0.211278535900000008
5500412556	0.0211545463000000003	-0.209721180600000001
5500420556	0.0219449616	-0.207696150800000007
5500428556	0.0207799946000000006	-0.209800233899999994
5500436556	0.0220489988999999983	-0.214495770400000008
5500444556	0.0183801089999999986	-0.212284845199999989
5500452556	0.0187825461999999999	-0.212582788599999989
5500460556	0.0192339205000000013	-0.208481905899999986
5500468556	0.0172027767999999998	-0.208354520799999998
5500476556	0.0196722400000000006	-0.213016525600000006
5500484556	0.0152658371000000005	-0.209841708399999993
5500492556	0.0162999220999999993	-0.212679357600000007
5500500556	0.019126430199999999	-0.210989856599999998
5500508556	0.0174497395999999999	-0.214023514100000006
5500516556	0.0155446951999999999	-0.209933570600000008
5500524556	0.0150775700999999998	-0.212920075300000011
5500532556	0.0156719770000000001	-0.207610481699999988
5500540556	0.020353584000000001	-0.20866983389999999
5500548556	0.0155078624000000009	-0.209151156199999994
5500556556	0.0156846767000000005	-0.20829794439999999
5500564556	0.0146482577000000003	-0.21487485240000001
5500572556	0.0138196673999999992	-0.210216617599999989
5500580556	0.0115798794999999993	-0.207557206500000008
5500588556	0.0124322268999999992	-0.211668548399999989
5500596556	0.0149757853000000007	-0.211666165600000011
5500604556	0.00812088759999999958	-0.21152262329999999
5500612556	0.00933669139999999953	-0.211108996699999996
5500620556	0.00808429410000000015	-0.210269582900000002
5500628556	0.0113105101000000006	-0.21431043520000001
5500636556	0.00685185680000000019	-0.212686273499999995
5500644556	0.0104323867000000008	-0.211658940999999989
5500652556	0.00914170989999999947	-0.211585306000000001
5500660556	0.0125346490999999997	-0.213769460100000003
5500668556	0.00785867730000000021	-0.209873255700000011
5500676556	0.00778853679999999982	-0.211326555400000005
5500684556	0.00694924400000000025	-0.215706892700000014
5500692556	0.00777648920000000021	-0.215674712399999996
5500700556	0.00407792239999999959	-0.207786304000000005
5500708556	0.00552195570000000007	-0.209067112700000002
5500716556	0.00548181529999999979	-0.212338155199999989
5500724556	0.00480729330000000035	-0.212312928799999995
5500732556	0.00444385370000000002	-0.208272146500000005
5500740556	0.00433980559999999974	-0.2119706331
5500748556	0.00536888689999999967	-0.211806209899999986
5500756556	0.00351223190000000008	-0.2118147222
5500764556	-0.00035596139999999999	-0.213340875099999994
5500772556	0.00365333850000000007	-0.212167263999999994
5500780556	0.00097051959999999997	-0.213251840400000003
5500788556	-0.000634510900000000004	-0.213348337700000001
5500796556	0.000852758100000000044	-0.213206335200000013
5500804556	-0.00179114269999999993	-0.213685020400000009
5500812556	-0.00417195290000000035	-0.209000921400000012
5500820556	-0.00122826670000000002	-0.211882429399999989
5500828556	-5.43172000000000023e-05	-0.212410840099999998
5500836556	-0.00360048939999999982	-0.2148092167
5500844556	9.88519999999999982e-06	-0.215107042400000004
5500852556	-0.00169791870000000011	-0.213281358799999987
5500860556	-0.00372530339999999982	-0.209321458799999999
5500868556	-0.00480087319999999984	-0.208271255799999999
5500876556	-0.00427493429999999987	-0.213097949700000011
5500884556	8.83856999999999964e-05	-0.211641918099999993
5500892556	-0.00791346339999999919	-0.212738927599999988
5500900556	-0.00569780709999999965	-0.212649829699999987
5500908556	-0.00907668380000000059	-0.210747052900000009
5500916556	-0.00849118610000000086	-0.214188957399999991
5500924556	-0.0092147796000000004	-0.214482495599999989
5500932556	-0.0064286059999999999	-0.210570977200000009
5500940556	-0.00694718730000000017	-0.213071835799999998
5500948556	-0.0103141569999999991	-0.213438492899999999
5500956556	-0.00894177399999999956	-0.212579038899999989
5500964556	-0.00651484009999999964	-0.211584076600000004
5500972556	-0.00642804940000000005	-0.210749931499999987
5500980556	-0.00936994579999999959	-0.212320365399999988
5500988556	-0.00889362280000000061	-0.2126201536
5500996556	-0.0106971432999999998	-0.208010868399999993
5501004556	-0.00927629389999999956	-0.211990881599999986
5501012556	-0.0122036976000000005	-0.215200525700000006
5501020556	-0.0148255081000000007	-0.215658199500000008
5501028556	-0.0127639539999999992	-0.214295388799999986
5501036556	-0.00938902689999999984	-0.215840755299999992
5501044556	-0.0141276422999999998	-0.210617547300000013
5501052556	-0.0135059085000000002	-0.210670835299999998
5501060556	-0.0141873686999999995	-0.212133540900000001
5501068556	-0.0131554094999999996	-0.214883515599999991
5501076556	-0.0151455605000000004	-0.210622328999999997
5501084556	-0.0163990447000000004	-0.212772728999999994
5501092556	-0.0169018886000000014	-0.213165650799999995
5501100556	-0.0165733165999999987	-0.214660750900000002
5501108556	-0.0157013797000000004	-0.21395286329999999
5501116556	-0.0158083109000000006	-0.211646181200000005
5501124556	-0.0172796696999999999	-0.208797614399999998
5501132556	-0.0181439489000000016	-0.215534000899999995
5501140556	-0.019254801299999999	-0.210140618000000001
5501148556	-0.018661289000000001	-0.213164715599999999
