# freq, I e Q
5589462564	0.0528177100999999982	0.195002681499999997
5589468564	0.0536212361999999984	0.197477516500000005
5589474564	0.0502346139999999969	0.197448448299999996
5589480564	0.0474737833000000026	0.198075579400000007
5589486564	0.0527875080999999982	0.197269704299999987
5589492564	0.0489656608999999993	0.193969392600000012
5589498564	0.050722707899999997	0.199579800299999999
5589504564	0.0485654739999999974	0.19125354
5589510564	0.0524283976000000027	0.196383628899999996
5589516564	0.0504911690000000024	0.194013445400000012
5589522564	0.0514391072000000005	0.19689562599999999
5589528564	0.051027813800000002	0.1944151301
5589534564	0.0512882247999999971	0.192698550200000013
5589540564	0.0557701563999999997	0.195528010700000004
5589546564	0.0531680842000000001	0.197352678000000004
5589552564	0.0515001134999999999	0.191779562699999989
5589558564	0.0536861776000000027	0.195978965499999991
5589564564	0.0524995404999999971	0.193124682200000009
5589570564	0.0533726103999999993	0.196755089200000011
5589576564	0.0547916109000000026	0.19323388259999999
5589582564	0.0533051868000000012	0.19647482690000001
5589588564	0.0540492773999999981	0.194005857899999995
5589594564	0.0573944420999999982	0.19318446689999999
5589600564	0.0606281512000000009	0.194661403399999988
5589606564	0.0585265914000000012	0.196547554799999996
5589612564	0.0562480896000000022	0.196372560599999996
5589618564	0.0569201183999999971	0.191559983399999995
5589624564	0.0581989924999999977	0.200352094600000002
5589630564	0.0572581092999999985	0.191554995400000011
5589636564	0.0589324742000000013	0.195073365599999993
5589642564	0.0591567728000000001	0.193044062099999997
5589648564	0.057526464200000002	0.192021382099999999
5589654564	0.0603166991000000027	0.1939986987
5589660564	0.0610998199999999991	0.191307045099999989
5589666564	0.0603831278999999999	0.193973548299999993
5589672564	0.0585881522000000002	0.194804042399999988
5589678564	0.0602816820000000031	0.195358663500000002
5589684564	0.0617458292999999991	0.189399931399999999
5589690564	0.0615425554999999985	0.197630923699999989
5589696564	0.063141714700000004	0.196122103399999997
5589702564	0.0652602065000000009	0.193345114000000012
5589708564	0.0637817722000000031	0.194146969499999988
5589714564	0.0616657881000000005	0.19587612539999999
5589720564	0.0631797575000000028	0.191548759000000013
5589726564	0.0668932237999999985	0.193829951599999994
5589732564	0.0651755148000000006	0.192671666500000005
5589738564	0.0674340154999999997	0.196178757600000003
5589744564	0.0617195586000000018	0.194232211999999987
5589750564	0.0630167871999999935	0.192227362000000013
5589756564	0.0641533459000000056	0.194905528500000008
5589762564	0.0638220159999999953	0.190996878199999998
5589768564	0.0647811271000000022	0.192180539399999989
5589774564	0.0643558243999999974	0.195547116599999987
5589780564	0.0690630738999999938	0.190711120099999992
5589786564	0.0645739045000000011	0.19222023190000001
5589792564	0.0697622427999999989	0.190779567499999997
5589798564	0.0679933976000000051	0.192281879399999994
5589804564	0.0689893042999999984	0.193433203599999992
5589810564	0.068305742099999997	0.189507154799999994
5589816564	0.0697921445999999945	0.193234799699999987
5589822564	0.0689790301999999994	0.1927764857
5589828564	0.0689134735000000026	0.191719890000000004
5589834564	0.0674545730999999982	0.192544954900000009
5589840564	0.0687912398999999952	0.190429550100000011
5589846564	0.0768553376999999982	0.189210190100000009
5589852564	0.070763357900000004	0.190162846899999988
5589858564	0.0712872964999999997	0.193814421900000006
5589864564	0.0731032575000000046	0.194856541500000008
5589870564	0.0699173906999999983	0.189701765800000005
5589876564	0.0733076366999999979	0.18799271070000001
5589882564	0.0716266586999999982	0.189810529700000008
5589888564	0.0735514082000000013	0.191275382500000007
5589894564	0.076864288599999997	0.191127467899999987
5589900564	0.0746245170000000013	0.188260317700000013
5589906564	0.0726185109999999967	0.191438930499999993
5589912564	0.0722998616000000011	0.187131030000000004
5589918564	0.0751115828000000069	0.193948778999999988
5589924564	0.0772080207000000046	0.189206462600000014
5589930564	0.0766922126999999981	0.191241781
5589936564	0.0784144759000000025	0.192649441899999996
5589942564	0.0767105295999999937	0.193639624799999993
5589948564	0.0764224748000000009	0.191209837699999996
5589954564	0.0777262150999999957	0.189483978199999986
5589960564	0.0814302506000000037	0.190054319199999988
5589966564	0.0773224574000000026	0.189823798999999988
5589972564	0.0762107575999999981	0.187933000099999997
5589978564	0.0802681747999999945	0.191986825199999989
5589984564	0.0794555383999999976	0.18988148760000001
5589990564	0.0782579166999999992	0.185476827000000011
5589996564	0.0798221850000000038	0.18746611769999999
5590002564	0.0840502250000000062	0.185238532900000002
5590008564	0.0831598038999999956	0.190085496599999987
5590014564	0.078285825200000006	0.19335750639999999
5590020564	0.0815700795999999978	0.18661400680000001
5590026564	0.0806407818999999998	0.187714214399999996
5590032564	0.0838880379999999981	0.184770803099999992
5590038564	0.0831787370000000026	0.189516405100000007
5590044564	0.0829228245000000058	0.188417247199999999
5590050564	0.0803848610999999963	0.185050355999999999
5590056564	0.0806709825999999963	0.185675128699999997
5590062564	0.084639336699999998	0.188161828800000014
5590068564	0.0852410056999999971	0.191830607900000005
5590074564	0.0830402144000000064	0.183616127900000009
5590080564	0.085871164599999994	0.185125315200000001
5590086564	0.0857626164999999996	0.189568439499999991
5590092564	0.0831366880999999946	0.187665015800000001
5590098564	0.0833643998000000025	0.187472313400000007
5590104564	0.0844439557999999979	0.185939421100000002
5590110564	0.0885345735999999994	0.187456139999999993
5590116564	0.0855351676000000033	0.186874178499999988
5590122564	0.0874147324000000003	0.185742381799999995
5590128564	0.0904748610000000036	0.18689977029999999
5590134564	0.0869381984999999941	0.185042664400000001
5590140564	0.0878726026999999965	0.185421142900000002
5590146564	0.0864432588000000057	0.187858867699999987
5590152564	0.0896107559000000053	0.189361034000000011
5590158564	0.0907867574999999954	0.184976853200000013
5590164564	0.0908992967000000068	0.185008917699999997
5590170564	0.0945587056000000009	0.183986666999999993
5590176564	0.0888044828000000008	0.187092591199999991
5590182564	0.0873096017999999974	0.186846901399999987
5590188564	0.0948678986000000002	0.186045411299999991
5590194564	0.093033975599999999	0.184853920499999991
5590200564	0.0898532501000000039	0.186486198600000014
5590206564	0.0949037184999999978	0.186936418100000001
5590212564	0.090579114500000002	0.179966146999999993
5590218564	0.0923397108999999966	0.182740790799999997
5590224564	0.094818188400000003	0.185034323499999986
5590230564	0.0919404139000000037	0.181753009699999996
5590236564	0.095898627799999997	0.18362382490000001
5590242564	0.0933000977999999953	0.186807135200000002
5590248564	0.0962137411999999942	0.185760070599999993
5590254564	0.095161005899999998	0.181415580699999995
5590260564	0.0949532285999999948	0.186802508799999989
5590266564	0.0964043383999999975	0.183555420699999999
5590272564	0.0959728818000000067	0.186950977099999999
5590278564	0.0958577191999999967	0.181548375900000003
5590284564	0.0987439784000000015	0.186098220300000006
5590290564	0.0974281042000000042	0.18168485479999999
5590296564	0.0999315597999999999	0.182437277199999998
5590302564	0.101955816500000004	0.180459624499999999
5590308564	0.0958402718999999959	0.180377399699999996
5590314564	0.0972652982999999971	0.182391346499999996
5590320564	0.103359137000000004	0.182996193499999987
5590326564	0.0996128257000000045	0.18283487679999999
5590332564	0.103485991900000004	0.183362756900000007
5590338564	0.104783189499999999	0.180383789300000014
5590344564	0.103114096099999997	0.185023800999999988
5590350564	0.104941397199999994	0.179866286099999995
5590356564	0.108854600199999998	0.178116141000000006
5590362564	0.1053877971	0.177847235999999992
5590368564	0.102865284299999998	0.177990059099999987
5590374564	0.104213187900000004	0.180009893199999993
5590380564	0.105784663900000006	0.180132967000000005
5590386564	0.105384191299999999	0.180205398900000008
5590392564	0.106755218400000004	0.178990610500000008
5590398564	0.106991048500000005	0.180175682000000004
5590404564	0.106798092900000002	0.178731750500000008
5590410564	0.107153520599999996	0.178222798300000013
5590416564	0.104426395199999994	0.181794917599999994
5590422564	0.107874105100000006	0.180317378800000011
5590428564	0.108099702199999995	0.178572595100000009
5590434564	0.107560531000000001	0.178997413699999997
5590440564	0.107438873300000001	0.181885053200000008
5590446564	0.110495763900000002	0.181652715999999992
5590452564	0.108674225700000002	0.177765145200000002
5590458564	0.114710896399999998	0.175248193899999988
5590464564	0.108307857399999999	0.179125087999999988
5590470564	0.112823278900000004	0.176559165500000004
5590476564	0.112549333000000001	0.178967422300000012
5590482564	0.110900593000000006	0.177060789999999996
5590488564	0.112141409400000003	0.17430730920000001
5590494564	0.110154970000000005	0.179618103299999998
5590500564	0.115041916100000002	0.17724810290000001
5590506564	0.110037276200000006	0.1766993127
5590512564	0.112549003199999997	0.177401633700000005
5590518564	0.115785343499999999	0.176267657500000008
5590524564	0.114777495199999996	0.17519349649999999
5590530564	0.115335813499999995	0.175891922099999987
5590536564	0.112605814900000004	0.178458344800000002
5590542564	0.113531346800000002	0.175889727999999995
5590548564	0.111099617499999997	0.17682558470000001
5590554564	0.117321712600000003	0.173629896799999989
5590560564	0.113043554399999996	0.175340834100000009
5590566564	0.115780514599999995	0.174129155799999991
5590572564	0.114421617899999994	0.176539398600000008
5590578564	0.117795924699999999	0.174479274600000012
5590584564	0.114214331500000002	0.173712316000000006
5590590564	0.117739302300000001	0.170839487699999987
5590596564	0.116484371599999997	0.176136839600000011
5590602564	0.117353575700000004	0.177850602800000007
5590608564	0.123949532500000001	0.173982661300000008
5590614564	0.120971128100000005	0.172690963499999989
5590620564	0.119602952100000007	0.174756101800000008
5590626564	0.121064352400000005	0.174981399600000004
5590632564	0.118981381499999997	0.175084821499999987
5590638564	0.122893239099999996	0.171299563500000002
5590644564	0.118837387200000005	0.173692881800000004
5590650564	0.121020347599999994	0.171857251300000013
5590656564	0.120843362900000001	0.169372984700000007
5590662564	0.127762212900000005	0.171981929100000014
5590668564	0.124660329200000003	0.175017077500000007
5590674564	0.122329094900000004	0.173286318200000011
5590680564	0.121466759999999993	0.171947576099999999
5590686564	0.124253725900000001	0.170360787099999994
5590692564	0.125334430899999988	0.16968621989999999
5590698564	0.122772237000000006	0.172815896699999999
5590704564	0.12665321739999999	0.169651004399999999
5590710564	0.127605739100000004	0.169955814000000011
5590716564	0.126005492999999996	0.165640183999999996
5590722564	0.127738346599999997	0.170677402700000008
5590728564	0.127390137900000006	0.168140921599999993
5590734564	0.12831111810000001	0.170340589099999995
5590740564	0.127098884200000012	0.166408445399999994
5590746564	0.129851994599999992	0.167325101700000006
5590752564	0.127238592300000009	0.166114845000000011
5590758564	0.130125259800000004	0.164758650099999987
5590764564	0.133433278999999988	0.170102773200000001
5590770564	0.129203660899999989	0.165777491599999993
5590776564	0.130606949800000011	0.165864781699999991
5590782564	0.134666787700000012	0.165709939400000006
5590788564	0.130862519300000008	0.166639244200000008
5590794564	0.1310434932	0.165582864400000002
5590800564	0.134762678800000008	0.164342606899999993
5590806564	0.132208200199999987	0.166775264499999992
5590812564	0.132904767899999998	0.163658667199999996
5590818564	0.132142921800000007	0.162647130599999995
5590824564	0.135218959	0.16508676650000001
5590830564	0.136358652400000002	0.161139922399999996
5590836564	0.135050693599999994	0.163313894099999996
5590842564	0.134862822599999987	0.161773524700000004
5590848564	0.137425346300000001	0.164562234800000012
5590854564	0.13640794140000001	0.163379139600000001
5590860564	0.138182606799999996	0.16591017059999999
5590866564	0.137120952900000009	0.163991277200000007
5590872564	0.139640226300000003	0.160457630800000001
5590878564	0.137072936499999992	0.161407504099999988
5590884564	0.13988467269999999	0.161278628000000007
5590890564	0.1385475189	0.161382542099999998
5590896564	0.1394086363	0.16341178449999999
5590902564	0.137725678200000007	0.157652109900000004
5590908564	0.143222264999999988	0.159336617399999991
5590914564	0.141179015299999988	0.161925885500000005
5590920564	0.145294542700000001	0.160360025099999998
5590926564	0.143509036400000012	0.162777584700000005
5590932564	0.141019734799999991	0.15753747030000001
5590938564	0.142859545899999996	0.15775518220000001
5590944564	0.143425220800000003	0.159891258199999997
5590950564	0.144722529799999999	0.159863802999999999
5590956564	0.150171494900000008	0.158714130600000003
5590962564	0.145278920700000008	0.157272229099999994
5590968564	0.143890542399999988	0.154084404899999999
5590974564	0.142295015100000005	0.156278285200000006
5590980564	0.148627954899999998	0.154906938800000005
5590986564	0.143613213900000009	0.154129787600000012
5590992564	0.146068748800000009	0.154295964099999988
5590998564	0.150229377299999994	0.151730851999999999
5591004564	0.148500148100000007	0.154338163499999986
5591010564	0.150080390000000008	0.152136105599999988
5591016564	0.150025277900000004	0.151582720700000007
5591022564	0.147844629100000013	0.151107594699999986
5591028564	0.1474959666	0.153165726700000004
5591034564	0.151508447500000004	0.150327711499999989
5591040564	0.148051294100000008	0.150498834400000003
5591046564	0.152391260800000011	0.14912695849999999
5591052564	0.154591928200000006	0.148756792700000001
5591058564	0.151441612799999986	0.152698971600000011
5591064564	0.152745373500000003	0.151075405299999993
5591070564	0.151293077299999995	0.147268892499999998
5591076564	0.149913602199999996	0.147508417199999992
5591082564	0.150864966900000008	0.149139353700000005
5591088564	0.15610474869999999	0.148673862500000004
5591094564	0.153374181199999987	0.148825652899999994
5591100564	0.154236789499999999	0.142520266000000007
5591106564	0.154267741900000005	0.146827752300000003
5591112564	0.155465814199999997	0.146667694600000009
5591118564	0.156469769199999997	0.143882552599999991
5591124564	0.157546454800000013	0.145862524399999999
5591130564	0.157208788300000013	0.142783919799999992
5591136564	0.15978840720000001	0.141555549000000003
5591142564	0.156321793099999995	0.140097455700000012
5591148564	0.160664812299999987	0.142451854099999997
5591154564	0.156080018699999989	0.141181872200000003
5591160564	0.160953362300000014	0.141595931700000011
5591166564	0.163121535300000009	0.143518894600000002
5591172564	0.1584056046	0.140905773699999987
5591178564	0.160685656399999988	0.1388212006
5591184564	0.162041958000000014	0.14601114770000001
5591190564	0.164766657300000008	0.140302283700000002
5591196564	0.161322632999999993	0.142719097699999992
5591202564	0.160466603000000013	0.13809217439999999
5591208564	0.167756512699999999	0.138269415600000001
5591214564	0.163314780599999987	0.137880280999999993
5591220564	0.162994437299999989	0.138187443599999987
5591226564	0.166092701000000009	0.134174990500000008
5591232564	0.165852712000000013	0.131679350000000001
5591238564	0.166285083199999989	0.132177857499999996
5591244564	0.167698648199999995	0.129216388900000007
5591250564	0.171352995199999997	0.138750577300000011
5591256564	0.168924180600000001	0.130039744099999993
5591262564	0.168005092500000008	0.130772000299999996
5591268564	0.167654602099999994	0.131001699599999993
5591274564	0.168899800399999994	0.126672219199999991
5591280564	0.169011155200000013	0.1269279938
5591286564	0.165914142600000009	0.128237397800000014
5591292564	0.170135065800000013	0.130502153499999995
5591298564	0.167756092999999995	0.126716907299999987
5591304564	0.173608135599999991	0.126683041699999999
5591310564	0.173714983900000008	0.121939705600000003
5591316564	0.173232801999999991	0.125732023999999998
5591322564	0.168940415399999988	0.121171091199999997
5591328564	0.170916807899999995	0.123317893799999995
5591334564	0.175109585900000003	0.123727411900000001
5591340564	0.175501403100000009	0.120976795600000006
5591346564	0.170702310100000004	0.120132213599999996
5591352564	0.174713689100000014	0.120012388900000003
5591358564	0.1768812357	0.120981969199999997
5591364564	0.173594618899999997	0.119787979099999997
5591370564	0.177562428100000003	0.118105755100000001
5591376564	0.173046374400000008	0.115158966799999998
5591382564	0.176942781100000002	0.113365452399999997
5591388564	0.171147996999999996	0.117487121599999994
5591394564	0.175179378400000002	0.115111671200000001
5591400564	0.178218573999999991	0.112338992299999996
5591406564	0.174460895499999991	0.115309821199999996
5591412564	0.173935049799999991	0.112640396800000001
5591418564	0.175997274799999992	0.111592523400000004
5591424564	0.180050092200000011	0.110214143099999995
5591430564	0.177513202099999989	0.109378775900000003
5591436564	0.177880553899999988	0.105668095899999995
5591442564	0.182837035499999995	0.110594467099999996
5591448564	0.176679217999999999	0.104763832099999996
5591454564	0.178775846500000002	0.106386806099999995
5591460564	0.18091423840000001	0.105204628600000002
5591466564	0.180946342900000001	0.103080468300000005
5591472564	0.180498360200000013	0.103094896899999997
5591478564	0.182448640899999986	0.101721951099999999
5591484564	0.180937691499999997	0.102975540399999996
5591490564	0.182253672400000011	0.100748790300000002
5591496564	0.183493735699999994	0.100656523799999995
5591502564	0.1800717711	0.100175444899999994
5591508564	0.181353258699999992	0.0990409359999999961
5591514564	0.182981366000000006	0.0952452089999999973
5591520564	0.184947087300000007	0.0929633297999999941
5591526564	0.185648639799999987	0.0941034411999999987
5591532564	0.180672656399999992	0.0903137581999999967
5591538564	0.186594935500000003	0.0923815035999999978
5591544564	0.180742701199999994	0.0918091555999999975
5591550564	0.176421926199999995	0.089072642699999996
5591556564	0.183937693799999996	0.0901767051999999986
5591562564	0.183350998200000004	0.0905866064999999998
5591568564	0.181063980499999999	0.0873602230999999951
5591574564	0.180163855900000003	0.0867233148000000065
5591580564	0.182108278900000004	0.0852055543999999943
5591586564	0.181376307900000006	0.084528568200000001
5591592564	0.18196331469999999	0.0820137259000000007
5591598564	0.184955773399999995	0.0804909082000000026
5591604564	0.180586831400000009	0.0780340835000000038
5591610564	0.184047248800000007	0.0758517229999999959
5591616564	0.179543037200000005	0.0771918119000000041
5591622564	0.182518970400000008	0.073240812200000005
5591628564	0.182599399100000004	0.0728680560000000005
5591634564	0.182004550200000004	0.071978312099999997
5591640564	0.180068930200000005	0.0711119823000000012
5591646564	0.180839823600000005	0.0712070687000000008
5591652564	0.179816689499999988	0.0697000792999999952
5591658564	0.177878760699999999	0.0659598926000000002
5591664564	0.182392084799999993	0.0639767846000000029
5591670564	0.178909984699999997	0.0664772638000000055
5591676564	0.178658314499999998	0.0640564254999999999
5591682564	0.178898188200000002	0.0644265034000000014
5591688564	0.177902595400000002	0.0591358343000000022
5591694564	0.174674300799999987	0.0581742685000000009
5591700564	0.176841709699999988	0.0556864557999999996
5591706564	0.176632089500000006	0.0554334094000000013
5591712564	0.174400176099999998	0.055164389799999998
5591718564	0.173399415000000001	0.0516584066999999994
5591724564	0.174030361999999994	0.0522002214000000034
5591730564	0.171717760899999988	0.051185749099999997
5591736564	0.171931435900000013	0.0511068273999999989
5591742564	0.166766969099999995	0.0481214094000000023
5591748564	0.171346856500000005	0.0479053366000000008
5591754564	0.166301383599999991	0.0504062288000000011
5591760564	0.169335201200000007	0.0474946099999999996
5591766564	0.164761905900000005	0.0462385198000000025
5591772564	0.173521989600000009	0.0430449426999999982
5591778564	0.162758082500000012	0.0442239691000000032
5591784564	0.163374971600000002	0.0419109055999999994
5591790564	0.165359946600000002	0.0387350763999999986
5591796564	0.163464902400000001	0.038923366899999999
5591802564	0.167707624500000013	0.0391410988999999973
5591808564	0.162625648699999986	0.0345042592999999995
5591814564	0.161103769400000013	0.0377177444000000028
5591820564	0.159979860599999996	0.0325868704999999967
5591826564	0.156077479600000013	0.0398131805999999977
5591832564	0.153138747200000008	0.0309502317999999985
5591838564	0.15330669059999999	0.0318081340000000018
5591844564	0.1557450997	0.0355482013999999999
5591850564	0.152676142399999992	0.0322487118000000031
5591856564	0.15378162070000001	0.0329293026000000016
5591862564	0.152986167000000006	0.031707957299999999
5591868564	0.146488641499999989	0.0334563592000000007
5591874564	0.147789018299999991	0.029420097499999999
5591880564	0.144794968400000001	0.0298168972000000011
5591886564	0.145433234900000014	0.0322576497000000018
5591892564	0.138797309400000013	0.0259707276000000001
5591898564	0.142397573500000013	0.0284266711999999998
5591904564	0.141965029200000009	0.0272669357999999994
5591910564	0.137181925099999991	0.0277136844999999986
5591916564	0.137644923299999999	0.0280050574999999996
5591922564	0.134298322400000003	0.0256151925000000016
5591928564	0.13003697010000001	0.0286040332000000001
5591934564	0.130866642799999988	0.0291462634999999984
5591940564	0.133671643700000009	0.0251801175999999995
5591946564	0.131516352899999994	0.0260810624999999983
5591952564	0.129121117300000005	0.0264973771000000004
5591958564	0.129923088900000011	0.0262542148000000017
5591964564	0.124758177400000003	0.0259742048999999989
5591970564	0.125128433600000005	0.0272959190999999997
5591976564	0.124316931399999997	0.0264354185999999998
5591982564	0.118528944799999994	0.0260661169999999998
5591988564	0.120731562000000001	0.0272105631999999993
5591994564	0.121334389299999998	0.0300977345999999986
5592000564	0.117628483500000006	0.028519042599999999
5592006564	0.1191140438	0.0263339663000000009
5592012564	0.114501783999999995	0.0302890575999999988
5592018564	0.112977363499999997	0.0304894458000000007
5592024564	0.112715711699999999	0.0291884687000000011
5592030564	0.1097436361	0.0300482538000000007
5592036564	0.110777993500000005	0.031249825299999999
5592042564	0.1096609853	0.0299934525
5592048564	0.108378267400000006	0.0294094134999999986
5592054564	0.106971748699999994	0.0321373968000000024
5592060564	0.105310685500000001	0.0341412824000000004
5592066564	0.105797606299999999	0.0319216911999999978
5592072564	0.104767934199999996	0.0289684537000000006
5592078564	0.101513473500000007	0.0363489725
5592084564	0.102400412499999996	0.0367585154999999983
5592090564	0.0995744164999999987	0.0341851845000000001
5592096564	0.0979600169000000021	0.0366402949000000019
5592102564	0.0961170211000000052	0.0427951847999999968
5592108564	0.0945329399000000015	0.0371844813000000024
5592114564	0.0959756253000000059	0.042616274099999997
5592120564	0.0967687933999999972	0.039615603800000003
5592126564	0.0932716145000000024	0.0393406892000000008
5592132564	0.0970979901000000034	0.0425919969999999995
5592138564	0.095619032399999998	0.0402996122000000012
5592144564	0.093737885300000004	0.0445098028999999992
5592150564	0.0937594268000000036	0.0432704614000000015
5592156564	0.0915201741999999985	0.0401176067999999969
5592162564	0.0904239772000000053	0.0497016139999999981
5592168564	0.0921137444000000027	0.0473943016000000009
5592174564	0.0881618680000000043	0.045389601100000003
5592180564	0.0919548652999999938	0.0507358322999999986
5592186564	0.0901844737000000035	0.0498030323000000011
5592192564	0.0906113082999999986	0.0494286162999999987
5592198564	0.0852550910000000051	0.0514433726999999966
5592204564	0.0891210728000000063	0.0539516835
5592210564	0.0892422264999999937	0.0528173290000000031
5592216564	0.0917106865999999937	0.0568657986999999976
5592222564	0.0854771844000000031	0.0567488079000000034
5592228564	0.0852759497000000061	0.0558943237999999995
5592234564	0.0919168867000000056	0.0532011117999999991
5592240564	0.0878943605000000044	0.0571116847999999996
5592246564	0.0895248047999999963	0.0595638403999999982
5592252564	0.0831480390000000069	0.0596687522000000012
5592258564	0.0893492654999999969	0.0611528403999999984
5592264564	0.0828613371999999959	0.0576667827999999966
5592270564	0.0887888544000000057	0.0629152426999999986
5592276564	0.0925121624999999947	0.0645697189000000032
5592282564	0.0878017766000000061	0.0638503663000000027
5592288564	0.0864634687999999985	0.0642498937000000048
5592294564	0.0920584827999999938	0.0641070420999999974
5592300564	0.084678555099999997	0.0691796092000000057
5592306564	0.0853941487999999999	0.064934943600000003
5592312564	0.0882019448000000011	0.067248003099999995
5592318564	0.0845878845000000018	0.0687050418999999996
5592324564	0.0872795591000000009	0.0702447981999999999
5592330564	0.0859158104000000006	0.0713149029999999989
5592336564	0.0856058529000000012	0.0696777923999999937
5592342564	0.0877608893000000057	0.070305222700000003
5592348564	0.0900102017999999948	0.0716621140999999934
5592354564	0.0881853122999999989	0.0711452442999999934
5592360564	0.0888946386000000061	0.0695645889000000017
5592366564	0.0825235730000000028	0.0718807734999999948
5592372564	0.0878499456000000067	0.0724135655999999933
5592378564	0.0858794870999999987	0.0709067139999999957
5592384564	0.0897407434000000032	0.0752023061000000048
5592390564	0.0901742680999999963	0.0763449670999999941
5592396564	0.0899479069999999936	0.0745821643999999978
5592402564	0.0863055660999999946	0.0770992085000000021
5592408564	0.0881806750999999944	0.0742538796999999973
5592414564	0.0914758875000000055	0.0757080360000000063
5592420564	0.0884920431000000007	0.0759630346000000067
5592426564	0.0918283309000000048	0.0799328116999999949
5592432564	0.0857588584999999931	0.0807065775999999957
5592438564	0.0923716539000000031	0.0807720269000000018
5592444564	0.0876294766000000058	0.0798784715000000062
5592450564	0.0894715345999999995	0.0792779336000000029
5592456564	0.0887189211999999949	0.0814032516999999983
5592462564	0.0925994826999999993	0.0833192871999999946
5592468564	0.0950776633999999982	0.0814971414000000005
5592474564	0.0931924954999999999	0.0820588646999999977
5592480564	0.0975836501000000023	0.0842134959000000044
5592486564	0.0952221268999999954	0.083165203300000004
5592492564	0.0910750335999999938	0.0809498119000000016
5592498564	0.0926192933000000024	0.0830094841000000028
5592504564	0.0935096291999999996	0.0842302941000000055
5592510564	0.0932299300999999969	0.0834856026999999945
5592516564	0.097952029600000004	0.086228026200000002
5592522564	0.093694854300000005	0.0840344427000000033
5592528564	0.0965785051999999977	0.0861426624999999946
5592534564	0.0992919522999999998	0.0869771874000000028
5592540564	0.0939829853999999965	0.086870133799999999
5592546564	0.0959724287000000009	0.0886514521999999944
5592552564	0.0957254144000000001	0.0870537301999999985
5592558564	0.0975609295000000043	0.0880295955000000019
5592564564	0.100536079799999997	0.0863269623000000041
5592570564	0.0986533173999999957	0.0886762418999999941
5592576564	0.097375524300000002	0.0899732860999999939
5592582564	0.100042892999999994	0.0860686174000000054
5592588564	0.0974476902000000061	0.0913467317000000029
5592594564	0.102801437699999998	0.0869962561000000023
5592600564	0.0988238773999999959	0.0873817612000000049
5592606564	0.0988240346999999936	0.0904265402999999968
5592612564	0.100740486300000001	0.0920410703999999941
5592618564	0.0999874488000000033	0.0939852550000000037
5592624564	0.101142196200000006	0.089272335800000005
5592630564	0.105472044200000004	0.0885760653000000064
5592636564	0.103781652500000002	0.0886070152
5592642564	0.104260942400000001	0.0949882029999999933
5592648564	0.103142128799999996	0.0931981389999999993
5592654564	0.104278929199999995	0.0927724560000000031
5592660564	0.105048205000000006	0.0927167646000000012
5592666564	0.102337889299999998	0.0924400806000000019
5592672564	0.107204742300000003	0.091649513599999996
5592678564	0.102684790499999998	0.0927869880000000008
5592684564	0.103701040600000002	0.0935057735000000001
5592690564	0.108887559100000003	0.0908460060000000069
5592696564	0.109779193100000005	0.0931190848000000015
5592702564	0.111679604000000002	0.091981713100000001
5592708564	0.106768483400000003	0.0928799257000000045
5592714564	0.107215425000000003	0.0926591806000000018
5592720564	0.108567698200000007	0.095827142000000004
5592726564	0.107483341800000007	0.0943487747999999932
5592732564	0.111178980799999994	0.0916907923999999985
5592738564	0.108328266300000003	0.0958193073999999978
5592744564	0.109315368699999999	0.0895254966000000041
5592750564	0.113523319100000006	0.091889169100000001
5592756564	0.107726318200000004	0.0954451526999999939
5592762564	0.110390623399999999	0.0960563407000000063
5592768564	0.110430046700000006	0.0935403503999999997
5592774564	0.112710478500000003	0.0930050313999999934
5592780564	0.110248831500000005	0.0924471352000000024
5592786564	0.110783829599999994	0.0940002406000000068
5592792564	0.109965952800000002	0.0986611032000000027
5592798564	0.115918519600000006	0.0915578144000000066
5592804564	0.114647282599999997	0.0979886152000000038
5592810564	0.116651849500000002	0.0955651913000000047
5592816564	0.112312047100000006	0.0953588860999999982
5592822564	0.113073448600000001	0.0927550488999999978
5592828564	0.112892007099999997	0.0943988040000000028
5592834564	0.114506876600000002	0.0965617502000000044
5592840564	0.117479943099999998	0.0940568608000000028
5592846564	0.115521910000000005	0.0933864628999999946
5592852564	0.114471218	0.0977950189000000025
5592858564	0.119683732400000006	0.0938380612999999975
5592864564	0.121068382899999993	0.0966398551999999994
5592870564	0.114603977999999995	0.0947787736000000047
5592876564	0.1190630404	0.096419493600000003
5592882564	0.117026822599999997	0.096165659099999995
5592888564	0.115381301800000002	0.0949891102999999987
5592894564	0.120563532299999998	0.0949091388000000008
5592900564	0.118856150600000002	0.0961763149999999983
5592906564	0.118331778299999996	0.0950041699000000045
5592912564	0.124002136099999993	0.0967309628999999949
5592918564	0.122278835399999994	0.0962181871999999994
5592924564	0.118587641499999993	0.0959903354000000014
5592930564	0.121441065400000006	0.0968711153999999991
5592936564	0.126272106599999989	0.0952364200000000022
5592942564	0.121428143799999999	0.0932481753999999941
5592948564	0.120661661599999998	0.0955132241000000021
5592954564	0.1229438214	0.0969573866000000006
5592960564	0.124124246899999999	0.0969154552000000002
5592966564	0.126225400200000004	0.0956861524000000019
5592972564	0.121306500900000003	0.0964032063999999966
5592978564	0.123866970800000004	0.0930749020999999954
5592984564	0.124014538899999999	0.0967608895000000024
5592990564	0.124381764800000003	0.0990202498000000014
5592996564	0.12576344410000001	0.0976061884000000018
5593002564	0.125942319200000014	0.0934608465999999943
5593008564	0.125540726500000005	0.0937817090999999992
5593014564	0.129599079700000008	0.0939306230000000048
5593020564	0.123352613700000002	0.0936652176999999975
5593026564	0.130172381799999987	0.0936900749999999977
5593032564	0.128243698500000003	0.0941686052999999995
5593038564	0.1259923986	0.0958215639000000036
5593044564	0.125097237800000011	0.0960676186000000015
5593050564	0.125176034999999991	0.0939774064000000048
5593056564	0.128396749799999987	0.0937261073999999944
5593062564	0.130362134500000004	0.0902999931999999977
5593068564	0.131970827099999993	0.0936297544999999953
5593074564	0.130630567599999997	0.0918077900999999946
5593080564	0.127957220700000013	0.0974327366
5593086564	0.131017210500000009	0.0921911858000000056
5593092564	0.131283356200000006	0.0930565416000000006
5593098564	0.133237719000000004	0.0893999548000000005
5593104564	0.131331101199999994	0.0933429385
5593110564	0.134717383699999999	0.0922371941999999972
5593116564	0.132719783499999994	0.0936111381000000048
5593122564	0.134842620699999999	0.0905497118999999961
5593128564	0.130378853099999997	0.0934435623999999992
5593134564	0.130822797800000001	0.0930509486000000025
5593140564	0.127505085200000007	0.0915609225000000027
5593146564	0.132670062100000014	0.0906118754999999942
5593152564	0.127683933100000008	0.0914611587999999975
5593158564	0.132736626100000005	0.0943586014000000056
5593164564	0.133242415199999992	0.0921589589999999986
5593170564	0.134094600400000014	0.0912564227000000061
5593176564	0.132270996700000004	0.0902650269000000033
5593182564	0.134119868199999992	0.0927228108999999939
5593188564	0.136157844	0.0924151869999999959
5593194564	0.134133580199999991	0.0907778394000000044
5593200564	0.133870453199999989	0.0898857698999999954
5593206564	0.135874540099999996	0.0877944006999999971
5593212564	0.13797515090000001	0.0875047511999999944
5593218564	0.136536614899999992	0.0926399972999999988
5593224564	0.13644511740000001	0.0917272402999999986
5593230564	0.138143390000000005	0.094941343999999997
5593236564	0.135513034000000004	0.0920041669999999978
5593242564	0.138681538599999987	0.0921412333
5593248564	0.139956047100000008	0.0914243435999999993
5593254564	0.139587679299999989	0.0899371535000000055
5593260564	0.138083978400000001	0.0927351193000000018
5593266564	0.139512549300000011	0.0892190580000000039
5593272564	0.138429909800000001	0.0915593843000000046
5593278564	0.138764788599999994	0.0878660247000000033
5593284564	0.139416137999999995	0.0890903563000000065
5593290564	0.1422465594	0.0882038908000000038
5593296564	0.1419654796	0.0870921872999999985
5593302564	0.141126656999999989	0.0894109726999999938
5593308564	0.142054182400000006	0.0897230579999999944
5593314564	0.142794569399999988	0.0874523046000000026
5593320564	0.139133395699999995	0.0904908447999999976
5593326564	0.143191769100000005	0.0920720661000000024
5593332564	0.14322905829999999	0.0850381226999999962
5593338564	0.145243332800000013	0.0886955408000000001
5593344564	0.143205887700000006	0.0877908081000000062
5593350564	0.144655355600000007	0.0893864265000000047
5593356564	0.144510901899999988	0.0841616257000000062
5593362564	0.143448897699999994	0.0856571705999999988
5593368564	0.143314491799999999	0.0868102951000000039
5593374564	0.144896693800000004	0.0832570331999999969
5593380564	0.1430881923	0.0879337248000000016
5593386564	0.145070365300000004	0.0896970276000000066
5593392564	0.143530691500000002	0.0851444625999999982
5593398564	0.146552397000000001	0.0869486810999999943
5593404564	0.145669148400000004	0.0852288925999999947
5593410564	0.146972229399999987	0.0862950499999999981
5593416564	0.145938135299999994	0.0882391552999999967
5593422564	0.147122108599999996	0.085222712000000006
5593428564	0.148939591399999988	0.0857273561999999933
5593434564	0.145655485700000004	0.0845356191000000007
5593440564	0.144670567199999989	0.0845486493000000006
5593446564	0.147802716000000001	0.0879083702999999966
5593452564	0.146142829400000007	0.0825787869000000063
5593458564	0.148729145700000009	0.0835855776000000023
5593464564	0.152452160000000003	0.0824292986000000061
5593470564	0.147068924500000003	0.0860670218000000042
5593476564	0.149418197700000005	0.0858860255999999989
5593482564	0.146699982600000001	0.0838595948000000063
5593488564	0.147945921499999994	0.0830928863000000018
5593494564	0.150140369100000004	0.0843125074000000002
5593500564	0.153245381099999994	0.0835195435000000014
5593506564	0.14855993449999999	0.0844590697000000001
5593512564	0.152868804299999994	0.0796678081999999954
5593518564	0.152967424699999993	0.0865842621000000034
5593524564	0.151652223499999989	0.0850476416999999957
5593530564	0.154531214199999989	0.0793906672999999952
5593536564	0.151445736400000003	0.0837798996999999934
5593542564	0.150816301900000005	0.0814865743000000031
5593548564	0.152970016799999997	0.0820125181999999953
5593554564	0.155417823700000013	0.0817187781000000002
5593560564	0.152887553000000009	0.0789759834000000049
5593566564	0.150690623800000006	0.0801161011999999978
5593572564	0.157036128999999997	0.0825080143000000016
5593578564	0.155064948300000005	0.0800370225999999935
5593584564	0.152798306900000014	0.0800143969000000066
5593590564	0.15580284920000001	0.0793461983000000037
5593596564	0.153844286800000007	0.0807303607999999978
5593602564	0.154693722899999997	0.0806946340000000012
5593608564	0.152875471600000007	0.0809844643000000031
5593614564	0.154748511799999988	0.0788458357999999998
5593620564	0.156100053900000008	0.080915482299999994
5593626564	0.155784906400000006	0.0770870349000000038
5593632564	0.15893267350000001	0.0773556428999999934
5593638564	0.158256256600000006	0.0773216840000000016
5593644564	0.155082742500000009	0.0775525026000000034
5593650564	0.160214374699999995	0.0762503628999999933
5593656564	0.158175921400000002	0.0797251991000000049
5593662564	0.157305639100000005	0.0742263690000000004
5593668564	0.158633490799999999	0.0746820698999999949
5593674564	0.1567795565	0.0760370217999999931
5593680564	0.157402256399999996	0.0813797770000000004
5593686564	0.1542426992	0.0741706921999999991
5593692564	0.15663704610000001	0.0774424123999999936
5593698564	0.154207336899999992	0.0771154191999999933
5593704564	0.160430963399999987	0.0758249502000000047
5593710564	0.158341385400000007	0.0747651198000000017
5593716564	0.159453385800000014	0.0776751594999999934
5593722564	0.154047380099999992	0.0757921773999999937
5593728564	0.160711072099999991	0.0751151349999999995
5593734564	0.157727869999999992	0.0741778919999999953
5593740564	0.161795094599999995	0.0741483222000000053
5593746564	0.161025991600000001	0.0751307964999999994
5593752564	0.1600777756	0.0741828431000000066
5593758564	0.16063132690000001	0.0717219327000000045
5593764564	0.160597879299999996	0.0702874207000000056
5593770564	0.161029403900000007	0.0751488208999999963
5593776564	0.160708750900000003	0.0692227692000000061
5593782564	0.161181488399999989	0.0741977384000000045
5593788564	0.159608012800000004	0.0750074030000000003
5593794564	0.164247251900000002	0.070750141399999994
5593800564	0.1639302859	0.0750483368999999984
5593806564	0.163617706400000007	0.0672746047999999985
5593812564	0.158235549199999992	0.0711161540999999953
5593818564	0.162723664800000001	0.0721007845000000008
5593824564	0.163420646499999989	0.072574309399999995
5593830564	0.161219992300000003	0.0705535659999999981
5593836564	0.161386936799999992	0.0713538647000000054
5593842564	0.162759128100000011	0.0717813751000000028
5593848564	0.160518747299999986	0.0713215826999999969
5593854564	0.164659057500000011	0.0693472646999999942
5593860564	0.170047348099999995	0.0716806286000000042
5593866564	0.159863831499999998	0.0703937211000000007
5593872564	0.166886390500000009	0.0670669967000000061
5593878564	0.167847233600000006	0.0674577922999999996
5593884564	0.163735814400000013	0.0650584946000000025
5593890564	0.163088044099999996	0.0677503309000000026
5593896564	0.16787487370000001	0.0666667548999999998
5593902564	0.170471064300000003	0.0673897370999999995
5593908564	0.162634313599999997	0.065080123099999998
5593914564	0.162587635099999989	0.0685606517000000026
5593920564	0.167851772199999999	0.0675210519000000037
5593926564	0.16490575569999999	0.0647716026000000056
5593932564	0.165810682699999989	0.0684326866000000006
5593938564	0.168024732399999988	0.0672619983999999949
5593944564	0.169824418599999999	0.066638283699999995
5593950564	0.166861920899999988	0.0660347700000000065
5593956564	0.165521822900000004	0.0633508058000000068
5593962564	0.167501501299999994	0.0663455629000000019
5593968564	0.167010474599999986	0.0663027110999999947
5593974564	0.166367907799999992	0.0648913817999999948
5593980564	0.163872833400000001	0.0618786003999999973
5593986564	0.169091123900000001	0.0653230078999999936
5593992564	0.169648728800000009	0.0643301049999999985
5593998564	0.168527656800000009	0.0647621637
5594004564	0.166601764799999996	0.0636130559000000068
5594010564	0.17060712019999999	0.0632701776000000049
5594016564	0.166728339000000003	0.0632221225000000053
5594022564	0.171083838099999996	0.0654173973999999936
5594028564	0.166810792399999991	0.0587407172000000005
5594034564	0.170013214999999995	0.0639649791999999939
5594040564	0.166955775100000009	0.0633605225000000022
5594046564	0.1724599198	0.0597496880000000022
5594052564	0.169011188700000009	0.0587665538999999973
5594058564	0.171313639500000003	0.060504666399999997
5594064564	0.171348206499999989	0.0613336470999999994
5594070564	0.171002941800000002	0.057869259800000003
5594076564	0.170926435099999996	0.0618927641999999986
5594082564	0.167975015700000008	0.0608871782999999972
5594088564	0.171591238400000012	0.057286088899999997
5594094564	0.169686426400000007	0.0588451031999999985
5594100564	0.173135674299999986	0.0566345978999999999
5594106564	0.171955099199999989	0.059616859799999998
5594112564	0.172020759299999992	0.0610275133000000025
5594118564	0.173555432300000007	0.0544774425000000007
5594124564	0.1744969247	0.0572263973999999967
5594130564	0.168622018300000009	0.0591467011999999986
5594136564	0.171873871300000008	0.0587401478999999976
5594142564	0.171278645600000001	0.0586990554999999997
5594148564	0.172124143499999993	0.0555876963999999973
5594154564	0.172663622399999994	0.0570146373999999984
5594160564	0.169927003500000007	0.0581382770000000021
5594166564	0.174117903600000012	0.0582356591999999978
5594172564	0.1750098551	0.054494981900000003
5594178564	0.171847887799999988	0.0590327677000000023
5594184564	0.173992974299999992	0.0582360164
5594190564	0.173039619099999986	0.0534572998999999979
5594196564	0.175042210700000006	0.0552127165000000017
5594202564	0.177988782799999995	0.0545836537999999996
5594208564	0.172679149700000006	0.0555436895
5594214564	0.173458784100000013	0.0530244675999999998
5594220564	0.172333887699999994	0.0548808028000000031
5594226564	0.174624645500000009	0.0548068698999999993
5594232564	0.173657120400000003	0.0531595695999999979
5594238564	0.175952993499999988	0.0544988170999999993
5594244564	0.178183638100000014	0.054027368499999999
5594250564	0.177727980400000013	0.0525439260999999991
5594256564	0.174697556300000001	0.0476968426999999986
5594262564	0.1760452609	0.0531326453000000032
5594268564	0.176302790600000009	0.0525134927999999987
5594274564	0.176978152899999991	0.046171668300000003
5594280564	0.174661260499999998	0.0516149835000000029
5594286564	0.173611270900000003	0.0531317552999999998
5594292564	0.177333003200000006	0.0491925058000000012
5594298564	0.176259940300000001	0.0514495409000000001
5594304564	0.174812683400000002	0.0491357241
5594310564	0.17864923399999999	0.0485313070000000027
5594316564	0.173257707099999991	0.051021696200000001
5594322564	0.175632547700000002	0.047562873399999997
5594328564	0.178058003500000006	0.0481307922000000013
5594334564	0.179260885799999992	0.0482850515000000022
5594340564	0.177386255100000001	0.048826908799999999
5594346564	0.176784434200000007	0.0495599725000000005
5594352564	0.180065174500000008	0.0452675480999999991
5594358564	0.182375223199999992	0.048668840599999999
5594364564	0.177036670300000004	0.045179997999999999
5594370564	0.17685008499999999	0.0470425925000000009
5594376564	0.175515591999999998	0.0484138255000000003
5594382564	0.178640577100000003	0.0497036674999999997
5594388564	0.180755343900000004	0.0466405600999999989
5594394564	0.179811853699999996	0.0439392005999999988
5594400564	0.178694475699999994	0.0460976137999999994
5594406564	0.183164994599999992	0.0438878034000000014
5594412564	0.17959950890000001	0.0476033571000000003
5594418564	0.178673386699999992	0.0469058062999999983
5594424564	0.176095659399999993	0.0424942431000000023
5594430564	0.178064116299999992	0.0415046208999999972
5594436564	0.181250350300000002	0.0445641005000000021
5594442564	0.182462859799999988	0.0410525504999999999
5594448564	0.180954065599999991	0.0403759433000000015
5594454564	0.179099865699999999	0.0450340228999999981
5594460564	0.181309036400000012	0.0417455525999999993
5594466564	0.180038203499999994	0.0442749990999999968
5594472564	0.179746382099999991	0.0404352844000000003
5594478564	0.1800280306	0.0435983089000000004
5594484564	0.182398985000000013	0.04131021
5594490564	0.179271034200000012	0.0427136460000000009
5594496564	0.182085770499999994	0.0386987368000000012
5594502564	0.18391233500000001	0.0430504887000000003
5594508564	0.178382062899999999	0.0407890424999999973
5594514564	0.180704765500000003	0.0401163951000000005
5594520564	0.179405418099999991	0.0367472100999999968
5594526564	0.181759436100000005	0.0412128083000000006
5594532564	0.181805655300000008	0.0394507824000000021
5594538564	0.181162294400000007	0.040735982900000002
5594544564	0.180839946000000001	0.0382643199999999975
5594550564	0.177913966300000004	0.0383406484999999977
5594556564	0.18132183260000001	0.0379147535000000022
5594562564	0.181939748099999993	0.0351781259000000027
5594568564	0.181852514699999995	0.0366672749999999992
5594574564	0.18320073240000001	0.0417359017000000013
5594580564	0.179679339299999991	0.0352910375999999984
5594586564	0.183376774699999995	0.0351213828999999977
5594592564	0.180978170900000013	0.0385610524999999982
5594598564	0.180231370000000002	0.0344724165999999999
5594604564	0.185878670500000009	0.0377207001999999986
5594610564	0.184444732	0.0395863667000000002
5594616564	0.179085151599999992	0.0299912589999999993
5594622564	0.180167402700000007	0.0348459477999999989
5594628564	0.185683104799999998	0.0347784468000000013
5594634564	0.181899157199999995	0.0348956226000000022
5594640564	0.180900807299999994	0.0321517571999999988
5594646564	0.184644074200000008	0.0335471088000000028
5594652564	0.183032470400000008	0.0349094123999999992
5594658564	0.184540788000000011	0.0306794310000000001
5594664564	0.181781197499999991	0.0364062858000000003
5594670564	0.186069663299999993	0.0366779862999999998
5594676564	0.182589763399999994	0.0377641612000000002
5594682564	0.181849594199999992	0.032570429900000003
5594688564	0.182359207299999992	0.0276433932999999993
5594694564	0.181653700499999987	0.0297264289999999987
5594700564	0.186385502700000011	0.0310173621999999989
5594706564	0.184189069000000011	0.0325247265999999979
5594712564	0.186044603700000005	0.032948618300000003
5594718564	0.184117767399999993	0.0319229103999999972
5594724564	0.187177102399999989	0.0312905836999999992
5594730564	0.184143055700000002	0.0293962445000000017
5594736564	0.186035198799999996	0.0271339365000000006
5594742564	0.185347926100000004	0.0293962640999999997
5594748564	0.185718019200000001	0.0298295121000000003
5594754564	0.184458991399999994	0.0277997777000000001
5594760564	0.185862606000000014	0.0245104940000000007
5594766564	0.18403698730000001	0.0252155878999999992
5594772564	0.184591106199999994	0.0255401292000000009
5594778564	0.182958331499999988	0.0272981407999999988
5594784564	0.186711488399999986	0.0271483118000000016
5594790564	0.18705296560000001	0.0252233982000000002
5594796564	0.188344300299999989	0.0239549441000000002
5594802564	0.187935972199999995	0.0232490732999999991
5594808564	0.188930979100000007	0.0216722035000000007
5594814564	0.18427904140000001	0.0237880999999999995
5594820564	0.1880726962	0.0259043043000000001
5594826564	0.186562058700000005	0.0227312482000000017
5594832564	0.184907570399999999	0.0218906508000000014
5594838564	0.185278078900000004	0.0240578395999999986
5594844564	0.18716751479999999	0.0262681248000000006
5594850564	0.182128109600000004	0.0230083942000000007
5594856564	0.187172946000000007	0.0234271628000000016
5594862564	0.189481692099999988	0.0260144411999999985
5594868564	0.190147994099999995	0.0227636259000000007
5594874564	0.186506742000000003	0.0238673751999999989
5594880564	0.18547220989999999	0.0211044898999999987
5594886564	0.185371270000000005	0.0209004645000000003
5594892564	0.189506912899999991	0.0205123171
5594898564	0.1864248238	0.0246585115000000007
5594904564	0.183544449700000001	0.0181773331000000017
5594910564	0.185320885800000001	0.0247882616
5594916564	0.185163914099999993	0.01863012
5594922564	0.187720914300000014	0.0183111331000000016
5594928564	0.187079703399999991	0.0210237950999999992
5594934564	0.184373650599999994	0.0198698952999999991
5594940564	0.185443704300000012	0.0188474770000000014
5594946564	0.187066096099999996	0.021282383299999999
5594952564	0.189860596800000003	0.0195712047999999986
5594958564	0.188333959800000006	0.0187462561999999985
5594964564	0.186356062500000003	0.0194754666999999992
5594970564	0.189554612099999992	0.0192051321000000011
5594976564	0.184416780899999994	0.020216309200000001
5594982564	0.188226851800000011	0.0186757016999999984
5594988564	0.188003591199999986	0.0176752594999999985
5594994564	0.188117698500000013	0.0186751317
5595000564	0.187089759900000013	0.0171911803999999988
5595006564	0.185663425100000001	0.0207023824000000002
5595012564	0.187868525199999997	0.0152028856000000004
5595018564	0.187421068999999996	0.0139449616999999994
5595024564	0.188073035999999999	0.0183023291000000005
5595030564	0.19032887309999999	0.0170411869999999993
5595036564	0.186060856800000007	0.0118596506000000004
5595042564	0.187614179500000006	0.0144430501999999999
5595048564	0.192076458199999994	0.0156479815000000015
5595054564	0.188816100300000012	0.0129421649000000007
5595060564	0.189931727900000014	0.0132284171000000006
5595066564	0.188944683199999991	0.0123669335999999994
5595072564	0.185438818499999991	0.0133995856999999993
5595078564	0.188754294900000008	0.0130917525999999992
5595084564	0.188358442799999998	0.0108464176999999995
5595090564	0.188133549700000013	0.0108507055000000002
5595096564	0.189209058099999994	0.00973424789999999956
5595102564	0.190896328300000001	0.0125614740999999992
5595108564	0.184782954100000008	0.0122036230000000002
5595114564	0.190375476099999996	0.0115863387000000005
5595120564	0.187524272600000014	0.0106124728999999994
5595126564	0.189326590600000011	0.0131911840999999995
5595132564	0.189404947299999987	0.00931442640000000079
5595138564	0.1873533842	0.0101557771000000008
5595144564	0.191524771700000013	0.00858353149999999988
5595150564	0.188391762200000007	0.0115438821999999993
5595156564	0.187797232099999989	0.00774386849999999984
5595162564	0.192365264300000005	0.00900677499999999985
5595168564	0.188396218700000007	0.00477337959999999967
5595174564	0.190791892399999996	0.00924206179999999961
5595180564	0.190029868099999999	0.0135236452999999996
5595186564	0.192385026900000006	0.00422125690000000036
5595192564	0.189223506399999991	0.00551498280000000014
5595198564	0.18620399239999999	0.00605934679999999958
5595204564	0.192456456599999992	0.00865082810000000063
5595210564	0.189877342199999993	0.0066079381000000003
5595216564	0.189368852799999987	0.00556679700000000006
5595222564	0.189858925699999986	0.00537163250000000005
5595228564	0.185137739299999993	0.00683663050000000039
5595234564	0.190709962000000011	0.00558366030000000037
5595240564	0.192283852199999994	0.00578222220000000012
5595246564	0.192181152699999996	0.00569058050000000037
5595252564	0.190564983699999996	0.00334675550000000004
5595258564	0.187503671199999999	0.00234917590000000009
5595264564	0.193313171099999986	0.00163414880000000004
5595270564	0.190298671899999994	0.00299880860000000015
5595276564	0.192508610599999991	0.00418365900000000016
5595282564	0.188899138900000013	0.00119547480000000003
5595288564	0.189471984499999996	0.00471808209999999978
5595294564	0.194186581299999994	0.00757626480000000036
5595300564	0.195413132999999989	0.00286794679999999996
5595306564	0.188954609200000012	-0.000563111099999999963
5595312564	0.190544157699999994	-0.00222173290000000001
5595318564	0.192336314899999999	0.000237652499999999988
5595324564	0.191620897000000012	0.00329517969999999988
5595330564	0.188607352300000003	0.00135669640000000004
5595336564	0.191023764499999998	0.00489343940000000043
5595342564	0.188113030300000011	0.00135611280000000009
5595348564	0.190245886899999994	-0.0025666205000000001
5595354564	0.191384078099999994	0.000491679500000000028
5595360564	0.193694585700000005	5.3829599999999997e-05
5595366564	0.190997805999999992	-0.0013245151000000001
5595372564	0.189401670200000011	-0.0031282695000000001
5595378564	0.189383544399999992	-0.00417860390000000022
5595384564	0.190047939299999996	-0.00332641199999999995
5595390564	0.190106300300000003	-0.00196751359999999993
5595396564	0.187889625100000013	-0.000558096199999999964
5595402564	0.190308778099999992	-0.00766566810000000008
5595408564	0.194128044599999994	-0.00766985759999999975
5595414564	0.189552961299999989	-0.00628737920000000013
5595420564	0.188885968600000009	-0.0048514576999999998
5595426564	0.192020866799999995	-0.00280188360000000001
5595432564	0.192621534000000011	-0.00230715239999999995
5595438564	0.190873241299999996	-0.00342122879999999996
5595444564	0.190351635200000008	-0.00575368279999999982
5595450564	0.192666628700000009	-0.00677028600000000036
5595456564	0.188850081199999992	-0.00628492749999999979
5595462564	0.191556961899999989	-0.00497984740000000006
