# freq, I e Q
5759870630	-0.00102098849999999997	0.243096066299999997
5759873630	0.00255605820000000001	0.242563465899999997
5759876630	0.0011752074999999999	0.24237553810000001
5759879630	0.00129612179999999996	0.245385962900000004
5759882630	0.00427051159999999961	0.241086788699999999
5759885630	0.00414574699999999997	0.242470464100000005
5759888630	0.00198506560000000004	0.242769957300000006
5759891630	0.00358164929999999979	0.2472841489
5759894630	0.00213314479999999985	0.243029468400000004
5759897630	0.00322835540000000016	0.24623450890000001
5759900630	0.00452995200000000028	0.241878619399999994
5759903630	0.00303604029999999993	0.243159283599999998
5759906630	0.0037570333	0.243017818200000013
5759909630	0.00589670460000000021	0.24390954849999999
5759912630	0.00480642220000000037	0.2423368568
5759915630	0.0100114387999999995	0.240965194399999999
5759918630	0.00433345919999999964	0.244214317600000008
5759921630	0.00932137379999999939	0.243603915700000007
5759924630	0.00674240750000000034	0.243439363299999989
5759927630	0.00819884189999999999	0.243420567700000007
5759930630	0.0103736551000000003	0.243955443699999996
5759933630	0.00735895449999999975	0.239730241399999988
5759936630	0.00599622219999999991	0.248463416100000001
5759939630	0.00424433800000000028	0.245860533399999998
5759942630	0.0101775383000000004	0.242907065199999994
5759945630	0.00758056349999999997	0.244474131900000002
5759948630	0.00991857919999999949	0.246445244600000002
5759951630	0.00528687959999999974	0.246820569699999992
5759954630	0.0105434653000000007	0.242815439800000005
5759957630	0.00910460679999999974	0.2425966497
5759960630	0.0119214708000000003	0.243647290699999991
5759963630	0.00810383580000000048	0.241642215599999988
5759966630	0.0129873057	0.241442037800000009
5759969630	0.00961959689999999923	0.244324542700000008
5759972630	0.00993450849999999962	0.242816899100000011
5759975630	0.0103832866999999992	0.242901603800000004
5759978630	0.0104737440999999997	0.243046912000000004
5759981630	0.00742326639999999968	0.244488605500000011
5759984630	0.0141761681000000007	0.238617515199999991
5759987630	0.0101855834999999995	0.243507579400000007
5759990630	0.00935101929999999915	0.241748875400000007
5759993630	0.0114199694000000004	0.24229515430000001
5759996630	0.0125954696000000008	0.24355517069999999
5759999630	0.0133321116999999996	0.246351683500000002
5760002630	0.0106596063000000008	0.246515554599999992
5760005630	0.0117019681999999993	0.242827743600000007
5760008630	0.0134412457999999995	0.241720071399999986
5760011630	0.0156894235000000007	0.244503739500000011
5760014630	0.0164837305999999996	0.240875512300000011
5760017630	0.0154454590999999995	0.242363250700000005
5760020630	0.0136283891000000008	0.244867626700000007
5760023630	0.0145678848	0.2430445148
5760026630	0.0190486036999999997	0.244177926900000009
5760029630	0.0174208185000000008	0.244181111499999992
5760032630	0.0193154269000000017	0.244642767799999994
5760035630	0.0164105108	0.242053380300000009
5760038630	0.0167863427000000016	0.243618595900000012
5760041630	0.0189135334000000016	0.245889698699999992
5760044630	0.0182625440999999999	0.243011087200000003
5760047630	0.0184987624000000003	0.24055820180000001
5760050630	0.0194306485999999994	0.245488256200000005
5760053630	0.0175522101	0.241144691299999991
5760056630	0.0200823096000000006	0.245753641200000011
5760059630	0.0163527319000000004	0.240949338000000013
5760062630	0.0186714449999999983	0.243256153700000005
5760065630	0.0187667844	0.241942119000000011
5760068630	0.0164939456000000005	0.24342048799999999
5760071630	0.0216510645000000009	0.2437620972
5760074630	0.0218724889999999984	0.241357587499999998
5760077630	0.0222112565999999997	0.244351520099999997
5760080630	0.0208028568999999997	0.246046375099999992
5760083630	0.0215352436000000001	0.243674252899999999
5760086630	0.0228127442999999999	0.242811503499999998
5760089630	0.0242454877999999999	0.245193011999999988
5760092630	0.0228718574999999986	0.24301031179999999
5760095630	0.0255491241999999986	0.246508279200000013
5760098630	0.0213674834999999994	0.244155341599999992
5760101630	0.0280137311000000014	0.243565455200000003
5760104630	0.0245761170000000015	0.244385233499999993
5760107630	0.0216213693999999998	0.245674690000000001
5760110630	0.0240313363999999988	0.244200977499999999
5760113630	0.0243521426999999992	0.244979128800000001
5760116630	0.0243092199000000016	0.241998469800000005
5760119630	0.0217531982000000006	0.241049899600000006
5760122630	0.027821789999999999	0.247024978499999992
5760125630	0.0293427069999999991	0.243031478500000009
5760128630	0.0238266494000000002	0.241255135700000012
5760131630	0.0262653805000000011	0.242040162499999989
5760134630	0.0275178514000000013	0.241913358500000009
5760137630	0.0274524298999999986	0.243215693399999988
5760140630	0.028556975200000001	0.244361580299999992
5760143630	0.0281596151000000003	0.244921692699999999
5760146630	0.0303540010999999998	0.244407976400000004
5760149630	0.0303494028000000013	0.241466154300000013
5760152630	0.0279205993000000013	0.2463216617
5760155630	0.0354970216999999991	0.247658701499999995
5760158630	0.0263653650999999996	0.243115596999999989
5760161630	0.0289469192000000007	0.242248372200000006
5760164630	0.0296653883000000014	0.244199902800000007
5760167630	0.0290900852999999987	0.246097304200000006
5760170630	0.0301198134999999985	0.242919823899999998
5760173630	0.0282293610000000014	0.243425617399999988
5760176630	0.031544573200000002	0.242525131899999996
5760179630	0.0343237381000000008	0.245054801999999988
5760182630	0.0301813889999999994	0.244132736600000011
5760185630	0.0334821270000000004	0.245912783400000001
5760188630	0.0367918258999999984	0.245409192100000006
5760191630	0.0330951312000000025	0.246556976600000005
5760194630	0.0345019562999999974	0.243046361200000005
5760197630	0.0359519621999999997	0.246812770900000006
5760200630	0.0365658197000000018	0.243665879499999988
5760203630	0.0354639331999999988	0.247185994800000003
5760206630	0.0358366478999999974	0.245532137799999994
5760209630	0.0382353278000000033	0.246670479199999987
5760212630	0.0365777191000000029	0.244438657899999995
5760215630	0.0370190732999999966	0.247261233500000011
5760218630	0.0345901950999999985	0.247333702399999994
5760221630	0.037559434099999997	0.243851274300000004
5760224630	0.0384371925000000017	0.246314429899999993
5760227630	0.0372521266999999989	0.244342964400000001
5760230630	0.0375493857	0.244841195300000009
5760233630	0.0393604373000000021	0.242077493000000005
5760236630	0.0374739570000000022	0.247031573000000004
5760239630	0.0373430926999999968	0.244130237700000002
5760242630	0.0400340132999999973	0.241773527399999993
5760245630	0.0398558754999999987	0.246208183999999997
5760248630	0.0384060416000000029	0.243763279199999988
5760251630	0.0379744845999999969	0.241141726499999987
5760254630	0.040180296499999997	0.244203453200000004
5760257630	0.0404289157999999996	0.243535244399999989
5760260630	0.0411974316000000007	0.241019777699999993
5760263630	0.0410947606000000021	0.245137946699999998
5760266630	0.0425017646999999998	0.243662339499999991
5760269630	0.0459865200999999973	0.245707579199999998
5760272630	0.0438109988000000006	0.2441625714
5760275630	0.0431081433999999999	0.246970196599999997
5760278630	0.0434267308000000005	0.244042231500000012
5760281630	0.0444530970999999983	0.24535843060000001
5760284630	0.0454360102000000016	0.244814009100000007
5760287630	0.0444413116999999996	0.242746770199999989
5760290630	0.0495996364000000009	0.245995120499999997
5760293630	0.0494294696999999991	0.241256226500000004
5760296630	0.0464253743999999968	0.245275509100000011
5760299630	0.0450844109000000035	0.247749736400000004
5760302630	0.052011916200000001	0.239202736599999993
5760305630	0.0466748207000000012	0.2440388426
5760308630	0.0456073109999999976	0.244757953800000011
5760311630	0.0489019572999999999	0.243397860299999991
5760314630	0.0489876753999999998	0.244440288300000003
5760317630	0.0487476908	0.244430708299999994
5760320630	0.0503138399999999986	0.247598353900000012
5760323630	0.0495368938999999966	0.242863029199999997
5760326630	0.0519677144999999979	0.242309319800000006
5760329630	0.0474373085999999985	0.243078803600000004
5760332630	0.0542718577000000021	0.240347211700000007
5760335630	0.0516557533999999971	0.2417431263
5760338630	0.0519584441000000008	0.243070296800000002
5760341630	0.0528038591999999973	0.242543999900000001
5760344630	0.0544719992000000028	0.243601011199999995
5760347630	0.055609540300000003	0.238222414999999993
5760350630	0.0517302867999999971	0.244802591000000014
5760353630	0.0573417914000000015	0.238823263400000013
5760356630	0.057733799199999998	0.242031666799999989
5760359630	0.056018265400000003	0.244969282099999991
5760362630	0.0560713650999999993	0.24211745979999999
5760365630	0.0554542389000000011	0.246666297600000001
5760368630	0.0597907494000000025	0.243346631600000002
5760371630	0.0584680969000000023	0.238570122699999998
5760374630	0.0611560635000000033	0.243571449400000001
5760377630	0.0611691596000000018	0.243136705000000009
5760380630	0.0603843919000000007	0.240727225900000008
5760383630	0.0593788317000000024	0.245465403299999996
5760386630	0.0581845812000000018	0.242653975599999988
5760389630	0.0596714907999999974	0.241632230400000009
5760392630	0.0626710290000000031	0.239984798100000007
5760395630	0.0644897100000000056	0.24586522990000001
5760398630	0.0594398828000000032	0.244991599300000001
5760401630	0.0609250278000000034	0.243907970400000007
5760404630	0.0658618628999999983	0.243746756700000011
5760407630	0.0618636518999999968	0.243491312900000006
5760410630	0.0647780025999999953	0.241234326999999998
5760413630	0.0666027767000000048	0.241970011499999998
5760416630	0.0682045389999999946	0.24178285490000001
5760419630	0.0652655025999999971	0.240406595599999995
5760422630	0.0633371360000000022	0.242325259999999987
5760425630	0.0670527741000000038	0.241994553400000006
5760428630	0.0676343942999999975	0.242999098100000005
5760431630	0.0684743616999999999	0.242388799900000007
5760434630	0.0719072745000000069	0.241867499499999999
5760437630	0.0715234265000000008	0.240845450699999991
5760440630	0.0729378697999999992	0.241162021899999995
5760443630	0.074864319700000001	0.240555336600000003
5760446630	0.0736777566999999994	0.243139075099999991
5760449630	0.0742149978000000016	0.238778591300000009
5760452630	0.0739410734000000014	0.241474892899999988
5760455630	0.0755116071000000028	0.238148270999999995
5760458630	0.0752317881000000022	0.238919617700000003
5760461630	0.0742466561999999969	0.239040298099999993
5760464630	0.0758907582999999997	0.238231110299999993
5760467630	0.0776104591999999954	0.238285116399999997
5760470630	0.0802466156000000014	0.236075673099999994
5760473630	0.0831121300000000063	0.237287916399999993
5760476630	0.0752906415999999995	0.235793870099999997
5760479630	0.0813468269999999966	0.239641219300000013
5760482630	0.0804754119999999962	0.238800168099999988
5760485630	0.082876449899999996	0.237630154799999993
5760488630	0.0840411328999999957	0.237245165600000002
5760491630	0.0871526893999999969	0.239708537100000008
5760494630	0.0833257849999999994	0.238249145500000009
5760497630	0.0816456940000000048	0.235049651299999995
5760500630	0.0857425066999999985	0.240396219800000005
5760503630	0.0873219915999999957	0.235025702199999992
5760506630	0.0870646667999999957	0.238649935400000013
5760509630	0.0911004006000000061	0.233343980400000012
5760512630	0.0919043672000000034	0.239212950600000002
5760515630	0.0833709839999999952	0.23269686719999999
5760518630	0.0870793750999999949	0.236691214900000002
5760521630	0.0878472582999999946	0.236568126200000006
5760524630	0.0898709594000000056	0.238053605800000012
5760527630	0.0907694790999999945	0.23465206890000001
5760530630	0.091207555100000004	0.234417335300000002
5760533630	0.0912918679000000038	0.236773728999999988
5760536630	0.093351238000000003	0.234727494600000003
5760539630	0.0921942243000000022	0.23872958050000001
5760542630	0.091860981800000005	0.237179908699999997
5760545630	0.0945992732999999947	0.238601441400000003
5760548630	0.0896299160000000039	0.235349505300000011
5760551630	0.0932590794000000001	0.238056587300000011
5760554630	0.0975068887000000023	0.23368194610000001
5760557630	0.0948905002999999997	0.235133388599999993
5760560630	0.0951495834999999957	0.234606273300000001
5760563630	0.0991056129000000008	0.230848693999999993
5760566630	0.0995878543999999949	0.231528584700000012
5760569630	0.0994368298000000012	0.23678565800000001
5760572630	0.102319836299999994	0.230400100800000007
5760575630	0.0975288764000000058	0.23012717760000001
5760578630	0.0997245449999999978	0.230315428699999991
5760581630	0.102414418800000004	0.231502686499999999
5760584630	0.0987660194999999963	0.232280964499999992
5760587630	0.102568699599999993	0.229012061500000003
5760590630	0.107048020499999993	0.226531380599999999
5760593630	0.103363081699999998	0.230437853999999998
5760596630	0.105957327000000004	0.229970557900000011
5760599630	0.104977810099999999	0.2269315576
5760602630	0.103339401100000006	0.230197222300000004
5760605630	0.106265506199999998	0.227944820100000001
5760608630	0.108299876000000003	0.226055455699999991
5760611630	0.111918915899999999	0.226221147700000014
5760614630	0.110106683900000002	0.227367950399999991
5760617630	0.109684415600000001	0.22499235540000001
5760620630	0.110548193200000006	0.225147196699999996
5760623630	0.108468265600000002	0.223274830499999993
5760626630	0.113019957500000004	0.224944013100000006
5760629630	0.112716805700000006	0.222488924300000002
5760632630	0.110913174500000003	0.223267250299999997
5760635630	0.114009324800000006	0.222176114899999999
5760638630	0.111650318799999995	0.227469709399999998
5760641630	0.117003900399999999	0.225765325999999988
5760644630	0.114721444899999997	0.224594066300000006
5760647630	0.114842637400000003	0.220324013399999991
5760650630	0.116617599399999994	0.220304925600000007
5760653630	0.119781079499999998	0.21893667759999999
5760656630	0.118236227700000002	0.220663250799999988
5760659630	0.119783145999999993	0.218227591299999996
5760662630	0.1185012867	0.218885794299999992
5760665630	0.121823512600000003	0.217352448599999998
5760668630	0.117112928699999994	0.217808137000000013
5760671630	0.122017267499999998	0.217427981500000006
5760674630	0.122363512899999999	0.2143660342
5760677630	0.124239111400000005	0.219035018299999995
5760680630	0.122607063700000005	0.216798770899999993
5760683630	0.124737368700000004	0.216425824999999988
5760686630	0.124549722599999996	0.215738770599999991
5760689630	0.127899521999999988	0.211194672599999994
5760692630	0.127227701700000001	0.215022313699999995
5760695630	0.130880776899999995	0.212662517800000006
5760698630	0.129422037299999987	0.211326772699999998
5760701630	0.129625272799999997	0.212030477899999986
5760704630	0.128932783100000004	0.21036133709999999
5760707630	0.129287387499999989	0.212052615400000005
5760710630	0.130603390499999999	0.2086634869
5760713630	0.133570101100000005	0.206745941900000008
5760716630	0.130759173799999989	0.208524745000000011
5760719630	0.13390226890000001	0.2054116463
5760722630	0.130114492999999998	0.19961596949999999
5760725630	0.137872734299999994	0.206283281000000013
5760728630	0.136789116799999999	0.206655466799999993
5760731630	0.136779897099999992	0.202962007599999994
5760734630	0.136221206099999992	0.203702950900000013
5760737630	0.134342824700000002	0.202821347499999999
5760740630	0.136678429800000001	0.200792303700000008
5760743630	0.140476158699999992	0.203307614999999997
5760746630	0.137129260899999994	0.198915787300000008
5760749630	0.13884332499999999	0.195864784399999992
5760752630	0.139609605999999997	0.202238368700000004
5760755630	0.140541909800000003	0.200066794100000001
5760758630	0.142341471800000008	0.194778973699999997
5760761630	0.141361388300000002	0.199199555299999997
5760764630	0.145364178600000005	0.192384522100000011
5760767630	0.144530978000000004	0.192010642600000003
5760770630	0.1441094916	0.190763747499999997
5760773630	0.145408138999999992	0.190163882799999989
5760776630	0.145185532799999989	0.188443535200000012
5760779630	0.148556856999999987	0.190158163200000008
5760782630	0.148187346400000003	0.187552990700000005
5760785630	0.151552726700000001	0.187814567399999993
5760788630	0.146703313400000007	0.187444412300000002
5760791630	0.151625008300000003	0.182531265999999998
5760794630	0.146516003899999997	0.184184825299999994
5760797630	0.152444075300000009	0.180018800199999995
5760800630	0.152727921999999988	0.180643930000000008
5760803630	0.152256516400000014	0.18049068900000001
5760806630	0.151558618400000011	0.182402860500000014
5760809630	0.153065917299999993	0.180604879299999993
5760812630	0.154576259399999999	0.176431888000000009
5760815630	0.153596086500000006	0.174319601399999996
5760818630	0.152847403699999995	0.175746848000000011
5760821630	0.152889013200000007	0.169296271899999989
5760824630	0.157809445999999992	0.168507633200000007
5760827630	0.157511947699999988	0.168152568000000002
5760830630	0.1587856235	0.168735916799999996
5760833630	0.1591940258	0.163575992599999998
5760836630	0.15511129600000001	0.165675831200000012
5760839630	0.161609293399999993	0.167353900299999997
5760842630	0.159060112100000012	0.163151323099999995
5760845630	0.156747524299999996	0.158117799499999989
5760848630	0.159636295600000006	0.160207426300000011
5760851630	0.160374767599999996	0.1557609784
5760854630	0.162227773600000014	0.157582437200000008
5760857630	0.159009237599999992	0.153347151099999995
5760860630	0.158952081899999986	0.153755500299999986
5760863630	0.158222594100000002	0.150061928499999997
5760866630	0.158916156499999989	0.15324499720000001
5760869630	0.15914635760000001	0.149985514399999992
5760872630	0.158755040099999994	0.147681713599999986
5760875630	0.159290061399999988	0.143822986399999991
5760878630	0.163584103099999989	0.1440064187
5760881630	0.160727267499999993	0.1416427086
5760884630	0.162448023100000005	0.141207048299999999
5760887630	0.16392000579999999	0.14127264149999999
5760890630	0.1604278492	0.139810912499999995
5760893630	0.156322918100000013	0.136934174900000011
5760896630	0.157591090099999998	0.13591713359999999
5760899630	0.157956235400000006	0.13338859589999999
5760902630	0.161738628800000006	0.131240791899999987
5760905630	0.159235727800000004	0.128200529899999999
5760908630	0.161277647899999987	0.126024278299999987
5760911630	0.15782180039999999	0.125676584600000002
5760914630	0.159003626499999995	0.121593135500000005
5760917630	0.161150707199999993	0.1207009795
5760920630	0.152507320499999988	0.115686904399999999
5760923630	0.157316591099999986	0.118128628400000005
5760926630	0.159683966399999988	0.114879142000000004
5760929630	0.159446520199999997	0.117776112200000005
5760932630	0.153250999999999998	0.117100359500000001
5760935630	0.157076322299999988	0.112732438500000004
5760938630	0.157247432500000006	0.110310156399999998
5760941630	0.154822776599999989	0.110231651299999997
5760944630	0.152878835699999993	0.107120566200000003
5760947630	0.159281647199999987	0.105789697000000002
5760950630	0.153398595800000009	0.104263115200000006
5760953630	0.150416047100000005	0.102970629499999994
5760956630	0.14830442860000001	0.100074085199999996
5760959630	0.151229174299999991	0.0988691106999999986
5760962630	0.151431118400000009	0.097778529599999997
5760965630	0.148192015399999988	0.0957316485999999967
5760968630	0.148244772699999999	0.0977388537999999973
5760971630	0.146086423900000012	0.0934364299000000065
5760974630	0.144085932500000014	0.0912556513999999985
5760977630	0.147870727199999996	0.0915839977000000027
5760980630	0.144702877199999996	0.0903277288000000067
5760983630	0.141551643700000007	0.0885703248000000026
5760986630	0.140864466900000013	0.0894636986000000023
5760989630	0.139721883600000013	0.0840342897000000005
5760992630	0.137749501800000007	0.0836163159000000017
5760995630	0.137607509399999994	0.0821214591000000022
5760998630	0.13673579529999999	0.081101956899999994
5761001630	0.133010742099999996	0.0781821369000000044
5761004630	0.135560211699999988	0.0766863267000000015
5761007630	0.131469346500000001	0.0812792870000000056
5761010630	0.129205732500000003	0.0788520914000000045
5761013630	0.129823887500000013	0.0731852615000000012
5761016630	0.1276806781	0.0715491521999999935
5761019630	0.127755191699999993	0.0714220544999999984
5761022630	0.126425758199999988	0.0712435009000000063
5761025630	0.122801467600000005	0.0705468142999999964
5761028630	0.123401416700000002	0.0703702813999999982
5761031630	0.117660717100000006	0.0667195671000000018
5761034630	0.117750654600000004	0.0643194666999999942
5761037630	0.118038205300000004	0.0671236337000000044
5761040630	0.116802930999999999	0.0628869256999999987
5761043630	0.118422687700000001	0.0612034529999999979
5761046630	0.113446596600000005	0.062819733700000005
5761049630	0.109595136600000004	0.0620454974999999978
5761052630	0.110843602299999996	0.0618361653999999969
5761055630	0.107138822499999994	0.059736589100000001
5761058630	0.105365281199999994	0.0652020142999999996
5761061630	0.105616172999999994	0.0589771995000000007
5761064630	0.102526809100000005	0.0579569124999999991
5761067630	0.101564882300000006	0.0584150740999999987
5761070630	0.1021561369	0.0563949738999999992
5761073630	0.0952079349999999935	0.0564761377999999994
5761076630	0.0964062480999999943	0.0555400394999999991
5761079630	0.0945456357999999997	0.0558128431000000022
5761082630	0.092221196500000005	0.0551570745000000001
5761085630	0.0951099700999999964	0.0592597371000000012
5761088630	0.0918282039999999966	0.0520096381999999996
5761091630	0.0864165365999999963	0.0539604056999999984
5761094630	0.0870924410000000065	0.0569061519000000002
5761097630	0.081821315399999997	0.0544858194999999976
5761100630	0.0825071589999999966	0.0555087074999999971
5761103630	0.0781408313000000049	0.0561312162000000003
5761106630	0.0807496456000000029	0.0595399918999999986
5761109630	0.0758546608999999955	0.0556201206999999975
5761112630	0.0738699515000000029	0.0553627012999999973
5761115630	0.074407243900000003	0.0518040899999999971
5761118630	0.0722513827000000053	0.0539150971000000034
5761121630	0.0736752350000000056	0.0562907475000000018
5761124630	0.0706749052999999933	0.0545651877999999979
5761127630	0.0700855367000000062	0.0563451308999999984
5761130630	0.065358360800000001	0.0557079133000000018
5761133630	0.0630847075999999979	0.0554926033999999999
5761136630	0.0599324782	0.0555863949000000024
5761139630	0.0627241538999999959	0.0539061325000000022
5761142630	0.0583885702999999978	0.0575150513000000016
5761145630	0.0586279491	0.0598465213999999981
5761148630	0.0583576851000000008	0.0614099003000000004
5761151630	0.057389590800000001	0.058419701999999997
5761154630	0.0580138633999999973	0.0616562662999999983
5761157630	0.0558208335	0.0618522244999999971
5761160630	0.0541901928000000019	0.0605189091999999984
5761163630	0.0486582937000000007	0.0650518028000000026
5761166630	0.0494482358999999982	0.0622900519999999985
5761169630	0.0480611432000000033	0.0605923455999999999
5761172630	0.0467501719999999996	0.0591173229999999994
5761175630	0.0470608085000000023	0.0597553245999999996
5761178630	0.0462001670000000003	0.0626285099999999983
5761181630	0.041040697299999998	0.0656923668999999932
5761184630	0.0442417358000000011	0.0635877197999999977
5761187630	0.0408094005000000024	0.0649287013000000024
5761190630	0.0390280271000000012	0.0661797023999999984
5761193630	0.0381887621999999968	0.0653005254000000035
5761196630	0.036477298800000002	0.0683795125000000031
5761199630	0.0334637704000000022	0.0711406881999999963
5761202630	0.0354986215000000008	0.0672164710999999943
5761205630	0.0348612489000000025	0.0664342698000000009
5761208630	0.0336479938999999992	0.0669007766000000031
5761211630	0.0316528495999999979	0.0682957198999999959
5761214630	0.0296704560000000013	0.067946239399999997
5761217630	0.0292174231999999985	0.0721384838
5761220630	0.0296329606999999988	0.0743442155999999993
5761223630	0.0317590110999999981	0.0684184813999999947
5761226630	0.0281130006000000002	0.0733531797000000069
5761229630	0.0282219746000000014	0.0768019783999999983
5761232630	0.0249660673999999999	0.0754721826000000068
5761235630	0.0268456614999999996	0.0764527061999999979
5761238630	0.0231384778000000013	0.0782338936000000068
5761241630	0.0252233860999999983	0.0776640194000000061
5761244630	0.0206084006	0.0766522637000000007
5761247630	0.0249777896999999992	0.0826472476000000011
5761250630	0.0235544884000000003	0.0810100623999999991
5761253630	0.0217511012999999989	0.0826086724999999938
5761256630	0.0189618751000000009	0.0833376841000000035
5761259630	0.0222358253999999991	0.0837886332999999983
5761262630	0.0187165709	0.0824289507999999976
5761265630	0.0216333167999999999	0.0830356621999999989
5761268630	0.0161097678999999987	0.089213061499999996
5761271630	0.0191888818999999995	0.0859737988999999952
5761274630	0.0162377743999999984	0.0850917038000000014
5761277630	0.0167905619000000006	0.0873274049000000024
5761280630	0.0173293508999999984	0.0905458167000000036
5761283630	0.0120663240999999994	0.0901698350000000037
5761286630	0.0150833135000000007	0.0922641572999999965
5761289630	0.0153685360999999999	0.0916217678000000035
5761292630	0.0105884783000000007	0.0895339331000000044
5761295630	0.0163675973999999995	0.0955563551000000039
5761298630	0.0145457704999999993	0.0993220226999999983
5761301630	0.0140352461000000008	0.0971826400000000007
5761304630	0.0117161877999999997	0.0928544984999999934
5761307630	0.0143536322000000008	0.0980264435999999989
5761310630	0.00926776309999999964	0.0935991753999999981
5761313630	0.0148637519999999992	0.098956152399999997
5761316630	0.0128947782	0.0974991597000000043
5761319630	0.00843590439999999941	0.0988585651999999981
5761322630	0.00916949750000000015	0.0993197259000000027
5761325630	0.00890082680000000084	0.0940128907999999985
5761328630	0.0113705647999999999	0.101984742599999997
5761331630	0.00629742329999999958	0.103568125499999997
5761334630	0.0115601826999999994	0.101831620100000006
5761337630	0.00853362899999999917	0.106289702799999997
5761340630	0.00814355119999999981	0.108916062300000005
5761343630	0.00833838060000000048	0.105174013600000005
5761346630	0.00619061869999999997	0.106050155199999996
5761349630	0.00876303370000000061	0.106344231900000002
5761352630	0.00451417989999999998	0.108390624399999996
5761355630	0.00798619400000000028	0.110659395100000002
5761358630	0.00586316529999999971	0.109683448200000006
5761361630	0.00832893370000000084	0.109169056700000003
5761364630	0.00986495870000000073	0.111752953399999994
5761367630	0.00682948149999999983	0.111320198499999995
5761370630	0.00847156119999999992	0.110258466499999999
5761373630	0.00216052960000000021	0.114063075799999997
5761376630	0.0080677503000000008	0.111780970100000002
5761379630	0.00126895539999999992	0.112505090500000002
5761382630	0.00464080310000000024	0.112067872799999996
5761385630	0.00734543000000000001	0.115251036599999995
5761388630	0.00748997039999999958	0.113589071
5761391630	0.0049539505000000001	0.116891676099999994
5761394630	0.0075621789999999996	0.114912880999999995
5761397630	0.00755601399999999979	0.117366704299999999
5761400630	0.00835458109999999941	0.117158729000000003
5761403630	0.0091053677999999999	0.118653071900000004
5761406630	0.00567569739999999965	0.118661202199999996
5761409630	0.00559860229999999993	0.117110819300000002
5761412630	0.00371460159999999987	0.121609652100000007
5761415630	0.00446580539999999991	0.123929007199999996
5761418630	0.00235260830000000006	0.125014705000000004
5761421630	0.00759104859999999975	0.124954875899999998
5761424630	0.00737272589999999999	0.122125705799999998
5761427630	0.00737424499999999976	0.125452768599999986
5761430630	0.00917723969999999917	0.126239308900000013
5761433630	0.00751214030000000015	0.122912223200000004
5761436630	0.00978194649999999943	0.124964185899999997
5761439630	0.00432166730000000006	0.126225038300000009
5761442630	0.00472924029999999967	0.125607377200000009
5761445630	0.00276642529999999998	0.123839160200000006
5761448630	0.00976628080000000072	0.129115376599999998
5761451630	0.00822763380000000009	0.124462573100000001
5761454630	0.00484603289999999999	0.126066499299999996
5761457630	0.00945557839999999934	0.130113135600000013
5761460630	0.00392316980000000006	0.129174200999999989
5761463630	0.00766102829999999995	0.126514843799999999
5761466630	0.00345102780000000001	0.132095097900000014
5761469630	0.00672686119999999985	0.13336369910000001
5761472630	0.00556151949999999975	0.129412666199999998
5761475630	0.00530365069999999984	0.132382813099999996
5761478630	0.00739292129999999988	0.132348253999999999
5761481630	0.00968002500000000009	0.134893886800000001
5761484630	0.0047167559999999999	0.137256848699999989
5761487630	0.00822587869999999964	0.135074848100000006
5761490630	0.00858799170000000035	0.136084407500000004
5761493630	0.00516042109999999971	0.132357188099999995
5761496630	0.00865327270000000072	0.1376110059
5761499630	0.00799640849999999972	0.137997501800000005
5761502630	0.00783581380000000077	0.13483023890000001
5761505630	0.00864894880000000033	0.135943699499999987
5761508630	0.0109944324000000003	0.138902797200000011
5761511630	0.00897885919999999969	0.13990547980000001
5761514630	0.00771072930000000004	0.140028072599999998
5761517630	0.00842274659999999939	0.137584103200000002
5761520630	0.00834507559999999975	0.140078491899999991
5761523630	0.00921274639999999923	0.139267882300000007
5761526630	0.0122510811999999997	0.142010052800000008
5761529630	0.0101162748	0.140754155600000014
5761532630	0.0097299146000000003	0.140706900999999995
5761535630	0.0135499761999999992	0.142789804800000003
5761538630	0.00580361100000000019	0.143222713899999993
5761541630	0.00825036879999999952	0.140765880799999993
5761544630	0.0102990957000000001	0.1431127331
5761547630	0.0107161184000000003	0.143581413699999993
5761550630	0.0107666995000000008	0.146642508899999996
5761553630	0.0107168055000000009	0.142992813200000013
5761556630	0.00672455899999999974	0.143909741899999999
5761559630	0.00722571710000000002	0.146609749399999989
5761562630	0.0100867694000000008	0.143451199299999999
5761565630	0.0119081580999999999	0.147087546300000011
5761568630	0.0138930197999999998	0.146705912399999999
5761571630	0.00837515380000000004	0.145930350699999989
5761574630	0.0133683298000000002	0.146189981599999991
5761577630	0.0104660442999999995	0.149935452599999991
5761580630	0.0157946254999999994	0.145335692900000008
5761583630	0.00823132239999999939	0.146634902000000011
5761586630	0.0127785768000000001	0.148086251800000013
5761589630	0.0126326279000000003	0.149632375799999995
5761592630	0.0137371084999999993	0.151297885100000001
5761595630	0.00969922739999999964	0.146651713200000006
5761598630	0.0128384274999999992	0.150309559300000006
5761601630	0.0158726468000000009	0.15040714220000001
5761604630	0.0157579686999999996	0.154730927399999996
5761607630	0.0109034679999999995	0.152016862700000005
5761610630	0.0132502120000000008	0.147450880099999987
5761613630	0.0135453858000000003	0.149847329499999987
5761616630	0.0154856326999999998	0.14712772369999999
5761619630	0.0164679913999999997	0.14989527259999999
5761622630	0.0138479255999999998	0.152858319999999992
5761625630	0.0165983585000000003	0.154416363400000006
5761628630	0.0146860627000000004	0.152533727099999988
5761631630	0.0202687978999999997	0.150929147300000011
5761634630	0.0163849969999999984	0.153855244199999991
5761637630	0.015960428799999999	0.154824218799999996
5761640630	0.0204168186999999987	0.154623616200000008
5761643630	0.0152305818999999999	0.153145881799999994
5761646630	0.0186570346999999984	0.149639833400000005
5761649630	0.0173087648000000011	0.157118275000000002
5761652630	0.0172879018000000016	0.154128135500000013
5761655630	0.0159112234999999984	0.153927870599999989
5761658630	0.0174848174000000016	0.154225656799999999
5761661630	0.018537725599999999	0.15580949790000001
5761664630	0.0202690132000000016	0.15836125370000001
5761667630	0.0170667437000000012	0.15605221150000001
5761670630	0.015643876000000001	0.155829388699999988
5761673630	0.0180242647000000006	0.159153356400000001
5761676630	0.0207234133000000001	0.153718012200000004
5761679630	0.0205111205999999983	0.155311075699999995
5761682630	0.0188484902000000017	0.157452908400000008
5761685630	0.0195187868	0.159176522900000006
5761688630	0.0198919886000000004	0.159078837499999987
5761691630	0.0183339175999999993	0.15932017779999999
5761694630	0.0206844293000000012	0.157446303900000001
5761697630	0.0162886534999999999	0.159354693999999991
5761700630	0.0176982975000000015	0.159656034000000002
5761703630	0.0207450763000000017	0.157685806699999986
5761706630	0.0185485508999999986	0.159127322500000001
5761709630	0.0204215989000000007	0.158619251399999994
5761712630	0.0242473136000000006	0.160097468599999987
5761715630	0.0208003609999999999	0.161277170500000011
5761718630	0.022182288599999999	0.159165957299999994
5761721630	0.0211091392999999995	0.156706649199999992
5761724630	0.0218857047000000013	0.15872777669999999
5761727630	0.0205590665999999984	0.158653646499999995
5761730630	0.0201459642999999994	0.160378681800000006
5761733630	0.0233882540999999985	0.158407712899999997
5761736630	0.0253040416999999983	0.160690959699999997
5761739630	0.0232251392999999993	0.161524921799999999
5761742630	0.0267044071999999987	0.160358244399999988
5761745630	0.023959727699999999	0.15983372500000001
5761748630	0.023423098199999999	0.163382001199999988
5761751630	0.0238144157000000009	0.161591658299999996
5761754630	0.021797083200000001	0.163879819199999999
5761757630	0.0244187021999999997	0.162042130400000012
5761760630	0.0262737874999999996	0.157397253300000012
5761763630	0.0261397486999999998	0.161767950299999991
5761766630	0.0264780636999999985	0.163671828399999997
5761769630	0.0241945320999999991	0.164025044099999989
5761772630	0.0230268518000000012	0.163964497099999995
5761775630	0.0269138982000000013	0.168368042800000006
5761778630	0.0268236736000000003	0.163622728999999995
5761781630	0.0262910044999999995	0.161481686000000013
5761784630	0.0254611024000000012	0.166182741599999989
5761787630	0.0265477175999999995	0.162759364200000006
5761790630	0.0264512847000000009	0.166201043800000003
5761793630	0.0278054470000000005	0.166032053600000007
5761796630	0.0265339555000000012	0.165501893799999994
5761799630	0.0250300484999999989	0.167184696999999993
5761802630	0.0269990815000000009	0.165529201399999992
5761805630	0.0273664176000000016	0.168449339199999992
5761808630	0.0271903489999999991	0.168378730799999987
5761811630	0.0276314135000000002	0.16429725240000001
5761814630	0.0262377658	0.167504959399999986
5761817630	0.0270368669000000013	0.170048057599999997
5761820630	0.0284204134999999983	0.167531833999999991
5761823630	0.0263782878999999984	0.166198641199999997
5761826630	0.0302835496999999988	0.1648300771
5761829630	0.0303250410999999984	0.168357674099999993
5761832630	0.0308020742000000014	0.169264125399999993
5761835630	0.0294747019000000006	0.165240203199999991
5761838630	0.0338643595000000033	0.167396300400000003
5761841630	0.0301511435999999994	0.165368143800000006
5761844630	0.0275228466000000012	0.168726942099999999
5761847630	0.0338901631999999967	0.166414501500000006
5761850630	0.0323903638999999965	0.166035571599999987
5761853630	0.0339237670000000005	0.16943262910000001
5761856630	0.0293236152	0.171763423800000009
5761859630	0.0339093490999999997	0.167175733699999995
5761862630	0.0310579162999999984	0.169944832900000009
5761865630	0.0332821483000000015	0.171564447600000003
5761868630	0.0327833651999999975	0.165231855700000013
5761871630	0.0337598176999999999	0.170556364399999993
5761874630	0.0344120733999999998	0.168428108999999993
5761877630	0.032021015899999998	0.167145820299999998
5761880630	0.0340742425999999987	0.169508263299999989
5761883630	0.0375646072999999969	0.173113734600000013
5761886630	0.0312297435000000005	0.167340636699999989
5761889630	0.0305203531999999993	0.16954571839999999
5761892630	0.0331950602000000011	0.168044858399999997
5761895630	0.0331168860999999995	0.169969509399999996
5761898630	0.0352278647	0.169416800099999987
5761901630	0.0358334328000000021	0.168105135300000014
5761904630	0.0337920956000000022	0.169257715599999997
5761907630	0.0377271063000000004	0.172157810200000011
5761910630	0.0350768476999999967	0.170875888799999986
5761913630	0.0334573281999999972	0.170709552300000011
5761916630	0.0339231243999999973	0.171516982000000012
5761919630	0.033096982300000001	0.170980457899999994
5761922630	0.0367123066000000012	0.170739135799999997
5761925630	0.0379286382000000033	0.169660924399999996
5761928630	0.0370327967999999966	0.172265051499999988
5761931630	0.0410917630999999978	0.170195943500000002
5761934630	0.0352235190000000017	0.17195948459999999
5761937630	0.036830258099999999	0.17362616580000001
5761940630	0.0366443301999999985	0.168976087999999997
5761943630	0.037049103600000001	0.178066363000000005
5761946630	0.0392533278000000013	0.169150459800000014
5761949630	0.0397246087999999983	0.174286088300000003
5761952630	0.0411785153000000029	0.171101721099999993
5761955630	0.0382334735999999981	0.169917109000000011
5761958630	0.0412390615000000002	0.173098155000000004
5761961630	0.0361106777000000032	0.174419429900000006
5761964630	0.0412763593000000026	0.17249050090000001
5761967630	0.0394363657999999978	0.169051708800000006
5761970630	0.036271877299999998	0.168904605399999991
5761973630	0.0387351493000000005	0.174894388099999992
5761976630	0.0400808771999999966	0.170412436499999986
5761979630	0.0407141971000000019	0.178382341500000013
5761982630	0.0418954412000000012	0.172708809200000007
5761985630	0.0419189173999999984	0.17329185829999999
5761988630	0.0400855010000000025	0.174781598099999991
5761991630	0.0409324866999999995	0.174042164299999996
5761994630	0.0433996176000000025	0.173438867299999994
5761997630	0.045659035700000003	0.17297594899999999
5762000630	0.0437675891999999983	0.173857288599999993
5762003630	0.040776345399999997	0.173932698899999988
5762006630	0.0428134122999999991	0.175224165500000001
5762009630	0.0402317302000000029	0.170063960799999997
5762012630	0.040345671700000002	0.176097337999999992
5762015630	0.0441564227999999975	0.171506525500000007
5762018630	0.0442635674000000021	0.173427342499999998
5762021630	0.0454138346000000012	0.173769338400000001
5762024630	0.0416932169999999977	0.176003583999999991
5762027630	0.0418742334000000022	0.172327595899999991
5762030630	0.0451956321000000008	0.174201887100000008
5762033630	0.0444099096999999998	0.175127757699999997
5762036630	0.0448150694999999988	0.174409450399999999
5762039630	0.0457717036999999993	0.17445177340000001
5762042630	0.0470200414999999983	0.175326493999999999
5762045630	0.0466125460999999991	0.17390475729999999
5762048630	0.0445901510000000015	0.175992103900000002
5762051630	0.0476654517	0.175518118400000006
5762054630	0.0493646593000000022	0.172983894299999996
5762057630	0.0430796390999999973	0.174512248499999995
5762060630	0.0477392494000000028	0.170987088499999995
5762063630	0.0484503322000000014	0.17448264220000001
5762066630	0.0488907879999999975	0.172583886500000006
5762069630	0.0472069968999999992	0.173093241300000006
5762072630	0.0478768919999999973	0.1726536548
5762075630	0.0451068157999999983	0.1733365459
5762078630	0.0482905802999999967	0.175059797399999995
5762081630	0.0449786744000000016	0.177812296300000006
5762084630	0.0488482247999999994	0.17604096520000001
5762087630	0.0493475125000000028	0.174542193799999995
5762090630	0.0511209647000000003	0.177461631399999986
5762093630	0.0496324045999999991	0.178951243600000004
5762096630	0.0461726278999999989	0.172581048300000012
5762099630	0.0514359807000000016	0.17529018460000001
5762102630	0.0473063339999999985	0.173173058600000013
5762105630	0.0485736765000000029	0.175871895400000006
5762108630	0.0494100854999999992	0.173508220399999996
5762111630	0.0500339574999999967	0.179672028900000003
5762114630	0.0528572174999999977	0.178539254400000014
5762117630	0.0517283907000000015	0.171223835800000002
5762120630	0.0493018849999999967	0.176794091900000006
5762123630	0.049109949299999997	0.173599660099999997
5762126630	0.0515290996000000029	0.175078245800000004
5762129630	0.0517217740999999995	0.177095842799999986
5762132630	0.0532206502999999984	0.174430720900000003
5762135630	0.0546801395000000023	0.177426347200000001
5762138630	0.0488010534999999968	0.177585354700000003
5762141630	0.0543579573000000024	0.177167085700000004
5762144630	0.0517109617999999965	0.175473490700000012
5762147630	0.0516403959999999981	0.176215025500000011
5762150630	0.054348419299999999	0.174265573700000009
5762153630	0.0501621531999999967	0.175596649800000004
5762156630	0.0552763911999999968	0.172004982400000006
5762159630	0.0539644236999999999	0.176555271200000002
5762162630	0.0545647201999999998	0.172533824000000002
5762165630	0.0535605851999999966	0.176558184499999993
5762168630	0.0582584957000000028	0.174025663899999988
5762171630	0.0547813377000000018	0.177929313000000006
5762174630	0.0528038601999999968	0.175748550100000012
5762177630	0.053278801399999999	0.179130073400000006
5762180630	0.0558187418000000019	0.177730186000000012
5762183630	0.0527665947000000024	0.174855181199999987
5762186630	0.0526690688000000032	0.180648290500000003
5762189630	0.0544965349999999987	0.177617405400000011
5762192630	0.0570470533999999987	0.175651886300000004
5762195630	0.0564087934999999985	0.179842216599999993
5762198630	0.051180510999999998	0.176318949499999988
5762201630	0.056312147899999998	0.175671257400000003
5762204630	0.0557375293999999993	0.175521431000000006
5762207630	0.0553286455000000024	0.176516822299999987
5762210630	0.0580963011999999987	0.174875287299999987
5762213630	0.0630385356000000008	0.176793294500000003
5762216630	0.0567180102000000019	0.177172204100000008
5762219630	0.0557117903000000012	0.179902301699999989
5762222630	0.0586554306999999969	0.177331299899999989
5762225630	0.0596139581000000029	0.175075668900000009
5762228630	0.0545243717999999988	0.176582736099999998
5762231630	0.0587959789999999982	0.1770111506
5762234630	0.0586886983000000015	0.177327975100000007
5762237630	0.0594512026000000027	0.182764910100000011
5762240630	0.0590239318999999998	0.177578613699999999
5762243630	0.0585896403000000024	0.177586989000000001
5762246630	0.059061230800000003	0.174478846399999998
5762249630	0.0550674484999999977	0.177546668099999999
5762252630	0.0579105571000000027	0.175161926800000006
5762255630	0.0577776374999999995	0.177706011599999991
5762258630	0.0612683591000000027	0.177490183100000004
5762261630	0.0611158751000000014	0.176637358599999988
5762264630	0.0610867549999999995	0.17696057979999999
5762267630	0.0628387402000000067	0.178099784300000008
5762270630	0.0586750948000000008	0.17272078669999999
5762273630	0.0576429883999999976	0.176254412500000013
5762276630	0.0625372899999999954	0.17760905669999999
5762279630	0.0625963818999999977	0.176967008300000006
5762282630	0.0622254000000000002	0.176167757600000002
5762285630	0.0625597360999999991	0.176778410899999988
5762288630	0.0642731980000000036	0.178050846499999998
5762291630	0.0626673356999999931	0.172300016899999991
5762294630	0.0610973170999999995	0.181047226400000011
5762297630	0.0625357968000000014	0.173743905400000009
5762300630	0.0654428603000000025	0.1750759073
5762303630	0.0609072171000000009	0.178665786100000001
5762306630	0.0645789729999999979	0.177477388600000008
5762309630	0.0643327164999999979	0.176243970199999989
5762312630	0.0637768994999999977	0.1748827825
5762315630	0.0590078403999999973	0.180140508300000002
5762318630	0.0624550217000000019	0.1796233421
5762321630	0.0635612972000000054	0.177306468599999989
5762324630	0.0635452930000000027	0.179346341999999992
5762327630	0.0621632578999999977	0.178176716699999987
5762330630	0.0611664665000000024	0.174635630900000005
5762333630	0.065977963099999995	0.176488735000000008
5762336630	0.064996563199999996	0.174315365500000014
5762339630	0.0620493473000000018	0.180042506600000013
5762342630	0.0676261905000000024	0.179919052999999995
5762345630	0.0670252793000000041	0.174814513499999991
5762348630	0.0652735088999999991	0.177229394699999987
5762351630	0.0658424880000000046	0.180645123500000004
5762354630	0.0643413654000000029	0.179388117799999997
5762357630	0.0655089036999999957	0.176235438599999988
5762360630	0.0641350480999999945	0.17781550069999999
5762363630	0.0683318477000000035	0.176641240199999994
5762366630	0.0676354908000000032	0.176796100099999992
5762369630	0.0689445669000000039	0.176489059400000009
5762372630	0.0685372550999999997	0.177410288599999993
5762375630	0.0704383227000000001	0.179707347999999989
5762378630	0.0651238504999999968	0.176766299200000004
5762381630	0.0651952930000000014	0.175946659400000011
5762384630	0.0694304592000000026	0.176754922000000009
5762387630	0.0676193612999999999	0.176841700600000012
5762390630	0.0700254034999999997	0.18005557559999999
5762393630	0.0693808083999999936	0.17547436050000001
5762396630	0.0673485476000000027	0.174860504299999997
5762399630	0.0695793526999999995	0.175311577699999999
5762402630	0.0712033953999999941	0.179507496699999991
5762405630	0.0706300936999999934	0.17477845219999999
5762408630	0.0685383083999999976	0.175847319899999993
5762411630	0.0671305395999999971	0.177301609999999998
5762414630	0.0693203252000000048	0.176941680299999987
5762417630	0.0700585665999999968	0.175842028000000011
5762420630	0.0708488792000000062	0.176548033699999996
5762423630	0.072272380799999994	0.179279625199999987
5762426630	0.0681672175999999963	0.177720801699999986
5762429630	0.0678795516000000043	0.178979571400000009
5762432630	0.0714462738999999958	0.17655023110000001
5762435630	0.0715778935999999977	0.176866376399999997
5762438630	0.0719183307999999993	0.176866374999999992
5762441630	0.0696397207000000046	0.17754554480000001
5762444630	0.0701986228999999934	0.174543469199999995
5762447630	0.0725143657999999941	0.173549756100000008
5762450630	0.0719044716000000056	0.178896579500000014
5762453630	0.0725271544999999962	0.179303007099999995
5762456630	0.0692139330000000053	0.177903922999999992
5762459630	0.0680887475000000048	0.178317960199999986
5762462630	0.0721694721000000067	0.173608655299999998
5762465630	0.0759115949999999984	0.178422709600000007
5762468630	0.0748269842000000018	0.179146979099999992
5762471630	0.0751429965999999977	0.177945053200000008
5762474630	0.0738299384000000031	0.177200999100000006
5762477630	0.0732978434000000068	0.175427338099999997
5762480630	0.0756790744000000043	0.179867990899999997
5762483630	0.0741910246000000023	0.176253790100000002
5762486630	0.0744261145999999957	0.1781933973
5762489630	0.0717318650000000058	0.176338881400000008
5762492630	0.0749496198000000058	0.17791833239999999
5762495630	0.0765861761000000002	0.176609394400000008
5762498630	0.0789001547999999969	0.175399247700000011
5762501630	0.0730772927999999988	0.179690535799999995
5762504630	0.0761085318999999982	0.177765112400000008
5762507630	0.0738928898000000001	0.176596033900000005
5762510630	0.0742936748000000008	0.173951437300000011
5762513630	0.0752742410000000056	0.175817522899999995
5762516630	0.0759413661999999989	0.174642683100000001
5762519630	0.0791422588999999982	0.17406131159999999
5762522630	0.0782914121999999935	0.174536258899999991
5762525630	0.0731512943999999971	0.176320982200000004
5762528630	0.0749259552999999995	0.178413017899999998
5762531630	0.0797567985000000035	0.175859508800000008
5762534630	0.0783863228000000051	0.177440308399999996
5762537630	0.0762446132000000054	0.177807511000000001
5762540630	0.0771395856000000046	0.17677386249999999
5762543630	0.0756092262000000043	0.176923761200000002
5762546630	0.0814508114000000033	0.176413963099999987
5762549630	0.0777828041999999997	0.176141563800000012
5762552630	0.080497709700000003	0.177248539000000011
5762555630	0.0744424132000000016	0.174933213799999987
5762558630	0.0782623085000000024	0.176021665800000005
5762561630	0.0825379081000000014	0.178661046099999998
5762564630	0.0763048840000000034	0.176197879599999996
5762567630	0.078490329999999997	0.17574125069999999
5762570630	0.0807911857000000039	0.175798083900000013
5762573630	0.0832365208000000051	0.176587697399999993
5762576630	0.0777730496000000049	0.177671823499999992
5762579630	0.0802809171000000016	0.1778095388
5762582630	0.0815313990000000044	0.173462766900000009
5762585630	0.0822695474999999982	0.177289756699999995
5762588630	0.0798744041999999987	0.175100344600000013
5762591630	0.0815320006000000014	0.176320465199999998
5762594630	0.0809111376000000021	0.1753897029
5762597630	0.0822587741999999955	0.177235799700000002
5762600630	0.0797380428000000058	0.176362307100000004
5762603630	0.084020691999999994	0.177303764100000011
5762606630	0.0842562708000000049	0.17304390380000001
5762609630	0.0857752605000000057	0.174308313900000011
5762612630	0.0853803122000000025	0.176804316299999986
5762615630	0.0778344039999999959	0.174482485999999992
5762618630	0.0790379613999999953	0.177298637399999987
5762621630	0.0794749364000000014	0.175724446799999989
5762624630	0.0850169937000000014	0.179141874799999989
5762627630	0.0802746651000000033	0.174545656100000002
5762630630	0.0850289176000000035	0.179905489800000012
5762633630	0.0795862677000000046	0.175931638899999992
5762636630	0.0796990768999999988	0.175187569300000012
5762639630	0.0864496632999999931	0.174199406899999992
5762642630	0.0861937014999999973	0.176608333700000009
5762645630	0.085542346800000002	0.176742004499999994
5762648630	0.0848093760000000058	0.172952613300000002
5762651630	0.0832149617000000064	0.177188933200000009
5762654630	0.0838521581000000044	0.179228062500000007
5762657630	0.0838392505000000038	0.174779129100000014
5762660630	0.086176410600000003	0.176216177000000002
5762663630	0.083671798399999997	0.173861836699999994
5762666630	0.0834592358000000034	0.175365813399999987
5762669630	0.0828570763999999932	0.175934616300000013
5762672630	0.0862582726999999994	0.17279305989999999
5762675630	0.088371669299999997	0.1748325986
5762678630	0.0835134319999999986	0.173937530099999987
5762681630	0.0851644061000000063	0.174444498000000003
5762684630	0.0891937461999999931	0.173678865900000007
5762687630	0.0850066958000000039	0.175251755600000003
5762690630	0.0825900821000000035	0.17237595750000001
5762693630	0.0853831810000000024	0.175060161299999989
5762696630	0.087142604999999998	0.17661455379999999
5762699630	0.0861184361000000009	0.172228674400000004
5762702630	0.0881924902000000011	0.173973967199999996
5762705630	0.0886529286	0.172391431499999997
5762708630	0.0874996943999999943	0.169678503600000002
5762711630	0.0824341096999999939	0.171417089599999989
5762714630	0.0875978312000000037	0.175573642599999996
5762717630	0.0862757923999999954	0.173003638900000006
5762720630	0.0867318412000000066	0.174265656200000008
5762723630	0.0869229977999999986	0.174146185399999986
5762726630	0.0914645288999999945	0.173641331199999999
5762729630	0.0891579772999999964	0.1729265844
5762732630	0.088512515900000005	0.173025476099999992
5762735630	0.0892405933999999984	0.17467098889999999
5762738630	0.0880764604000000007	0.176139400400000007
5762741630	0.088619626600000001	0.175457168999999996
5762744630	0.089975650500000004	0.174940450500000011
5762747630	0.0915498118000000055	0.172139594199999996
5762750630	0.088986815900000002	0.174815221200000009
5762753630	0.0922629160000000004	0.174316853100000002
5762756630	0.0930634357999999967	0.1733410279
5762759630	0.0904343343000000022	0.171729778500000013
5762762630	0.0908813408999999961	0.173235742400000003
5762765630	0.090606780900000003	0.173664120700000008
5762768630	0.087152592299999998	0.170437162199999992
5762771630	0.0942230282999999974	0.174883596499999988
5762774630	0.0945518453000000064	0.170288035100000013
5762777630	0.0925425510000000007	0.172954015399999994
5762780630	0.0914816662000000058	0.174911742799999992
5762783630	0.0897102984999999936	0.170686408399999989
5762786630	0.0914551948999999947	0.171671581699999992
5762789630	0.0906388028000000012	0.171254491300000006
5762792630	0.0947700283999999976	0.174950461599999996
5762795630	0.0919112700999999976	0.171983596099999997
5762798630	0.0917522863999999938	0.171649329399999995
5762801630	0.0926756212000000024	0.171291599900000008
5762804630	0.0934808178999999989	0.174867618800000013
5762807630	0.0913562480999999954	0.172108486199999994
5762810630	0.0948678136999999977	0.172186168700000003
5762813630	0.0918117861000000007	0.171748308799999999
5762816630	0.0930586342000000039	0.174894268299999989
5762819630	0.0966625227000000031	0.175130086299999987
5762822630	0.0920346452999999953	0.178267454399999997
5762825630	0.096020674200000003	0.173146020399999989
5762828630	0.0944279231000000052	0.16863786959999999
5762831630	0.0970643489999999942	0.170907876799999997
5762834630	0.0912906089000000004	0.169982508000000004
5762837630	0.0965174369000000032	0.17351230740000001
5762840630	0.0968091014	0.172767655699999995
5762843630	0.0955315288999999956	0.168767605799999998
5762846630	0.0942521478000000051	0.172519687899999996
5762849630	0.0945504206000000041	0.17257170690000001
5762852630	0.0962747251999999942	0.167907312700000005
5762855630	0.0959743073000000058	0.173442776399999998
5762858630	0.0938614014999999968	0.169236135199999999
5762861630	0.0971987009999999985	0.170838708199999995
5762864630	0.0943487851999999932	0.168620504300000001
5762867630	0.0944663763000000017	0.170463142900000003
5762870630	0.0962503388000000015	0.172286390900000003
