# freq, I e Q
5621874363	0.2120266918	-0.184123803700000005
5621879363	0.212989005499999995	-0.182401328599999996
5621884363	0.210114189600000001	-0.181458891399999989
5621889363	0.210832979599999998	-0.184148699700000001
5621894363	0.2076835239	-0.182526563800000013
5621899363	0.21266311060000001	-0.184446825300000006
5621904363	0.20916925959999999	-0.184360342799999993
5621909363	0.211028160399999998	-0.185423311600000001
5621914363	0.212499375500000004	-0.184775268599999987
5621919363	0.208851036800000001	-0.185025208100000005
5621924363	0.209673308000000003	-0.184251578299999996
5621929363	0.210173519800000014	-0.183349316900000003
5621934363	0.209985646500000012	-0.185359790999999996
5621939363	0.209471002200000006	-0.187965080700000009
5621944363	0.210681418300000006	-0.18582203189999999
5621949363	0.211712052300000009	-0.18844053429999999
5621954363	0.208173447000000011	-0.189109783799999986
5621959363	0.207628837900000002	-0.183335588900000013
5621964363	0.207153628899999998	-0.192057136699999992
5621969363	0.204401533999999996	-0.190767197599999994
5621974363	0.206374281599999987	-0.186540133100000005
5621979363	0.20498384859999999	-0.187180891200000005
5621984363	0.204685614500000002	-0.191269869399999987
5621989363	0.203184434200000014	-0.190366513099999995
5621994363	0.207499978700000004	-0.191833026200000006
5621999363	0.203567566300000002	-0.193616437199999991
5622004363	0.205256627400000002	-0.191807179299999991
5622009363	0.207449948800000006	-0.19142481389999999
5622014363	0.206087060399999994	-0.1911942378
5622019363	0.20541838879999999	-0.193691822900000005
5622024363	0.199492475000000002	-0.193251212000000006
5622029363	0.202112610599999992	-0.194770635500000011
5622034363	0.201255690200000004	-0.194691403099999993
5622039363	0.201812805000000012	-0.192052888499999991
5622044363	0.199214949000000002	-0.194770915699999991
5622049363	0.200457413400000006	-0.195315520100000001
5622054363	0.198058824500000008	-0.193673028800000008
5622059363	0.195510245700000002	-0.195037617400000002
5622064363	0.198804958300000001	-0.192589375899999998
5622069363	0.199841256500000009	-0.195699463600000012
5622074363	0.197398968000000008	-0.193892986699999992
5622079363	0.202449498000000006	-0.195427939500000009
5622084363	0.202386339400000004	-0.194065794000000014
5622089363	0.1978875524	-0.195999835499999997
5622094363	0.19575090240000001	-0.196785297500000012
5622099363	0.199747253000000013	-0.196205771800000012
5622104363	0.195873646499999998	-0.198281593400000011
5622109363	0.200837590300000007	-0.196155307800000012
5622114363	0.198652419400000002	-0.198324117999999994
5622119363	0.194318215200000005	-0.196288726400000002
5622124363	0.195744811500000004	-0.197464569600000001
5622129363	0.194910833700000008	-0.200246802700000004
5622134363	0.194552272599999992	-0.19649139739999999
5622139363	0.19384926999999999	-0.197909071399999997
5622144363	0.195739829100000012	-0.199723980500000009
5622149363	0.197378823499999995	-0.200548005000000001
5622154363	0.193746790899999993	-0.198813694699999988
5622159363	0.191650475200000003	-0.203616166099999996
5622164363	0.194255181500000013	-0.199331982099999999
5622169363	0.192144821999999993	-0.202790188300000007
5622174363	0.192310065000000002	-0.200232151299999994
5622179363	0.1931381338	-0.203022530099999987
5622184363	0.188467950699999998	-0.202524841499999997
5622189363	0.190889536500000012	-0.202649747699999994
5622194363	0.190116675900000004	-0.202634205699999986
5622199363	0.192567193100000006	-0.203638532099999991
5622204363	0.190948223400000006	-0.204216740899999999
5622209363	0.190263044500000006	-0.206000148299999991
5622214363	0.189277060699999999	-0.206448741099999999
5622219363	0.189147348100000001	-0.204718909199999993
5622224363	0.188127766299999999	-0.207477410299999998
5622229363	0.188174245600000012	-0.206830164799999994
5622234363	0.188423880799999999	-0.205047744700000006
5622239363	0.188594701000000003	-0.209755562000000007
5622244363	0.184835257499999989	-0.205976242199999993
5622249363	0.187596607100000007	-0.208263883300000008
5622254363	0.186163292600000002	-0.206036804399999995
5622259363	0.183662791699999994	-0.208717534600000004
5622264363	0.187939526899999987	-0.207650746500000011
5622269363	0.187983092600000012	-0.21083756079999999
5622274363	0.181916841699999998	-0.21173331849999999
5622279363	0.182662425299999986	-0.206653515799999993
5622284363	0.184642382299999991	-0.209382993900000008
5622289363	0.182149882200000002	-0.212240915800000013
5622294363	0.185438447199999995	-0.210393328399999996
5622299363	0.183463308200000008	-0.207981266199999987
5622304363	0.179931635099999987	-0.209114911300000011
5622309363	0.185418562799999992	-0.21167743189999999
5622314363	0.179455453200000004	-0.211833115900000007
5622319363	0.184702943400000014	-0.213913694999999987
5622324363	0.182619641599999993	-0.214640748200000009
5622329363	0.178411608100000008	-0.212662183700000007
5622334363	0.177523661100000008	-0.213407893099999996
5622339363	0.178567107400000008	-0.214604288599999998
5622344363	0.178245760400000008	-0.210585070799999996
5622349363	0.17854034399999999	-0.217662754900000005
5622354363	0.177475090400000007	-0.215231313199999996
5622359363	0.177929556500000002	-0.21595180650000001
5622364363	0.177775486099999991	-0.217253551999999989
5622369363	0.178028820100000013	-0.217056623000000004
5622374363	0.176709782300000007	-0.217837263499999989
5622379363	0.176958775499999998	-0.2176024872
5622384363	0.178122768999999986	-0.214858018099999992
5622389363	0.176626776799999996	-0.217332403000000007
5622394363	0.174919280900000002	-0.214866781899999998
5622399363	0.175923259199999987	-0.219586495599999987
5622404363	0.177088289499999996	-0.217812637000000003
5622409363	0.174991307900000004	-0.216470220200000008
5622414363	0.173932993499999994	-0.219037772200000008
5622419363	0.173496699599999998	-0.219643473000000006
5622424363	0.173603769399999996	-0.221074666499999989
5622429363	0.175188877900000012	-0.222255703700000001
5622434363	0.169858453599999987	-0.220970078900000005
5622439363	0.17328206639999999	-0.220670314400000012
5622444363	0.171010265599999989	-0.221524462799999988
5622449363	0.171745299600000012	-0.219631904099999997
5622454363	0.174532132799999989	-0.219289343100000006
5622459363	0.169148119900000005	-0.221946024900000011
5622464363	0.168653828000000006	-0.222295820799999988
5622469363	0.168596109100000002	-0.221798144499999988
5622474363	0.171756033400000008	-0.222942166899999988
5622479363	0.164997860200000013	-0.22108963470000001
5622484363	0.168873480100000001	-0.226046674000000003
5622489363	0.16842683650000001	-0.222718686199999988
5622494363	0.166501031800000004	-0.224227124899999991
5622499363	0.165809868299999996	-0.221980295299999991
5622504363	0.168550985600000008	-0.225475115599999998
5622509363	0.163847340000000008	-0.225161590500000008
5622514363	0.161199118599999996	-0.224691183699999991
5622519363	0.162006926800000006	-0.226154221500000002
5622524363	0.164256379499999994	-0.224591717200000013
5622529363	0.161015196400000005	-0.227085178400000004
5622534363	0.163367575600000009	-0.224985043699999998
5622539363	0.158596369200000004	-0.226237736100000003
5622544363	0.161305293200000005	-0.227183162500000008
5622549363	0.162048443600000008	-0.225672923800000008
5622554363	0.161255740199999997	-0.226268425500000009
5622559363	0.161560285599999992	-0.228335356099999998
5622564363	0.157552547099999996	-0.227310576600000008
5622569363	0.164447802300000001	-0.227099601600000006
5622574363	0.159929515599999988	-0.228308389499999986
5622579363	0.157106058599999987	-0.228557215199999997
5622584363	0.154613687199999988	-0.230072083499999996
5622589363	0.158725131699999994	-0.231824384599999989
5622594363	0.156679840399999992	-0.232318921600000006
5622599363	0.155669014100000003	-0.23013113839999999
5622604363	0.156934320999999988	-0.227521165800000008
5622609363	0.155242535200000004	-0.23306958350000001
5622614363	0.156279992899999998	-0.231945328499999992
5622619363	0.154050854200000004	-0.229356076999999992
5622624363	0.154750980199999999	-0.231016469700000004
5622629363	0.151463302699999997	-0.231405557300000009
5622634363	0.154983847300000005	-0.231163181400000001
5622639363	0.151676669200000003	-0.240619311599999997
5622644363	0.151407634000000013	-0.233548987200000002
5622649363	0.151677898300000003	-0.23462038260000001
5622654363	0.148591895000000002	-0.233971019400000008
5622659363	0.150145087399999988	-0.233907980900000007
5622664363	0.148253326200000007	-0.234429477899999988
5622669363	0.150499083899999997	-0.23554961860000001
5622674363	0.152597980500000008	-0.236347503600000008
5622679363	0.146684608599999988	-0.239665942399999998
5622684363	0.149160827500000009	-0.23432495049999999
5622689363	0.142362789299999987	-0.236039914399999995
5622694363	0.145048851700000009	-0.238793643400000005
5622699363	0.146836947999999995	-0.238623255300000003
5622704363	0.148939628099999999	-0.2364304552
5622709363	0.142550069000000001	-0.234043151300000002
5622714363	0.140940203399999991	-0.237150530700000001
5622719363	0.142604144900000007	-0.235743275700000005
5622724363	0.143131253000000014	-0.238338582999999993
5622729363	0.143264373800000011	-0.237910719500000006
5622734363	0.141864021600000001	-0.238526986299999993
5622739363	0.142859402400000002	-0.23865441409999999
5622744363	0.145459988799999995	-0.237077629499999998
5622749363	0.143857584399999988	-0.238161166899999999
5622754363	0.138805091200000008	-0.237696476200000006
5622759363	0.137373025799999993	-0.2418840555
5622764363	0.138535162900000008	-0.238424522800000011
5622769363	0.137389957000000007	-0.238771629000000013
5622774363	0.135368262200000006	-0.242272726800000004
5622779363	0.138515122099999999	-0.242081639900000006
5622784363	0.136392337400000008	-0.242468506199999989
5622789363	0.13537299920000001	-0.240136107099999996
5622794363	0.133999770099999999	-0.241104186400000003
5622799363	0.134456852900000007	-0.242410228899999997
5622804363	0.133748346399999996	-0.241492124700000005
5622809363	0.129424130400000004	-0.240158827600000013
5622814363	0.134395459200000011	-0.241040179500000007
5622819363	0.134633997400000011	-0.242184008000000006
5622824363	0.130294575400000001	-0.242325245299999992
5622829363	0.13420199490000001	-0.242985141999999987
5622834363	0.131879414899999992	-0.245498609899999998
5622839363	0.132834979200000008	-0.243562428199999986
5622844363	0.125831477599999991	-0.242569147699999987
5622849363	0.126603337600000004	-0.243958238399999999
5622854363	0.126905810499999994	-0.24527589050000001
5622859363	0.122522765300000003	-0.243035669199999999
5622864363	0.127728560200000008	-0.245483342500000007
5622869363	0.1240145619	-0.244154249800000001
5622874363	0.123364063699999998	-0.243417554600000002
5622879363	0.122111242699999997	-0.245827613100000009
5622884363	0.120822898100000006	-0.243881503999999999
5622889363	0.122217028199999994	-0.244341852100000007
5622894363	0.124784972399999999	-0.247147785700000011
5622899363	0.122713350200000001	-0.241640374999999991
5622904363	0.119057437000000002	-0.246155123700000006
5622909363	0.118396154399999995	-0.249270877700000004
5622914363	0.118682371800000006	-0.245868549200000008
5622919363	0.114122845900000006	-0.248096101499999999
5622924363	0.120389419799999994	-0.245855770599999995
5622929363	0.113488615799999998	-0.246266265200000001
5622934363	0.116740157999999997	-0.245711647300000002
5622939363	0.117782424299999994	-0.248217581200000009
5622944363	0.113621270600000004	-0.249764527099999994
5622949363	0.1146273602	-0.248154791399999991
5622954363	0.111565698899999996	-0.250543363000000019
5622959363	0.111124493599999999	-0.249324805199999999
5622964363	0.112509887700000005	-0.251302139599999974
5622969363	0.111185575100000003	-0.24659908450000001
5622974363	0.109927088500000006	-0.248818481899999999
5622979363	0.107799238699999994	-0.247165230200000002
5622984363	0.107449836600000001	-0.254737460099999979
5622989363	0.106956829000000003	-0.247803551099999991
5622994363	0.104965805300000006	-0.248898576799999993
5622999363	0.104879946500000001	-0.252868512300000015
5623004363	0.107630088700000001	-0.249161678999999997
5623009363	0.109369664399999997	-0.248781654200000008
5623014363	0.103722473999999995	-0.251498893999999973
5623019363	0.103028202400000005	-0.251884877200000024
5623024363	0.101252280599999994	-0.250679491899999995
5623029363	0.102043576100000005	-0.25305252960000002
5623034363	0.100919070299999997	-0.25251473390000001
5623039363	0.1003394123	-0.25260031719999998
5623044363	0.0989095428999999943	-0.248166579700000001
5623049363	0.0962104674999999937	-0.250723841900000022
5623054363	0.0982047739999999947	-0.250914042700000006
5623059363	0.0971036286999999998	-0.250907687699999993
5623064363	0.0971599424000000045	-0.254436303600000024
5623069363	0.0960544158000000009	-0.254541354399999975
5623074363	0.0936858210000000025	-0.251207137199999986
5623079363	0.0950300106000000061	-0.250594158199999972
5623084363	0.0963598263000000066	-0.250974110299999997
5623089363	0.0908878822000000058	-0.247945344499999998
5623094363	0.0915912537999999943	-0.254418373699999978
5623099363	0.0926930611999999959	-0.250281845700000005
5623104363	0.0947397596000000008	-0.253037170600000028
5623109363	0.091821079599999994	-0.25059692779999998
5623114363	0.0880899309999999963	-0.250078876900000024
5623119363	0.0849608136999999985	-0.252896410199999977
5623124363	0.0831486146999999981	-0.252185685499999979
5623129363	0.089645601500000005	-0.251654930100000007
5623134363	0.0850386439999999966	-0.255901310699999995
5623139363	0.0835737784000000067	-0.251192476300000023
5623144363	0.0833663159999999959	-0.25508535910000002
5623149363	0.0819013776999999998	-0.251306031799999996
5623154363	0.079409998999999995	-0.250817384500000018
5623159363	0.0794299834999999954	-0.252592343300000022
5623164363	0.0795979089999999945	-0.251672255499999997
5623169363	0.0792059402999999995	-0.251363005299999998
5623174363	0.0766085479999999985	-0.251599218800000024
5623179363	0.0755511553000000058	-0.253406323300000014
5623184363	0.0734438402999999934	-0.256632763799999997
5623189363	0.0739891882999999945	-0.250045833599999989
5623194363	0.0725919876000000047	-0.249228641400000006
5623199363	0.0712737036000000018	-0.251315941799999998
5623204363	0.0718579396999999981	-0.248013170499999991
5623209363	0.0705817871000000013	-0.249865086200000003
5623214363	0.0725080815000000017	-0.247863437399999997
5623219363	0.0688591429999999977	-0.255012124999999978
5623224363	0.0658153719000000026	-0.248490727599999989
5623229363	0.067653488100000006	-0.248114799999999996
5623234363	0.067158768399999999	-0.250507959700000005
5623239363	0.0659103132000000008	-0.251284306199999974
5623244363	0.0618807763999999969	-0.249659251199999987
5623249363	0.0629355882000000033	-0.249283951000000004
5623254363	0.0620814319999999989	-0.250124490899999996
5623259363	0.0636398762999999951	-0.246323005900000003
5623264363	0.0586354481000000011	-0.249890121100000001
5623269363	0.0596450482000000018	-0.2489170047
5623274363	0.0596471719999999983	-0.251806445300000015
5623279363	0.0559229736000000019	-0.246481699100000007
5623284363	0.057539168100000003	-0.246519492600000001
5623289363	0.0569724822000000006	-0.247110990499999988
5623294363	0.0527471446999999982	-0.249725702999999993
5623299363	0.0536974273999999974	-0.251383215400000026
5623304363	0.0532485524000000029	-0.246827860799999993
5623309363	0.0493427234999999978	-0.24699977070000001
5623314363	0.0502935416999999996	-0.245991728699999995
5623319363	0.0518707386000000006	-0.247807056100000006
5623324363	0.0481817567000000016	-0.244620405399999991
5623329363	0.0490218529999999972	-0.242353924100000007
5623334363	0.0455057909000000024	-0.241590884000000006
5623339363	0.0455085641000000027	-0.241053073000000007
5623344363	0.0435743971999999966	-0.242389808099999993
5623349363	0.0442874846999999974	-0.244256841499999988
5623354363	0.0387227392000000017	-0.24254306610000001
5623359363	0.0437027795999999982	-0.243240891900000006
5623364363	0.0385499492000000027	-0.238941124300000002
5623369363	0.0408863007000000028	-0.237454949299999996
5623374363	0.037611327299999997	-0.242203495299999988
5623379363	0.0347372733999999975	-0.238123441200000008
5623384363	0.0349982225999999966	-0.238704493299999987
5623389363	0.0356383170999999971	-0.24062896789999999
5623394363	0.0318101854999999975	-0.239736427499999988
5623399363	0.0313603714000000033	-0.235908299500000002
5623404363	0.0305553608999999983	-0.233620005399999997
5623409363	0.0343505890000000008	-0.239563023000000014
5623414363	0.0264636681000000006	-0.234662220100000013
5623419363	0.0295317852000000006	-0.236547477899999997
5623424363	0.0270504321999999985	-0.236799926100000002
5623429363	0.0262818645999999996	-0.233692828800000002
5623434363	0.0240722644999999992	-0.235691802300000003
5623439363	0.0252446895000000004	-0.231268880799999993
5623444363	0.0224937064000000006	-0.233329693199999993
5623449363	0.0244804753999999999	-0.230066828299999998
5623454363	0.0196416795999999998	-0.229638679799999995
5623459363	0.0197867535999999983	-0.227536794600000009
5623464363	0.0208615546999999998	-0.223285685799999994
5623469363	0.0189480578000000011	-0.226493364000000003
5623474363	0.0174647362000000007	-0.225121134499999986
5623479363	0.0165448093000000011	-0.223060177299999995
5623484363	0.0174042660000000016	-0.224707742799999999
5623489363	0.0150802239000000001	-0.221205246200000011
5623494363	0.0112187646000000002	-0.224816531399999991
5623499363	0.0111497326999999997	-0.221731878900000012
5623504363	0.0129368279999999992	-0.218034948099999987
5623509363	0.0122915718999999993	-0.215633089100000008
5623514363	0.0111048273999999995	-0.217508135600000013
5623519363	0.0119384421000000001	-0.218642359799999991
5623524363	0.0111326284000000005	-0.214602244100000006
5623529363	0.00744872539999999993	-0.213552534699999991
5623534363	0.0084083547000000005	-0.210747591699999987
5623539363	0.0111672370999999996	-0.208815130799999998
5623544363	0.00185881200000000005	-0.209970966000000009
5623549363	0.00566779849999999967	-0.212683427300000005
5623554363	0.00345203680000000018	-0.208285976499999997
5623559363	0.0047752847000000001	-0.206309800500000001
5623564363	0.0012786112000000001	-0.207565259199999991
5623569363	0.00614100409999999985	-0.203640254999999992
5623574363	-0.000202901899999999996	-0.2008031807
5623579363	0.000736315500000000035	-0.205488730600000002
5623584363	0.00344514500000000015	-0.201968658999999995
5623589363	0.00141500229999999994	-0.197788584099999998
5623594363	0.00186644400000000009	-0.196692833700000014
5623599363	-0.00266157429999999999	-0.1983385909
5623604363	-0.0022913867000000001	-0.196053212599999999
5623609363	0.00268907489999999994	-0.1919210576
5623614363	-0.00223093529999999996	-0.1929388088
5623619363	-0.000421400099999999977	-0.192008627600000009
5623624363	-0.00237079779999999985	-0.190000290399999994
5623629363	-0.00100794829999999993	-0.187970577400000005
5623634363	0.000481931099999999984	-0.186062738300000002
5623639363	0.00128254189999999998	-0.183208599
5623644363	0.00152498159999999989	-0.180516314000000011
5623649363	-0.000698953299999999981	-0.181522169900000002
5623654363	-0.00404473450000000009	-0.181305224500000001
5623659363	-0.000707054699999999951	-0.179767655800000009
5623664363	0.000888438699999999988	-0.179807095100000008
5623669363	-0.0043862959	-0.174440189400000001
5623674363	-0.00737851830000000024	-0.177894856299999987
5623679363	-0.00362676719999999999	-0.169178063500000003
5623684363	-0.00202478009999999993	-0.169346874300000005
5623689363	-0.000569002500000000046	-0.169068722799999988
5623694363	-0.00146127520000000001	-0.165907827799999991
5623699363	-0.00571449369999999998	-0.166796855299999991
5623704363	-0.00290862179999999996	-0.16221116020000001
5623709363	-0.00260660640000000016	-0.163311939200000006
5623714363	-0.00233645779999999996	-0.162573810399999991
5623719363	-0.000838129299999999951	-0.157609624100000012
5623724363	-0.0028784752000000002	-0.159977648500000014
5623729363	0.00175993919999999993	-0.158390571899999999
5623734363	-0.00151109779999999993	-0.154535633300000003
5623739363	0.00081146959999999998	-0.154965054800000002
5623744363	0.00014699130000000001	-0.15284267809999999
5623749363	0.00485903269999999991	-0.150387484500000002
5623754363	-0.000428211500000000018	-0.145853557500000008
5623759363	0.00700273240000000036	-0.145770822800000005
5623764363	0.00583331790000000006	-0.143593693599999989
5623769363	0.00241382150000000019	-0.14487407020000001
5623774363	0.00864432329999999943	-0.145435464600000008
5623779363	0.00678727010000000023	-0.142874236099999996
5623784363	0.00669914809999999986	-0.139755624200000012
5623789363	0.00873745989999999938	-0.138163226199999989
5623794363	0.00966819879999999965	-0.138833827100000001
5623799363	0.0082320896000000008	-0.139011795999999993
5623804363	0.0164372890999999986	-0.137654628499999987
5623809363	0.0110794989	-0.136488486900000011
5623814363	0.0116385302999999999	-0.13527978169999999
5623819363	0.0151148602999999996	-0.134597769799999989
5623824363	0.0185161523000000015	-0.134447530600000004
5623829363	0.0175067170000000015	-0.129056356499999997
5623834363	0.0158796640000000017	-0.128083431899999989
5623839363	0.0191508529999999989	-0.130595726999999995
5623844363	0.0205368349999999998	-0.125539823100000003
5623849363	0.0185438480000000017	-0.129463800900000009
5623854363	0.0170367402000000008	-0.126764238899999993
5623859363	0.0240222305999999997	-0.124622649500000002
5623864363	0.0250290196000000006	-0.1266244443
5623869363	0.0244298119000000008	-0.123117694599999994
5623874363	0.0239300728000000004	-0.119625077799999993
5623879363	0.028207674700000001	-0.122476270999999998
5623884363	0.0308159578999999996	-0.123233289800000007
5623889363	0.027513258799999999	-0.1162951084
5623894363	0.0296863994000000006	-0.119769533400000003
5623899363	0.0317584528000000033	-0.116791610099999998
5623904363	0.0316928844999999973	-0.119700072800000001
5623909363	0.0380691282999999978	-0.115960635199999995
5623914363	0.0354658720999999968	-0.1202716707
5623919363	0.0383656565999999991	-0.118586414599999995
5623924363	0.0364147919	-0.116523563199999999
5623929363	0.043127442299999999	-0.119155325800000003
5623934363	0.0420622080999999981	-0.117424440099999999
5623939363	0.0381645572999999988	-0.118286801900000002
5623944363	0.044445918299999998	-0.114244085600000003
5623949363	0.046386796000000001	-0.120083296199999995
5623954363	0.0449322678000000017	-0.116474386299999996
5623959363	0.0461451836000000004	-0.114646250899999996
5623964363	0.0490461992000000013	-0.112878003800000001
5623969363	0.0537865623000000001	-0.112692439300000002
5623974363	0.0524545392999999985	-0.116888271099999996
5623979363	0.0542121765000000005	-0.111017528099999999
5623984363	0.0559709733999999987	-0.110619984399999996
5623989363	0.055401180500000001	-0.111555826299999994
5623994363	0.0596980739000000024	-0.115263908400000004
5623999363	0.0606086405999999994	-0.115141567299999997
5624004363	0.0618750533000000033	-0.1149421635
5624009363	0.0603529999000000025	-0.112479678499999999
5624014363	0.0641542301000000009	-0.115009110299999995
5624019363	0.0647797630999999985	-0.112863729999999995
5624024363	0.0635425800000000013	-0.115428192499999999
5624029363	0.0676679292999999987	-0.1131077271
5624034363	0.0646410471999999958	-0.115717421200000004
5624039363	0.0683520611999999944	-0.117740440399999993
5624044363	0.0675890229000000037	-0.113213400800000002
5624049363	0.0684835600999999933	-0.118672395099999994
5624054363	0.0720239458000000027	-0.116182433500000001
5624059363	0.0714264472000000067	-0.114399467599999999
5624064363	0.070549971000000003	-0.116195715500000005
5624069363	0.0704816775000000062	-0.115229207299999997
5624074363	0.0767780861000000037	-0.118185498599999994
5624079363	0.0788487588000000017	-0.114947386799999995
5624084363	0.0762971736999999983	-0.115982840399999995
5624089363	0.0751176352000000047	-0.115383338799999999
5624094363	0.0760884847000000003	-0.118622621400000003
5624099363	0.0807182817999999996	-0.119507182899999995
5624104363	0.0814425051000000066	-0.114921226799999998
5624109363	0.0849072240000000034	-0.119254424299999995
5624114363	0.0820113544	-0.121727760300000001
5624119363	0.0820617394	-0.123765129599999996
5624124363	0.0842925451000000048	-0.123662707600000005
5624129363	0.0895395575999999999	-0.123728155899999998
5624134363	0.0884725640000000035	-0.127715581999999994
5624139363	0.0884616272999999981	-0.121831922999999995
5624144363	0.087662381999999997	-0.12561381860000001
5624149363	0.0889081622000000016	-0.126805904400000002
5624154363	0.0908048263999999966	-0.126026750999999992
5624159363	0.0913010793000000043	-0.128149752499999992
5624164363	0.0888545114999999969	-0.126172232299999992
5624169363	0.0915648099999999965	-0.12555756030000001
5624174363	0.0944038486000000066	-0.131610624600000004
5624179363	0.0939748735999999946	-0.130849784699999999
5624184363	0.0961347441000000025	-0.130885736100000011
5624189363	0.0949445227000000058	-0.135638689099999987
5624194363	0.094530086499999999	-0.13220971740000001
5624199363	0.0974260264999999986	-0.135216967599999988
5624204363	0.0973163003000000054	-0.131730631699999989
5624209363	0.0957255557000000062	-0.138318621599999997
5624214363	0.0983453179000000066	-0.134681122900000005
5624219363	0.0975761797000000014	-0.135688255799999991
5624224363	0.0964962808999999949	-0.136551707500000008
5624229363	0.0981449457999999941	-0.135383189099999995
5624234363	0.0966941572999999999	-0.13916764379999999
5624239363	0.101606522199999993	-0.137544821600000006
5624244363	0.0991711960999999975	-0.138467036799999998
5624249363	0.0989840250999999977	-0.142001083599999994
5624254363	0.101654332900000005	-0.135459342600000004
5624259363	0.100314238200000003	-0.137298999100000013
5624264363	0.102036059600000006	-0.142361536499999997
5624269363	0.105531975799999997	-0.144444827599999992
5624274363	0.101883596100000001	-0.143957010800000007
5624279363	0.103150273900000006	-0.14493521479999999
5624284363	0.105375039000000004	-0.146695803300000011
5624289363	0.106706356399999994	-0.141406423899999995
5624294363	0.108136727200000005	-0.147022865700000005
5624299363	0.104705960900000006	-0.147521630900000006
5624304363	0.103653065599999997	-0.148088044199999991
5624309363	0.109263159200000001	-0.148806629999999995
5624314363	0.103823403800000005	-0.15393036630000001
5624319363	0.103873031800000001	-0.152255645100000003
5624324363	0.105848488399999996	-0.152645028999999988
5624329363	0.108509434200000005	-0.152062417199999994
5624334363	0.108327011000000001	-0.154305133799999994
5624339363	0.104101552200000003	-0.156207748499999993
5624344363	0.106185431100000005	-0.153843247900000007
5624349363	0.107338670799999994	-0.154663642900000009
5624354363	0.1059845596	-0.156894252099999992
5624359363	0.110453143500000003	-0.157961982800000011
5624364363	0.107570161999999997	-0.161206449299999999
5624369363	0.110416326499999995	-0.158314241299999992
5624374363	0.109803312799999997	-0.155015745199999999
5624379363	0.107515251000000006	-0.161899366500000003
5624384363	0.106313969999999994	-0.164472818699999995
5624389363	0.108206501900000002	-0.158763516800000004
5624394363	0.109348715099999994	-0.163000371000000005
5624399363	0.1094586528	-0.162549098800000014
5624404363	0.109300122400000005	-0.163628261599999991
5624409363	0.101919755400000006	-0.167186341300000013
5624414363	0.112341453499999994	-0.164618017499999991
5624419363	0.110320670499999995	-0.165163182200000008
5624424363	0.102140613800000002	-0.170841116600000009
5624429363	0.111195532200000002	-0.165335246200000008
5624434363	0.106923787199999995	-0.166773560900000006
5624439363	0.106243542900000001	-0.168585615599999988
5624444363	0.107851702899999999	-0.168859971800000008
5624449363	0.106011494999999997	-0.169881597999999995
5624454363	0.109380239200000007	-0.170149563100000012
5624459363	0.110291504900000004	-0.172194527600000008
5624464363	0.112282409299999997	-0.169142678600000013
5624469363	0.107910546100000004	-0.167342654899999999
5624474363	0.110883563000000004	-0.171430253700000007
5624479363	0.109088960099999993	-0.174784394499999995
5624484363	0.112658569799999997	-0.176857957300000007
5624489363	0.108120016799999996	-0.180819323899999995
5624494363	0.108379074800000003	-0.171355917400000002
5624499363	0.1080392045	-0.174399891700000004
5624504363	0.106770279999999995	-0.176442851300000009
5624509363	0.106767157500000001	-0.175397589100000001
5624514363	0.106416619300000001	-0.174536442200000003
5624519363	0.110385476299999993	-0.181027133899999998
5624524363	0.105253808500000004	-0.178109806600000004
5624529363	0.108094605600000004	-0.179619546299999988
5624534363	0.104842701400000002	-0.182218583999999989
5624539363	0.105275306599999993	-0.181255810200000006
5624544363	0.109419450400000007	-0.181748038000000001
5624549363	0.108394555399999995	-0.1811791492
5624554363	0.106517181799999999	-0.182950945799999987
5624559363	0.107198006499999998	-0.180850624300000012
5624564363	0.109598623300000003	-0.18430806990000001
5624569363	0.101896854499999995	-0.181799684500000003
5624574363	0.108022857400000005	-0.185579600099999992
5624579363	0.104604639200000002	-0.188298117500000001
5624584363	0.108898724500000002	-0.184272354299999996
5624589363	0.109670169299999995	-0.185715948399999997
5624594363	0.108040871699999999	-0.189450117599999995
5624599363	0.107283224999999996	-0.185682954399999989
5624604363	0.104048000799999998	-0.189316254200000006
5624609363	0.106377090800000004	-0.189899110900000001
5624614363	0.105054936099999996	-0.18895597850000001
5624619363	0.106686929599999994	-0.193864574499999998
5624624363	0.106825533200000003	-0.1917189755
5624629363	0.104768131	-0.196679713899999997
5624634363	0.105167047200000002	-0.193673487199999994
5624639363	0.102990923400000003	-0.193043582399999997
5624644363	0.104707306999999999	-0.192681422399999996
5624649363	0.103701159900000006	-0.192698804000000001
5624654363	0.106792532300000007	-0.193167095000000011
5624659363	0.101900014600000005	-0.193574344499999995
5624664363	0.106111138999999993	-0.192184143599999996
5624669363	0.109360776600000001	-0.1946445859
5624674363	0.101117606600000007	-0.194787088899999988
5624679363	0.100775970300000003	-0.195205466699999997
5624684363	0.101017121400000007	-0.198563788099999999
5624689363	0.101346253600000005	-0.196535848399999991
5624694363	0.104747567200000002	-0.196862841099999991
5624699363	0.102022379199999999	-0.196572565300000002
5624704363	0.105488116899999998	-0.200228663400000007
5624709363	0.0992104535000000037	-0.199622634100000002
5624714363	0.1004035447	-0.198748540499999987
5624719363	0.1028170484	-0.203047327700000002
5624724363	0.0972047825999999976	-0.200131684000000004
5624729363	0.100305806600000005	-0.201726629800000001
5624734363	0.0998697068999999937	-0.203942994200000005
5624739363	0.102158933199999996	-0.201888808599999997
5624744363	0.101434312600000007	-0.200014109899999987
5624749363	0.0967571165000000039	-0.199672352999999997
5624754363	0.0971975603999999938	-0.203898034099999986
5624759363	0.101922155299999997	-0.203548035999999988
5624764363	0.0957158159000000008	-0.205031755499999996
5624769363	0.0963399253999999983	-0.205479597799999997
5624774363	0.0984624444999999959	-0.204811293899999997
5624779363	0.100598496900000001	-0.202488099899999996
5624784363	0.0995915499000000065	-0.204568422100000008
5624789363	0.0933069344999999939	-0.209421028000000009
5624794363	0.0953353581000000033	-0.207571456500000001
5624799363	0.0967282220000000026	-0.206282329799999997
5624804363	0.0949843942999999968	-0.208874102700000008
5624809363	0.0965345150999999957	-0.207143994299999995
5624814363	0.0950743924999999934	-0.209308840899999987
5624819363	0.0930152875999999962	-0.208876075999999994
5624824363	0.0945160416999999975	-0.208133872100000006
5624829363	0.097043062200000002	-0.208891069000000013
5624834363	0.0965966634000000046	-0.212583689100000001
5624839363	0.0931413588000000042	-0.211850176899999992
5624844363	0.0949940591000000001	-0.208829395599999995
5624849363	0.0927631706999999944	-0.21032324790000001
5624854363	0.0949122225999999986	-0.212316167700000002
5624859363	0.0929003233999999983	-0.212367780799999989
5624864363	0.0895155747000000029	-0.214066040399999991
5624869363	0.0968945994000000033	-0.209760332800000004
5624874363	0.0929244798999999955	-0.211216016199999995
5624879363	0.0901519353999999939	-0.215728370700000005
5624884363	0.0910207026999999974	-0.215099461699999994
5624889363	0.0922503803000000039	-0.213550099500000007
5624894363	0.0901128046999999932	-0.214995306800000008
5624899363	0.0899190975999999975	-0.216534798100000009
5624904363	0.090194404899999997	-0.218713605000000005
5624909363	0.085038811899999997	-0.214869330899999988
5624914363	0.0885922444000000059	-0.221362329899999988
5624919363	0.0915396583000000069	-0.216577033800000013
5624924363	0.0904801622999999999	-0.216345976299999992
5624929363	0.087503218100000002	-0.217390485900000013
5624934363	0.0926487743000000002	-0.217607894899999987
5624939363	0.0868160976999999973	-0.219762835200000006
5624944363	0.0882200595999999976	-0.214993976700000006
5624949363	0.0836680508999999989	-0.218020287400000012
5624954363	0.089272628100000001	-0.216067313300000008
5624959363	0.0866535645999999965	-0.220693107400000005
5624964363	0.084575827800000003	-0.224159867600000007
5624969363	0.0820513531999999962	-0.219496096400000007
5624974363	0.0850995212000000001	-0.221401731699999993
5624979363	0.086744690499999999	-0.222902681399999997
5624984363	0.0837150556000000046	-0.2197082759
5624989363	0.0830487267000000057	-0.219869388400000004
5624994363	0.0821976970000000001	-0.223848188599999998
5624999363	0.0838329720000000056	-0.223509669100000002
5625004363	0.0842520570999999996	-0.222365553399999999
5625009363	0.0834134274000000037	-0.2255047154
5625014363	0.0819957785999999994	-0.218886625800000012
5625019363	0.0834773988999999994	-0.222895201999999987
5625024363	0.0790285042000000021	-0.221778197399999988
5625029363	0.0809108295999999977	-0.221595517999999991
5625034363	0.0817787710000000001	-0.226597200999999998
5625039363	0.080948743700000006	-0.22128775240000001
5625044363	0.0807374116000000031	-0.228597043299999997
5625049363	0.0810846499999999942	-0.223694850800000011
5625054363	0.0799933944000000008	-0.226673459399999999
5625059363	0.0797208058000000025	-0.221906013099999994
5625064363	0.078769542299999995	-0.227373937800000009
5625069363	0.0752288992000000045	-0.228629003299999994
5625074363	0.0786423051999999984	-0.225392813899999989
5625079363	0.0774393995000000057	-0.227886261700000009
5625084363	0.0777501186999999955	-0.223803469199999994
5625089363	0.0791339348999999942	-0.2294324113
5625094363	0.0771207794000000058	-0.226477445199999988
5625099363	0.0758166385000000054	-0.228553131599999987
5625104363	0.0792216074999999992	-0.227089290199999988
5625109363	0.0730808141000000022	-0.228275085500000002
5625114363	0.0737969411999999936	-0.226278276499999986
5625119363	0.0730185842999999946	-0.230133567399999989
5625124363	0.0767066547999999959	-0.228271696100000004
5625129363	0.0761698083000000026	-0.228768862500000003
5625134363	0.0746691538999999932	-0.23137101060000001
5625139363	0.0733652597999999989	-0.231977538900000002
5625144363	0.0737166558999999971	-0.229399239000000005
5625149363	0.0773945998000000052	-0.234514892000000003
5625154363	0.0719370825999999935	-0.233453516299999997
5625159363	0.0717062675999999982	-0.233675502400000012
5625164363	0.0665912733999999978	-0.230110655299999994
5625169363	0.0739274416999999989	-0.233935876600000009
5625174363	0.0704724557000000057	-0.230235257199999988
5625179363	0.0700543641000000022	-0.231113744399999987
5625184363	0.0696575355000000063	-0.234208483800000006
5625189363	0.0702140703999999949	-0.232381006499999987
5625194363	0.0693626596000000012	-0.231121957399999994
5625199363	0.0715503001999999999	-0.233931961699999996
5625204363	0.0665020691999999997	-0.236224736600000013
5625209363	0.070491805099999999	-0.234068678899999993
5625214363	0.0700603085999999958	-0.234420735500000005
5625219363	0.0673249015000000062	-0.234621697900000009
5625224363	0.0689639028000000043	-0.235330220899999998
5625229363	0.0691878333999999956	-0.231325901299999998
5625234363	0.065916670400000002	-0.235515868500000003
5625239363	0.0633818079000000034	-0.234480328099999996
5625244363	0.0667493158000000003	-0.235484727599999999
5625249363	0.0644606372999999983	-0.234705598399999993
5625254363	0.0616163631000000017	-0.234932256000000006
5625259363	0.0658973122999999966	-0.237105929599999987
5625264363	0.0606869552000000034	-0.2409649871
5625269363	0.0632854441000000045	-0.237247559599999991
5625274363	0.0633865336000000029	-0.23551350909999999
5625279363	0.0602355096000000007	-0.236921260299999992
5625284363	0.0608983318999999981	-0.238980933499999992
5625289363	0.0660865144999999987	-0.2379160367
5625294363	0.0604185782999999976	-0.24158625680000001
5625299363	0.0590023757999999995	-0.235827730000000013
5625304363	0.0616007577000000014	-0.23603392379999999
5625309363	0.0643073257999999953	-0.235254401700000004
5625314363	0.0632014362000000024	-0.239620655999999987
5625319363	0.0610138770000000011	-0.2390905485
5625324363	0.0601615527999999969	-0.238374480599999994
5625329363	0.0568044494999999997	-0.240168667299999999
5625334363	0.0618341400000000027	-0.242611027400000012
5625339363	0.0604146215000000014	-0.238580868000000001
5625344363	0.0593799352999999988	-0.237078434300000002
5625349363	0.0586113012000000003	-0.2412666282
5625354363	0.0575895945000000006	-0.241343538299999993
5625359363	0.0588377702000000002	-0.24045444869999999
5625364363	0.0547959322000000013	-0.241032882899999995
5625369363	0.0548946033999999985	-0.244184534199999997
5625374363	0.0546351798000000027	-0.245527726299999999
5625379363	0.0554034735000000014	-0.239999739200000006
5625384363	0.0560811581000000003	-0.2426980309
5625389363	0.0551877580999999978	-0.245246851900000007
5625394363	0.0551119758999999987	-0.24346354240000001
5625399363	0.0559076401999999972	-0.245407274799999991
5625404363	0.054022774699999998	-0.24156948419999999
5625409363	0.0515803660000000025	-0.242092563799999994
5625414363	0.0535587532999999977	-0.242209868900000014
5625419363	0.0530730779000000014	-0.24550850090000001
5625424363	0.0549359006999999983	-0.243877638000000008
5625429363	0.0511151218000000032	-0.244341325999999998
5625434363	0.0490458953999999975	-0.244270793200000003
5625439363	0.051034471599999999	-0.245012829300000012
5625444363	0.0498331374999999993	-0.243265378000000004
5625449363	0.0491594994000000007	-0.244820063199999993
5625454363	0.0511762338999999997	-0.249680676200000007
5625459363	0.0513203912000000026	-0.245940950999999991
5625464363	0.0478291907999999974	-0.24738811220000001
5625469363	0.0459526165000000014	-0.243579886500000009
5625474363	0.0493006918999999988	-0.246927976699999996
5625479363	0.0473669937999999999	-0.248229781099999991
5625484363	0.0459705795999999986	-0.248656988400000001
5625489363	0.0491172148000000031	-0.2424524126
5625494363	0.045783779099999998	-0.247752460600000002
5625499363	0.0469799981999999977	-0.242611802900000006
5625504363	0.0473044748000000029	-0.24752870569999999
5625509363	0.0481365065000000023	-0.246313601900000012
5625514363	0.0406430000999999999	-0.244378231899999993
5625519363	0.0451605490000000012	-0.244219999599999987
5625524363	0.0438722762999999988	-0.244120916699999996
5625529363	0.0416120716000000015	-0.245895220400000003
5625534363	0.0463802877000000016	-0.249237467800000001
5625539363	0.0434797691000000028	-0.244439775400000003
5625544363	0.0433162945999999993	-0.249075188700000005
5625549363	0.0393579793999999997	-0.251438048600000019
5625554363	0.0422012639000000009	-0.247840654500000007
5625559363	0.0398359304999999983	-0.246769674500000008
5625564363	0.0382630996999999973	-0.245042802100000012
5625569363	0.0407296775999999999	-0.249204176500000013
5625574363	0.0393608789000000001	-0.248558127800000001
5625579363	0.0413425564000000009	-0.248596192399999999
5625584363	0.0417199003000000013	-0.250258670000000016
5625589363	0.0397221653000000008	-0.252844897800000024
5625594363	0.0400048494000000004	-0.250164352400000012
5625599363	0.0351746037000000011	-0.252163017400000022
5625604363	0.039331438500000003	-0.248662831400000006
5625609363	0.0385272305999999967	-0.249832260499999986
5625614363	0.0400622964000000026	-0.254524598300000016
5625619363	0.0368881621999999978	-0.250606134500000022
5625624363	0.0342649589999999976	-0.249206055900000001
5625629363	0.033019254599999999	-0.249029136099999993
5625634363	0.0383544146999999988	-0.249151453200000012
5625639363	0.0368519699000000034	-0.250181296900000016
5625644363	0.0346846791999999987	-0.245330128099999989
5625649363	0.0356453466000000024	-0.252030796200000018
5625654363	0.0324829293999999991	-0.254176347500000011
5625659363	0.0335630754999999975	-0.246726456300000008
5625664363	0.0326945650000000018	-0.252714594899999978
5625669363	0.0302769401000000001	-0.251131828999999973
5625674363	0.0328112627000000032	-0.248817101200000002
5625679363	0.0315212807000000012	-0.2509037462
5625684363	0.0309279434000000013	-0.251486620100000002
5625689363	0.0298014121000000007	-0.255386429999999998
5625694363	0.0320405965999999987	-0.252421679399999987
5625699363	0.0298913441000000016	-0.251375244100000006
5625704363	0.0313128853000000026	-0.25094864280000001
5625709363	0.0301888948000000011	-0.250861483499999982
5625714363	0.0293378600000000003	-0.247394400099999995
5625719363	0.0297886942000000002	-0.253170956499999988
5625724363	0.0304490458000000012	-0.250470335400000021
5625729363	0.0320882866000000017	-0.254480849999999981
5625734363	0.0275155025999999983	-0.254665513499999996
5625739363	0.026817243000000001	-0.251967664899999999
5625744363	0.0263348441999999988	-0.251864353699999988
5625749363	0.0264466830999999999	-0.252158843099999974
5625754363	0.0259035970000000004	-0.259591155399999995
5625759363	0.0253365267000000005	-0.254923930700000023
5625764363	0.0270059999000000009	-0.255686118399999995
5625769363	0.0279096025999999997	-0.253865493800000008
5625774363	0.0243463304999999991	-0.251011303999999991
5625779363	0.0277242780999999994	-0.254747486299999992
5625784363	0.0228933568000000004	-0.252364683199999995
5625789363	0.024023942999999999	-0.254012347199999988
5625794363	0.0227001442000000012	-0.253998192199999973
5625799363	0.0251675547000000006	-0.256100017499999999
5625804363	0.0275122461999999998	-0.252062617400000022
5625809363	0.0197477408	-0.254420009800000013
5625814363	0.0180890543000000008	-0.254485061100000021
5625819363	0.0207672591000000011	-0.254853529199999984
5625824363	0.0187139938999999998	-0.25180132030000002
5625829363	0.0211695808000000006	-0.253083070500000007
5625834363	0.0171661105999999994	-0.257265163500000005
5625839363	0.0195657576000000007	-0.255821752100000022
5625844363	0.0179973816000000009	-0.254787370199999974
5625849363	0.0234324152999999986	-0.253998408899999972
5625854363	0.0221733539999999993	-0.254372333399999984
5625859363	0.0182786116000000012	-0.255385929299999981
5625864363	0.0187155009000000011	-0.255314765900000018
5625869363	0.0143965819000000002	-0.256394068400000008
5625874363	0.0163760431000000012	-0.255332321799999984
5625879363	0.0180216581000000008	-0.254840745300000004
5625884363	0.0163354055000000005	-0.253253933799999997
5625889363	0.0149786302000000007	-0.256461498200000027
5625894363	0.0148309426000000008	-0.257145789199999975
5625899363	0.0158580305999999997	-0.25615093189999999
5625904363	0.0139987784999999997	-0.256833818699999994
5625909363	0.0137707139000000003	-0.257088890199999975
5625914363	0.0147127479999999995	-0.257047878000000007
5625919363	0.0110699210999999995	-0.254752854799999984
5625924363	0.0144857679	-0.255002900600000026
5625929363	0.0151011718000000003	-0.257561660400000003
5625934363	0.0107183242000000005	-0.253153551199999993
5625939363	0.0127798349000000002	-0.25485760070000002
5625944363	0.0142758060000000003	-0.256588481099999988
5625949363	0.0119433951000000003	-0.254365489200000017
5625954363	0.0107713036000000005	-0.256069490899999974
5625959363	0.00770818419999999994	-0.259048649099999972
5625964363	0.0118759966000000008	-0.254395638400000013
5625969363	0.0104592695999999995	-0.259305394700000025
5625974363	0.0104177087000000002	-0.255583296700000018
5625979363	0.0134220255000000004	-0.257198607899999987
5625984363	0.0128808481999999995	-0.257172904599999974
5625989363	0.00756330949999999957	-0.258207269800000028
5625994363	0.00777849040000000002	-0.260444557099999974
5625999363	0.00628489119999999998	-0.257302824400000019
5626004363	0.00778587890000000029	-0.258507601199999992
5626009363	0.00329048470000000001	-0.256441004199999989
5626014363	0.00432632030000000035	-0.259725467400000021
5626019363	0.0042193294000000001	-0.253572863400000015
5626024363	0.00871330499999999931	-0.259223010899999995
5626029363	0.00224289109999999993	-0.255727620099999997
5626034363	0.0082752973999999993	-0.257850914799999997
5626039363	0.000497454000000000039	-0.257565667100000006
5626044363	-0.000424276899999999997	-0.258277051300000005
5626049363	0.00388452330000000007	-0.261334548300000025
5626054363	0.00279553709999999988	-0.258852704599999983
5626059363	0.00382700400000000017	-0.260853104999999974
5626064363	0.000424299299999999992	-0.25912766370000001
5626069363	0.0024759856000000002	-0.256148710200000018
5626074363	0.00171855389999999992	-0.260408759900000009
5626079363	-0.000428413799999999994	-0.2576935058
5626084363	-0.000250556400000000006	-0.257095577999999991
5626089363	-0.00106832629999999997	-0.25703966989999999
5626094363	0.000511093499999999961	-0.259968294799999999
5626099363	0.000255180400000000007	-0.260985965099999995
5626104363	-0.00134339680000000001	-0.253691815099999995
5626109363	-0.00112209979999999994	-0.255630467500000014
5626114363	-0.000223050100000000008	-0.258494998799999987
5626119363	-0.00353558989999999988	-0.256199575999999984
5626124363	-0.00547235219999999984	-0.260380714499999999
5626129363	-0.00790293450000000008	-0.25696446810000001
5626134363	-0.00258239619999999989	-0.258741094399999982
5626139363	-0.00375010500000000011	-0.25836221669999998
5626144363	-0.00602449729999999985	-0.256298576100000008
5626149363	-0.00657809569999999975	-0.258971862200000014
5626154363	-0.00499362710000000008	-0.258524356700000013
5626159363	-0.00977212629999999957	-0.259809746100000016
5626164363	-0.00544570440000000013	-0.259046383099999999
5626169363	-0.00898026870000000026	-0.26062526829999999
5626174363	-0.00870169900000000024	-0.258231215100000022
5626179363	-0.00599183820000000027	-0.258760517199999984
5626184363	-0.00587778880000000038	-0.256300827299999978
5626189363	-0.00895549569999999975	-0.259213456000000009
5626194363	-0.00520586739999999958	-0.260781807300000001
5626199363	-0.0100866513000000008	-0.257713095100000011
5626204363	-0.0102501183999999992	-0.258736653500000024
5626209363	-0.00896700020000000021	-0.261147919499999992
5626214363	-0.0109776882000000003	-0.257232374699999988
5626219363	-0.0133748879999999997	-0.258443858400000004
5626224363	-0.00982325879999999992	-0.260845264600000015
5626229363	-0.0115647948999999996	-0.259000222300000027
5626234363	-0.0141677509999999993	-0.258595855799999996
5626239363	-0.0139275605	-0.259258530599999981
5626244363	-0.0130172980999999997	-0.259938176199999982
5626249363	-0.0128345859000000007	-0.259101994300000027
5626254363	-0.0134548544000000006	-0.259793891200000016
5626259363	-0.0126890137999999993	-0.259546036699999982
5626264363	-0.0164233023000000013	-0.257453666199999986
5626269363	-0.0146119010999999997	-0.259836213199999999
5626274363	-0.0163143622999999995	-0.26032138669999999
5626279363	-0.0150358683999999992	-0.256686948000000026
5626284363	-0.0175600124000000017	-0.256495257600000026
5626289363	-0.0177137727000000016	-0.260049327100000005
5626294363	-0.0152182626000000008	-0.257112886400000018
5626299363	-0.0154219477000000008	-0.261456183200000025
5626304363	-0.0170874254000000017	-0.259124685199999982
5626309363	-0.0172735845000000013	-0.259217624400000013
5626314363	-0.0199536800999999993	-0.261328916600000016
5626319363	-0.0178300049000000016	-0.255175453300000021
5626324363	-0.0162240774999999997	-0.2611154423
5626329363	-0.0181755393999999994	-0.25511004679999999
5626334363	-0.0177984111000000014	-0.259371298199999989
5626339363	-0.0189717813999999985	-0.260304328500000015
5626344363	-0.0185183070000000012	-0.264098114499999981
5626349363	-0.0187691637999999987	-0.260650611199999993
5626354363	-0.0206272865000000014	-0.259095853900000006
5626359363	-0.0179611024999999994	-0.255367308100000023
5626364363	-0.0181222254999999985	-0.25760568490000002
5626369363	-0.0240895284000000008	-0.257826423600000021
5626374363	-0.022884986999999999	-0.25905635669999999
5626379363	-0.0237170638000000003	-0.257675306699999995
5626384363	-0.0236721821999999991	-0.257013068999999983
5626389363	-0.0260962258999999988	-0.262315550100000017
5626394363	-0.0234265851000000011	-0.256558836100000021
5626399363	-0.025217390499999999	-0.256579037200000026
5626404363	-0.0251499002999999999	-0.261087732800000027
5626409363	-0.0261598878	-0.260031304100000027
5626414363	-0.0224542190999999988	-0.25783459580000001
5626419363	-0.0280891184999999995	-0.260213921500000001
5626424363	-0.0259012658	-0.260005619899999985
5626429363	-0.0227919546000000008	-0.259309660900000016
5626434363	-0.0282710782000000008	-0.260549399399999992
5626439363	-0.0269065250999999984	-0.260632483099999979
5626444363	-0.0282667760999999983	-0.261575433899999987
5626449363	-0.029762942399999999	-0.259104658900000007
5626454363	-0.0294708972999999999	-0.261810280100000015
5626459363	-0.0297467444000000004	-0.260409329500000009
5626464363	-0.0295675339999999995	-0.256612956900000022
5626469363	-0.028846533399999999	-0.259029019000000027
5626474363	-0.0313411364999999983	-0.258722170299999998
5626479363	-0.0285560594000000001	-0.260047999899999993
5626484363	-0.0310777835999999988	-0.258757854299999979
5626489363	-0.0329040745999999995	-0.262581282299999996
5626494363	-0.0326123876000000007	-0.259385552700000022
5626499363	-0.0296991181000000014	-0.25745840980000001
5626504363	-0.0344328543999999973	-0.258900617599999994
5626509363	-0.0331599450000000032	-0.258399077099999985
5626514363	-0.0312246015000000009	-0.261275271699999978
5626519363	-0.0336264052000000008	-0.259761100199999984
5626524363	-0.0319648491999999992	-0.259018595799999973
5626529363	-0.0360502892000000019	-0.261571463100000012
5626534363	-0.0395299564000000034	-0.258816272899999977
5626539363	-0.0360438194999999975	-0.260715736799999986
5626544363	-0.0347833250999999982	-0.259504177800000013
5626549363	-0.0385723689000000008	-0.260586279199999993
5626554363	-0.0349239224000000015	-0.260188360800000018
5626559363	-0.0343298281000000011	-0.258262883800000009
5626564363	-0.037591542399999997	-0.258940811599999987
5626569363	-0.0358348510000000009	-0.255457071699999982
5626574363	-0.0431747385999999983	-0.255470161799999984
5626579363	-0.0354619302999999997	-0.26075821640000002
5626584363	-0.040163917200000003	-0.260564514199999986
5626589363	-0.0394088336999999997	-0.257381231799999999
5626594363	-0.040251729299999997	-0.261347559299999976
5626599363	-0.0398752676	-0.2567629139
5626604363	-0.0411633506000000024	-0.260056477900000027
5626609363	-0.0411804855999999969	-0.258356293800000025
5626614363	-0.0372726318999999987	-0.258962782000000002
5626619363	-0.0364193772999999998	-0.259978655700000005
5626624363	-0.043401610799999997	-0.259321497299999981
5626629363	-0.0400635633000000005	-0.255929968100000016
5626634363	-0.0447790531000000006	-0.256960750199999977
5626639363	-0.039702389400000003	-0.260483307599999991
5626644363	-0.0432245888999999994	-0.257751637799999989
5626649363	-0.0422208459999999994	-0.258926356199999985
5626654363	-0.0432558387000000003	-0.260185814999999987
5626659363	-0.0439131825000000017	-0.259578956899999991
5626664363	-0.0442826916000000001	-0.257272630499999988
5626669363	-0.0462854841999999975	-0.262436920100000026
5626674363	-0.0485593123999999987	-0.255772211899999991
5626679363	-0.0462510227999999995	-0.257759391000000004
5626684363	-0.0448739375999999968	-0.258286409300000019
5626689363	-0.0428978600000000029	-0.256047473199999986
5626694363	-0.0448717777999999984	-0.25929126990000001
5626699363	-0.0489064240999999983	-0.256787567200000011
5626704363	-0.0475437070999999989	-0.260312437800000018
5626709363	-0.0473718698000000007	-0.258769064499999979
5626714363	-0.0483033828000000026	-0.259948210199999974
5626719363	-0.0491042236000000035	-0.256421139399999998
5626724363	-0.0485923390999999996	-0.257276519599999975
5626729363	-0.0511719905000000003	-0.260666325500000018
5626734363	-0.051429071899999998	-0.264829448899999986
5626739363	-0.0524171514000000005	-0.254431017599999976
5626744363	-0.0463488246999999992	-0.257151497700000009
5626749363	-0.0493330483000000014	-0.257313279900000025
5626754363	-0.0508528754999999985	-0.260742831000000008
5626759363	-0.0501818959999999967	-0.257179478000000017
5626764363	-0.051738730099999998	-0.260439086500000028
5626769363	-0.0486441629999999972	-0.259620531200000004
5626774363	-0.0570093819999999973	-0.258536041599999988
5626779363	-0.0515051378000000032	-0.259331475600000028
5626784363	-0.0544113810000000017	-0.256167254600000005
5626789363	-0.0508023224000000023	-0.254368021599999994
5626794363	-0.053498870300000001	-0.25220422549999999
5626799363	-0.0579852778999999999	-0.256276983700000016
5626804363	-0.0549607864000000029	-0.258678697600000007
5626809363	-0.0590064996999999994	-0.255668288299999991
5626814363	-0.0583076734999999971	-0.256759992100000001
5626819363	-0.0547925235999999968	-0.259054949599999973
5626824363	-0.0607840544999999968	-0.260331140500000002
5626829363	-0.0571837119999999977	-0.257276786500000021
5626834363	-0.0573884799999999987	-0.260703670599999993
5626839363	-0.0552185919999999969	-0.254801621699999981
5626844363	-0.0583661271999999995	-0.257893854600000028
5626849363	-0.0601473744000000018	-0.253847370100000025
5626854363	-0.060646971899999999	-0.258687428100000005
5626859363	-0.0586975710999999983	-0.255695648399999975
5626864363	-0.0588035365999999976	-0.252843364500000001
5626869363	-0.0584358615999999997	-0.253086890299999978
5626874363	-0.0571719368000000033	-0.2566615914
