# freq, I e Q
5737398936	0.166538908699999988	0.226835617699999992
5737401936	0.169437219299999997	0.225985190400000008
5737404936	0.169206026799999992	0.2254206188
5737407936	0.16815633490000001	0.227840850099999992
5737410936	0.16625605630000001	0.227607311000000007
5737413936	0.169731387000000011	0.225443270800000012
5737416936	0.169737916900000008	0.223340531600000003
5737419936	0.170987031099999992	0.225612417900000001
5737422936	0.166697046500000001	0.227577971600000012
5737425936	0.170512399600000003	0.225071863399999988
5737428936	0.172089185400000011	0.227140920200000013
5737431936	0.1719355209	0.228477562299999992
5737434936	0.170817644800000001	0.221642461000000013
5737437936	0.173692477300000009	0.225230781099999999
5737440936	0.170605194200000004	0.219850241599999996
5737443936	0.176318036700000014	0.224801294099999993
5737446936	0.170767692700000001	0.227815516500000009
5737449936	0.171945598100000013	0.222071321900000007
5737452936	0.174796160199999995	0.221570210500000003
5737455936	0.169651737899999988	0.220836641700000003
5737458936	0.173664016000000004	0.224048148499999988
5737461936	0.172116401299999999	0.223650333000000007
5737464936	0.173784488999999986	0.222395117499999989
5737467936	0.172696811000000006	0.221998056100000007
5737470936	0.176277363900000011	0.219788123599999996
5737473936	0.171357183299999993	0.218209970400000008
5737476936	0.176320401099999996	0.216417705500000002
5737479936	0.174870693299999991	0.2213157449
5737482936	0.1773124331	0.219462801600000007
5737485936	0.174104835799999996	0.222398941900000008
5737488936	0.178550143800000005	0.222373622999999992
5737491936	0.17647267350000001	0.22148208359999999
5737494936	0.175125815399999996	0.220469824099999989
5737497936	0.175984055899999992	0.21948520760000001
5737500936	0.176048112099999987	0.221630916799999994
5737503936	0.175895187700000011	0.215140587599999988
5737506936	0.180006381399999998	0.220399888399999994
5737509936	0.176253324699999991	0.216269174000000008
5737512936	0.18000338090000001	0.217739342400000008
5737515936	0.180001000500000008	0.215560117100000004
5737518936	0.177407668600000012	0.213977541800000004
5737521936	0.1818596351	0.213464317099999995
5737524936	0.180260088699999987	0.215973277200000008
5737527936	0.180322039699999992	0.215782811600000013
5737530936	0.181732775399999991	0.21752911920000001
5737533936	0.181221343700000009	0.217072299299999993
5737536936	0.181876452900000013	0.215225258800000013
5737539936	0.180794185699999999	0.217931071100000012
5737542936	0.180069744700000006	0.21667549450000001
5737545936	0.180666703200000001	0.215493225300000008
5737548936	0.177665125000000007	0.218181495000000003
5737551936	0.181892610700000013	0.21513726259999999
5737554936	0.181359752200000002	0.213923767300000012
5737557936	0.184832554300000007	0.213110952500000006
5737560936	0.182836636100000005	0.208893849800000003
5737563936	0.184113319899999989	0.214230200600000004
5737566936	0.183900845600000001	0.215564473199999995
5737569936	0.185301462	0.209026612199999989
5737572936	0.185606671000000001	0.211312639299999994
5737575936	0.186007129399999999	0.213849306600000011
5737578936	0.1820916531	0.213018758400000008
5737581936	0.18161814300000001	0.214002481800000005
5737584936	0.184861368800000009	0.210563900599999992
5737587936	0.184963529999999987	0.211997466299999993
5737590936	0.185960796600000006	0.212996987700000001
5737593936	0.186863924200000003	0.215213736900000008
5737596936	0.189050038199999992	0.208501327900000005
5737599936	0.186469149800000011	0.213941149400000002
5737602936	0.186159898600000012	0.211107689200000004
5737605936	0.18251689439999999	0.210276086700000003
5737608936	0.1913296991	0.208410405599999987
5737611936	0.188817425499999997	0.204082257399999994
5737614936	0.186640047899999995	0.212083396300000004
5737617936	0.190142051700000009	0.210601791399999988
5737620936	0.188512292400000003	0.209415945399999998
5737623936	0.191374920400000009	0.208241327400000009
5737626936	0.190383665499999993	0.20723095720000001
5737629936	0.192882313	0.207123555600000009
5737632936	0.189788978599999991	0.204625936099999989
5737635936	0.189156962000000012	0.207460184900000011
5737638936	0.186866399699999991	0.208756981499999994
5737641936	0.18913547180000001	0.20617129549999999
5737644936	0.191049615499999992	0.206690504599999991
5737647936	0.192685187499999994	0.204854614500000004
5737650936	0.193486941800000006	0.205705053500000012
5737653936	0.189881451000000007	0.206975993599999991
5737656936	0.190383180000000013	0.206770859000000001
5737659936	0.19468916650000001	0.206016487400000003
5737662936	0.194098514400000005	0.204926335300000012
5737665936	0.198708016799999998	0.206483647399999998
5737668936	0.194552176500000007	0.201423709799999989
5737671936	0.192770919699999987	0.205763758600000013
5737674936	0.195053708200000009	0.20057694949999999
5737677936	0.197545360599999997	0.2050628387
5737680936	0.19476182219999999	0.202192532700000011
5737683936	0.19384921229999999	0.200714781499999995
5737686936	0.194360300300000011	0.206732211700000001
5737689936	0.19719383439999999	0.201416515299999987
5737692936	0.19448959569999999	0.203321558000000013
5737695936	0.19661922879999999	0.202058101800000001
5737698936	0.200927469100000006	0.19928274339999999
5737701936	0.196659252000000007	0.198687565399999988
5737704936	0.197220318899999997	0.203971867599999995
5737707936	0.198174710700000006	0.200589456599999993
5737710936	0.195239029700000011	0.199992303499999996
5737713936	0.197587135599999991	0.204071809900000012
5737716936	0.2009959999	0.200402231200000003
5737719936	0.198679189300000003	0.196408197099999987
5737722936	0.201224331400000012	0.19896622759999999
5737725936	0.199420304100000001	0.200264125799999998
5737728936	0.199871315500000007	0.199120079300000002
5737731936	0.201724401100000006	0.197244446900000009
5737734936	0.197362416799999996	0.2002336901
5737737936	0.197707461899999992	0.200798232699999996
5737740936	0.199787914799999994	0.197300673499999996
5737743936	0.199051879200000004	0.195798032300000008
5737746936	0.205144049999999994	0.196508428499999999
5737749936	0.204128965699999998	0.196058889399999992
5737752936	0.199430292399999987	0.195467004500000013
5737755936	0.203004061699999988	0.1941365008
5737758936	0.201176491900000004	0.193434107599999988
5737761936	0.201633246099999996	0.192308719200000006
5737764936	0.201852287600000013	0.195031541400000008
5737767936	0.203844635400000002	0.195084218300000001
5737770936	0.202268420100000013	0.189890444800000002
5737773936	0.202333145900000011	0.189064685799999993
5737776936	0.205464422799999991	0.194507045600000011
5737779936	0.201880226299999993	0.190981435199999994
5737782936	0.204939848400000013	0.193824023600000006
5737785936	0.209137962099999991	0.189594252099999999
5737788936	0.20790209409999999	0.192829415599999998
5737791936	0.204867539399999993	0.19110279899999999
5737794936	0.206218531799999993	0.19190582040000001
5737797936	0.203055226499999991	0.185780931799999993
5737800936	0.204407400099999997	0.187425463399999992
5737803936	0.204292727099999988	0.186511841099999992
5737806936	0.206460444100000001	0.185925104199999996
5737809936	0.204168692900000004	0.182648891400000013
5737812936	0.209297099600000008	0.186457800400000012
5737815936	0.209127194699999991	0.186993689299999988
5737818936	0.210287219400000003	0.181878685799999995
5737821936	0.211219250200000014	0.185677735499999996
5737824936	0.20493552009999999	0.186656904000000012
5737827936	0.207995666200000012	0.188004360600000003
5737830936	0.212041624900000003	0.184827748200000003
5737833936	0.207223828299999996	0.185268932100000006
5737836936	0.213367883799999991	0.182227455600000005
5737839936	0.209238883799999997	0.181548058799999995
5737842936	0.213938394700000006	0.1823845204
5737845936	0.211966671299999992	0.18319783240000001
5737848936	0.214545590899999999	0.180528100100000005
5737851936	0.211653528300000005	0.179044610399999998
5737854936	0.215676953599999999	0.181081958900000006
5737857936	0.213943108900000012	0.178298284499999987
5737860936	0.215415924499999994	0.180762070699999999
5737863936	0.211988412200000004	0.177953821600000006
5737866936	0.214602376099999992	0.176884008199999998
5737869936	0.213748082300000003	0.174949435600000008
5737872936	0.21503092439999999	0.17907075389999999
5737875936	0.216125908100000014	0.17971102659999999
5737878936	0.214937536200000001	0.175317434800000005
5737881936	0.21595318790000001	0.175247762700000004
5737884936	0.214585910500000004	0.176933585300000001
5737887936	0.213872355300000011	0.175463402699999993
5737890936	0.216813132999999991	0.1769228407
5737893936	0.216778509499999994	0.174022047900000004
5737896936	0.220774223900000011	0.174335955699999989
5737899936	0.216529363199999991	0.173410512200000005
5737902936	0.218407857499999997	0.174937194200000007
5737905936	0.218647228999999998	0.172115114699999988
5737908936	0.215478596200000011	0.171153259299999999
5737911936	0.218168006599999992	0.17436460270000001
5737914936	0.219632479800000002	0.168920726100000002
5737917936	0.217668437500000006	0.167953546000000009
5737920936	0.220055931700000013	0.170589506899999993
5737923936	0.219185759799999991	0.17247452399999999
5737926936	0.222503128299999992	0.171594354000000004
5737929936	0.218565763100000005	0.168351054599999994
5737932936	0.2219840233	0.170806165300000007
5737935936	0.221367965199999989	0.167033675699999995
5737938936	0.221844827200000011	0.164180549600000003
5737941936	0.224748733099999987	0.166648173799999993
5737944936	0.220524645500000005	0.166998875800000002
5737947936	0.222837179200000013	0.164705118600000006
5737950936	0.224635529499999986	0.163046541999999989
5737953936	0.221648256399999993	0.159811426300000003
5737956936	0.22242413820000001	0.162244252499999991
5737959936	0.221577496799999996	0.163425421600000009
5737962936	0.22317595400000001	0.166402195199999992
5737965936	0.221220739400000005	0.159492855999999988
5737968936	0.224387920600000013	0.161113527400000012
5737971936	0.2235669183	0.165232039400000003
5737974936	0.22547612680000001	0.15612214960000001
5737977936	0.223194224200000013	0.162587250399999994
5737980936	0.224448626499999998	0.158881427800000002
5737983936	0.225433813000000011	0.156641024200000006
5737986936	0.224342135199999987	0.154489409900000013
5737989936	0.224333636800000014	0.1560651391
5737992936	0.22200650999999999	0.155320843300000011
5737995936	0.225717071500000005	0.154313534499999988
5737998936	0.224604669899999998	0.1535473688
5738001936	0.22963309409999999	0.15387834680000001
5738004936	0.224555723200000001	0.152934925700000002
5738007936	0.224175135400000003	0.149854451299999997
5738010936	0.227972602400000002	0.153434024199999991
5738013936	0.228620245	0.150121318499999989
5738016936	0.22529710180000001	0.150472743699999995
5738019936	0.229476076899999992	0.1482904736
5738022936	0.229677940100000005	0.149780018999999986
5738025936	0.231648318800000003	0.149596488299999997
5738028936	0.225140673499999999	0.148367483100000003
5738031936	0.228513964699999989	0.150558394699999987
5738034936	0.227842497599999999	0.146377040200000003
5738037936	0.229010993999999996	0.144981685700000001
5738040936	0.228937989300000005	0.146108270600000006
5738043936	0.232767184799999999	0.143816495500000002
5738046936	0.230235015500000001	0.144452240199999998
5738049936	0.22821545800000001	0.1435412566
5738052936	0.232414957700000008	0.143564864900000005
5738055936	0.232308732200000007	0.14209001839999999
5738058936	0.22831294399999999	0.140487647900000012
5738061936	0.232642589399999988	0.142121165699999996
5738064936	0.231294182500000001	0.139355248799999998
5738067936	0.231973481300000006	0.134624521400000002
5738070936	0.234633362300000009	0.136555425000000008
5738073936	0.235267775499999998	0.139867468900000014
5738076936	0.228551472400000011	0.13394703790000001
5738079936	0.232090490300000007	0.133943904199999991
5738082936	0.231674441399999986	0.1366268343
5738085936	0.23147530999999999	0.136416665800000003
5738088936	0.230913577000000009	0.13531730119999999
5738091936	0.2326317631	0.1294956159
5738094936	0.2317939678	0.132374927000000003
5738097936	0.234803020000000001	0.130612031200000006
5738100936	0.233977540499999997	0.125938628299999994
5738103936	0.235351916800000005	0.128248480400000003
5738106936	0.234426931899999996	0.126267750499999998
5738109936	0.235734080699999987	0.124799927699999993
5738112936	0.234120082000000007	0.125327505300000003
5738115936	0.231983181099999991	0.125650132100000006
5738118936	0.232994423899999997	0.126021451099999987
5738121936	0.235325818800000003	0.123102998300000002
5738124936	0.237930470700000007	0.124479234499999994
5738127936	0.233790793800000007	0.119228063600000003
5738130936	0.23246206450000001	0.122323703699999994
5738133936	0.232322294900000004	0.119780173200000006
5738136936	0.231053202000000013	0.119862112699999995
5738139936	0.232300935699999989	0.117985422600000001
5738142936	0.231667117899999997	0.116681602400000001
5738145936	0.23120730980000001	0.115927580299999999
5738148936	0.231749132899999988	0.119703850900000006
5738151936	0.235825528000000006	0.115202220300000005
5738154936	0.233327233699999997	0.113580993599999999
5738157936	0.234262559199999998	0.112427587699999998
5738160936	0.23742206099999999	0.111905772700000003
5738163936	0.234725889699999996	0.109854443100000004
5738166936	0.233292209599999995	0.107317098099999994
5738169936	0.231744667900000006	0.106547398000000001
5738172936	0.234523397699999997	0.106337149300000003
5738175936	0.231746426499999991	0.108722947099999995
5738178936	0.232426473699999997	0.103139160999999993
5738181936	0.233945191599999991	0.101849798899999996
5738184936	0.232470844499999996	0.104428627699999999
5738187936	0.235657084200000005	0.0989426662000000012
5738190936	0.233176297300000002	0.101259653500000005
5738193936	0.230684391900000008	0.101169917299999995
5738196936	0.231033009499999997	0.0987938819999999995
5738199936	0.234462801800000009	0.101953328900000001
5738202936	0.231582584199999997	0.100732149100000001
5738205936	0.23147292559999999	0.0952121595000000043
5738208936	0.232446281899999996	0.0942325231000000069
5738211936	0.231940992600000007	0.0958154299999999931
5738214936	0.227184227399999994	0.0935124960999999949
5738217936	0.235069757099999999	0.0925348933999999984
5738220936	0.230373664400000011	0.0902714981999999944
5738223936	0.229891473799999996	0.0880929941000000022
5738226936	0.228103396200000003	0.0869601886999999962
5738229936	0.22777026789999999	0.0860437609999999964
5738232936	0.232800386100000006	0.0881156022999999983
5738235936	0.227529830799999999	0.084956581500000003
5738238936	0.222293531699999991	0.0830568054000000028
5738241936	0.230681297899999999	0.0836833708000000037
5738244936	0.226960682200000013	0.0830657454000000017
5738247936	0.22805457970000001	0.0846488457000000027
5738250936	0.227186024399999992	0.0811207038999999935
5738253936	0.227659239200000002	0.0810316548000000053
5738256936	0.227263998699999997	0.0809678764999999939
5738259936	0.222289208300000013	0.0720226325000000028
5738262936	0.224744579400000005	0.0742061007999999939
5738265936	0.224388542100000005	0.0733787251000000001
5738268936	0.222147055799999993	0.0722728995999999957
5738271936	0.226583219800000013	0.0701926348000000006
5738274936	0.221473660699999991	0.0716464784000000049
5738277936	0.22340015760000001	0.0663723853999999974
5738280936	0.223226308699999987	0.063712408799999995
5738283936	0.221250889400000011	0.0677454559000000012
5738286936	0.221882550900000003	0.0644466709000000026
5738289936	0.222162733299999998	0.0686222999000000028
5738292936	0.213603675900000012	0.0643453192999999951
5738295936	0.21317107560000001	0.0607116129000000032
5738298936	0.218375426499999997	0.0600371256999999992
5738301936	0.216016060600000004	0.0620070309000000028
5738304936	0.216723805699999994	0.054748078399999997
5738307936	0.214047668999999996	0.0577963895000000033
5738310936	0.215248801099999998	0.056852985100000003
5738313936	0.214364353099999988	0.0526232921000000034
5738316936	0.215154406699999995	0.0564142418000000007
5738319936	0.211640606300000006	0.0524417006000000019
5738322936	0.209670554700000011	0.0484069578999999986
5738325936	0.208080212600000009	0.0521278035000000001
5738328936	0.207011674400000012	0.0531518774999999999
5738331936	0.210607812300000002	0.049444779799999998
5738334936	0.204362517500000007	0.0494249769000000005
5738337936	0.204532151500000009	0.0490221455000000028
5738340936	0.20522380409999999	0.0464122177000000011
5738343936	0.203359830999999991	0.0410488315000000006
5738346936	0.201427478800000004	0.0447709888000000014
5738349936	0.198473171300000001	0.0422973322999999971
5738352936	0.196640488299999999	0.0433001042000000017
5738355936	0.202405028799999998	0.0405756320000000004
5738358936	0.196697977800000007	0.0394706184999999987
5738361936	0.192251159499999991	0.042579210200000002
5738364936	0.193845525800000001	0.0402035011999999983
5738367936	0.187916147799999989	0.0356001459999999992
5738370936	0.191483597199999994	0.0392746719999999966
5738373936	0.192481335700000006	0.0318012608000000016
5738376936	0.193145143600000013	0.0326871611000000006
5738379936	0.186653731399999995	0.0376717811000000027
5738382936	0.18846569660000001	0.035778607300000001
5738385936	0.183837677199999994	0.0331088302000000015
5738388936	0.183307352000000007	0.0318826058999999995
5738391936	0.184187051600000012	0.0279074586999999985
5738394936	0.182286427599999995	0.0322143457000000008
5738397936	0.180031852999999992	0.032224066099999997
5738400936	0.176812792899999988	0.0327243020999999981
5738403936	0.177443953799999998	0.0306065503000000003
5738406936	0.171375686599999993	0.0304320933999999987
5738409936	0.173104588899999995	0.0289895176999999983
5738412936	0.166931664000000007	0.0285195482000000014
5738415936	0.169564823199999992	0.0330854277999999974
5738418936	0.173050337199999987	0.0307931323000000014
5738421936	0.167139202600000009	0.0289390331999999986
5738424936	0.162348147700000001	0.0284618152000000006
5738427936	0.166255077100000009	0.0262993392000000006
5738430936	0.15738422760000001	0.0264295826000000011
5738433936	0.159910534100000001	0.0273629191999999986
5738436936	0.158808589899999991	0.0278663260000000003
5738439936	0.15699586900000001	0.0273999307999999997
5738442936	0.152993814899999997	0.0272398852000000011
5738445936	0.155535767800000002	0.023277987
5738448936	0.151278931799999988	0.0290430731000000004
5738451936	0.149057937299999999	0.0216600950999999986
5738454936	0.150260756699999998	0.0251837229000000003
5738457936	0.145339740599999989	0.0220864225000000011
5738460936	0.143153282999999992	0.0244922106000000014
5738463936	0.145600752500000014	0.0231789035999999983
5738466936	0.141409096600000006	0.0289929552
5738469936	0.13870829400000001	0.0224007815000000013
5738472936	0.134804695499999988	0.0264682018000000005
5738475936	0.135497911299999996	0.0248397888999999997
5738478936	0.132000329999999999	0.025769964900000001
5738481936	0.127779735700000008	0.027790272500000001
5738484936	0.133693214100000013	0.0272640060000000004
5738487936	0.132390161099999987	0.0281151291000000005
5738490936	0.128056336200000009	0.0275812180000000011
5738493936	0.123116735399999996	0.0259806677000000014
5738496936	0.127041246100000005	0.0286851116000000003
5738499936	0.122538118000000001	0.028098690400000001
5738502936	0.122848589499999994	0.0287957444
5738505936	0.118769618199999996	0.0327703077000000009
5738508936	0.120100629299999997	0.030278522799999999
5738511936	0.118175919800000001	0.0314533238000000021
5738514936	0.114691129599999997	0.0293054649000000014
5738517936	0.111718655099999994	0.0359015852000000024
5738520936	0.112338624200000001	0.0340405637999999997
5738523936	0.109750665400000003	0.0337616015000000019
5738526936	0.111495708400000004	0.0365066385000000007
5738529936	0.108995912400000006	0.0382634946000000031
5738532936	0.109462753600000004	0.0374336221000000011
5738535936	0.107745455800000001	0.0414660440000000005
5738538936	0.106604766599999998	0.0384994573999999992
5738541936	0.1042317928	0.0437229785000000024
5738544936	0.105201175800000005	0.0436883777000000029
5738547936	0.100682562500000003	0.0438819983999999969
5738550936	0.0985936069000000054	0.042737725499999997
5738553936	0.0994014837999999956	0.0446881439999999991
5738556936	0.0951214357000000066	0.0464617723000000024
5738559936	0.0937745454000000062	0.0450676666000000004
5738562936	0.0935489340999999947	0.0501159975999999965
5738565936	0.0960650086999999958	0.0501890758999999978
5738568936	0.0938903407999999995	0.0492522505999999985
5738571936	0.0919015995000000002	0.0512107747999999974
5738574936	0.0896575388000000056	0.0514269541999999996
5738577936	0.0887379125999999963	0.054930267900000003
5738580936	0.0888025112999999977	0.0514049649000000025
5738583936	0.0889552447999999996	0.0536184396999999993
5738586936	0.0855168451999999968	0.0570296645000000005
5738589936	0.0862221395999999973	0.0571850281000000002
5738592936	0.0820834473999999953	0.0596084221999999969
5738595936	0.0812599326999999955	0.0612486668999999984
5738598936	0.0836546068999999975	0.064503765099999999
5738601936	0.0830669534999999987	0.0634386625000000065
5738604936	0.0823485260000000052	0.0635121166999999959
5738607936	0.0816276846	0.0646046881999999961
5738610936	0.0828491296000000016	0.0654639040999999977
5738613936	0.0824363315000000013	0.069438481199999999
5738616936	0.0794575262000000032	0.0689327655000000067
5738619936	0.0801982205000000004	0.0693713276000000045
5738622936	0.0795638753999999976	0.0735399429999999965
5738625936	0.0780965282999999955	0.070836703599999995
5738628936	0.0776112010000000047	0.0727522674999999952
5738631936	0.0748162765000000007	0.0777817506000000047
5738634936	0.0767370680000000055	0.0761396552000000032
5738637936	0.0771379471000000067	0.0767071341999999989
5738640936	0.0759413679000000008	0.0806825786999999933
5738643936	0.0752493857000000044	0.0828143518000000051
5738646936	0.0746021531999999932	0.0854804041999999986
5738649936	0.0744725331999999962	0.084373521600000001
5738652936	0.0768791625000000006	0.0854267239999999956
5738655936	0.0724488659000000063	0.0862546181999999939
5738658936	0.0741390618999999973	0.0851305061999999974
5738661936	0.0758789463999999941	0.0858673122999999983
5738664936	0.0762595288000000038	0.0876722835000000034
5738667936	0.0732499590000000034	0.0922321817999999932
5738670936	0.0707936192000000047	0.0907924808999999999
5738673936	0.0742456150999999953	0.0938075562999999973
5738676936	0.0742867690000000025	0.0954563550000000066
5738679936	0.0758252813000000053	0.096251246700000001
5738682936	0.0761110960000000031	0.0936780254000000034
5738685936	0.0741459119	0.100829323799999995
5738688936	0.0760300252000000037	0.0989421939000000028
5738691936	0.0716306406000000034	0.098737216099999997
5738694936	0.0731382641999999972	0.104417355000000003
5738697936	0.0755586938000000069	0.102910184799999999
5738700936	0.0720356258999999971	0.104044101099999994
5738703936	0.0773023840000000018	0.107860172800000001
5738706936	0.0729575927000000041	0.107776017200000004
5738709936	0.075222731000000001	0.108090809699999998
5738712936	0.0749420578999999976	0.109019163099999997
5738715936	0.0778546487000000009	0.109468760900000003
5738718936	0.074846895400000002	0.109529549700000006
5738721936	0.0742571746999999976	0.113873531799999997
5738724936	0.0786480330000000061	0.109511749500000005
5738727936	0.0765479770999999976	0.112104531300000004
5738730936	0.0751272505000000063	0.113402701199999997
5738733936	0.0764210767000000069	0.114496754500000006
5738736936	0.0735344809000000044	0.113313599000000001
5738739936	0.0779728405000000013	0.1159785131
5738742936	0.0841036790000000006	0.115955656399999996
5738745936	0.0776690453999999975	0.1194138171
5738748936	0.0750996101999999999	0.119322130400000004
5738751936	0.0779164519000000028	0.118914352299999998
5738754936	0.0789828545999999992	0.122758394300000004
5738757936	0.080081232799999999	0.124168023099999997
5738760936	0.079945034799999995	0.125150986200000008
5738763936	0.0809855965000000066	0.124776198099999999
5738766936	0.0806011851999999945	0.127300500799999994
5738769936	0.083717702300000002	0.126387516899999997
5738772936	0.0803837394000000011	0.124413581800000006
5738775936	0.0812468202	0.127718123399999994
5738778936	0.0798262666999999954	0.12920500909999999
5738781936	0.0837330522000000049	0.130132185000000011
5738784936	0.0868826209999999932	0.127464067699999989
5738787936	0.0854096617000000002	0.130547435600000011
5738790936	0.080606913500000002	0.132810158000000011
5738793936	0.0836243908000000036	0.136532164600000006
5738796936	0.0847449383000000028	0.132255201300000014
5738799936	0.0834116424999999939	0.13440006169999999
5738802936	0.0851777848999999976	0.1308044498
5738805936	0.0863418308999999995	0.135606508099999995
5738808936	0.0872220358000000001	0.135198406599999987
5738811936	0.0872110559999999951	0.13841958439999999
5738814936	0.0874866856000000026	0.135651072399999989
5738817936	0.0878558309000000009	0.1373360364
5738820936	0.0881852124000000043	0.137596598200000003
5738823936	0.0876824766000000033	0.137301910599999993
5738826936	0.0937267744999999985	0.138642752899999999
5738829936	0.0909772328000000019	0.141733338399999992
5738832936	0.0891054361999999989	0.141563100800000008
5738835936	0.0949380133999999931	0.142323335899999986
5738838936	0.0894177329999999992	0.143750084599999994
5738841936	0.0933471421000000023	0.139246840000000011
5738844936	0.0903892443999999989	0.141832889900000009
5738847936	0.0920904003999999943	0.14186087180000001
5738850936	0.0897052051999999989	0.145024557100000007
5738853936	0.090968415299999994	0.146897915800000001
5738856936	0.0896281530000000021	0.145939152399999994
5738859936	0.0978872778000000054	0.148821793300000005
5738862936	0.0976065688999999959	0.14495794540000001
5738865936	0.0943486783000000023	0.14628630170000001
5738868936	0.0944476922999999968	0.142663969400000007
5738871936	0.0949064448999999977	0.147352686199999999
5738874936	0.0961831524999999937	0.146656701299999997
5738877936	0.0953895550999999953	0.14862394009999999
5738880936	0.0996536546999999967	0.149269099399999994
5738883936	0.0960413157999999989	0.145945688200000007
5738886936	0.0980803682000000038	0.148881923400000005
5738889936	0.097822661800000002	0.1502458448
5738892936	0.100321471999999995	0.148620819799999998
5738895936	0.102197956399999998	0.152018518800000002
5738898936	0.0987028774999999942	0.147731155400000008
5738901936	0.100713165800000004	0.148401166800000012
5738904936	0.1004009966	0.151969025400000013
5738907936	0.105396584099999996	0.151030404600000001
5738910936	0.101834502100000002	0.151138602300000008
5738913936	0.103603595399999998	0.15377826389999999
5738916936	0.105856796099999997	0.153659897600000012
5738919936	0.108305348999999995	0.151636568700000002
5738922936	0.106521306499999996	0.15128346740000001
5738925936	0.104119465100000003	0.154304026600000005
5738928936	0.106335171199999995	0.149408911599999999
5738931936	0.107396764199999994	0.153177443599999991
5738934936	0.105674603199999995	0.152762421199999998
5738937936	0.106912280999999998	0.155848187700000002
5738940936	0.107619723599999995	0.153846163000000008
5738943936	0.110505361799999993	0.154260195900000008
5738946936	0.111939919799999996	0.152725076300000012
5738949936	0.111771067000000002	0.159620733699999989
5738952936	0.109942401300000006	0.158206842600000008
5738955936	0.108301498699999998	0.156931737500000001
5738958936	0.111229899300000004	0.151881151500000006
5738961936	0.114629863400000004	0.158456307600000013
5738964936	0.111100247999999999	0.154980302900000005
5738967936	0.112467526900000003	0.158526897700000002
5738970936	0.111080821299999993	0.155020809199999998
5738973936	0.115935276800000001	0.155999700299999988
5738976936	0.116858393399999996	0.160396883600000012
5738979936	0.113524855699999996	0.157534450599999987
5738982936	0.114245903999999995	0.154920162899999991
5738985936	0.117546942299999999	0.159778828099999992
5738988936	0.115870683299999999	0.160237959900000004
5738991936	0.116119876100000005	0.162022425599999992
5738994936	0.115711172599999995	0.163783124700000005
5738997936	0.121326320200000004	0.157679692799999993
5739000936	0.122626372999999997	0.158926698499999991
5739003936	0.119263399800000003	0.156478178999999995
5739006936	0.120560535699999999	0.161073809600000006
5739009936	0.119962622399999996	0.160985616999999998
5739012936	0.120661326700000002	0.158876497799999988
5739015936	0.121412288800000004	0.158214026899999999
5739018936	0.120852120600000001	0.159572953999999989
5739021936	0.121435600899999996	0.163608039099999991
5739024936	0.122590372000000003	0.160016947999999992
5739027936	0.122764651700000005	0.159626741600000011
5739030936	0.122756853799999996	0.161759731600000012
5739033936	0.122745052800000004	0.157080529400000002
5739036936	0.120976388399999996	0.161296970799999995
5739039936	0.124062548600000003	0.161261472600000011
5739042936	0.126726123800000007	0.155002981900000003
5739045936	0.128230712599999991	0.162775167599999993
5739048936	0.127886334800000001	0.164682965699999989
5739051936	0.126251081799999998	0.161311401900000012
5739054936	0.127319860899999998	0.16139854540000001
5739057936	0.125459283599999999	0.161778480100000011
5739060936	0.126881897999999993	0.160614643800000012
5739063936	0.126601297899999993	0.156396140200000006
5739066936	0.130724883099999994	0.16058592390000001
5739069936	0.1276511756	0.159289185100000008
5739072936	0.130473132399999997	0.161554295600000009
5739075936	0.128232003900000002	0.160597466900000013
5739078936	0.129229608299999993	0.160801476800000009
5739081936	0.130775986799999994	0.163358137200000003
5739084936	0.13038819430000001	0.162458552099999987
5739087936	0.130440433599999989	0.159418298300000011
5739090936	0.133326854900000014	0.16090367659999999
5739093936	0.132509957000000012	0.162040627999999992
5739096936	0.133569119200000003	0.162187328399999997
5739099936	0.132461603600000005	0.165585657899999988
5739102936	0.135660465499999994	0.164600896699999999
5739105936	0.134140883900000008	0.158419253399999987
5739108936	0.135836204500000002	0.161724225500000013
5739111936	0.137905585200000014	0.160654678400000001
5739114936	0.133524722499999998	0.161379883800000012
5739117936	0.136555383100000011	0.162307705299999994
5739120936	0.1352308079	0.160843742399999989
5739123936	0.135051814399999998	0.161955938900000013
5739126936	0.139714359499999996	0.160085712200000008
5739129936	0.139192467900000005	0.162113313399999986
5739132936	0.135978726999999994	0.164179696200000003
5739135936	0.134340356800000005	0.162180992299999993
5739138936	0.142833898900000006	0.164231303100000003
5739141936	0.139828206600000005	0.161331295300000011
5739144936	0.138915712299999994	0.162431456899999993
5739147936	0.140453394300000006	0.162057490999999998
5739150936	0.139066623100000009	0.162484965099999989
5739153936	0.143042798599999993	0.160920902100000013
5739156936	0.139447609800000011	0.161939831000000006
5739159936	0.142506391399999988	0.162328292699999988
5739162936	0.139044627400000009	0.159280041300000008
5739165936	0.142652830099999989	0.159495781199999992
5739168936	0.14571638449999999	0.162868076299999998
5739171936	0.142595182300000012	0.162382527299999996
5739174936	0.143982328900000012	0.164887338100000003
5739177936	0.142242590000000002	0.160533717999999992
5739180936	0.146569138200000004	0.166275802700000003
5739183936	0.145576845300000007	0.162920251999999988
5739186936	0.141426118099999998	0.16053498799999999
5739189936	0.14404612750000001	0.164293813600000005
5739192936	0.147702634500000013	0.163391468900000003
5739195936	0.145601194099999998	0.162282889099999994
5739198936	0.148620079500000002	0.162877364299999994
5739201936	0.147029030700000007	0.163068798300000012
5739204936	0.1502549195	0.161860301699999987
5739207936	0.146050206900000007	0.159623992299999989
5739210936	0.147316831499999995	0.16426971030000001
5739213936	0.147878167300000002	0.161127470200000011
5739216936	0.152989573699999992	0.159737457500000013
5739219936	0.146870180299999986	0.161837965
5739222936	0.150551136599999996	0.164458164900000009
5739225936	0.148915206599999989	0.16130051070000001
5739228936	0.146327240299999994	0.162647782299999988
5739231936	0.150109493700000013	0.158678042500000005
5739234936	0.150537132900000009	0.160759211399999991
5739237936	0.149407326600000001	0.162899191500000012
5739240936	0.152621361099999991	0.159198326899999992
5739243936	0.151293686900000002	0.15951296479999999
5739246936	0.152171817600000009	0.159168681899999997
5739249936	0.150612050999999997	0.1627106891
5739252936	0.152402517300000012	0.164653011200000005
5739255936	0.156151333199999992	0.16097399200000001
5739258936	0.152920727199999995	0.160256098000000013
5739261936	0.155517121799999991	0.157731795300000005
5739264936	0.155426011899999994	0.159746489299999989
5739267936	0.153876850700000012	0.159498719799999994
5739270936	0.15188140859999999	0.162413900400000005
5739273936	0.159140706900000012	0.163656807099999996
5739276936	0.15580803330000001	0.156004589100000007
5739279936	0.152495874599999998	0.163407511499999991
5739282936	0.158638651299999989	0.158134708099999993
5739285936	0.155259297600000012	0.162099420100000002
5739288936	0.15800317920000001	0.161082957100000007
5739291936	0.156756564799999998	0.157406724400000003
5739294936	0.157039874800000007	0.160280033699999991
5739297936	0.160062869400000002	0.156811507399999994
5739300936	0.159909485500000004	0.160108648699999995
5739303936	0.157704060099999988	0.162238220799999999
5739306936	0.156618978999999992	0.160973183299999989
5739309936	0.162693358099999991	0.159509758299999999
5739312936	0.161606396900000004	0.163884370000000001
5739315936	0.161715209999999998	0.155530949299999999
5739318936	0.156017188899999992	0.159560555699999995
5739321936	0.160799479299999992	0.160603883800000014
5739324936	0.159875088500000012	0.155455530300000005
5739327936	0.162128947999999995	0.159866692300000002
5739330936	0.162420387599999994	0.160911324500000008
5739333936	0.159197325899999992	0.159623568999999993
5739336936	0.158966079799999993	0.158786323199999996
5739339936	0.163094845300000013	0.160255495599999992
5739342936	0.164880812300000013	0.161724679399999988
5739345936	0.165318707000000009	0.158267008600000009
5739348936	0.161669196799999998	0.159837656800000005
5739351936	0.163211487900000007	0.160003688799999988
5739354936	0.1632293041	0.158079945100000008
5739357936	0.163665331999999997	0.16299166000000001
5739360936	0.166106763099999999	0.158516638099999996
5739363936	0.162997040799999993	0.161984337400000011
5739366936	0.166745476199999992	0.15676741520000001
5739369936	0.165597541799999998	0.155000127099999996
5739372936	0.164688081300000011	0.15515773690000001
5739375936	0.164487219699999992	0.157376016400000013
5739378936	0.165291143599999996	0.158421995700000012
5739381936	0.165479568800000004	0.161191666300000008
5739384936	0.169147308299999993	0.155965398300000002
5739387936	0.170652677400000008	0.157952669299999987
5739390936	0.165551782300000005	0.158669007599999995
5739393936	0.170810493799999991	0.15870394639999999
5739396936	0.172003863899999998	0.15703915169999999
5739399936	0.1650103822	0.160605909699999994
5739402936	0.170439515399999991	0.156460966899999998
5739405936	0.170456076900000003	0.154594982299999989
5739408936	0.169948726800000005	0.157597042800000003
5739411936	0.171277109900000002	0.155466410400000005
5739414936	0.166403246899999996	0.158011043200000006
5739417936	0.167923469900000011	0.157325846200000008
5739420936	0.168237120500000004	0.158094907600000001
5739423936	0.169440864200000013	0.154871118700000004
5739426936	0.174759987899999997	0.159385443399999993
5739429936	0.171483747299999989	0.158433869300000002
5739432936	0.171088953399999993	0.155099089999999995
5739435936	0.166609208799999992	0.155488653300000002
5739438936	0.173698654300000005	0.155844670500000004
5739441936	0.173140044900000012	0.154011685499999995
5739444936	0.172252395499999988	0.15423080489999999
5739447936	0.175331872899999991	0.154398026900000013
5739450936	0.176115512599999996	0.156487986299999993
5739453936	0.173155110000000001	0.154455872200000011
5739456936	0.17369357869999999	0.154742259699999996
5739459936	0.172870497699999986	0.152919717499999996
5739462936	0.17650933860000001	0.154596831200000007
5739465936	0.172473821899999991	0.152589554099999997
5739468936	0.172587438300000007	0.15622381560000001
5739471936	0.176677052499999987	0.154836418300000001
5739474936	0.175078186599999991	0.154246864399999989
5739477936	0.172962422700000007	0.155607877000000006
5739480936	0.176475393799999991	0.154813573300000007
5739483936	0.177727438399999993	0.155427988399999994
5739486936	0.1788177024	0.152882989299999994
5739489936	0.178927130900000009	0.153573962400000014
5739492936	0.176707115800000009	0.153453517399999989
5739495936	0.177905795199999994	0.153187472299999988
5739498936	0.178112262500000007	0.152522248700000002
5739501936	0.179924401900000003	0.151365350300000007
5739504936	0.174868650699999989	0.154581326800000002
5739507936	0.1792720696	0.152047038299999993
5739510936	0.177227039100000011	0.150008820900000006
5739513936	0.180613531399999999	0.15241020059999999
5739516936	0.176578035999999994	0.149522198800000006
5739519936	0.177761196399999988	0.152771677800000005
5739522936	0.179930438100000006	0.1564061011
5739525936	0.180372179599999988	0.154730471700000011
5739528936	0.177208606600000013	0.14934667900000001
5739531936	0.181851269600000004	0.149926001000000003
5739534936	0.179590060699999998	0.151472867700000013
5739537936	0.180715977199999989	0.150478979499999999
5739540936	0.180542124299999995	0.150419510400000012
5739543936	0.179934926899999986	0.151031154899999992
5739546936	0.179589611300000007	0.148240779500000003
5739549936	0.181993712400000007	0.152461517299999988
5739552936	0.180803179300000005	0.150405593000000004
5739555936	0.182157230199999992	0.145689095600000013
5739558936	0.184182459800000004	0.151648397900000009
5739561936	0.180587900200000012	0.151007270500000013
5739564936	0.182719874700000007	0.146444279300000008
5739567936	0.183002029199999999	0.149523313800000002
5739570936	0.182824578999999987	0.148994492899999997
5739573936	0.181378667900000012	0.150094606200000008
5739576936	0.179377890000000012	0.150134860600000003
5739579936	0.181714187400000005	0.14477011640000001
5739582936	0.183503958800000005	0.145858492499999992
5739585936	0.186163793399999999	0.146912228199999995
5739588936	0.186627222199999998	0.145366956200000008
5739591936	0.184238797199999998	0.148559095299999999
5739594936	0.18547049739999999	0.151139269999999992
5739597936	0.183393969699999992	0.147707732600000002
5739600936	0.187841715999999992	0.147480263800000011
5739603936	0.185774503600000002	0.144497729299999988
5739606936	0.182307804699999992	0.148942792200000007
5739609936	0.186209619599999987	0.148198900299999992
5739612936	0.186729238699999994	0.145497267200000002
5739615936	0.186563239500000005	0.145541543699999998
5739618936	0.187996878400000011	0.148326159900000004
5739621936	0.189147931999999991	0.14668034960000001
5739624936	0.1857788675	0.148537832099999989
5739627936	0.186672555399999995	0.147405614800000001
5739630936	0.182973493200000004	0.145365276200000004
5739633936	0.188987409500000009	0.144889734800000003
5739636936	0.186823546400000012	0.146216926999999997
5739639936	0.19018501639999999	0.146218614400000002
5739642936	0.189917299600000006	0.149018333400000008
5739645936	0.191127349400000007	0.147747534200000002
5739648936	0.186486821999999997	0.144364688600000013
5739651936	0.189444830199999997	0.142579506200000011
5739654936	0.191811411099999995	0.143286034300000004
5739657936	0.18690267499999999	0.143486736499999989
5739660936	0.188750345300000011	0.143227654199999999
5739663936	0.190406492799999993	0.143717124800000012
5739666936	0.189771723100000012	0.14415706419999999
5739669936	0.190880836199999987	0.143774987500000007
5739672936	0.189429120899999998	0.142662956400000013
5739675936	0.186940931000000005	0.143310903500000003
5739678936	0.1904275889	0.1458045127
5739681936	0.190087236500000006	0.138082638000000008
5739684936	0.192394560599999986	0.141681490399999999
5739687936	0.191969225900000012	0.139547300200000002
5739690936	0.1931952532	0.141539880700000009
5739693936	0.191088615200000006	0.140467081699999996
5739696936	0.191206821199999988	0.140711128200000007
5739699936	0.191977023999999996	0.144150903400000002
5739702936	0.193688044100000012	0.140651379999999993
5739705936	0.191109038799999992	0.137671114600000005
5739708936	0.189188924600000002	0.1389652787
5739711936	0.193226680600000006	0.14166678499999999
5739714936	0.196354583400000005	0.142683782199999998
5739717936	0.195676980299999997	0.141431425599999994
5739720936	0.189231875500000007	0.140601312400000011
5739723936	0.197922301500000009	0.140027826900000013
5739726936	0.193263018600000003	0.136356012199999987
5739729936	0.194780347800000003	0.141855651500000013
5739732936	0.194169700000000001	0.139456398499999995
5739735936	0.195371559199999989	0.140479807000000012
5739738936	0.194643291200000013	0.140463844000000004
5739741936	0.193783780999999988	0.138806912899999996
5739744936	0.197538448300000002	0.136979570299999992
5739747936	0.19431719019999999	0.138940785799999994
5739750936	0.1963306467	0.136572679499999988
5739753936	0.193280385100000007	0.136620578100000001
5739756936	0.197663605999999992	0.137169059600000004
5739759936	0.196593453000000001	0.139541410599999999
5739762936	0.194938589699999998	0.138802581199999997
5739765936	0.19354685290000001	0.136267616400000013
5739768936	0.196794357800000014	0.139132591100000008
5739771936	0.195986752699999989	0.13637119989999999
5739774936	0.196510150900000014	0.1375160936
5739777936	0.198266457000000007	0.138748071800000011
5739780936	0.200433910500000007	0.137435141799999994
5739783936	0.198610183100000004	0.1386974765
5739786936	0.196486450400000012	0.13674807550000001
5739789936	0.195013309500000009	0.136595362400000003
5739792936	0.198343600799999992	0.139011381099999998
5739795936	0.1983532613	0.136681271800000004
5739798936	0.199575111400000005	0.133733027799999987
5739801936	0.200155039700000009	0.136120871700000007
5739804936	0.199493929900000005	0.134832062800000013
5739807936	0.20083925150000001	0.138129515600000002
5739810936	0.198781592000000007	0.139707860999999989
5739813936	0.199850051800000011	0.133189150799999989
5739816936	0.199878573199999993	0.136150761799999992
5739819936	0.202197891600000013	0.133715015800000003
5739822936	0.197489911900000009	0.132471053000000005
5739825936	0.200088125499999991	0.137464826000000012
5739828936	0.19873399080000001	0.130002762599999988
5739831936	0.199979014399999988	0.131420914700000002
5739834936	0.200655010599999989	0.134271410499999994
5739837936	0.201891675100000001	0.139053027400000001
5739840936	0.199360796300000004	0.133965132900000006
5739843936	0.199899646900000005	0.136324859699999995
5739846936	0.20122980339999999	0.131491149000000002
5739849936	0.202406996300000003	0.135583567799999999
5739852936	0.201477649399999986	0.134787604000000005
5739855936	0.202889373699999986	0.133564887399999999
5739858936	0.199702844399999996	0.132314357399999999
5739861936	0.202255133199999992	0.132228844799999995
5739864936	0.20092695390000001	0.133806165000000005
5739867936	0.200008124900000001	0.13068537529999999
5739870936	0.203000045600000012	0.13460781899999999
5739873936	0.205682025699999993	0.133660953500000013
5739876936	0.205735412199999995	0.13136586950000001
5739879936	0.202271673000000013	0.130408711799999993
5739882936	0.201041732100000009	0.130118881800000002
5739885936	0.203246121599999996	0.126046300500000014
5739888936	0.206258403099999987	0.131172842900000003
5739891936	0.203972392599999996	0.131234625500000007
5739894936	0.206062904399999997	0.134608640299999999
5739897936	0.205825238299999991	0.130308369400000013
5739900936	0.207022405500000006	0.13160127969999999
5739903936	0.204663096500000002	0.128786491599999997
5739906936	0.202677832899999993	0.12891914539999999
5739909936	0.204556598000000006	0.130027624300000005
5739912936	0.204773935500000004	0.129694003800000013
5739915936	0.204730874600000001	0.1287246524
5739918936	0.203294630100000012	0.129985564299999995
5739921936	0.206324334199999987	0.125590399399999997
5739924936	0.204672764899999998	0.126333342300000012
5739927936	0.208424356499999991	0.127568975499999987
5739930936	0.207654765699999994	0.131381311599999995
5739933936	0.207107929699999999	0.129579980900000002
5739936936	0.208621652800000001	0.126931490199999997
5739939936	0.20787814369999999	0.130862107100000014
5739942936	0.205037182499999998	0.123461112900000003
5739945936	0.209952186699999988	0.126308381599999991
5739948936	0.209184289500000009	0.128363204799999991
5739951936	0.205238053199999992	0.127187015600000008
5739954936	0.2082091519	0.129791360200000011
5739957936	0.209002651799999994	0.128678845900000005
5739960936	0.206718710899999991	0.125549533099999999
5739963936	0.209830873100000009	0.126547563899999993
5739966936	0.208445491600000005	0.127478408099999996
5739969936	0.209736012299999997	0.124883567799999998
5739972936	0.208599982999999989	0.125785695599999997
5739975936	0.206785860799999999	0.126166106400000005
5739978936	0.211242625200000006	0.124674358299999996
5739981936	0.208445663599999997	0.123831979800000005
5739984936	0.206972468699999995	0.124809821299999998
5739987936	0.207861735999999991	0.123766882499999994
5739990936	0.209809036899999996	0.120422616499999996
5739993936	0.211041272800000013	0.124768105500000004
5739996936	0.209303536200000001	0.123909473699999995
5739999936	0.211864975300000008	0.123563888600000005
5740002936	0.212230805200000011	0.125661879899999995
5740005936	0.210166792999999991	0.124145873500000004
5740008936	0.210591497399999994	0.125349455299999996
5740011936	0.210915290199999994	0.119511740599999999
5740014936	0.210318599599999989	0.127817415500000003
5740017936	0.210021111499999996	0.123711554299999998
5740020936	0.211720819700000007	0.125701822699999993
5740023936	0.207597125399999999	0.123404367500000001
5740026936	0.211696366800000008	0.124860391599999995
5740029936	0.215789586199999994	0.122097186100000005
5740032936	0.212877939900000007	0.122034951899999994
5740035936	0.215537058899999995	0.122994220299999998
5740038936	0.212484426700000006	0.119792311499999998
5740041936	0.210001418500000009	0.119192753900000004
5740044936	0.214115469499999989	0.123616572899999999
5740047936	0.211958226199999988	0.123001599700000006
5740050936	0.211684310799999997	0.120695474299999994
5740053936	0.215096054199999998	0.122070204399999993
5740056936	0.213727125900000009	0.121020332999999994
5740059936	0.211002278999999987	0.121175103199999995
5740062936	0.211418455899999996	0.119916526800000006
5740065936	0.214872475099999988	0.118863812999999999
5740068936	0.215549778800000008	0.119265941
5740071936	0.214517914100000012	0.117633443700000007
5740074936	0.21385420220000001	0.120325111400000004
5740077936	0.21117754150000001	0.120398815000000006
5740080936	0.210321759999999996	0.123183901299999995
5740083936	0.214053529399999998	0.114756074999999999
5740086936	0.217672544299999993	0.120912519100000004
5740089936	0.213665592999999987	0.120699617800000006
5740092936	0.214548464999999994	0.117741686200000001
5740095936	0.214697917500000002	0.114503919699999998
5740098936	0.214437332099999989	0.120789238899999998
5740101936	0.215826920000000005	0.1199415816
5740104936	0.216005062299999995	0.115749332299999994
5740107936	0.214860201000000001	0.119244797200000002
5740110936	0.216335216100000005	0.118030679400000005
5740113936	0.21552940470000001	0.117160450499999999
5740116936	0.217304555900000002	0.1207685852
5740119936	0.212995901799999998	0.118273750299999994
5740122936	0.213205522600000003	0.117814064900000001
5740125936	0.213795645600000001	0.115133012000000007
5740128936	0.219075840500000008	0.117839731399999995
5740131936	0.216499558300000006	0.114012827499999997
5740134936	0.217323726500000008	0.117103473599999994
5740137936	0.217132419100000001	0.116748251999999997
5740140936	0.215569634300000007	0.113924910300000001
5740143936	0.219505146600000006	0.114945415400000001
5740146936	0.214421587400000002	0.115572465400000005
5740149936	0.214785974299999988	0.113452980300000006
5740152936	0.218670775799999995	0.113242349500000006
5740155936	0.217252208199999991	0.112883817499999997
5740158936	0.220523984499999992	0.118083176900000003
5740161936	0.216383218699999991	0.116548557699999999
5740164936	0.216876806700000008	0.111532875700000006
5740167936	0.216684539399999987	0.114026810300000003
5740170936	0.21720419199999999	0.112968340200000003
5740173936	0.214528782400000007	0.112279298499999999
5740176936	0.221471533199999987	0.111422046100000005
5740179936	0.218356610000000007	0.113266136899999995
5740182936	0.218683491000000008	0.109401607600000006
5740185936	0.21616309010000001	0.116071380299999999
5740188936	0.218958534799999993	0.112949482099999998
5740191936	0.217498161100000004	0.108189170099999996
5740194936	0.21549815650000001	0.111538346900000002
5740197936	0.219783907899999992	0.1099604208
5740200936	0.222080442600000011	0.110623971400000007
5740203936	0.216691279200000003	0.1099476593
5740206936	0.220718719499999994	0.111451800000000004
5740209936	0.218295360299999991	0.113621342400000006
5740212936	0.219069050099999996	0.107175990900000004
5740215936	0.219286618500000002	0.108085393599999996
5740218936	0.219205516500000003	0.111113106200000006
5740221936	0.218866110000000003	0.109238882900000001
5740224936	0.219305806699999994	0.106830300700000005
5740227936	0.220035172499999987	0.107564461599999994
5740230936	0.219396303699999989	0.110740785199999997
5740233936	0.218733139100000001	0.108968781799999997
5740236936	0.220628408999999998	0.107954325399999995
5740239936	0.220249762900000007	0.112460940600000003
5740242936	0.221662642800000004	0.109277228200000007
5740245936	0.221276775499999995	0.107005384199999998
5740248936	0.216018391100000012	0.10934808
5740251936	0.222406169300000012	0.112394217199999993
5740254936	0.219896315000000009	0.111970551400000007
5740257936	0.219437791100000001	0.106570252500000004
5740260936	0.222712410599999994	0.107579122200000002
5740263936	0.220411112399999998	0.106887439099999995
5740266936	0.219295599400000013	0.107672515699999999
5740269936	0.219408285099999989	0.1047472864
5740272936	0.225884861800000003	0.105353580500000002
5740275936	0.220655233400000012	0.106943476300000007
5740278936	0.221750532199999989	0.106163018499999998
5740281936	0.222158200299999997	0.106764948999999998
5740284936	0.225483777299999993	0.111308801299999996
5740287936	0.222788145399999998	0.101879230000000001
5740290936	0.221949836399999989	0.1069840294
5740293936	0.21897699109999999	0.105814846399999996
5740296936	0.21825447919999999	0.107894227699999998
5740299936	0.225191546200000009	0.103727219100000004
5740302936	0.221425753599999997	0.103589070599999999
5740305936	0.223123331199999997	0.104470986799999999
5740308936	0.22653619350000001	0.106641193699999998
5740311936	0.219445633800000012	0.104249189199999995
5740314936	0.2255642806	0.105604240799999999
5740317936	0.217629580699999992	0.101552456799999996
5740320936	0.223556092300000009	0.100594623699999997
5740323936	0.223012302899999987	0.106386312100000005
5740326936	0.225053859699999997	0.102484141200000003
5740329936	0.223247605999999987	0.1036024787
5740332936	0.224612796499999989	0.105231758300000006
5740335936	0.22311934650000001	0.103584062899999996
5740338936	0.22158819669999999	0.105579631399999999
5740341936	0.223320224699999986	0.101401003000000003
5740344936	0.224884069299999989	0.102985671900000006
5740347936	0.227604569300000004	0.100587416499999999
5740350936	0.224987714199999994	0.101771740999999999
5740353936	0.226529460500000002	0.0994521621999999994
5740356936	0.226823927099999989	0.102630864700000005
5740359936	0.223595659800000013	0.0980996315000000063
5740362936	0.224259103799999998	0.101368138600000005
5740365936	0.220551364100000008	0.102234787100000002
5740368936	0.224768045500000013	0.0996410878999999944
5740371936	0.226283076199999988	0.0993517988000000019
5740374936	0.224476965400000006	0.100280683499999995
5740377936	0.228849448099999991	0.0988297253000000042
5740380936	0.224773382599999988	0.100812141699999996
5740383936	0.229914182599999989	0.0974009398000000026
5740386936	0.228020714699999988	0.101477269100000003
5740389936	0.223285875999999994	0.0966092082000000046
5740392936	0.230077171999999996	0.102775570900000002
5740395936	0.229156357599999999	0.0987979526999999969
5740398936	0.225545295499999993	0.097698598400000003
