# freq, I e Q
5256100000	-0.117654185300000005	-0.41006780209999999
5256102000	-0.118630090399999999	-0.408923990199999976
5256104000	-0.1192684403	-0.409919818400000024
5256106000	-0.119150457900000006	-0.408881424300000018
5256108000	-0.120531569300000002	-0.409595715400000004
5256110000	-0.119176254999999995	-0.409459125300000004
5256112000	-0.119813399500000001	-0.409889909900000016
5256114000	-0.120580107800000003	-0.409382095300000026
5256116000	-0.120903464899999993	-0.409541282700000009
5256118000	-0.120231045199999997	-0.408602728000000026
5256120000	-0.122005521199999994	-0.409130257499999983
5256122000	-0.121662568400000004	-0.407890289500000003
5256124000	-0.121798647499999996	-0.40822960530000002
5256126000	-0.122128426700000001	-0.408679713300000025
5256128000	-0.121898904200000005	-0.407983994399999994
5256130000	-0.122594170599999996	-0.407431953499999999
5256132000	-0.123567778099999998	-0.406119450100000001
5256134000	-0.123187728199999999	-0.406415247899999998
5256136000	-0.123131727799999993	-0.407125184799999984
5256138000	-0.124087932799999995	-0.405803341300000009
5256140000	-0.124551326800000001	-0.406507480500000018
5256142000	-0.124179914599999996	-0.405513194299999991
5256144000	-0.124138894599999994	-0.406515144699999997
5256146000	-0.124030129700000005	-0.406993441299999981
5256148000	-0.124971995200000005	-0.405834901000000026
5256150000	-0.125758854899999994	-0.407085417599999999
5256152000	-0.124087391599999999	-0.404954321900000025
5256154000	-0.126362540100000004	-0.407048929700000006
5256156000	-0.125381190100000012	-0.406142615200000001
5256158000	-0.127849959799999996	-0.406434407599999992
5256160000	-0.126827257800000009	-0.40486200109999998
5256162000	-0.128219997299999999	-0.405795977799999985
5256164000	-0.128645466900000005	-0.405335128499999975
5256166000	-0.127874417299999987	-0.404801926699999981
5256168000	-0.128520392700000013	-0.405111348199999999
5256170000	-0.128908637900000012	-0.404510971699999999
5256172000	-0.128467943599999995	-0.404168280699999993
5256174000	-0.1292582008	-0.405556730099999985
5256176000	-0.130247930699999986	-0.403384631699999996
5256178000	-0.130288929100000006	-0.404593311899999974
5256180000	-0.129961749300000012	-0.405334437200000008
5256182000	-0.130372903000000012	-0.404737720099999976
5256184000	-0.130916253799999993	-0.403690320200000008
5256186000	-0.130382990000000004	-0.403884986300000026
5256188000	-0.130675753400000011	-0.404833848399999974
5256190000	-0.131897146500000007	-0.40443089259999998
5256192000	-0.131544251400000006	-0.403240106099999995
5256194000	-0.132765455199999993	-0.402989944599999983
5256196000	-0.13247492050000001	-0.403976084399999991
5256198000	-0.132174388400000009	-0.403404102499999972
5256200000	-0.132327207899999993	-0.40260867760000002
5256202000	-0.134333064400000007	-0.403421213800000011
5256204000	-0.134090377799999994	-0.403149209800000019
5256206000	-0.134005709199999989	-0.401631909999999981
5256208000	-0.133668708899999988	-0.403134417700000025
5256210000	-0.134273251399999988	-0.402821107499999997
5256212000	-0.135026747000000003	-0.401314791200000021
5256214000	-0.135484276600000009	-0.402844323399999982
5256216000	-0.136210029600000004	-0.401438119199999999
5256218000	-0.134766943400000005	-0.400380360800000001
5256220000	-0.136396030499999987	-0.403043738099999993
5256222000	-0.136623237600000003	-0.402576333600000003
5256224000	-0.137158563099999992	-0.401652167900000023
5256226000	-0.138295415899999996	-0.401129589299999978
5256228000	-0.136881969999999992	-0.400703712099999998
5256230000	-0.137456492000000013	-0.40102606930000001
5256232000	-0.137214542900000014	-0.400962732400000021
5256234000	-0.138379399900000005	-0.400861818300000006
5256236000	-0.138236020200000004	-0.400765202200000004
5256238000	-0.138292494399999993	-0.401334883699999978
5256240000	-0.13945307500000001	-0.400533320699999973
5256242000	-0.139569936700000008	-0.400095282300000021
5256244000	-0.140029879100000004	-0.400212392899999991
5256246000	-0.141010347400000013	-0.401369830799999994
5256248000	-0.139975071099999987	-0.399429921099999974
5256250000	-0.140007021199999998	-0.400363866000000013
5256252000	-0.141497266399999988	-0.398670336000000014
5256254000	-0.141970526699999988	-0.399461414700000017
5256256000	-0.141902510499999995	-0.399835547899999977
5256258000	-0.143128211300000002	-0.398994063800000021
5256260000	-0.142403314499999989	-0.399307432399999995
5256262000	-0.142570567300000006	-0.398733778300000008
5256264000	-0.143078121899999994	-0.398371038100000019
5256266000	-0.143667538700000014	-0.397923402199999998
5256268000	-0.145116372699999996	-0.397566706900000011
5256270000	-0.143695655799999988	-0.397699807299999986
5256272000	-0.14422831559999999	-0.397461890799999995
5256274000	-0.144309466299999994	-0.397677767999999987
5256276000	-0.14460491880000001	-0.397347192899999979
5256278000	-0.14543513059999999	-0.397727404800000017
5256280000	-0.145212715399999998	-0.397236907199999989
5256282000	-0.146818802199999987	-0.39673743010000001
5256284000	-0.146621534599999992	-0.396096973399999996
5256286000	-0.147549287800000012	-0.398007868799999998
5256288000	-0.146213893499999997	-0.397073879799999974
5256290000	-0.147427957299999995	-0.396821980100000027
5256292000	-0.14813745410000001	-0.396511730600000001
5256294000	-0.147361382399999991	-0.395820967999999995
5256296000	-0.147435494499999986	-0.395495546899999995
5256298000	-0.148951629199999991	-0.396426984199999999
5256300000	-0.149511151499999995	-0.39510326870000001
5256302000	-0.149449471499999986	-0.395647177999999988
5256304000	-0.149927372100000011	-0.394091791299999994
5256306000	-0.148935947600000007	-0.394637798400000017
5256308000	-0.1505674964	-0.395592226400000024
5256310000	-0.150436339800000013	-0.394692696299999979
5256312000	-0.150033588899999987	-0.395156928600000013
5256314000	-0.1507623139	-0.394189649600000025
5256316000	-0.152383159600000012	-0.393690369300000009
5256318000	-0.150540341900000013	-0.394120560000000009
5256320000	-0.152636026000000008	-0.392300095600000009
5256322000	-0.152097368300000008	-0.393881399799999976
5256324000	-0.153249691800000004	-0.3935665941
5256326000	-0.152892624499999991	-0.393076291000000022
5256328000	-0.153519429900000004	-0.39368882220000001
5256330000	-0.153368706800000004	-0.391744483600000026
5256332000	-0.154238641700000012	-0.392553313999999987
5256334000	-0.152868996899999998	-0.392683481700000003
5256336000	-0.154167384299999988	-0.391501231999999977
5256338000	-0.154787842099999989	-0.391884239500000009
5256340000	-0.15558673910000001	-0.391646865000000011
5256342000	-0.155311690700000005	-0.391327898999999979
5256344000	-0.156235329499999992	-0.391932228400000027
5256346000	-0.155251912900000011	-0.391166621400000025
5256348000	-0.156467485500000003	-0.390830972499999985
5256350000	-0.15540884960000001	-0.390257265999999992
5256352000	-0.155954541800000013	-0.391083092999999993
5256354000	-0.156863926600000009	-0.39018296429999999
5256356000	-0.15750059990000001	-0.39034606329999999
5256358000	-0.15822071439999999	-0.389392019699999981
5256360000	-0.158965961099999997	-0.388565914600000006
5256362000	-0.159013629600000012	-0.389324528700000005
5256364000	-0.15914410209999999	-0.390208865999999988
5256366000	-0.158939246899999997	-0.388691245700000021
5256368000	-0.159373730500000005	-0.391327678199999973
5256370000	-0.159327327699999993	-0.388633491300000022
5256372000	-0.160794949999999992	-0.388139816000000026
5256374000	-0.161235841500000004	-0.388945027499999985
5256376000	-0.1615889452	-0.389301928700000022
5256378000	-0.161924562800000005	-0.388555052999999984
5256380000	-0.161559762800000006	-0.388455056700000023
5256382000	-0.161793500400000012	-0.387473182999999999
5256384000	-0.162198453100000001	-0.387287368799999976
5256386000	-0.162787883699999997	-0.387598412700000006
5256388000	-0.162972739000000005	-0.387238131099999994
5256390000	-0.162763147699999999	-0.387147120299999981
5256392000	-0.164022318400000006	-0.386232951099999999
5256394000	-0.164656091700000007	-0.387944995800000025
5256396000	-0.164448506699999997	-0.386444517799999998
5256398000	-0.16357664429999999	-0.386661529000000004
5256400000	-0.163368072499999989	-0.385732394300000003
5256402000	-0.165459784299999996	-0.384155652800000025
5256404000	-0.166235930599999998	-0.385132175399999999
5256406000	-0.165711531100000004	-0.384429160300000017
5256408000	-0.165811758799999986	-0.385176762000000006
5256410000	-0.165777589800000014	-0.384662103600000027
5256412000	-0.16718414840000001	-0.384391323800000018
5256414000	-0.166650263699999995	-0.384158179699999991
5256416000	-0.167491210800000012	-0.384273666199999975
5256418000	-0.167685909299999991	-0.383082609899999982
5256420000	-0.168360751499999989	-0.384182323900000011
5256422000	-0.168249881800000001	-0.383869825300000023
5256424000	-0.169483587699999994	-0.384475162300000006
5256426000	-0.169231182600000002	-0.383044215700000024
5256428000	-0.169376792599999992	-0.382412841399999981
5256430000	-0.169163580099999988	-0.382363415099999993
5256432000	-0.170498416699999988	-0.382286657899999993
5256434000	-0.171035459000000001	-0.381979964100000013
5256436000	-0.171073776499999997	-0.381971822999999988
5256438000	-0.172989873099999997	-0.381081878599999979
5256440000	-0.171300823299999988	-0.38132890949999998
5256442000	-0.173135599700000004	-0.380503589400000009
5256444000	-0.173136116600000001	-0.38075051729999998
5256446000	-0.172447687699999991	-0.381457563499999985
5256448000	-0.172897478100000002	-0.38167303520000001
5256450000	-0.173896032000000006	-0.380039265100000023
5256452000	-0.173180021500000003	-0.378479231600000021
5256454000	-0.17551514700000001	-0.380207116399999989
5256456000	-0.174884056600000004	-0.379318963999999981
5256458000	-0.173407737000000006	-0.378824050400000001
5256460000	-0.174536369699999999	-0.378983836100000027
5256462000	-0.176237915599999989	-0.378451817400000001
5256464000	-0.176864893599999989	-0.378443524899999995
5256466000	-0.176792615200000003	-0.377708674999999994
5256468000	-0.176102202099999994	-0.376577106200000011
5256470000	-0.176467075000000001	-0.378163214500000011
5256472000	-0.176304794999999986	-0.378551731200000019
5256474000	-0.177592507199999999	-0.377217014299999986
5256476000	-0.177426130900000006	-0.376588972000000022
5256478000	-0.177389083199999992	-0.376511178900000021
5256480000	-0.178205676600000001	-0.377256873200000009
5256482000	-0.179168498300000006	-0.376272475900000014
5256484000	-0.179610179300000006	-0.375953564799999973
5256486000	-0.180111696799999998	-0.373870782499999998
5256488000	-0.180934899499999996	-0.375377313900000009
5256490000	-0.179166457400000007	-0.373972522899999993
5256492000	-0.17974625520000001	-0.37458796179999998
5256494000	-0.181377199099999997	-0.374952389599999991
5256496000	-0.181474776700000007	-0.374565006899999997
5256498000	-0.180890132199999998	-0.374146715299999988
5256500000	-0.182955650400000003	-0.374045866000000005
5256502000	-0.182975482699999997	-0.374238237899999993
5256504000	-0.182871333699999999	-0.372682194099999975
5256506000	-0.181455827300000011	-0.371990956300000009
5256508000	-0.183579664799999986	-0.372802828199999992
5256510000	-0.185813797800000013	-0.37206114680000002
5256512000	-0.185775751999999988	-0.370819685399999988
5256514000	-0.184390982000000009	-0.371366931499999997
5256516000	-0.185431175599999998	-0.37163499459999999
5256518000	-0.185635357299999998	-0.371628681999999988
5256520000	-0.185384733200000013	-0.370945062699999994
5256522000	-0.185945573100000011	-0.369414921399999985
5256524000	-0.186749490099999998	-0.369160043599999987
5256526000	-0.188063136900000011	-0.369371259499999993
5256528000	-0.187996287799999995	-0.368959334899999991
5256530000	-0.187624165499999995	-0.368493576099999998
5256532000	-0.1887319415	-0.368575275899999999
5256534000	-0.188916564499999995	-0.367175507899999976
5256536000	-0.189384201199999991	-0.368551301499999984
5256538000	-0.188817935299999989	-0.368203535799999981
5256540000	-0.18965956040000001	-0.36609025810000001
5256542000	-0.189442744699999999	-0.366908140599999988
5256544000	-0.190152680099999999	-0.366975553999999982
5256546000	-0.191839716800000004	-0.367380141699999996
5256548000	-0.1906420536	-0.366095964800000007
5256550000	-0.191903794999999988	-0.364530635699999994
5256552000	-0.192283439800000011	-0.36711333810000002
5256554000	-0.192046652000000012	-0.365096252600000004
5256556000	-0.192470441699999995	-0.364554841399999996
5256558000	-0.192778743100000011	-0.365458562900000006
5256560000	-0.193012398700000004	-0.363442095999999992
5256562000	-0.192952739000000012	-0.36242695060000002
5256564000	-0.193568793699999991	-0.363796779199999976
5256566000	-0.194466685100000009	-0.362652006000000027
5256568000	-0.194761651099999988	-0.361885222999999978
5256570000	-0.195699097099999997	-0.361491113799999986
5256572000	-0.196837425300000007	-0.362673231699999987
5256574000	-0.195571193300000001	-0.362194783999999992
5256576000	-0.196222251799999997	-0.361556119499999995
5256578000	-0.195509561999999998	-0.360955868999999985
5256580000	-0.19666624390000001	-0.360563484099999998
5256582000	-0.1971864059	-0.360616240500000018
5256584000	-0.198080130999999993	-0.359580917700000002
5256586000	-0.198599304000000004	-0.358951524799999977
5256588000	-0.199143332700000009	-0.359608757300000026
5256590000	-0.199428021499999997	-0.358330525700000013
5256592000	-0.198193359399999991	-0.358398771800000016
5256594000	-0.199206514800000012	-0.357932963300000018
5256596000	-0.200537271999999989	-0.356373466000000028
5256598000	-0.200844104500000009	-0.357105649400000003
5256600000	-0.199937299900000004	-0.357065359400000004
5256602000	-0.201637449599999991	-0.354773704500000009
5256604000	-0.201936223800000009	-0.356012749299999987
5256606000	-0.201677608700000011	-0.354840258999999991
5256608000	-0.20173365230000001	-0.355361960500000018
5256610000	-0.203431081300000011	-0.354885385399999975
5256612000	-0.202661695499999989	-0.3547125572
5256614000	-0.204429532100000005	-0.353943751500000015
5256616000	-0.2030992925	-0.352626123100000022
5256618000	-0.203506694200000005	-0.353215170600000017
5256620000	-0.205457845	-0.352681676399999977
5256622000	-0.205590329399999994	-0.35170296379999999
5256624000	-0.204403428899999989	-0.351631721299999978
5256626000	-0.205709933699999986	-0.350732578600000011
5256628000	-0.205299266400000013	-0.351272169799999978
5256630000	-0.206896672899999995	-0.350132787399999978
5256632000	-0.207456375500000012	-0.349427769599999993
5256634000	-0.206288372100000006	-0.34875909129999999
5256636000	-0.207103132500000009	-0.347774738500000014
5256638000	-0.207306105299999988	-0.346599126400000013
5256640000	-0.208452958100000002	-0.348060643000000003
5256642000	-0.208664872499999987	-0.347756474900000001
5256644000	-0.210761085900000006	-0.34672112300000002
5256646000	-0.210229810699999992	-0.346320472499999976
5256648000	-0.209867283500000001	-0.346308933099999994
5256650000	-0.210794668500000004	-0.346737448000000004
5256652000	-0.209794548599999992	-0.345286015399999979
5256654000	-0.210997908799999995	-0.3454550126
5256656000	-0.211900097000000009	-0.344563278600000023
5256658000	-0.211536679700000008	-0.344329727699999977
5256660000	-0.212751129399999989	-0.342601540900000001
5256662000	-0.213381045699999994	-0.343076127499999994
5256664000	-0.213056879700000007	-0.341096249500000004
5256666000	-0.214096738099999989	-0.341956793799999992
5256668000	-0.213922631599999996	-0.341751459300000004
5256670000	-0.214032590999999994	-0.340691195200000019
5256672000	-0.213558675400000009	-0.33993807949999999
5256674000	-0.214880187100000009	-0.338956213200000023
5256676000	-0.2149460906	-0.338779630399999976
5256678000	-0.217163674100000009	-0.337707886899999976
5256680000	-0.216952180900000013	-0.337295808699999977
5256682000	-0.216141668000000009	-0.336838136600000004
5256684000	-0.217372288800000008	-0.336120730199999995
5256686000	-0.217205596899999992	-0.336551865100000014
5256688000	-0.217998566000000005	-0.335931734599999976
5256690000	-0.217480724600000008	-0.335751089300000027
5256692000	-0.219565326799999988	-0.334138421700000021
5256694000	-0.219128996800000003	-0.333783158299999994
5256696000	-0.218990098999999994	-0.332939835999999989
5256698000	-0.220814525600000006	-0.332735383399999973
5256700000	-0.220625103200000006	-0.332307531200000006
5256702000	-0.221100707499999993	-0.332046810299999995
5256704000	-0.220247245300000005	-0.330214286000000024
5256706000	-0.222290207399999995	-0.330487682800000016
5256708000	-0.22257951379999999	-0.330134965800000013
5256710000	-0.222962105800000004	-0.329112313900000009
5256712000	-0.221961041299999995	-0.327465811499999981
5256714000	-0.223745215500000011	-0.327815767500000022
5256716000	-0.222989762400000013	-0.32621655220000001
5256718000	-0.223323421599999988	-0.326753462200000011
5256720000	-0.223244975200000001	-0.326165345699999998
5256722000	-0.224413291200000004	-0.324562361399999999
5256724000	-0.225360603200000009	-0.323732369799999975
5256726000	-0.226330779799999993	-0.323570497299999982
5256728000	-0.225400479200000003	-0.322905632200000015
5256730000	-0.225377991700000002	-0.322326964300000018
5256732000	-0.226927827400000004	-0.320977016800000015
5256734000	-0.226721574499999995	-0.319541946700000024
5256736000	-0.228636145200000002	-0.32014637880000002
5256738000	-0.227749842600000002	-0.31964462389999998
5256740000	-0.23027436770000001	-0.31822292000000002
5256742000	-0.228981941500000008	-0.318337223900000021
5256744000	-0.229621844600000014	-0.316126980900000021
5256746000	-0.228824880799999991	-0.316468060100000004
5256748000	-0.230792656799999996	-0.315201862200000016
5256750000	-0.231223318300000008	-0.314191071400000022
5256752000	-0.231284878100000008	-0.31363741719999999
5256754000	-0.231559957000000011	-0.314540626400000023
5256756000	-0.232230749799999997	-0.311616263100000013
5256758000	-0.232512811200000002	-0.310431448499999985
5256760000	-0.231551611200000007	-0.31133238470000002
5256762000	-0.231746948899999999	-0.310446500000000014
5256764000	-0.233532900300000013	-0.309055490900000007
5256766000	-0.234598153599999998	-0.308460630499999999
5256768000	-0.233988916200000008	-0.306963284300000028
5256770000	-0.234792743999999998	-0.307407534400000015
5256772000	-0.233981880499999989	-0.304945584200000008
5256774000	-0.23508561750000001	-0.304582650200000027
5256776000	-0.234884001700000011	-0.303749455700000004
5256778000	-0.236311597799999995	-0.303096083999999988
5256780000	-0.235617526900000013	-0.302259154500000016
5256782000	-0.235767560600000009	-0.302066715799999996
5256784000	-0.236236292099999995	-0.300352636800000017
5256786000	-0.237647438900000008	-0.299446449700000006
5256788000	-0.237399060100000003	-0.298924853900000009
5256790000	-0.238170421500000007	-0.296429229299999986
5256792000	-0.238821304600000006	-0.296603150900000001
5256794000	-0.239216878500000008	-0.294333214399999987
5256796000	-0.238783803500000003	-0.293759997699999997
5256798000	-0.23749556120000001	-0.293166792600000004
5256800000	-0.239909834799999999	-0.291579179700000024
5256802000	-0.240698017099999995	-0.291506519100000028
5256804000	-0.240893500499999996	-0.289025318799999986
5256806000	-0.241069171100000007	-0.289978949799999997
5256808000	-0.240956663900000007	-0.28854154780000002
5256810000	-0.241213272400000012	-0.286202539500000019
5256812000	-0.240523391100000011	-0.285636712899999978
5256814000	-0.242119636400000005	-0.284727627400000016
5256816000	-0.242350862500000014	-0.285697032199999978
5256818000	-0.242534786000000002	-0.282554811999999989
5256820000	-0.242744503400000006	-0.280779682899999994
5256822000	-0.242503951200000012	-0.279844170800000014
5256824000	-0.243493100299999987	-0.281115192600000008
5256826000	-0.242392207599999993	-0.277767006500000024
5256828000	-0.243197222500000004	-0.275646278299999992
5256830000	-0.243605022700000007	-0.274165036600000023
5256832000	-0.244910357200000012	-0.275186579300000012
5256834000	-0.243637885500000012	-0.272248359900000014
5256836000	-0.244568115499999988	-0.271651601799999975
5256838000	-0.244001678299999997	-0.270241509800000002
5256840000	-0.243851797499999995	-0.26881441880000001
5256842000	-0.246198096700000008	-0.267260631999999998
5256844000	-0.244776837200000014	-0.267081408600000014
5256846000	-0.244922192900000002	-0.264793937599999973
5256848000	-0.244845063299999999	-0.262811389299999976
5256850000	-0.245661307100000004	-0.262259829700000002
5256852000	-0.246051773000000001	-0.258956170799999996
5256854000	-0.246786491299999994	-0.259409635500000013
5256856000	-0.246884971300000006	-0.258026562399999992
5256858000	-0.246723095799999986	-0.256572439900000004
5256860000	-0.245414926100000014	-0.255246707299999986
5256862000	-0.247080968099999992	-0.252647651299999998
5256864000	-0.245775382600000009	-0.250741302300000024
5256866000	-0.246428839499999996	-0.250539056599999976
5256868000	-0.2473955813	-0.2485179572
5256870000	-0.246657894600000011	-0.246347405200000008
5256872000	-0.246146356300000008	-0.245027485299999986
5256874000	-0.246376399699999998	-0.243774309599999989
5256876000	-0.246538709599999989	-0.241649441800000003
5256878000	-0.247373403500000005	-0.239792622900000002
5256880000	-0.245308066999999991	-0.2386199299
5256882000	-0.246962127599999998	-0.236677191700000011
5256884000	-0.246792171199999993	-0.23489266419999999
5256886000	-0.246589748199999986	-0.234465636100000013
5256888000	-0.246486991300000013	-0.231339766599999996
5256890000	-0.246156424799999995	-0.228334816100000004
5256892000	-0.246043351299999991	-0.2271316803
5256894000	-0.246549602400000012	-0.225227316000000011
5256896000	-0.24567953440000001	-0.223416060100000008
5256898000	-0.245651183999999995	-0.22242588029999999
5256900000	-0.246529536999999993	-0.219389923399999992
5256902000	-0.244737844499999996	-0.217714900200000006
5256904000	-0.244019277400000012	-0.21547915740000001
5256906000	-0.244253460300000003	-0.213946729800000013
5256908000	-0.242753932000000006	-0.210625851599999997
5256910000	-0.241173307400000009	-0.209243817599999993
5256912000	-0.24244092519999999	-0.207604560699999996
5256914000	-0.242230432800000006	-0.204767873299999986
5256916000	-0.240544063899999994	-0.203341494699999986
5256918000	-0.241601472699999986	-0.200120186499999991
5256920000	-0.23831485790000001	-0.197506264200000003
5256922000	-0.239821646899999991	-0.1954041574
5256924000	-0.238334723999999998	-0.193847385799999994
5256926000	-0.236030057500000001	-0.190608359499999991
5256928000	-0.236237885799999991	-0.189060794700000007
5256930000	-0.235503487000000011	-0.187225178900000011
5256932000	-0.235103948400000012	-0.18430693540000001
5256934000	-0.232625867200000003	-0.180545980900000014
5256936000	-0.231634680499999995	-0.178517511999999989
5256938000	-0.231206435200000004	-0.176071581499999991
5256940000	-0.228754986599999988	-0.174026783099999999
5256942000	-0.228201285100000012	-0.170760197499999988
5256944000	-0.225162894800000013	-0.167631801999999996
5256946000	-0.22445546890000001	-0.165192185399999997
5256948000	-0.222801243799999993	-0.162508712
5256950000	-0.221154731500000007	-0.160427938800000003
5256952000	-0.219721247799999991	-0.156753978300000013
5256954000	-0.216676363300000008	-0.153847029100000005
5256956000	-0.2149606825	-0.153423129699999994
5256958000	-0.214360644999999989	-0.149515355200000005
5256960000	-0.212224423800000006	-0.148485733099999989
5256962000	-0.210229793500000012	-0.144347756699999996
5256964000	-0.208153867200000009	-0.140522587599999998
5256966000	-0.204141895500000004	-0.139712368599999998
5256968000	-0.201324994400000012	-0.135925318600000011
5256970000	-0.197695089099999999	-0.133097692200000006
5256972000	-0.195568937299999995	-0.131576736400000005
5256974000	-0.193486301899999991	-0.127758701100000011
5256976000	-0.189471875600000006	-0.125219802399999997
5256978000	-0.184711781399999997	-0.123074891500000005
5256980000	-0.18253558889999999	-0.118853850600000005
5256982000	-0.177732642299999993	-0.118898575000000006
5256984000	-0.175932145600000006	-0.116071695099999997
5256986000	-0.172675328500000003	-0.114402238200000006
5256988000	-0.168262670899999994	-0.110429047000000002
5256990000	-0.164227330300000002	-0.108864190599999994
5256992000	-0.160210286099999988	-0.106692258600000006
5256994000	-0.157098422999999987	-0.106089305699999997
5256996000	-0.152114698500000006	-0.102987108100000002
5256998000	-0.14837567069999999	-0.102354124599999999
5257000000	-0.143974054500000004	-0.0999195417999999974
5257002000	-0.139107295399999997	-0.0994136433000000069
5257004000	-0.133985318699999995	-0.0967540281999999946
5257006000	-0.130444545100000003	-0.0958211533999999976
5257008000	-0.125498718700000012	-0.0957018045000000012
5257010000	-0.120046925600000007	-0.0940729099000000013
5257012000	-0.115458061099999995	-0.0943328288999999987
5257014000	-0.112454291900000003	-0.0917382209999999948
5257016000	-0.106783588400000004	-0.0937262471000000069
5257018000	-0.101663870500000003	-0.0924095847000000054
5257020000	-0.0967720910999999989	-0.0920053556999999994
5257022000	-0.0923878749999999943	-0.0921742061999999973
5257024000	-0.0878636331999999992	-0.0932681929000000048
5257026000	-0.0829498421000000041	-0.0930526893000000049
5257028000	-0.0792592284000000064	-0.0930235902000000059
5257030000	-0.0734306918999999975	-0.0932794319999999955
5257032000	-0.0690635777000000034	-0.0932362483999999991
5257034000	-0.0645778711000000033	-0.0941679841999999989
5257036000	-0.0604543931000000034	-0.0966855285000000064
5257038000	-0.0562505446000000006	-0.0969333718999999955
5257040000	-0.0517021287000000024	-0.0979699098000000046
5257042000	-0.0472779870000000005	-0.100086587000000005
5257044000	-0.0423196729000000008	-0.1008020424
5257046000	-0.0396460309999999982	-0.102778135600000001
5257048000	-0.0349092737	-0.104348824600000001
5257050000	-0.0310623361999999986	-0.106282090199999998
5257052000	-0.0280230721999999988	-0.107951441600000003
5257054000	-0.0243987826999999997	-0.108868261699999996
5257056000	-0.0191656616999999994	-0.111827968
5257058000	-0.0166453366000000012	-0.113765155399999998
5257060000	-0.0129357599999999993	-0.116331952299999999
5257062000	-0.0104160394000000003	-0.118123072100000004
5257064000	-0.00720553369999999988	-0.120355990400000001
5257066000	-0.00271724020000000017	-0.124170871099999997
5257068000	-0.000299948499999999976	-0.1253536331
5257070000	0.00394006619999999995	-0.128658385300000011
5257072000	0.00559267159999999978	-0.129476465200000002
5257074000	0.00796484750000000033	-0.133487031300000003
5257076000	0.0116401197999999994	-0.135300467199999996
5257078000	0.0134923174999999999	-0.137904798599999989
5257080000	0.0156945686000000001	-0.140166162799999994
5257082000	0.0192025886000000007	-0.143264798400000004
5257084000	0.0197135511999999985	-0.146017800700000006
5257086000	0.0233858460999999997	-0.149441388300000005
5257088000	0.0254060912999999992	-0.151570026899999988
5257090000	0.0264733914000000008	-0.155186100599999988
5257092000	0.0287694292999999997	-0.157003401699999989
5257094000	0.0305847529999999992	-0.160042331300000007
5257096000	0.0326549977000000005	-0.163616831600000012
5257098000	0.033708656699999999	-0.165149507299999998
5257100000	0.0365698202999999999	-0.16890906759999999
5257102000	0.0367204714999999973	-0.171614852099999993
5257104000	0.0380816927000000027	-0.174257646699999991
5257106000	0.0393960014999999997	-0.176681443399999999
5257108000	0.0412018183999999996	-0.180695388499999998
5257110000	0.0425972837000000021	-0.182419197599999999
5257112000	0.0449614641000000009	-0.185777801800000003
5257114000	0.0446973002999999994	-0.188197542400000001
5257116000	0.0468361544000000032	-0.192136588599999991
5257118000	0.0468419169999999968	-0.193669266899999998
5257120000	0.0478178270000000002	-0.197558702499999989
5257122000	0.0490229020000000001	-0.199811344199999991
5257124000	0.0480820360000000016	-0.202470575000000014
5257126000	0.0503815156000000028	-0.205200211100000002
5257128000	0.0516758412000000028	-0.208456958400000003
5257130000	0.0521766916999999997	-0.211801055200000005
5257132000	0.0508003913999999987	-0.215000469299999997
5257134000	0.0524680154999999995	-0.216733282999999999
5257136000	0.0528718733999999982	-0.218992394199999996
5257138000	0.0530732402999999978	-0.222610953700000003
5257140000	0.0530394516999999968	-0.225239906099999998
5257142000	0.0532443460999999993	-0.22744138659999999
5257144000	0.0534220767000000013	-0.230687342299999987
5257146000	0.0535723493000000023	-0.233107484400000009
5257148000	0.0541865928999999968	-0.235553710999999999
5257150000	0.0541913086000000016	-0.239408591199999993
5257152000	0.0535435183000000023	-0.242287291200000005
5257154000	0.0551472137999999973	-0.244090995700000007
5257156000	0.0544573502999999987	-0.247049815400000011
5257158000	0.0534430898999999973	-0.249050431699999991
5257160000	0.0537679989999999969	-0.252099956399999992
5257162000	0.0551229697000000032	-0.25460370240000002
5257164000	0.0527611104999999997	-0.25754435539999998
5257166000	0.0522137916999999979	-0.259020306600000028
5257168000	0.0528846155000000026	-0.262015135999999982
5257170000	0.0526243190000000027	-0.263654341399999992
5257172000	0.0515559146000000024	-0.265676661400000014
5257174000	0.0515376318999999986	-0.266548028699999995
5257176000	0.0511073706000000003	-0.271384740299999982
5257178000	0.050316012799999997	-0.27294361880000001
5257180000	0.0501429447999999986	-0.274518321600000004
5257182000	0.0497814546999999982	-0.277470792299999991
5257184000	0.0489044994000000025	-0.28070720389999998
5257186000	0.0480119311000000021	-0.282096562900000014
5257188000	0.0476685260999999971	-0.285223201300000007
5257190000	0.0457285795999999994	-0.286558340799999978
5257192000	0.0456471835000000006	-0.288009900099999994
5257194000	0.0457871508999999968	-0.2897167779
5257196000	0.0452127197000000008	-0.291841774599999992
5257198000	0.0440853241000000035	-0.293943415300000011
5257200000	0.0422227526999999977	-0.296467840699999985
5257202000	0.042389802800000001	-0.298543835199999996
5257204000	0.0419837191999999984	-0.300218480399999987
5257206000	0.0404318311000000027	-0.302190929599999991
5257208000	0.0403690214999999977	-0.304778814499999995
5257210000	0.0376878459999999971	-0.30635509230000002
5257212000	0.0389642426999999986	-0.307599661400000002
5257214000	0.0371300259999999965	-0.310115834300000004
5257216000	0.0369609467999999983	-0.310968262699999998
5257218000	0.0352482587	-0.312837368100000013
5257220000	0.0353077784999999977	-0.314731093399999995
5257222000	0.0335156631000000024	-0.317995332999999991
5257224000	0.0327459628000000003	-0.318178149299999991
5257226000	0.0313913999999999999	-0.321074432199999982
5257228000	0.0302529274000000008	-0.322070545300000011
5257230000	0.0292538372000000005	-0.322609178800000007
5257232000	0.0293242748000000011	-0.325046692199999987
5257234000	0.0263756649999999995	-0.325585280099999985
5257236000	0.0265442759000000007	-0.326913792400000014
5257238000	0.0257323664999999993	-0.329967322100000016
5257240000	0.0244838214000000012	-0.332448050399999973
5257242000	0.0248878031999999992	-0.332107092599999987
5257244000	0.0215380867000000004	-0.33440908749999998
5257246000	0.0211710071	-0.334054008299999983
5257248000	0.0203003309	-0.337488480300000004
5257250000	0.0195367474999999999	-0.337984595800000009
5257252000	0.0183491214999999992	-0.340119553500000005
5257254000	0.0163983948000000004	-0.339798899400000021
5257256000	0.0160925791999999984	-0.341279620000000006
5257258000	0.0151366114999999992	-0.344212883199999986
5257260000	0.0136647824000000005	-0.344327155699999998
5257262000	0.0111567950000000006	-0.34587361459999999
5257264000	0.0112835699999999997	-0.346837962599999994
5257266000	0.00924890249999999955	-0.34758035399999998
5257268000	0.00887070679999999931	-0.348822018299999981
5257270000	0.00712163339999999975	-0.350229631900000005
5257272000	0.0062551241000000004	-0.351087210500000024
5257274000	0.00543305159999999971	-0.35161903830000002
5257276000	0.00373957939999999996	-0.352732452600000024
5257278000	0.00257701629999999978	-0.354504701500000019
5257280000	0.00111925320000000003	-0.356179263099999976
5257282000	0.00215352509999999992	-0.355950573400000025
5257284000	-0.00113050210000000006	-0.357736599599999983
5257286000	-0.000871029200000000012	-0.357812154900000012
5257288000	-0.00241426839999999993	-0.359482159099999976
5257290000	-0.00360076350000000005	-0.359960135000000014
5257292000	-0.00490307400000000032	-0.361423103400000001
5257294000	-0.00600385909999999988	-0.361757066500000002
5257296000	-0.00714530310000000002	-0.3630321621
5257298000	-0.00942619119999999963	-0.3650653492
5257300000	-0.00939190739999999982	-0.364614672099999981
5257302000	-0.0109255337000000001	-0.364723213499999976
5257304000	-0.0111145471999999999	-0.365725305999999972
5257306000	-0.0139828716000000002	-0.366908709100000008
5257308000	-0.0134018391000000001	-0.368575622200000008
5257310000	-0.0153694568000000004	-0.370238680200000003
5257312000	-0.0168136922999999987	-0.370083242099999987
5257314000	-0.0168127650000000003	-0.370551355400000004
5257316000	-0.0185317634000000016	-0.370970002999999993
5257318000	-0.0189387051999999993	-0.371887734299999995
5257320000	-0.0202497235999999983	-0.372172766300000013
5257322000	-0.0217358043999999993	-0.373222387900000008
5257324000	-0.0235323040000000004	-0.374588080400000023
5257326000	-0.0236968271999999994	-0.375544776099999977
5257328000	-0.0253773350999999987	-0.374013162299999979
5257330000	-0.0266551694000000013	-0.377577373800000005
5257332000	-0.0271262819000000002	-0.376518454100000011
5257334000	-0.0302526309000000007	-0.377324512800000011
5257336000	-0.0309999227000000016	-0.377174314499999996
5257338000	-0.0310648856999999994	-0.377886912899999983
5257340000	-0.0313474051999999975	-0.379104868500000025
5257342000	-0.0323147512999999997	-0.379848009200000003
5257344000	-0.0341860982000000008	-0.380605512599999973
5257346000	-0.034511056800000002	-0.38045324450000001
5257348000	-0.0368260540999999983	-0.380433817900000026
5257350000	-0.0360967649000000015	-0.380934466799999982
5257352000	-0.0394935235999999967	-0.381927158599999983
5257354000	-0.0393872607999999971	-0.383436464099999985
5257356000	-0.0407308097999999966	-0.382707835499999982
5257358000	-0.042579067800000002	-0.383821753499999974
5257360000	-0.0426779140999999987	-0.382593911100000017
5257362000	-0.0446887355	-0.38450775009999999
5257364000	-0.0442151652999999978	-0.386372072700000013
5257366000	-0.0462096998999999981	-0.385682778800000015
5257368000	-0.0468084598000000005	-0.386224135600000018
5257370000	-0.0483193546000000029	-0.385274750399999977
5257372000	-0.0488509271999999981	-0.386765243199999997
5257374000	-0.0502809885999999998	-0.387289118400000021
5257376000	-0.051238234399999999	-0.386137171200000018
5257378000	-0.0511197037999999992	-0.387715540500000011
5257380000	-0.0515420066000000024	-0.3888848419
5257382000	-0.0546828131999999995	-0.387236731100000009
5257384000	-0.0545753414999999992	-0.388041401399999986
5257386000	-0.0543827768999999989	-0.388749036900000011
5257388000	-0.0573117531000000013	-0.38908287720000001
5257390000	-0.0572451891000000032	-0.390340883600000021
5257392000	-0.0584199105999999996	-0.388213198799999992
5257394000	-0.0596901162999999985	-0.390108511599999985
5257396000	-0.0617935179999999987	-0.390441192800000003
5257398000	-0.0622445603000000014	-0.3907163045
5257400000	-0.0625040080999999942	-0.390489453900000005
5257402000	-0.0623438527000000006	-0.390513574299999999
5257404000	-0.0633785283999999949	-0.390863584900000005
5257406000	-0.0653515585000000038	-0.391799226200000017
5257408000	-0.0655458693000000037	-0.392301738499999997
5257410000	-0.0678035282999999989	-0.391993538600000024
5257412000	-0.0684103524999999935	-0.392164460800000003
5257414000	-0.0692517987000000057	-0.392733719500000023
5257416000	-0.0700145360999999966	-0.392549079000000023
5257418000	-0.0707045235999999994	-0.392312266999999992
5257420000	-0.0723479922000000025	-0.392249285499999989
5257422000	-0.0714187322000000013	-0.394796428899999996
5257424000	-0.0736039780000000005	-0.393635730100000025
5257426000	-0.0751873998999999932	-0.393590896700000026
5257428000	-0.0751463217999999988	-0.394213843700000011
5257430000	-0.0754272965999999989	-0.394872058099999979
5257432000	-0.0764028125999999946	-0.394929566200000026
5257434000	-0.077729703799999994	-0.393227380600000009
5257436000	-0.078158859799999994	-0.394545772700000019
5257438000	-0.0791524046999999981	-0.394043368900000024
5257440000	-0.0807269416999999989	-0.395199446299999979
5257442000	-0.0806042081000000049	-0.395864604600000003
5257444000	-0.0823099008000000021	-0.395135114200000026
5257446000	-0.0821722349999999963	-0.394774310000000017
5257448000	-0.0840173481999999944	-0.396805836600000017
5257450000	-0.0846282046000000066	-0.395819799600000022
5257452000	-0.0843848974000000057	-0.395172145199999991
5257454000	-0.0872907985000000025	-0.394876890500000022
5257456000	-0.0870676586000000002	-0.39585117580000001
5257458000	-0.0875471844000000055	-0.397459486299999998
5257460000	-0.0891642453999999945	-0.396674784200000019
5257462000	-0.090349207599999995	-0.397335180200000027
5257464000	-0.0901891065000000047	-0.396892356000000002
5257466000	-0.0898513236999999992	-0.397264882099999994
5257468000	-0.091092019199999999	-0.396183976400000026
5257470000	-0.0926497527999999987	-0.39673670350000001
5257472000	-0.0923632964000000029	-0.396421637499999979
5257474000	-0.094008282700000001	-0.397415258599999988
5257476000	-0.0958764022999999965	-0.398077952800000023
5257478000	-0.0965774707999999954	-0.396942852100000021
5257480000	-0.0966572886999999964	-0.396893215399999999
5257482000	-0.0963020452000000055	-0.396776889600000016
5257484000	-0.098865363100000006	-0.396812299500000021
5257486000	-0.098835835900000002	-0.397472888299999993
5257488000	-0.0991414290000000031	-0.397948599999999986
5257490000	-0.101454606500000002	-0.397475052599999989
5257492000	-0.100521157999999999	-0.397126505299999988
5257494000	-0.101177951200000005	-0.398133997000000017
5257496000	-0.102369210399999994	-0.396831397199999991
5257498000	-0.102519546200000006	-0.397172099499999987
5257500000	-0.103383604399999995	-0.397258592099999974
5257502000	-0.103173739599999995	-0.397380930899999985
5257504000	-0.104659810199999995	-0.397594871199999977
5257506000	-0.106478314399999996	-0.397307497299999979
5257508000	-0.105993901900000007	-0.397640596499999999
5257510000	-0.107469006500000006	-0.397375917199999984
5257512000	-0.108358843400000002	-0.398051034099999979
5257514000	-0.108082484000000006	-0.397445409799999982
5257516000	-0.110325991700000001	-0.39765010919999999
5257518000	-0.110906009700000002	-0.398242821400000002
5257520000	-0.111440392900000004	-0.397821288900000014
5257522000	-0.1115896688	-0.397953091300000006
5257524000	-0.113273148000000004	-0.397909476200000001
5257526000	-0.112302752699999994	-0.397421051400000003
5257528000	-0.114997762399999995	-0.398101200799999999
5257530000	-0.114607906699999998	-0.397901179100000002
5257532000	-0.115060163600000001	-0.396992759600000023
5257534000	-0.115003707699999999	-0.39798834059999999
5257536000	-0.115995260099999997	-0.397197914900000004
5257538000	-0.117090789299999998	-0.398061710600000007
5257540000	-0.118023179399999997	-0.396825621999999989
5257542000	-0.118665172400000005	-0.398022731600000013
5257544000	-0.119056826099999999	-0.398182056000000006
5257546000	-0.119083937099999995	-0.396805558999999974
5257548000	-0.121071343900000003	-0.397409538200000023
5257550000	-0.119974640699999996	-0.398571406299999986
5257552000	-0.120356348099999996	-0.397422556500000024
5257554000	-0.121480011099999993	-0.397630203899999979
5257556000	-0.122865023500000003	-0.397105337999999974
5257558000	-0.123757627100000003	-0.396570704900000015
5257560000	-0.122695587300000006	-0.396493237800000009
5257562000	-0.123749132299999995	-0.39736082490000002
5257564000	-0.12597847379999999	-0.396911909900000026
5257566000	-0.126158479600000012	-0.397336660900000027
5257568000	-0.127274410899999996	-0.397781877200000022
5257570000	-0.126973209899999995	-0.397252158000000022
5257572000	-0.127150535799999992	-0.396456086799999996
5257574000	-0.128092220600000001	-0.396384614400000002
5257576000	-0.128003467199999998	-0.396613555700000009
5257578000	-0.128483502199999988	-0.397395865700000017
5257580000	-0.129390795000000003	-0.397471470800000004
5257582000	-0.129951486700000007	-0.396733333799999976
5257584000	-0.13189015309999999	-0.39717984340000001
5257586000	-0.132905166299999988	-0.395939638199999999
5257588000	-0.131474603200000012	-0.396652065100000006
5257590000	-0.132909226699999994	-0.395416819500000016
5257592000	-0.133213277200000008	-0.396003884099999981
5257594000	-0.133893827399999998	-0.396061475699999999
5257596000	-0.133626621599999995	-0.397193789000000019
5257598000	-0.135601331800000002	-0.394942330399999986
5257600000	-0.134420815599999993	-0.395627937599999979
5257602000	-0.135898019199999998	-0.396507105400000004
5257604000	-0.136854357399999987	-0.397191632100000025
5257606000	-0.136283722899999987	-0.395959019000000023
5257608000	-0.137434000000000001	-0.396258468600000024
5257610000	-0.138426610000000005	-0.397485869900000011
5257612000	-0.13849458340000001	-0.396193717700000003
5257614000	-0.138893633099999997	-0.394664748899999973
5257616000	-0.1403082363	-0.395371119499999979
5257618000	-0.141677577299999996	-0.394357667000000023
5257620000	-0.140201028899999997	-0.394805487999999982
5257622000	-0.141767829399999989	-0.397291193699999989
5257624000	-0.142079500100000006	-0.395254836300000023
5257626000	-0.144058331099999992	-0.394432510000000014
5257628000	-0.142912628399999991	-0.395372630700000005
5257630000	-0.143240158799999989	-0.394945091699999973
5257632000	-0.144657196799999999	-0.394393001399999998
5257634000	-0.144318498500000003	-0.394440505200000013
5257636000	-0.145284186700000012	-0.394259259799999984
5257638000	-0.145381100499999999	-0.394551007000000009
5257640000	-0.146211288699999997	-0.39315192240000002
5257642000	-0.147054264699999993	-0.393627565700000015
5257644000	-0.146691403599999992	-0.394783164899999983
5257646000	-0.148125772399999994	-0.393794945000000007
5257648000	-0.148728640599999989	-0.394546824399999996
5257650000	-0.149031427100000002	-0.393893488399999991
5257652000	-0.149451286900000008	-0.394410706300000025
5257654000	-0.1510032345	-0.393298354000000017
5257656000	-0.150181832999999987	-0.394277424499999973
5257658000	-0.149801886500000009	-0.395480511300000004
5257660000	-0.1514393614	-0.393131260199999999
5257662000	-0.15193114860000001	-0.393305097900000011
5257664000	-0.152379923700000003	-0.393177612600000004
5257666000	-0.153320510399999999	-0.39270441020000002
5257668000	-0.153521238700000007	-0.392641681099999973
5257670000	-0.154082160299999993	-0.393481141799999989
5257672000	-0.153906889500000005	-0.392755525200000011
5257674000	-0.154621644100000011	-0.392958160800000011
5257676000	-0.155525010299999988	-0.393034693599999985
5257678000	-0.155275596200000005	-0.392353958700000005
5257680000	-0.156990712899999996	-0.394193114800000022
5257682000	-0.15609371150000001	-0.392613639299999984
5257684000	-0.15716316990000001	-0.392217519399999992
5257686000	-0.1576468865	-0.391822969600000015
5257688000	-0.158909046100000007	-0.391195398600000022
5257690000	-0.160061283100000007	-0.392294701700000026
5257692000	-0.15853307929999999	-0.391304730099999998
5257694000	-0.160328950599999992	-0.393205539200000009
5257696000	-0.160438511799999989	-0.391826907700000004
5257698000	-0.160432416800000005	-0.394059214699999993
5257700000	-0.159878723	-0.391105180599999991
5257702000	-0.1612483579	-0.391968684700000014
5257704000	-0.162970246399999991	-0.390419752600000003
5257706000	-0.162861705999999995	-0.391238337300000016
5257708000	-0.163664353200000001	-0.392172950199999981
5257710000	-0.162200512999999991	-0.392071302600000005
5257712000	-0.164574335799999999	-0.390906538799999981
5257714000	-0.163806436999999999	-0.390782046800000005
5257716000	-0.165056651100000007	-0.390646655000000009
5257718000	-0.1643495133	-0.391520065299999998
5257720000	-0.16603374609999999	-0.390471051800000024
5257722000	-0.165486839400000002	-0.390130534899999992
5257724000	-0.166336705700000004	-0.390646925199999995
5257726000	-0.167236327800000001	-0.389540771399999985
5257728000	-0.166927538200000003	-0.389295655799999973
5257730000	-0.16794577229999999	-0.388074907700000027
5257732000	-0.168008168699999988	-0.389267600200000008
5257734000	-0.168003563500000008	-0.389683578799999986
5257736000	-0.168763700900000008	-0.389511152999999999
5257738000	-0.169065063399999993	-0.389244212199999995
5257740000	-0.17013491859999999	-0.389602543099999976
5257742000	-0.168131587100000007	-0.388982234900000001
5257744000	-0.170444188100000005	-0.389260474799999978
5257746000	-0.16971053920000001	-0.389067510700000008
5257748000	-0.171725417200000008	-0.388479315200000008
5257750000	-0.171829307099999995	-0.389010781500000014
5257752000	-0.172147615199999993	-0.387943112699999981
5257754000	-0.172201495900000001	-0.388610094299999986
5257756000	-0.17254266330000001	-0.388385397500000007
5257758000	-0.173240590199999989	-0.387731308900000016
5257760000	-0.172877098400000012	-0.387869300500000014
5257762000	-0.174137829399999999	-0.388647864200000026
5257764000	-0.173321392399999996	-0.387380498600000012
5257766000	-0.17461843660000001	-0.387510888900000017
5257768000	-0.174140759799999989	-0.388166455399999999
5257770000	-0.175776347700000002	-0.386128313000000001
5257772000	-0.175814655200000003	-0.3875387676
5257774000	-0.176271208799999995	-0.387356674899999975
5257776000	-0.176654611299999986	-0.387150914899999976
5257778000	-0.177431067599999992	-0.387629645199999984
5257780000	-0.178038080900000006	-0.386029740200000027
5257782000	-0.178054923000000004	-0.388048431199999988
5257784000	-0.17924639710000001	-0.387173270899999977
5257786000	-0.179497428099999995	-0.385943169099999983
5257788000	-0.179339128600000008	-0.385918111399999986
5257790000	-0.181105620299999992	-0.384340915100000013
5257792000	-0.179543451699999995	-0.385335851900000026
5257794000	-0.181523461200000014	-0.385749271900000024
5257796000	-0.181233229100000004	-0.385493536699999972
5257798000	-0.180780999199999987	-0.384332293499999977
5257800000	-0.180844425400000008	-0.38558505110000002
5257802000	-0.1816471526	-0.385866701899999998
5257804000	-0.181672038000000008	-0.383944179699999999
5257806000	-0.182745635900000009	-0.384743981999999984
5257808000	-0.182950718300000009	-0.385414252199999974
5257810000	-0.183412055399999996	-0.385114451000000024
5257812000	-0.18377854099999999	-0.383360918399999973
5257814000	-0.184474157	-0.384100473399999975
5257816000	-0.185103738999999989	-0.383250139400000023
5257818000	-0.185444211899999989	-0.383956049000000021
5257820000	-0.185007508099999995	-0.383789191600000024
5257822000	-0.184322221799999991	-0.385968547499999981
5257824000	-0.186563834099999992	-0.383809660599999991
5257826000	-0.18654454379999999	-0.382643355500000004
5257828000	-0.187028677100000013	-0.38376846710000001
5257830000	-0.185725926099999994	-0.383510500199999993
5257832000	-0.188179992699999993	-0.383235278600000007
5257834000	-0.18943457050000001	-0.382472712800000003
5257836000	-0.188204173400000008	-0.383135172199999985
5257838000	-0.188772372800000005	-0.383188100899999995
5257840000	-0.189072307800000006	-0.3824744484
5257842000	-0.189068491799999988	-0.383035197800000005
5257844000	-0.190354930000000006	-0.382359729799999992
5257846000	-0.190653092100000005	-0.382655543499999973
5257848000	-0.191373657199999991	-0.381355684400000006
5257850000	-0.190708751199999998	-0.381384411799999989
5257852000	-0.191618230899999992	-0.383000954599999999
5257854000	-0.19147508399999999	-0.381176760599999997
5257856000	-0.191360680100000013	-0.3814684458
5257858000	-0.191342229400000008	-0.381524337099999999
5257860000	-0.192392323599999998	-0.381575661700000013
5257862000	-0.1925760641	-0.381003197399999993
5257864000	-0.191460805300000009	-0.38004972640000001
5257866000	-0.19539560210000001	-0.381130036000000005
5257868000	-0.193869215799999994	-0.380555263699999979
5257870000	-0.194239305899999992	-0.380746776899999972
5257872000	-0.195093808199999996	-0.37990020590000001
5257874000	-0.195723598700000001	-0.380925050499999973
5257876000	-0.195021880600000003	-0.380015677900000015
5257878000	-0.195285152900000009	-0.379545015799999996
5257880000	-0.1973296467	-0.380846890699999996
5257882000	-0.195668455200000008	-0.380247077499999975
5257884000	-0.196392065100000013	-0.379169591699999975
5257886000	-0.197343780699999999	-0.379234948000000016
5257888000	-0.19748432769999999	-0.378311013799999984
5257890000	-0.197812099699999994	-0.378607084599999977
5257892000	-0.197972550800000008	-0.379368292800000007
5257894000	-0.1986905967	-0.378196871200000007
5257896000	-0.198158085499999997	-0.377593346499999982
5257898000	-0.198037605799999988	-0.378071228500000023
5257900000	-0.199655279699999993	-0.378308083199999978
5257902000	-0.200157608099999995	-0.377405120699999985
5257904000	-0.199625717899999999	-0.378063874500000008
5257906000	-0.20092557359999999	-0.378016430700000017
5257908000	-0.201328260399999986	-0.377921805599999994
5257910000	-0.201011538299999987	-0.377637270500000011
5257912000	-0.201387889200000003	-0.376555567599999974
5257914000	-0.201916809499999989	-0.376654126199999995
5257916000	-0.201798347300000014	-0.377336266600000025
5257918000	-0.203286736299999993	-0.375830658099999992
5257920000	-0.201962599200000009	-0.376353328499999973
5257922000	-0.202976596300000006	-0.376871097099999997
5257924000	-0.203656227100000004	-0.37541056439999998
5257926000	-0.203052040299999986	-0.376560043999999983
5257928000	-0.203419651499999993	-0.37622732510000001
5257930000	-0.20488722849999999	-0.375560514199999973
5257932000	-0.204170076099999986	-0.375625659200000017
5257934000	-0.205313404199999994	-0.375075768500000017
5257936000	-0.206111555499999988	-0.37468618720000002
5257938000	-0.2050732257	-0.374501230199999979
5257940000	-0.206042288600000012	-0.375914554800000023
5257942000	-0.205830679399999994	-0.374478316600000027
5257944000	-0.206451351599999999	-0.374633595200000002
5257946000	-0.206183889499999995	-0.374584819999999985
5257948000	-0.207651107599999996	-0.37565964089999998
5257950000	-0.206689301900000011	-0.374162247000000003
5257952000	-0.207172783599999993	-0.37352548419999998
5257954000	-0.208039636800000011	-0.372445402099999989
5257956000	-0.209079473099999996	-0.373741855499999998
5257958000	-0.209001598799999994	-0.373504831900000001
5257960000	-0.20930806099999999	-0.374010648100000009
5257962000	-0.208673110500000009	-0.373957818800000008
5257964000	-0.209654286800000006	-0.374162316800000005
5257966000	-0.211407549700000003	-0.373792404000000023
5257968000	-0.209907144900000009	-0.374234307200000005
5257970000	-0.211158122400000009	-0.372648568800000024
5257972000	-0.211130683099999994	-0.372437330499999997
5257974000	-0.211933368600000005	-0.373174040099999993
5257976000	-0.21125798300000001	-0.371932418099999995
5257978000	-0.212092509499999998	-0.370104843299999986
5257980000	-0.211196505700000009	-0.372319089499999978
5257982000	-0.213781344099999993	-0.372501059500000009
5257984000	-0.211280989000000002	-0.372591742999999975
5257986000	-0.21347729700000001	-0.371405712399999977
5257988000	-0.213292298299999988	-0.370883221099999993
5257990000	-0.212337034899999999	-0.371326214799999998
5257992000	-0.214935147599999987	-0.371386258000000025
5257994000	-0.214456366199999998	-0.370189388700000011
5257996000	-0.215799917099999988	-0.371527587800000003
5257998000	-0.215073949399999992	-0.371210976799999981
5258000000	-0.215026028499999994	-0.370604454799999983
5258002000	-0.215164784599999992	-0.370910243799999984
5258004000	-0.216125138599999989	-0.370227054599999994
5258006000	-0.216194140600000001	-0.370218566299999996
5258008000	-0.216491329799999993	-0.370335466700000004
5258010000	-0.217012323000000007	-0.370315087300000012
5258012000	-0.217578709799999992	-0.370252017099999997
5258014000	-0.217130625299999991	-0.369683160800000021
5258016000	-0.217165330399999995	-0.369259273900000018
5258018000	-0.217542431099999989	-0.368395416099999984
5258020000	-0.217527976900000003	-0.369339011399999972
5258022000	-0.218341417300000007	-0.368982436600000019
5258024000	-0.219463783500000009	-0.369285966899999984
5258026000	-0.219086396999999988	-0.368940785499999979
5258028000	-0.219599239800000012	-0.369554375800000001
5258030000	-0.220532323599999996	-0.369063230500000006
5258032000	-0.220397857899999994	-0.367592463300000005
5258034000	-0.2197989199	-0.368749126699999985
5258036000	-0.221299810000000013	-0.368908764300000025
5258038000	-0.221219597500000004	-0.368818465300000009
5258040000	-0.220627724599999991	-0.367564067400000027
5258042000	-0.22229524249999999	-0.367393606099999992
5258044000	-0.220913433800000003	-0.36798627690000002
5258046000	-0.222267303999999999	-0.366654721000000017
5258048000	-0.222114809299999993	-0.366318948799999988
5258050000	-0.223508957199999997	-0.366566013799999979
5258052000	-0.2227700497	-0.366698646800000028
5258054000	-0.223524936400000013	-0.367363911599999982
5258056000	-0.223050973000000013	-0.366291809899999987
5258058000	-0.224148752499999993	-0.366306130100000016
5258060000	-0.223899721200000013	-0.3658582534
5258062000	-0.223998415799999989	-0.366096995699999983
5258064000	-0.223635246300000007	-0.365451098099999983
5258066000	-0.225029056000000005	-0.365991432900000024
5258068000	-0.225334803400000006	-0.365981508200000027
5258070000	-0.225957205100000003	-0.365865710399999988
5258072000	-0.225477620200000006	-0.364773154400000021
5258074000	-0.22666794870000001	-0.365128704099999979
5258076000	-0.225742976799999995	-0.365007332799999973
5258078000	-0.227267369200000013	-0.365431489900000017
5258080000	-0.226721682499999994	-0.364732555100000022
5258082000	-0.226621987299999994	-0.364209344900000009
5258084000	-0.227430799200000006	-0.363625488599999991
5258086000	-0.227970604500000007	-0.363596009800000008
5258088000	-0.227446251900000007	-0.3642397577
5258090000	-0.228755963400000012	-0.363313234200000001
5258092000	-0.228542560400000011	-0.364217453700000027
5258094000	-0.229224709800000009	-0.362426129400000019
5258096000	-0.228170002000000011	-0.3643230301
5258098000	-0.228724812500000013	-0.361990327300000025
5258100000	-0.2304568746	-0.362951387800000025
