# freq, I e Q
4394340400	-0.304389641200000005	0.0971066029999999997
4394342400	-0.307145714100000022	0.0989819611000000016
4394344400	-0.3047492745	0.0978597976000000064
4394346400	-0.306858750800000024	0.0994888045999999943
4394348400	-0.301964906799999988	0.101877954199999995
4394350400	-0.305905533200000024	0.101444362199999999
4394352400	-0.302860795899999979	0.103500726700000004
4394354400	-0.306107054900000009	0.102494155500000003
4394356400	-0.304822518099999995	0.1025929275
4394358400	-0.305598509600000012	0.101107381600000004
4394360400	-0.304429008700000003	0.100036077700000003
4394362400	-0.304484179799999977	0.100760033900000004
4394364400	-0.304389269500000004	0.101714152299999999
4394366400	-0.305353388700000006	0.100630347100000003
4394368400	-0.304030835599999993	0.102526121999999997
4394370400	-0.304656971800000009	0.100064973900000007
4394372400	-0.303894703099999997	0.103758439699999996
4394374400	-0.303854929100000004	0.103830511900000005
4394376400	-0.303628744399999984	0.1034644334
4394378400	-0.304699245200000024	0.104953924899999995
4394380400	-0.304740537600000028	0.102150614200000003
4394382400	-0.305623392400000027	0.103488021599999994
4394384400	-0.302667914099999991	0.0999396661999999991
4394386400	-0.304021137100000005	0.104997286400000001
4394388400	-0.302861566199999988	0.102339162999999997
4394390400	-0.304335811199999973	0.104302170700000002
4394392400	-0.304548693699999984	0.103775245099999996
4394394400	-0.303630920799999982	0.104773983799999998
4394396400	-0.30684479520000002	0.102990810700000004
4394398400	-0.304208019900000015	0.104403399999999993
4394400400	-0.303371549100000026	0.107255717099999995
4394402400	-0.303901423399999981	0.105298530700000004
4394404400	-0.304766286300000022	0.104709854800000002
4394406400	-0.304356472400000022	0.104712890200000006
4394408400	-0.305645502700000016	0.104157438300000002
4394410400	-0.300262049600000025	0.105491264200000004
4394412400	-0.302812617700000009	0.104543478400000001
4394414400	-0.30266230529999999	0.108973226000000006
4394416400	-0.304806658900000027	0.106912244099999998
4394418400	-0.300907855800000013	0.108319526400000005
4394420400	-0.303253610700000009	0.108833345999999997
4394422400	-0.30205420890000001	0.107657627699999994
4394424400	-0.303818601399999999	0.107063581000000005
4394426400	-0.301157711200000011	0.107987980100000006
4394428400	-0.303437493100000011	0.108293787899999994
4394430400	-0.301182159700000007	0.110804991899999997
4394432400	-0.302002852099999997	0.109847769200000001
4394434400	-0.303373415699999982	0.107972856300000003
4394436400	-0.30105458169999999	0.109343100499999998
4394438400	-0.303898622900000026	0.108033058200000004
4394440400	-0.302880445399999976	0.1068599717
4394442400	-0.302652463699999985	0.108089855600000007
4394444400	-0.302353896100000019	0.109208663499999997
4394446400	-0.299397501999999982	0.110134395800000007
4394448400	-0.301733668399999988	0.1074022699
4394450400	-0.303495445600000024	0.111163229099999997
4394452400	-0.30203287080000002	0.110780925599999996
4394454400	-0.304573418099999993	0.110779129300000001
4394456400	-0.302916972299999976	0.113864398199999994
4394458400	-0.301300109599999977	0.114576744300000005
4394460400	-0.2987308407	0.112986258699999995
4394462400	-0.299950991	0.109970751399999997
4394464400	-0.300457863499999978	0.112364988099999993
4394466400	-0.299454299300000004	0.111367738999999993
4394468400	-0.299738839899999998	0.112646158199999999
4394470400	-0.302750103100000001	0.112852470499999996
4394472400	-0.299971342099999982	0.114168598499999996
4394474400	-0.303013659099999999	0.114007075599999994
4394476400	-0.301271308700000018	0.115717447599999995
4394478400	-0.299029413299999991	0.113585865999999994
4394480400	-0.298828187199999984	0.113752113700000004
4394482400	-0.298194075499999989	0.115002448399999999
4394484400	-0.300310203800000008	0.113343015800000002
4394486400	-0.299077946699999986	0.116839302699999995
4394488400	-0.299513650899999984	0.115060652900000004
4394490400	-0.299585048199999981	0.114592558100000005
4394492400	-0.298847183000000016	0.114724485700000003
4394494400	-0.297968421599999977	0.114302964899999998
4394496400	-0.299792974499999976	0.112665988999999994
4394498400	-0.298204582399999973	0.114837433899999994
4394500400	-0.298950486600000009	0.114098989499999998
4394502400	-0.29904813990000001	0.114620213999999998
4394504400	-0.299493309099999994	0.119770535100000006
4394506400	-0.300194593499999995	0.116698510000000005
4394508400	-0.297414888300000013	0.116088022400000004
4394510400	-0.298511869099999994	0.115754121000000001
4394512400	-0.297104909299999997	0.116864156299999994
4394514400	-0.297326788000000009	0.119400468300000007
4394516400	-0.297764381299999992	0.117188105000000001
4394518400	-0.297593151900000019	0.119016777800000001
4394520400	-0.299293847599999996	0.119458091000000002
4394522400	-0.29943218760000001	0.116918867699999998
4394524400	-0.298120302900000023	0.1177260896
4394526400	-0.299100606599999985	0.118263515400000005
4394528400	-0.297291237099999994	0.118303136700000006
4394530400	-0.29603390839999999	0.119235359200000002
4394532400	-0.296523519199999974	0.119921270100000005
4394534400	-0.298658699999999999	0.118362157499999995
4394536400	-0.296544593099999976	0.121679492099999995
4394538400	-0.297306259799999972	0.1179207808
4394540400	-0.294979433299999982	0.119378861000000003
4394542400	-0.2972624767	0.119868403799999995
4394544400	-0.295346358099999984	0.120500979699999997
4394546400	-0.29828164439999999	0.120272525599999999
4394548400	-0.295011763199999999	0.120735739999999994
4394550400	-0.295847765799999995	0.122113804800000003
4394552400	-0.298264814599999983	0.122194000999999997
4394554400	-0.295262041699999978	0.120623605199999998
4394556400	-0.296751773300000021	0.123129925599999995
4394558400	-0.295776504699999998	0.121196254500000003
4394560400	-0.295894957700000016	0.120482097499999996
4394562400	-0.293665788799999994	0.122815229400000003
4394564400	-0.293242276400000002	0.123837671699999999
4394566400	-0.295411391899999987	0.122807761799999998
4394568400	-0.296534363199999984	0.124622916900000005
4394570400	-0.296167147199999981	0.1246624125
4394572400	-0.29501970059999999	0.124248289299999995
4394574400	-0.293849460600000001	0.1237467805
4394576400	-0.296705716700000011	0.124716154800000006
4394578400	-0.294827732200000026	0.128311264799999991
4394580400	-0.297045598199999983	0.124657177300000005
4394582400	-0.293698273100000018	0.123495235999999994
4394584400	-0.29502309459999998	0.126305614799999993
4394586400	-0.29280304159999998	0.124126656299999999
4394588400	-0.294803761399999975	0.1239678419
4394590400	-0.295799896999999978	0.126235908899999999
4394592400	-0.293994718599999982	0.126751287299999987
4394594400	-0.294466406399999991	0.12729719040000001
4394596400	-0.297514377399999974	0.124151669899999997
4394598400	-0.293218732599999976	0.129792646399999989
4394600400	-0.293145768500000015	0.125392392299999988
4394602400	-0.293010623099999978	0.12791524139999999
4394604400	-0.295072350900000002	0.127120506599999988
4394606400	-0.292622083600000027	0.128966802500000005
4394608400	-0.293359901799999989	0.129370178899999994
4394610400	-0.292488199599999998	0.128147896700000014
4394612400	-0.292035198300000021	0.127336317899999996
4394614400	-0.292254962600000001	0.128736992100000003
4394616400	-0.292473127499999985	0.132315305100000002
4394618400	-0.292564023999999978	0.127794196599999993
4394620400	-0.289348159699999996	0.128848417800000004
4394622400	-0.293423804600000004	0.128455546000000004
4394624400	-0.292325991999999979	0.131069884400000003
4394626400	-0.291206794599999985	0.13053620190000001
4394628400	-0.292783463999999993	0.130684837100000006
4394630400	-0.292588990599999987	0.129652283700000009
4394632400	-0.291162041300000007	0.132558215700000009
4394634400	-0.290459969200000001	0.130814911099999986
4394636400	-0.292680251999999974	0.13201257059999999
4394638400	-0.29168687040000002	0.130605322899999987
4394640400	-0.292674475099999998	0.133131469400000008
4394642400	-0.289884558199999975	0.134102627400000007
4394644400	-0.290341577199999978	0.132102702500000002
4394646400	-0.293802257399999989	0.131684493200000002
4394648400	-0.292365132400000005	0.134920007000000008
4394650400	-0.290788039599999992	0.133466732700000007
4394652400	-0.289517635399999973	0.133656634599999991
4394654400	-0.292338593899999999	0.135081545999999997
4394656400	-0.29191339249999998	0.1343569825
4394658400	-0.288225853500000018	0.133332001799999988
4394660400	-0.290003450900000015	0.136466084200000004
4394662400	-0.288383981999999983	0.136857590800000012
4394664400	-0.288585344799999977	0.134456280000000011
4394666400	-0.288918222599999996	0.133596785100000004
4394668400	-0.288349810200000001	0.137295655300000013
4394670400	-0.287485012300000009	0.135763063099999998
4394672400	-0.289242352599999974	0.135820062200000008
4394674400	-0.289054934500000027	0.134079912699999998
4394676400	-0.287806964599999993	0.136886615200000006
4394678400	-0.287679634299999987	0.137970335700000002
4394680400	-0.288239379199999979	0.138700500100000013
4394682400	-0.288192126100000001	0.138398213699999995
4394684400	-0.287415352999999985	0.13808108320000001
4394686400	-0.288219397799999999	0.13568635409999999
4394688400	-0.287253473400000015	0.140032697000000012
4394690400	-0.286268690100000001	0.137427274300000013
4394692400	-0.289014889499999983	0.137513656799999995
4394694400	-0.290157592500000006	0.137869108900000009
4394696400	-0.288925611299999996	0.140633694700000006
4394698400	-0.286701617299999989	0.138123905800000002
4394700400	-0.289800599900000011	0.139379472599999998
4394702400	-0.285489487900000005	0.138838204399999998
4394704400	-0.285179834899999984	0.13857628159999999
4394706400	-0.289271174700000022	0.140305439000000004
4394708400	-0.283965355600000025	0.14031774050000001
4394710400	-0.285603320300000019	0.142051404800000003
4394712400	-0.286751480800000014	0.140026020599999995
4394714400	-0.287249603600000014	0.141603136600000012
4394716400	-0.285953932799999977	0.140131015500000011
4394718400	-0.287595418499999977	0.141860966599999999
4394720400	-0.285168086900000006	0.142883058499999993
4394722400	-0.285676132999999999	0.140060990800000007
4394724400	-0.285326610899999999	0.143838291000000007
4394726400	-0.285288742500000025	0.143209363899999997
4394728400	-0.288916256900000001	0.14488278630000001
4394730400	-0.282548725700000003	0.145193980899999991
4394732400	-0.286303386599999987	0.146421940199999989
4394734400	-0.284691812400000022	0.144417136599999996
4394736400	-0.283151237800000011	0.145764648100000005
4394738400	-0.285136343000000014	0.144333249899999988
4394740400	-0.28409484359999998	0.144675480299999992
4394742400	-0.287454151800000002	0.146539886499999994
4394744400	-0.284934643900000006	0.14524821269999999
4394746400	-0.285182040000000026	0.146415577800000002
4394748400	-0.285444061600000021	0.145080125899999995
4394750400	-0.283744491099999996	0.146448730700000002
4394752400	-0.283975787500000021	0.146247199699999997
4394754400	-0.28137165850000001	0.145586357500000013
4394756400	-0.283175993000000015	0.14495528299999999
4394758400	-0.284757158499999996	0.149206032399999994
4394760400	-0.283056808100000001	0.145423086700000009
4394762400	-0.279856407600000023	0.145899626100000013
4394764400	-0.283767406200000016	0.145021481899999999
4394766400	-0.28243535409999998	0.149501308999999999
4394768400	-0.280566734900000003	0.149311492500000004
4394770400	-0.281523175700000017	0.150774664499999989
4394772400	-0.280572512800000007	0.151150062599999996
4394774400	-0.28009913689999999	0.147148276699999997
4394776400	-0.282345389700000005	0.148968229000000008
4394778400	-0.281155390100000013	0.14633021060000001
4394780400	-0.280084456599999976	0.150380826899999986
4394782400	-0.281073184799999987	0.150102344299999996
4394784400	-0.279476822299999983	0.150208923999999994
4394786400	-0.282124859800000016	0.15141783310000001
4394788400	-0.280205330199999991	0.150778432699999992
4394790400	-0.27882873330000002	0.149987951000000008
4394792400	-0.279282665400000019	0.149414375900000007
4394794400	-0.280409908900000004	0.154887415700000003
4394796400	-0.278957811	0.150445006100000001
4394798400	-0.279068976400000002	0.150622788499999993
4394800400	-0.278827349000000002	0.15377236729999999
4394802400	-0.278558394499999973	0.153237009099999988
4394804400	-0.279877818300000025	0.153526792400000001
4394806400	-0.279043445999999973	0.151882671800000008
4394808400	-0.278311617399999989	0.154383676999999997
4394810400	-0.280006989799999995	0.153484303900000008
4394812400	-0.277405439300000001	0.156852057099999997
4394814400	-0.277722387800000026	0.154890932499999995
4394816400	-0.277129804300000004	0.155145114000000001
4394818400	-0.279682597199999994	0.154507508300000013
4394820400	-0.276240939500000005	0.156522216800000002
4394822400	-0.277438904799999997	0.156077648799999996
4394824400	-0.275745191100000009	0.156605422299999991
4394826400	-0.276914922499999994	0.155516227400000012
4394828400	-0.276655759499999987	0.157961099800000004
4394830400	-0.274454619999999982	0.157345572200000006
4394832400	-0.273943928999999975	0.154648763500000008
4394834400	-0.276772792599999984	0.158217378600000014
4394836400	-0.274282479400000001	0.15536513460000001
4394838400	-0.275713231499999989	0.158343414399999993
4394840400	-0.27518190549999999	0.159305205599999999
4394842400	-0.274805259199999985	0.159568319900000005
4394844400	-0.27348549350000001	0.156435571100000004
4394846400	-0.273310266600000018	0.159571108999999989
4394848400	-0.275525693500000002	0.160105293499999995
4394850400	-0.273680064100000009	0.159532450999999992
4394852400	-0.273274675999999994	0.159407769199999994
4394854400	-0.270158912099999982	0.163307787300000007
4394856400	-0.27559198439999999	0.161622322099999993
4394858400	-0.272160027000000027	0.162469354499999996
4394860400	-0.271899545999999992	0.161376529800000001
4394862400	-0.271154747299999999	0.161555998199999995
4394864400	-0.270919195499999987	0.161512276600000004
4394866400	-0.272302667900000017	0.161755200900000007
4394868400	-0.271509075499999974	0.159608237099999994
4394870400	-0.270765847000000004	0.16265887209999999
4394872400	-0.270530393699999983	0.163452377399999987
4394874400	-0.270364267699999994	0.16458143280000001
4394876400	-0.2679593314	0.163697486199999992
4394878400	-0.272010344700000017	0.161193281900000013
4394880400	-0.267828780400000022	0.164345461700000001
4394882400	-0.269316616900000028	0.163956151299999991
4394884400	-0.269176106699999973	0.165602141600000002
4394886400	-0.269659818499999981	0.164964226200000008
4394888400	-0.26929578580000002	0.167188061100000007
4394890400	-0.270434017500000012	0.166151323399999995
4394892400	-0.267694640799999994	0.166598135499999994
4394894400	-0.269913170400000013	0.167269708600000011
4394896400	-0.267076694999999975	0.166218096900000001
4394898400	-0.267904505299999984	0.16827024430000001
4394900400	-0.266408155599999974	0.164882731000000005
4394902400	-0.268668443099999987	0.168238764600000007
4394904400	-0.265985051099999981	0.166388783900000004
4394906400	-0.265928196900000025	0.164315059000000013
4394908400	-0.266535960800000027	0.170213490500000009
4394910400	-0.265449195699999974	0.168176536300000012
4394912400	-0.26356642990000001	0.168654012599999986
4394914400	-0.263850141500000024	0.169370035299999999
4394916400	-0.265831676500000003	0.171316916600000008
4394918400	-0.264794407100000018	0.171279567399999999
4394920400	-0.267557177199999996	0.171106713100000002
4394922400	-0.264878938900000027	0.168549405399999991
4394924400	-0.264461567600000003	0.17216232640000001
4394926400	-0.265166885299999988	0.17157376299999999
4394928400	-0.265794469600000027	0.17353605820000001
4394930400	-0.261609869499999981	0.170383628499999995
4394932400	-0.261869488300000008	0.172948368600000013
4394934400	-0.263839290299999973	0.173265613699999987
4394936400	-0.263821436799999975	0.173757815199999999
4394938400	-0.26337309510000001	0.174070062400000003
4394940400	-0.260586459200000009	0.174199045899999988
4394942400	-0.258153203900000017	0.174767926399999995
4394944400	-0.256718964800000005	0.17349875540000001
4394946400	-0.260772698099999978	0.173484572100000012
4394948400	-0.258851613599999975	0.177026909799999993
4394950400	-0.259377558600000002	0.176220664999999999
4394952400	-0.259867374200000001	0.175277696900000002
4394954400	-0.260559004900000002	0.17346096359999999
4394956400	-0.258002563899999982	0.177447852999999989
4394958400	-0.257525172400000002	0.176267977699999995
4394960400	-0.257980960300000006	0.180100621200000005
4394962400	-0.259626261199999986	0.178571889700000014
4394964400	-0.256051472800000013	0.179619359099999987
4394966400	-0.256395305199999979	0.178024279899999999
4394968400	-0.257858011300000023	0.180294384700000004
4394970400	-0.256690003900000019	0.179621774799999995
4394972400	-0.252976296900000008	0.180188524099999997
4394974400	-0.25323811730000001	0.180103241899999988
4394976400	-0.253055741499999987	0.180969258500000008
4394978400	-0.252108147100000013	0.178927643299999994
4394980400	-0.254424762500000012	0.183617167899999989
4394982400	-0.254192342500000001	0.182669008299999991
4394984400	-0.253554258500000018	0.181695058699999995
4394986400	-0.251874228400000011	0.181339590999999994
4394988400	-0.251532137400000022	0.183060559499999997
4394990400	-0.249657751499999997	0.18216716220000001
4394992400	-0.251324219600000009	0.185374635199999999
4394994400	-0.248686633200000007	0.184528493500000002
4394996400	-0.245438622800000006	0.181171812799999998
4394998400	-0.24944101660000001	0.185045929100000006
4395000400	-0.249238605899999993	0.183392078399999992
4395002400	-0.2490774563	0.186023654700000013
4395004400	-0.247686271099999994	0.186839195399999991
4395006400	-0.247930504200000013	0.185344260600000005
4395008400	-0.247951509600000009	0.18682088220000001
4395010400	-0.245164482999999989	0.186250147300000002
4395012400	-0.248060078699999992	0.187948986600000006
4395014400	-0.243767939600000011	0.186054032600000002
4395016400	-0.241881169099999987	0.186409795099999998
4395018400	-0.244473835700000003	0.187848169300000006
4395020400	-0.242905562600000013	0.189205740600000005
4395022400	-0.242129305500000003	0.186908594799999994
4395024400	-0.241444332000000011	0.188373153200000004
4395026400	-0.241995854600000004	0.186666770900000001
4395028400	-0.243913457599999994	0.188422360900000002
4395030400	-0.241646555699999988	0.191434631200000011
4395032400	-0.241705550600000013	0.190414237099999994
4395034400	-0.241568872600000012	0.190701516500000001
4395036400	-0.240987248399999993	0.192041670899999989
4395038400	-0.241152424300000001	0.191435439499999999
4395040400	-0.237671097599999992	0.190924508500000006
4395042400	-0.237621094100000013	0.193847957799999998
4395044400	-0.239179593200000012	0.190576161599999988
4395046400	-0.238025599799999987	0.193262296299999997
4395048400	-0.238396049400000004	0.191327743900000014
4395050400	-0.237784596699999989	0.190329186700000014
4395052400	-0.235623018299999987	0.193330210499999988
4395054400	-0.234719802400000011	0.192664852899999989
4395056400	-0.232341292100000013	0.192914785300000002
4395058400	-0.232856241900000011	0.197359816100000002
4395060400	-0.234876925399999992	0.19472967490000001
4395062400	-0.232203205699999998	0.195141295399999998
4395064400	-0.23070838569999999	0.196961984400000012
4395066400	-0.231807270900000001	0.196663233800000004
4395068400	-0.233268454399999992	0.197822791400000003
4395070400	-0.230205329099999995	0.197960529400000002
4395072400	-0.229499368700000012	0.196322343199999999
4395074400	-0.228399620299999995	0.197873966300000009
4395076400	-0.226959008200000006	0.198397502799999986
4395078400	-0.227300998700000007	0.199083020500000013
4395080400	-0.225412787000000003	0.200056245699999996
4395082400	-0.226690035200000001	0.202120130000000009
4395084400	-0.223754584899999998	0.201853207899999998
4395086400	-0.221714820700000009	0.202504258599999987
4395088400	-0.223886310499999991	0.199993165400000006
4395090400	-0.219177259600000007	0.201335484600000003
4395092400	-0.220807033799999997	0.201895026400000011
4395094400	-0.220451016500000013	0.200568100100000007
4395096400	-0.220104202299999996	0.201011838199999987
4395098400	-0.220501973099999998	0.203077009599999997
4395100400	-0.218750880399999986	0.201320459099999988
4395102400	-0.218398421300000006	0.202822918800000002
4395104400	-0.215088867699999992	0.20601591150000001
4395106400	-0.212088638800000007	0.205596367000000002
4395108400	-0.213463307500000005	0.203105514900000006
4395110400	-0.2129023424	0.20693172709999999
4395112400	-0.211513375599999998	0.207078177000000002
4395114400	-0.210416442000000009	0.204324090200000003
4395116400	-0.211395896999999999	0.2072992273
4395118400	-0.208333410800000007	0.206310006200000007
4395120400	-0.209231360799999988	0.207496946900000007
4395122400	-0.20714912390000001	0.207078081299999994
4395124400	-0.208106944300000013	0.206553679900000009
4395126400	-0.208302634300000011	0.2077787361
4395128400	-0.202871623700000003	0.20698676190000001
4395130400	-0.202937840700000011	0.209755333099999997
4395132400	-0.202667006799999994	0.211626400699999995
4395134400	-0.200470802499999989	0.210550527600000009
4395136400	-0.199814966499999996	0.210273856199999998
4395138400	-0.198827061100000008	0.20914945330000001
4395140400	-0.197834789000000011	0.208753821799999989
4395142400	-0.195854064200000011	0.21134822780000001
4395144400	-0.195409759300000013	0.211659512800000005
4395146400	-0.194440347099999994	0.208959276500000013
4395148400	-0.191950346399999999	0.211408893200000003
4395150400	-0.192998575899999997	0.210953653200000008
4395152400	-0.192386581100000009	0.212136920099999987
4395154400	-0.187177994900000005	0.215696153499999987
4395156400	-0.185299781100000005	0.213427610900000009
4395158400	-0.186340496900000013	0.209205841599999998
4395160400	-0.183897566300000009	0.211184530300000006
4395162400	-0.185277678499999987	0.215338715699999989
4395164400	-0.179107594700000011	0.211164317699999993
4395166400	-0.180265570200000003	0.21543165210000001
4395168400	-0.180797959799999991	0.213227505900000003
4395170400	-0.175608808300000002	0.212261580100000014
4395172400	-0.175266702699999999	0.212167305400000006
4395174400	-0.175955122900000011	0.212412205200000009
4395176400	-0.170567926399999986	0.213660549100000013
4395178400	-0.174508519599999995	0.214570926500000009
4395180400	-0.169292799399999999	0.212697114900000012
4395182400	-0.167228153699999993	0.211806696999999988
4395184400	-0.167951182599999999	0.214590406600000005
4395186400	-0.162815763800000013	0.212336391900000004
4395188400	-0.161683059500000004	0.212897106100000011
4395190400	-0.163900895800000002	0.212300206399999997
4395192400	-0.159276613900000003	0.213454690100000011
4395194400	-0.15662845789999999	0.212705173800000008
4395196400	-0.15898283769999999	0.210820317099999988
4395198400	-0.157242910200000002	0.215309091300000005
4395200400	-0.150970011200000004	0.211714656000000001
4395202400	-0.149992086599999991	0.211277349000000003
4395204400	-0.1466747246	0.211178864999999993
4395206400	-0.145184771200000007	0.209863956200000007
4395208400	-0.144621384900000011	0.210031072000000013
4395210400	-0.142608785099999996	0.211888440000000011
4395212400	-0.142279034299999996	0.208439758800000013
4395214400	-0.138338221900000002	0.209297780900000008
4395216400	-0.133827218800000008	0.209074421799999993
4395218400	-0.132622995800000004	0.208167160999999989
4395220400	-0.132731994599999986	0.206096987600000003
4395222400	-0.130948140200000007	0.204888517699999995
4395224400	-0.126772281600000009	0.20653776909999999
4395226400	-0.124914004999999995	0.204087487600000006
4395228400	-0.121572490300000002	0.203704727599999996
4395230400	-0.120545593800000003	0.204423712000000007
4395232400	-0.118269158999999999	0.200203486000000014
4395234400	-0.114292664799999999	0.198784237899999994
4395236400	-0.113234290099999996	0.197757936800000006
4395238400	-0.111780279299999993	0.198215402900000004
4395240400	-0.107809324799999995	0.199806327400000011
4395242400	-0.104377462800000001	0.194665828699999988
4395244400	-0.104424578200000007	0.193423133999999997
4395246400	-0.100670417100000006	0.194325029199999999
4395248400	-0.100985922300000003	0.190377214600000011
4395250400	-0.0986795493000000024	0.187305778499999992
4395252400	-0.0941076616999999976	0.185450536400000004
4395254400	-0.0937274567000000031	0.184799145299999995
4395256400	-0.0925094630999999945	0.180746523900000011
4395258400	-0.0890512905000000049	0.181541637199999994
4395260400	-0.0869473137999999951	0.177768124199999988
4395262400	-0.0864674955999999995	0.175945927299999999
4395264400	-0.0816936364000000054	0.172859482700000011
4395266400	-0.0803992357999999963	0.172711304700000012
4395268400	-0.0735375822000000068	0.169305123400000007
4395270400	-0.0748112182999999958	0.1666024438
4395272400	-0.0735476763000000033	0.16214485649999999
4395274400	-0.0717844490999999946	0.161172412500000001
4395276400	-0.0661701051999999956	0.156717793900000013
4395278400	-0.067268126999999997	0.153672892499999991
4395280400	-0.0644381158999999953	0.153108226699999989
4395282400	-0.0612212135000000032	0.147886352700000001
4395284400	-0.0599644915000000014	0.142578626099999994
4395286400	-0.059985469399999998	0.138276492800000012
4395288400	-0.0576813710000000021	0.135491473599999995
4395290400	-0.0561204483000000004	0.131883535299999993
4395292400	-0.0565064366000000012	0.128333339399999996
4395294400	-0.0523411079999999973	0.1245761856
4395296400	-0.0525891451999999995	0.118758051200000006
4395298400	-0.0518504572999999996	0.117529750200000005
4395300400	-0.0488518049999999981	0.113737520199999997
4395302400	-0.0508985798999999975	0.106941193800000001
4395304400	-0.049590984400000003	0.1028160246
4395306400	-0.0483809742999999973	0.0983924842999999993
4395308400	-0.0503630388000000026	0.0933264976999999968
4395310400	-0.0500797809999999968	0.0928662244000000026
4395312400	-0.0498184720000000025	0.0866739163000000007
4395314400	-0.0497588486999999968	0.0796926669999999948
4395316400	-0.0511003219999999966	0.0766829240999999939
4395318400	-0.0518773583000000024	0.0705918054999999933
4395320400	-0.0547031969000000007	0.0677792366000000007
4395322400	-0.0513520193999999972	0.0639800917999999996
4395324400	-0.0550257575000000013	0.0602412359000000022
4395326400	-0.0589228922000000002	0.0549118628999999969
4395328400	-0.0590084068000000031	0.0488341067999999989
4395330400	-0.058124095399999999	0.0445492683
4395332400	-0.0596707110000000013	0.0428151797999999986
4395334400	-0.0621613844999999998	0.0385883124999999993
4395336400	-0.0649450624000000032	0.0344255701999999983
4395338400	-0.0657858964000000018	0.0297553826000000014
4395340400	-0.0710247147999999995	0.0261262966999999992
4395342400	-0.0693855371999999998	0.0234126906999999988
4395344400	-0.0734522771000000047	0.0182213394999999993
4395346400	-0.0798403842999999974	0.0161233461999999994
4395348400	-0.0825199182000000003	0.0142711708999999996
4395350400	-0.0825508895999999964	0.00856840139999999993
4395352400	-0.0865972299999999973	0.00716486310000000008
4395354400	-0.0888170479000000013	0.000358139099999999974
4395356400	-0.089510617099999995	0.000131916200000000003
4395358400	-0.0947319590999999989	-0.00225925950000000018
4395360400	-0.0983725061000000067	-0.00522841249999999973
4395362400	-0.106382015100000005	-0.00894443009999999934
4395364400	-0.108207457600000001	-0.00809766770000000004
4395366400	-0.109516044800000004	-0.0120597354000000004
4395368400	-0.111257017799999997	-0.0118574725000000006
4395370400	-0.117991685499999999	-0.0147381230000000005
4395372400	-0.119869513499999997	-0.0143453790999999997
4395374400	-0.12532371149999999	-0.0189751912000000016
4395376400	-0.1275220299	-0.0198244981999999986
4395378400	-0.133217917600000013	-0.0233757838999999988
4395380400	-0.134220267000000004	-0.0216367491000000016
4395382400	-0.1407397648	-0.0238533712000000009
4395384400	-0.142338370699999994	-0.0238625961000000011
4395386400	-0.145311572700000002	-0.0256774198000000002
4395388400	-0.14913211609999999	-0.0230911321999999995
4395390400	-0.154163922799999992	-0.0262058806999999998
4395392400	-0.157290513900000012	-0.0250660637999999998
4395394400	-0.159154413599999989	-0.0255899618999999995
4395396400	-0.162130765600000004	-0.0261087818999999992
4395398400	-0.166608465099999992	-0.0247921242000000014
4395400400	-0.169202857600000006	-0.0267871649000000003
4395402400	-0.172456338099999995	-0.0268110468999999997
4395404400	-0.175430849299999997	-0.0278260492000000012
4395406400	-0.18068208999999999	-0.0267369522999999984
4395408400	-0.180966353999999996	-0.0263933777999999994
4395410400	-0.186574219099999994	-0.0250610791000000013
4395412400	-0.189473216	-0.0229041905000000011
4395414400	-0.191829606699999988	-0.0253259618000000013
4395416400	-0.19749591829999999	-0.0222923392999999984
4395418400	-0.195100529999999994	-0.0257530381000000003
4395420400	-0.200663593499999987	-0.0222590959000000012
4395422400	-0.202038965200000004	-0.0216620582999999985
4395424400	-0.204352156300000004	-0.0197532101000000015
4395426400	-0.206365972000000009	-0.0214344443999999988
4395428400	-0.209389736399999998	-0.0172567401000000009
4395430400	-0.211620207700000007	-0.0171900887000000016
4395432400	-0.214253576700000004	-0.016153839100000001
4395434400	-0.218358393300000009	-0.0130893477000000001
4395436400	-0.220570163300000011	-0.0171139319999999984
4395438400	-0.220981028100000004	-0.0162362937000000013
4395440400	-0.224802572499999992	-0.00948480280000000078
4395442400	-0.223445088099999994	-0.0127612717999999997
4395444400	-0.229011586699999992	-0.00915667749999999996
4395446400	-0.228675158399999995	-0.00884795700000000004
4395448400	-0.233887744499999994	-0.00980532750000000057
4395450400	-0.233136267199999997	-0.00788883569999999923
4395452400	-0.236624800200000013	-0.00524604969999999983
4395454400	-0.235466018400000004	-0.00504026140000000001
4395456400	-0.23783770609999999	-0.00373592569999999999
4395458400	-0.241038322500000013	-0.00243119789999999983
4395460400	-0.242794532899999999	-9.13385999999999999e-05
4395462400	-0.244960259399999991	0.000845175400000000012
4395464400	-0.244116302499999993	0.00168082210000000004
4395466400	-0.24920350220000001	0.00468812870000000041
4395468400	-0.246521070600000003	0.00576736230000000037
4395470400	-0.249916097599999998	0.00483449559999999962
4395472400	-0.250264670899999986	0.00650808500000000026
4395474400	-0.253767795199999979	0.00787662700000000063
4395476400	-0.254216684699999973	0.0097360777999999995
4395478400	-0.254358435800000005	0.0106812743999999994
4395480400	-0.255045620600000023	0.0129349493999999995
4395482400	-0.256623954599999982	0.0120798359000000004
4395484400	-0.258847858099999995	0.0144621416000000006
4395486400	-0.258357060699999974	0.0139212415000000006
4395488400	-0.260729716700000003	0.0167914093000000007
4395490400	-0.262897538400000019	0.0205473904999999984
4395492400	-0.262875318199999986	0.0187438364999999996
4395494400	-0.265636033800000004	0.0186833243000000017
4395496400	-0.263935012400000002	0.0231064831999999998
4395498400	-0.265367703200000027	0.0233872487999999996
4395500400	-0.268612064300000009	0.0254385235000000008
4395502400	-0.268393389799999993	0.026138002300000001
4395504400	-0.268824279499999985	0.0258860906999999994
4395506400	-0.269609909199999997	0.0278188094999999996
4395508400	-0.267498072500000017	0.0290507883000000015
4395510400	-0.269093110999999996	0.0327518293000000002
4395512400	-0.271974278399999991	0.031610497500000001
4395514400	-0.273436766200000014	0.0328136523000000027
4395516400	-0.270479116500000005	0.0348942518999999993
4395518400	-0.270547065699999978	0.0351015756999999984
4395520400	-0.27439860290000001	0.0346780937999999969
4395522400	-0.275849895600000006	0.0377817753000000006
4395524400	-0.275191045700000025	0.0397282757000000028
4395526400	-0.275372631599999973	0.0404599118999999993
4395528400	-0.275479897099999982	0.0400929761999999981
4395530400	-0.276099599500000015	0.0411869433000000007
4395532400	-0.276704457999999986	0.041361435600000003
4395534400	-0.277088552300000013	0.0430908916000000003
4395536400	-0.278472135999999981	0.0426313528000000011
4395538400	-0.278543985100000002	0.0444648611000000027
4395540400	-0.279398092900000006	0.0459704637999999999
4395542400	-0.279139848400000001	0.050367741700000003
4395544400	-0.278807065899999984	0.0450458120999999989
4395546400	-0.280250884600000028	0.0493808135000000023
4395548400	-0.282011029899999988	0.0518434830999999971
4395550400	-0.280227924100000025	0.0491846068999999969
4395552400	-0.278263289000000025	0.0529295477999999972
4395554400	-0.28298255579999998	0.0560072624000000005
4395556400	-0.281073176500000022	0.0538898155000000004
4395558400	-0.278848055799999994	0.0573788391000000023
4395560400	-0.282924528800000019	0.0567681612000000002
4395562400	-0.283019299999999974	0.0574538996999999982
4395564400	-0.282399296700000024	0.0587906896000000012
4395566400	-0.284216064699999993	0.0601475434000000031
4395568400	-0.283839702000000027	0.0585585278999999972
4395570400	-0.28216385799999999	0.0618279211000000023
4395572400	-0.284358358799999988	0.0612511606
4395574400	-0.281156475700000019	0.0613658814999999969
4395576400	-0.28583924690000001	0.0645006515000000058
4395578400	-0.284551814600000008	0.0654974479000000054
4395580400	-0.285380617800000014	0.0674424343000000065
4395582400	-0.28442649590000002	0.0666647189999999973
4395584400	-0.287544155099999976	0.0686499138000000036
4395586400	-0.286644708400000003	0.0671371188000000063
4395588400	-0.284937768899999999	0.0693262174999999953
4395590400	-0.286590421699999987	0.0694663793000000057
4395592400	-0.284813364600000007	0.0723103298000000033
4395594400	-0.28756200110000002	0.072568914499999998
4395596400	-0.286085514500000027	0.0732152006999999966
4395598400	-0.284416692099999979	0.0735099582999999973
4395600400	-0.287753169099999984	0.0757685074000000042
4395602400	-0.287841739599999979	0.0768026316000000042
4395604400	-0.289043125800000023	0.0759370783000000021
4395606400	-0.289432114600000012	0.0757960782999999999
4395608400	-0.287881246599999974	0.0807704142999999958
4395610400	-0.289755206300000012	0.0757962670999999949
4395612400	-0.287145785599999981	0.0774387029999999976
4395614400	-0.286135478399999976	0.0788549342000000042
4395616400	-0.287405335799999995	0.0822621250999999998
4395618400	-0.285774144999999979	0.0822638517999999958
4395620400	-0.289113838999999984	0.0819992087000000064
4395622400	-0.287787240599999994	0.0823910085999999958
4395624400	-0.287847671500000013	0.0832219374000000012
4395626400	-0.287807071999999997	0.0838966066000000066
4395628400	-0.289136424800000014	0.0845259646999999975
4395630400	-0.289407244399999986	0.0836995152999999992
4395632400	-0.287853338199999975	0.0869367018000000019
4395634400	-0.288194960800000011	0.0848549061000000021
4395636400	-0.287059326900000022	0.0891983387000000044
4395638400	-0.287147474999999985	0.0869503774000000007
4395640400	-0.289676111899999977	0.0884744092000000065
4395642400	-0.287176738099999995	0.0900914998000000022
4395644400	-0.286435471499999983	0.0917899617000000057
4395646400	-0.291275063000000001	0.0900720304000000027
4395648400	-0.28762012549999999	0.0923889534999999956
4395650400	-0.290318641699999991	0.0909138211000000002
4395652400	-0.289283940799999972	0.0906995522000000054
4395654400	-0.286774640099999978	0.0929107428999999957
4395656400	-0.287549655700000018	0.0957301391999999945
4395658400	-0.288495447800000027	0.0949903203999999945
4395660400	-0.289086990300000013	0.0930717989999999967
4395662400	-0.289589058999999982	0.0948463417999999975
4395664400	-0.288934930599999973	0.0967230579000000062
4395666400	-0.288172333200000019	0.0966978879999999957
4395668400	-0.289798332499999978	0.0970982615999999993
4395670400	-0.289312936799999976	0.0979839972000000059
4395672400	-0.289587213299999979	0.0984574218000000001
4395674400	-0.289270283100000025	0.100072439799999996
4395676400	-0.289195508800000001	0.0998579106999999966
4395678400	-0.28876566250000002	0.0995447304000000033
4395680400	-0.289855465599999973	0.1030918839
4395682400	-0.288794011999999989	0.102879223199999995
4395684400	-0.288899553099999984	0.1028872864
4395686400	-0.291259490200000026	0.103706937299999996
4395688400	-0.289558350999999992	0.103754696100000002
4395690400	-0.284811028999999993	0.103321247000000005
4395692400	-0.287389337500000008	0.104955531699999993
4395694400	-0.286505216800000018	0.106478038699999999
4395696400	-0.288411130899999979	0.105130988300000006
4395698400	-0.285741510799999987	0.105888270199999995
4395700400	-0.290017970000000014	0.102917651400000004
4395702400	-0.290416031600000013	0.105814980099999997
4395704400	-0.286893731200000002	0.108993500699999996
4395706400	-0.288547355100000014	0.107208384099999998
4395708400	-0.289347114000000016	0.108576577600000002
4395710400	-0.287528333899999988	0.108624776899999997
4395712400	-0.286748923900000008	0.107422038400000003
4395714400	-0.290253280800000013	0.108853661099999999
4395716400	-0.286752072999999996	0.111751279699999997
4395718400	-0.288097283300000007	0.110661171200000005
4395720400	-0.28786614399999999	0.112075934299999999
4395722400	-0.287786472800000026	0.109747073599999995
4395724400	-0.286496766700000016	0.113805365199999994
4395726400	-0.285485212799999999	0.114554112999999999
4395728400	-0.285720634799999984	0.113601178999999997
4395730400	-0.285519915299999982	0.113984372400000006
4395732400	-0.287169219600000025	0.114091062399999998
4395734400	-0.288055717900000008	0.113962270199999993
4395736400	-0.288415720200000003	0.114291782300000005
4395738400	-0.286088337699999973	0.117373451399999995
4395740400	-0.286139631800000016	0.116496664299999997
4395742400	-0.286155127899999973	0.114301128200000005
4395744400	-0.29013311009999998	0.119160503299999998
4395746400	-0.287221093699999985	0.117367823999999996
4395748400	-0.286718780900000025	0.116986493699999999
4395750400	-0.287579637700000001	0.1183287279
4395752400	-0.286419122400000004	0.119548471099999998
4395754400	-0.281990725499999983	0.120059879499999994
4395756400	-0.286760982100000006	0.120614938099999999
4395758400	-0.283794883499999984	0.1211600756
4395760400	-0.288547309099999982	0.122662386900000003
4395762400	-0.285110457300000009	0.119303349700000005
4395764400	-0.287069121599999977	0.121670067000000007
4395766400	-0.283471124100000027	0.123522880700000004
4395768400	-0.284433549399999985	0.123588108200000005
4395770400	-0.286466987499999992	0.121011536399999994
4395772400	-0.286394613899999984	0.122200293200000004
4395774400	-0.28615426770000002	0.122164377199999993
4395776400	-0.28767984969999999	0.124985191100000004
4395778400	-0.286227800099999985	0.123552916299999996
4395780400	-0.283720849800000008	0.126486255500000006
4395782400	-0.284853589600000012	0.126396739799999991
4395784400	-0.283746584899999987	0.126114221299999996
4395786400	-0.287855743599999991	0.123210828300000005
4395788400	-0.283963489199999974	0.126131411599999993
4395790400	-0.286442329800000006	0.126015941100000001
4395792400	-0.287767502299999978	0.126765386199999996
4395794400	-0.28661934389999999	0.127705458100000002
4395796400	-0.285921449300000019	0.127837399099999999
4395798400	-0.284374024499999989	0.129142863400000002
4395800400	-0.284292000400000022	0.127919180800000004
4395802400	-0.284152860499999993	0.127829554000000012
4395804400	-0.284889087699999988	0.131667852700000004
4395806400	-0.284331997599999997	0.131365152600000007
4395808400	-0.282366004800000014	0.129227859499999986
4395810400	-0.285826265400000001	0.130988086799999986
4395812400	-0.286078860400000023	0.132131902299999993
4395814400	-0.285635906900000014	0.132017300100000012
4395816400	-0.281650654399999978	0.131111560099999996
4395818400	-0.283308602500000006	0.133420389100000009
4395820400	-0.286247309499999991	0.13383215209999999
4395822400	-0.282801491500000002	0.134963847999999997
4395824400	-0.284808432599999994	0.13222542109999999
4395826400	-0.283207116099999989	0.133191460000000012
4395828400	-0.283474961099999978	0.134822793200000013
4395830400	-0.284874121400000013	0.134811172199999996
4395832400	-0.283491438200000001	0.134705757000000009
4395834400	-0.282399089300000017	0.134770038799999992
4395836400	-0.282624813699999977	0.136343729899999988
4395838400	-0.283272367400000002	0.136172705499999991
4395840400	-0.280631887899999988	0.136330666299999986
4395842400	-0.282929863000000004	0.137194666999999992
4395844400	-0.284687632299999993	0.136718836099999991
4395846400	-0.283603558199999994	0.137481561400000007
4395848400	-0.281191498599999978	0.137793036899999999
4395850400	-0.286278819999999989	0.135809601899999993
4395852400	-0.283071618899999988	0.139522244900000009
4395854400	-0.280343070199999989	0.134974220499999992
4395856400	-0.281349836999999992	0.135510832199999987
4395858400	-0.280381867399999984	0.13865561039999999
4395860400	-0.279199204400000012	0.141223335700000008
4395862400	-0.283621373200000026	0.140846804900000011
4395864400	-0.280925225700000003	0.140568744200000012
4395866400	-0.279654901199999972	0.142581904399999987
4395868400	-0.281705138600000016	0.140331649199999992
4395870400	-0.279960839999999989	0.138929619000000004
4395872400	-0.281295607399999981	0.142481429200000009
4395874400	-0.282866408299999983	0.141861900099999994
4395876400	-0.282793765899999994	0.141368216200000008
4395878400	-0.282320151700000022	0.14331073720000001
4395880400	-0.279805180799999997	0.144696608799999987
4395882400	-0.282354137599999999	0.142818880499999995
4395884400	-0.280474724200000025	0.143947970700000011
4395886400	-0.280187748000000014	0.143708562399999989
4395888400	-0.280312850100000011	0.142390853699999986
4395890400	-0.281379500100000013	0.144579458299999991
4395892400	-0.277889828100000014	0.147229470299999998
4395894400	-0.278257356499999997	0.1430627706
4395896400	-0.278877498200000018	0.144346856400000001
4395898400	-0.281739249299999994	0.144809382099999995
4395900400	-0.279148910899999991	0.144989282800000008
4395902400	-0.279447934200000025	0.14759635900000001
4395904400	-0.279421027599999983	0.149206890399999986
4395906400	-0.280897576500000024	0.147827207099999997
4395908400	-0.280512977599999991	0.146787268599999993
4395910400	-0.279240179799999988	0.145679202600000002
4395912400	-0.277886430500000003	0.147832071000000009
4395914400	-0.278475270800000008	0.14763417009999999
4395916400	-0.279766932199999985	0.149002758200000002
4395918400	-0.278717799099999997	0.146872532100000008
4395920400	-0.280745206999999997	0.150473435399999994
4395922400	-0.27650870729999999	0.149072658699999999
4395924400	-0.279570169199999996	0.150587791599999993
4395926400	-0.278377357900000011	0.149166273200000005
4395928400	-0.278225340599999982	0.14992520840000001
4395930400	-0.277850553200000017	0.15242571299999999
4395932400	-0.279224292900000004	0.149431793400000013
4395934400	-0.280505358799999993	0.150639953800000004
4395936400	-0.278434049600000011	0.151064806200000012
4395938400	-0.280375587500000023	0.149854773200000013
4395940400	-0.278817218799999988	0.151862869000000011
4395942400	-0.277181900699999983	0.152659303899999987
4395944400	-0.276512527800000019	0.151429538499999988
4395946400	-0.277452202400000014	0.152994283199999997
4395948400	-0.277929591899999995	0.154294644099999989
4395950400	-0.279801631100000003	0.154288303200000004
4395952400	-0.276524107700000021	0.154205039799999999
4395954400	-0.276017762100000008	0.15442552670000001
4395956400	-0.278116268499999986	0.155721327800000003
4395958400	-0.277328334299999979	0.153784872200000006
4395960400	-0.275245338000000006	0.153583100100000008
4395962400	-0.276335291400000016	0.155675674200000003
4395964400	-0.275012926099999999	0.154590705100000003
4395966400	-0.276779395799999994	0.155631022799999991
4395968400	-0.276917160699999998	0.158249878499999996
4395970400	-0.277007330699999998	0.153385903600000012
4395972400	-0.274900499799999976	0.157398506299999991
4395974400	-0.275013689499999991	0.155280648800000004
4395976400	-0.27479260849999998	0.157349305599999989
4395978400	-0.27451727250000002	0.15825821679999999
4395980400	-0.275964774000000024	0.158685318800000003
4395982400	-0.277223597599999982	0.156202750400000007
4395984400	-0.274769935399999998	0.158081233900000007
4395986400	-0.276013557500000006	0.15666832650000001
4395988400	-0.275640084999999979	0.158770941700000001
4395990400	-0.275710296600000015	0.159067392599999996
4395992400	-0.277100191900000015	0.160260149500000004
4395994400	-0.274849615599999986	0.160224776699999988
4395996400	-0.275082854300000013	0.159749637100000008
4395998400	-0.272445965499999998	0.162612242399999996
4396000400	-0.271535965300000015	0.16002616850000001
4396002400	-0.275317940300000008	0.158245693599999987
4396004400	-0.275691250300000024	0.159638423800000012
4396006400	-0.272926178799999974	0.162490791200000012
4396008400	-0.271114213499999979	0.159578330200000007
4396010400	-0.273405062099999985	0.162004383599999996
4396012400	-0.274504709100000022	0.162319079100000013
4396014400	-0.273191078899999995	0.161594748600000004
4396016400	-0.278164876800000016	0.162406767400000013
4396018400	-0.274322810099999981	0.160350194800000012
4396020400	-0.273332893500000007	0.161674116099999987
4396022400	-0.274006909600000015	0.16196902299999999
4396024400	-0.272201953200000013	0.164534012300000004
4396026400	-0.272797758499999987	0.161583254700000012
4396028400	-0.275272859400000014	0.163168583700000008
4396030400	-0.274678029599999984	0.165227992800000001
4396032400	-0.270862643399999992	0.161956546199999996
4396034400	-0.274007726100000015	0.163475027100000003
4396036400	-0.271972948499999978	0.162395815599999993
4396038400	-0.271662817200000017	0.164581487100000007
4396040400	-0.271476851899999982	0.163915739499999991
4396042400	-0.271983211800000013	0.1664584224
4396044400	-0.270739032499999976	0.164125842800000005
4396046400	-0.272657673300000014	0.167029763400000003
4396048400	-0.272558838799999981	0.1669817881
4396050400	-0.26975835279999999	0.166705768899999995
4396052400	-0.270570287999999992	0.166143491100000013
4396054400	-0.272055332799999994	0.16636134520000001
4396056400	-0.272912157300000013	0.165383294600000008
4396058400	-0.27017914970000001	0.165932348400000013
4396060400	-0.270140041399999975	0.168120812499999994
4396062400	-0.271033824300000004	0.165263777100000009
4396064400	-0.271141409599999994	0.167760433399999992
4396066400	-0.267452556000000008	0.166431128000000012
4396068400	-0.269827839100000022	0.168381459399999989
4396070400	-0.271521514500000005	0.1679340577
4396072400	-0.273151856799999981	0.169902836700000004
4396074400	-0.270652673499999996	0.167088025499999987
4396076400	-0.268938168300000002	0.168143077599999996
4396078400	-0.269138470299999988	0.168955919499999996
4396080400	-0.26998546499999998	0.16909858559999999
4396082400	-0.270199472399999974	0.170625019399999994
4396084400	-0.269610108500000001	0.168199112799999995
4396086400	-0.269666426600000009	0.171659031099999998
4396088400	-0.27027560610000001	0.170920158999999988
4396090400	-0.268616983899999995	0.169806077100000008
4396092400	-0.269051034899999986	0.171124313299999997
4396094400	-0.267448133600000026	0.171627501300000013
4396096400	-0.267588094800000009	0.171596055400000003
4396098400	-0.270340295299999978	0.16963434899999999
4396100400	-0.269446103300000017	0.172671621199999986
4396102400	-0.2695347414	0.173015378800000008
4396104400	-0.266929998599999996	0.172872194899999998
4396106400	-0.267784907800000027	0.171474232599999998
4396108400	-0.265088378199999974	0.172088479900000008
4396110400	-0.26687196660000001	0.172085048600000012
4396112400	-0.270140314599999987	0.174800107199999999
4396114400	-0.267031038100000007	0.173941367900000005
4396116400	-0.266709840899999995	0.170325737499999991
4396118400	-0.269388013500000023	0.173390611500000014
4396120400	-0.267271295299999989	0.174825903100000013
4396122400	-0.267714030499999978	0.174906954100000012
4396124400	-0.265191736899999975	0.175275754000000006
4396126400	-0.266772675600000009	0.173739264700000007
4396128400	-0.264675922399999985	0.174400821499999997
4396130400	-0.264625851299999992	0.175196676400000001
4396132400	-0.267238238100000025	0.174861439499999993
4396134400	-0.264829845800000019	0.177215175599999997
4396136400	-0.264271351300000013	0.175703555000000011
4396138400	-0.267167817500000015	0.17513179470000001
4396140400	-0.267131769899999982	0.177921198800000013
4396142400	-0.266634287799999981	0.174881067599999995
4396144400	-0.267042825599999978	0.175207968500000005
4396146400	-0.263831612900000012	0.176422128799999994
4396148400	-0.267115376999999987	0.17695410210000001
4396150400	-0.264903693900000015	0.176657610800000003
4396152400	-0.2631026011	0.178151890000000007
4396154400	-0.267313068099999995	0.176989216300000002
4396156400	-0.263765100299999999	0.176879797799999988
4396158400	-0.263794012199999983	0.178303373200000004
4396160400	-0.265839655600000002	0.177495204399999995
4396162400	-0.263978131000000005	0.177398052899999992
4396164400	-0.263731806600000007	0.176297947499999996
4396166400	-0.263660360300000007	0.178612434900000006
4396168400	-0.264589459799999982	0.179104506999999996
4396170400	-0.264268559399999992	0.178504162100000002
4396172400	-0.263158790600000025	0.177478530999999995
4396174400	-0.264466467300000008	0.179902664900000009
4396176400	-0.263353654900000012	0.181454906400000004
4396178400	-0.265334157299999984	0.179785616199999998
4396180400	-0.263236143300000003	0.183192451499999992
4396182400	-0.265332943099999996	0.179825641199999997
4396184400	-0.262506490799999992	0.182165175600000007
4396186400	-0.261117996000000019	0.181191634800000001
4396188400	-0.262448485299999978	0.181556129799999993
4396190400	-0.260380121099999973	0.179726285000000013
4396192400	-0.261994302700000015	0.180759376899999991
4396194400	-0.2627887572	0.180464855199999996
4396196400	-0.261823024199999976	0.1813447963
4396198400	-0.263215363099999988	0.183009679199999997
4396200400	-0.262172294199999989	0.181039780900000002
4396202400	-0.261619676099999976	0.182483192500000002
4396204400	-0.260868583900000006	0.182763724099999997
4396206400	-0.260175867399999983	0.182837986099999988
4396208400	-0.259936464300000003	0.180931034399999996
4396210400	-0.26234486600000001	0.184129450500000014
4396212400	-0.257893646799999987	0.184145335100000002
4396214400	-0.261962637599999992	0.181713705899999994
4396216400	-0.260332948299999978	0.185076892500000006
4396218400	-0.26252612660000002	0.184799712599999999
4396220400	-0.261953889699999998	0.185952591599999995
4396222400	-0.26100188660000001	0.181893205499999988
4396224400	-0.257745162699999975	0.181732760800000004
4396226400	-0.260472091100000025	0.186066661200000011
4396228400	-0.261994967099999976	0.1866575345
4396230400	-0.261408348800000023	0.185327450700000007
4396232400	-0.261718334399999975	0.183973025499999998
4396234400	-0.259137914000000025	0.18258331559999999
4396236400	-0.26282275020000001	0.184988552299999998
4396238400	-0.258895920599999996	0.184113389500000002
4396240400	-0.258649216100000023	0.186619616900000007
4396242400	-0.261403895399999975	0.186182143100000003
4396244400	-0.259075163900000016	0.185324467800000003
4396246400	-0.256954107900000006	0.18864636030000001
4396248400	-0.257591007099999991	0.189818571500000005
4396250400	-0.256993076099999995	0.185574626900000011
4396252400	-0.2569385052	0.189075742399999996
4396254400	-0.258028879900000008	0.187700198900000004
4396256400	-0.258394764900000018	0.18640921760000001
4396258400	-0.25964982590000002	0.186500944599999996
4396260400	-0.257598725899999992	0.185657021199999994
4396262400	-0.25651255449999999	0.187922439400000002
4396264400	-0.258715305600000001	0.187751547600000013
4396266400	-0.257423866599999995	0.188835272599999993
4396268400	-0.25704882779999999	0.188314365099999992
4396270400	-0.255133125199999977	0.191729829299999988
4396272400	-0.256341975300000025	0.190060621099999993
4396274400	-0.256271163600000018	0.189373519200000007
4396276400	-0.257448671899999981	0.190095864899999994
4396278400	-0.258652300800000012	0.188453651100000008
4396280400	-0.258856468100000014	0.191922781999999986
4396282400	-0.25856691100000001	0.189196351799999996
4396284400	-0.258587660900000016	0.190217579199999987
4396286400	-0.258235490700000014	0.193039040599999989
4396288400	-0.25885289979999998	0.190490544300000009
4396290400	-0.259145856200000024	0.189591398999999994
4396292400	-0.256643229299999998	0.19055804509999999
4396294400	-0.256861891999999981	0.190713150299999995
4396296400	-0.256802902700000002	0.192411526700000002
4396298400	-0.253297407299999999	0.189797594099999994
4396300400	-0.254463592000000016	0.192018000900000013
4396302400	-0.2589811427	0.192427146800000004
4396304400	-0.253946652499999981	0.19041600119999999
4396306400	-0.256300177100000026	0.190616949300000005
4396308400	-0.252625810800000017	0.191864796000000004
4396310400	-0.254133699699999993	0.192105369999999998
4396312400	-0.253999960600000019	0.193946452600000013
4396314400	-0.255724086500000003	0.192757041299999987
4396316400	-0.254114006000000003	0.193460524299999992
4396318400	-0.255151932099999978	0.193294967699999987
4396320400	-0.254398115799999991	0.19239891810000001
4396322400	-0.254091912799999986	0.192086641400000008
4396324400	-0.252848558100000009	0.195074719199999996
4396326400	-0.255964151799999984	0.1951473185
4396328400	-0.254096832900000014	0.19402983800000001
4396330400	-0.2525600556	0.195144561299999991
4396332400	-0.252033928799999973	0.19417513380000001
4396334400	-0.253079304299999974	0.196928122600000005
4396336400	-0.253356151899999993	0.195007866599999996
4396338400	-0.256687017799999972	0.193617704299999999
4396340400	-0.252567120199999995	0.197041938500000013
