# freq, I e Q
4394803800	-0.1071727648	0.109322625100000001
4394805800	-0.104487580999999996	0.113114193000000002
4394807800	-0.103935224600000001	0.109390563999999996
4394809800	-0.105272112099999995	0.112397498200000001
4394811800	-0.103037613700000003	0.109507453099999999
4394813800	-0.104596389400000003	0.113858894500000002
4394815800	-0.101419054199999997	0.114507285799999997
4394817800	-0.106379714299999997	0.109644500899999997
4394819800	-0.100391011799999999	0.112986673100000004
4394821800	-0.103140601100000007	0.108885464299999998
4394823800	-0.104831477800000003	0.114528545400000001
4394825800	-0.101546264999999997	0.109309420899999996
4394827800	-0.103995438800000006	0.112719665999999996
4394829800	-0.101285342200000003	0.113683664000000004
4394831800	-0.1006221536	0.114549842200000002
4394833800	-0.105964082500000001	0.114201242600000002
4394835800	-0.103780636199999998	0.113790550300000001
4394837800	-0.102488170700000006	0.106283259699999993
4394839800	-0.101845064200000002	0.113460299799999997
4394841800	-0.101230445200000005	0.113150311899999995
4394843800	-0.101229848400000003	0.116546347800000005
4394845800	-0.0995559367999999945	0.111579044000000002
4394847800	-0.104459109499999994	0.112886831000000007
4394849800	-0.103576845700000003	0.112080640999999995
4394851800	-0.104205555300000002	0.113889315500000005
4394853800	-0.100851393799999994	0.112604333200000004
4394855800	-0.102247373500000002	0.109477592999999998
4394857800	-0.100717896200000004	0.112942668199999999
4394859800	-0.0991142416999999942	0.111946571300000006
4394861800	-0.102217138599999993	0.110636205200000004
4394863800	-0.0988611321999999931	0.117071133399999999
4394865800	-0.102817851200000004	0.113715598799999998
4394867800	-0.101143686600000005	0.111635357800000001
4394869800	-0.1037937154	0.116526070499999995
4394871800	-0.103101368999999998	0.114576157900000003
4394873800	-0.102323485000000006	0.109408905099999995
4394875800	-0.100856886000000007	0.113548922999999996
4394877800	-0.101288854299999995	0.114267313199999998
4394879800	-0.0990458267000000059	0.114015418800000004
4394881800	-0.102017367799999994	0.115559091200000005
4394883800	-0.104581119700000003	0.115576804599999999
4394885800	-0.100213260499999998	0.115734963199999999
4394887800	-0.0967489022999999948	0.112763192200000001
4394889800	-0.101420310900000005	0.114999942800000005
4394891800	-0.101095879200000002	0.111099990499999995
4394893800	-0.101647727600000001	0.115080979099999994
4394895800	-0.101887615000000001	0.115804659399999996
4394897800	-0.103638441499999998	0.117058805299999999
4394899800	-0.102285991500000006	0.114164649000000007
4394901800	-0.0977502747000000005	0.111826216300000003
4394903800	-0.0998752217999999969	0.111545362800000006
4394905800	-0.102340024000000002	0.114910227000000004
4394907800	-0.100565078899999993	0.116323553499999996
4394909800	-0.100799225699999995	0.1151965821
4394911800	-0.0998979306000000039	0.117288941899999999
4394913800	-0.100124976099999999	0.116194965299999994
4394915800	-0.101199266199999999	0.115334667399999993
4394917800	-0.0965067889999999956	0.115080414000000006
4394919800	-0.0990028230999999981	0.115064905800000006
4394921800	-0.0966678735000000011	0.115486703499999996
4394923800	-0.0967520156000000048	0.111886339099999996
4394925800	-0.100755553299999995	0.117003949900000001
4394927800	-0.100284308899999994	0.116127873300000004
4394929800	-0.100232425299999997	0.117231085299999996
4394931800	-0.0978199136000000025	0.112195396899999994
4394933800	-0.0999019815000000005	0.114405488700000002
4394935800	-0.103449406100000002	0.119073952499999997
4394937800	-0.0991749098000000023	0.115309627299999995
4394939800	-0.0958759299000000037	0.118251163100000001
4394941800	-0.0989179659000000017	0.117769294299999994
4394943800	-0.0998634555999999979	0.117328627199999994
4394945800	-0.0973270093000000031	0.114269269100000001
4394947800	-0.0988458854999999942	0.118151788499999993
4394949800	-0.0946922463999999992	0.117869335500000005
4394951800	-0.0973036989999999935	0.118347511099999997
4394953800	-0.100898131200000005	0.117586398100000003
4394955800	-0.0961071411999999958	0.117454204800000003
4394957800	-0.0984868113999999989	0.117320036599999997
4394959800	-0.0960105816000000056	0.117269258000000001
4394961800	-0.0932785720999999984	0.115916924899999996
4394963800	-0.0966678371000000008	0.116797658400000004
4394965800	-0.0948706254999999998	0.114622583099999995
4394967800	-0.0962258166999999942	0.116557451800000003
4394969800	-0.0958067521999999977	0.119506197499999994
4394971800	-0.0966268012999999953	0.115438315200000002
4394973800	-0.0931342648999999995	0.115141547699999999
4394975800	-0.0973903760000000007	0.119362653400000004
4394977800	-0.0945219838999999951	0.113152866500000004
4394979800	-0.0969105018000000068	0.112708364000000005
4394981800	-0.0988554259000000018	0.116599187199999996
4394983800	-0.0985700488999999985	0.118317802599999994
4394985800	-0.0964072222000000034	0.117711625200000003
4394987800	-0.0962341782000000062	0.119072424100000004
4394989800	-0.096359479900000003	0.118171759700000004
4394991800	-0.095381236499999994	0.117300238500000001
4394993800	-0.0945477155999999985	0.117390749799999999
4394995800	-0.0964335748999999992	0.115646643600000001
4394997800	-0.0964346140000000018	0.118526201900000003
4394999800	-0.0956396171999999989	0.117904604800000007
4395001800	-0.0938528452000000069	0.117106192400000003
4395003800	-0.0971306298000000068	0.116796794100000004
4395005800	-0.0945605892999999975	0.115298839200000003
4395007800	-0.0971481770000000022	0.115384799499999996
4395009800	-0.0957272106000000012	0.117507539800000005
4395011800	-0.0953217521999999984	0.121581147099999995
4395013800	-0.0939314123999999973	0.118155433099999999
4395015800	-0.0932639625999999999	0.113457613400000004
4395017800	-0.0942396810000000057	0.118665492400000003
4395019800	-0.0956776361000000047	0.116945340499999995
4395021800	-0.0957640243999999946	0.117147224100000003
4395023800	-0.0962646562000000067	0.121106855099999994
4395025800	-0.0954782487000000041	0.117938985999999996
4395027800	-0.0949164673999999958	0.117469048199999995
4395029800	-0.095244052100000004	0.119211894099999993
4395031800	-0.0942289889000000047	0.1200103473
4395033800	-0.0939861027000000043	0.118550764200000006
4395035800	-0.0959680108999999976	0.119784167900000002
4395037800	-0.0927512090999999955	0.120277687699999997
4395039800	-0.0955507943999999998	0.120278817299999993
4395041800	-0.0924937750999999947	0.120085371499999996
4395043800	-0.0940309834000000039	0.119431510699999993
4395045800	-0.0919077256999999981	0.120012771800000001
4395047800	-0.0926415887999999937	0.116827205599999998
4395049800	-0.0912302276999999995	0.121018496000000003
4395051800	-0.0970184609000000059	0.120425664299999999
4395053800	-0.0940517634999999963	0.122223460800000003
4395055800	-0.0928534201000000003	0.120848672700000007
4395057800	-0.0922435337999999994	0.121049026300000001
4395059800	-0.0948391751000000061	0.1180286574
4395061800	-0.0900784850999999942	0.120789609000000006
4395063800	-0.0930537730000000063	0.122225202300000002
4395065800	-0.0930826049000000044	0.122722889700000004
4395067800	-0.092340252400000003	0.122312579000000005
4395069800	-0.0873078139000000031	0.120400939299999996
4395071800	-0.0944506967000000031	0.119530557499999995
4395073800	-0.0935780992000000006	0.121527570099999996
4395075800	-0.0908490770999999947	0.118883562700000001
4395077800	-0.0941731705000000002	0.120592433200000002
4395079800	-0.0932671944999999974	0.119298030200000002
4395081800	-0.0931815688000000031	0.120650593299999997
4395083800	-0.0919058180999999946	0.117979248499999995
4395085800	-0.0898003488999999933	0.120975526999999999
4395087800	-0.0891751073000000005	0.118930384599999994
4395089800	-0.0909985236000000058	0.121391413399999995
4395091800	-0.0929625184999999937	0.116902148299999994
4395093800	-0.090287554300000003	0.1200837555
4395095800	-0.0929691727999999995	0.119306079900000001
4395097800	-0.094277051099999995	0.118360200799999996
4395099800	-0.0905795927000000028	0.123703611000000005
4395101800	-0.0924765426000000029	0.120814991600000005
4395103800	-0.0890133246999999933	0.123140330000000006
4395105800	-0.0925941581000000041	0.121819953600000003
4395107800	-0.0883993951	0.121731922300000003
4395109800	-0.0891597964000000048	0.124441995299999997
4395111800	-0.089987523599999994	0.119581431299999999
4395113800	-0.0896780377000000045	0.123565874899999997
4395115800	-0.0887043804000000047	0.121499153100000007
4395117800	-0.0907290629999999987	0.122221101900000004
4395119800	-0.0861355181999999969	0.1224120915
4395121800	-0.0877678422999999958	0.125745609400000014
4395123800	-0.0885219165000000058	0.121211964199999994
4395125800	-0.0869826290000000057	0.1196772101
4395127800	-0.0917428307999999942	0.121248045900000004
4395129800	-0.0894062724999999947	0.122039503999999993
4395131800	-0.0840590365000000034	0.120357150499999996
4395133800	-0.0923746233999999944	0.118212484199999995
4395135800	-0.0861582931999999996	0.124022209100000003
4395137800	-0.0876711372999999933	0.120978376700000001
4395139800	-0.0842733447000000024	0.120979358199999998
4395141800	-0.0872148028000000047	0.124245676499999999
4395143800	-0.0856831534999999977	0.122960856300000004
4395145800	-0.0913889370000000034	0.122597221100000001
4395147800	-0.0852901179999999981	0.124518863399999999
4395149800	-0.0894405993000000066	0.121649148900000004
4395151800	-0.0884766839000000055	0.122777585499999994
4395153800	-0.0879829807000000047	0.122809528900000006
4395155800	-0.0863578128000000028	0.125172014999999998
4395157800	-0.0896007283000000015	0.123989499000000003
4395159800	-0.0886272248999999956	0.123173735699999995
4395161800	-0.0874824733999999965	0.121616517100000002
4395163800	-0.0878397196000000047	0.125079237199999999
4395165800	-0.083893346399999999	0.122920438199999996
4395167800	-0.0864729253000000031	0.125792879699999999
4395169800	-0.0875980548999999997	0.127809137699999992
4395171800	-0.0861422399999999949	0.123562165299999999
4395173800	-0.086768803699999994	0.1224472422
4395175800	-0.0879182825999999945	0.122617796200000004
4395177800	-0.0876047420999999937	0.123205787100000005
4395179800	-0.0863000307999999966	0.123366583200000005
4395181800	-0.0840583914999999959	0.121763815999999997
4395183800	-0.0886234486000000016	0.124505586700000004
4395185800	-0.0874135500000000065	0.121741787000000004
4395187800	-0.0873399227000000028	0.125717865600000006
4395189800	-0.0838423945999999948	0.124177893400000003
4395191800	-0.0874276331999999934	0.123824980200000004
4395193800	-0.0900568947999999952	0.121623134999999993
4395195800	-0.086786257399999997	0.118101492500000002
4395197800	-0.0860950552000000063	0.124694364500000002
4395199800	-0.0876860373000000054	0.122271672400000003
4395201800	-0.0856144952000000015	0.124429732700000004
4395203800	-0.0855177701999999956	0.121325893000000004
4395205800	-0.0827418924000000028	0.121792476400000002
4395207800	-0.0847692362000000005	0.122404939300000001
4395209800	-0.0809085075000000042	0.126934529500000004
4395211800	-0.0831626602999999964	0.124607262400000002
4395213800	-0.0801085544999999982	0.123507918999999994
4395215800	-0.0885138882000000016	0.1240803298
4395217800	-0.0851532621000000017	0.125118356799999997
4395219800	-0.083441253300000004	0.123111751699999994
4395221800	-0.0848592811999999974	0.1233567936
4395223800	-0.0867773131999999975	0.122975542199999996
4395225800	-0.0864142561999999975	0.126676637799999992
4395227800	-0.0850366969	0.122161554199999994
4395229800	-0.0856517730999999949	0.120703396899999996
4395231800	-0.080987450399999994	0.124193163100000004
4395233800	-0.0834242771999999938	0.122382767399999995
4395235800	-0.0829627168000000026	0.1246909395
4395237800	-0.081251638000000001	0.124670654399999997
4395239800	-0.0827576009000000057	0.127831248799999991
4395241800	-0.0833278742999999933	0.124312263500000006
4395243800	-0.0817000284999999937	0.126936861900000003
4395245800	-0.0827021664999999934	0.123944215600000004
4395247800	-0.0797168595999999952	0.123299618799999997
4395249800	-0.0860631372000000006	0.12653545799999999
4395251800	-0.0806226874000000038	0.124673570100000006
4395253800	-0.0804013724000000041	0.125019480999999988
4395255800	-0.0828660370999999979	0.127725442299999992
4395257800	-0.0819119271999999982	0.124194152700000005
4395259800	-0.0793176394000000007	0.124514212900000004
4395261800	-0.0806086280000000016	0.12504547860000001
4395263800	-0.0833906759999999969	0.127768511800000012
4395265800	-0.0801372503999999986	0.125385442200000002
4395267800	-0.081458063499999997	0.123642388500000006
4395269800	-0.081129161199999994	0.12511789479999999
4395271800	-0.0791937338999999935	0.121755214400000006
4395273800	-0.0811416590000000049	0.125607544999999987
4395275800	-0.0809357574000000024	0.127559544699999999
4395277800	-0.0802621954999999943	0.124743033700000006
4395279800	-0.0804919426999999993	0.125918100100000013
4395281800	-0.0812750500000000015	0.128688737599999992
4395283800	-0.0824102934000000009	0.126945627199999994
4395285800	-0.0773840258000000059	0.126444494099999999
4395287800	-0.0825840805000000039	0.128240837999999996
4395289800	-0.0796216661999999964	0.125484752100000013
4395291800	-0.0771874558999999932	0.124642747999999998
4395293800	-0.0780635573999999971	0.128801957100000003
4395295800	-0.0763344190000000006	0.123523223299999999
4395297800	-0.0776187039999999967	0.124199344399999995
4395299800	-0.0762030382999999978	0.127223297499999999
4395301800	-0.0782812058000000033	0.126745780800000013
4395303800	-0.0768978559000000061	0.121516566100000001
4395305800	-0.0775491323999999982	0.12770994220000001
4395307800	-0.0784682097999999939	0.128731719800000005
4395309800	-0.0794799642000000028	0.122948629700000006
4395311800	-0.0804589198999999949	0.127066006000000009
4395313800	-0.0774360417999999939	0.125321877599999992
4395315800	-0.0786855488999999991	0.12714770110000001
4395317800	-0.0771782750000000045	0.126825372299999989
4395319800	-0.0783351377000000015	0.12804481370000001
4395321800	-0.0780894047000000036	0.1264961473
4395323800	-0.0770312603999999956	0.128239180300000005
4395325800	-0.0772858983999999971	0.121183217999999995
4395327800	-0.0754747788000000031	0.127716364299999996
4395329800	-0.0767961862999999995	0.1240406748
4395331800	-0.0759791694999999989	0.122928612699999995
4395333800	-0.071833154499999996	0.128985444100000013
4395335800	-0.075583402600000002	0.128274362400000008
4395337800	-0.0768415424000000041	0.131052340500000003
4395339800	-0.0760301934999999957	0.128689288600000007
4395341800	-0.0747018103999999988	0.12701311400000001
4395343800	-0.0753511800000000037	0.125437234399999986
4395345800	-0.0752983296000000052	0.127253501699999994
4395347800	-0.0738366617000000003	0.125940457799999989
4395349800	-0.076562984700000003	0.130527752999999996
4395351800	-0.0733966875999999963	0.126742106500000007
4395353800	-0.071942466699999999	0.129101446099999989
4395355800	-0.0747025723000000058	0.127090106000000008
4395357800	-0.0733746873999999993	0.130998995400000012
4395359800	-0.0724333612000000043	0.126973030999999986
4395361800	-0.0726113117000000002	0.127687136199999995
4395363800	-0.0723866938999999932	0.125564058000000006
4395365800	-0.0760260630000000048	0.126678018100000012
4395367800	-0.070930078399999999	0.13008160399999999
4395369800	-0.0734584592000000064	0.126945520099999987
4395371800	-0.0722095764999999973	0.1309219623
4395373800	-0.0736574683000000008	0.127787363900000006
4395375800	-0.0723675500999999971	0.130508627699999991
4395377800	-0.0713811592999999966	0.127116847499999991
4395379800	-0.0719556556999999958	0.129588779200000004
4395381800	-0.0724853762000000068	0.128007479400000013
4395383800	-0.0693837315999999982	0.127376367399999996
4395385800	-0.0715892164000000025	0.129113761800000004
4395387800	-0.0700110055999999953	0.128560954100000013
4395389800	-0.0723154733999999966	0.129624185599999997
4395391800	-0.0686520453000000058	0.13455455790000001
4395393800	-0.0682617180999999934	0.124683101800000001
4395395800	-0.0695359358000000038	0.131740265599999989
4395397800	-0.0723936010000000019	0.126901377700000012
4395399800	-0.0719667858999999965	0.130379666700000008
4395401800	-0.0706675437999999961	0.126762875999999997
4395403800	-0.068766432200000005	0.128291511500000011
4395405800	-0.070493763000000001	0.129711589300000013
4395407800	-0.0696073016999999988	0.12739988490000001
4395409800	-0.0686652239000000025	0.128843624999999989
4395411800	-0.0713543090000000046	0.12692894930000001
4395413800	-0.0656055051000000028	0.132826953299999995
4395415800	-0.0640406211000000003	0.131027456600000008
4395417800	-0.067340117599999999	0.126611529400000006
4395419800	-0.0693705394000000003	0.131713886599999996
4395421800	-0.0666561418999999933	0.130802273599999991
4395423800	-0.0644229013000000017	0.126225172200000013
4395425800	-0.0674230526999999996	0.132589141299999991
4395427800	-0.0679908223000000034	0.127783803000000001
4395429800	-0.0692801499999999987	0.131147364399999994
4395431800	-0.0673041785000000059	0.129689220800000005
4395433800	-0.0640755016999999955	0.13044959619999999
4395435800	-0.0662144766000000023	0.128593051799999997
4395437800	-0.0637123096000000028	0.13180880519999999
4395439800	-0.0697343071000000037	0.132127699600000009
4395441800	-0.0644752742000000018	0.131769266999999995
4395443800	-0.0647549808000000005	0.129518721400000009
4395445800	-0.0652900356999999987	0.132677494099999987
4395447800	-0.0659733658999999972	0.127677231400000007
4395449800	-0.0619258286999999977	0.126906361299999992
4395451800	-0.0636002165000000008	0.132860950499999991
4395453800	-0.0633737966999999985	0.131350480999999991
4395455800	-0.0633458140999999947	0.133156915200000003
4395457800	-0.0633082791000000034	0.130745969500000003
4395459800	-0.0653670875999999984	0.129355730800000013
4395461800	-0.0633636568000000011	0.131305345900000009
4395463800	-0.0618533101999999974	0.132125158500000006
4395465800	-0.0641441678999999931	0.133596618400000006
4395467800	-0.064953291199999999	0.131215915900000007
4395469800	-0.0625082908000000048	0.12695158279999999
4395471800	-0.0598607759999999975	0.128061695199999992
4395473800	-0.0597621481000000024	0.132123216999999987
4395475800	-0.0619404699000000031	0.129228643799999987
4395477800	-0.0618889697999999988	0.131564806400000012
4395479800	-0.0610274989999999989	0.130274944599999998
4395481800	-0.0575730200000000025	0.133132652900000009
4395483800	-0.0614768481000000019	0.130698087200000007
4395485800	-0.0625873170000000034	0.13034440659999999
4395487800	-0.056552006600000003	0.130279405600000009
4395489800	-0.0581442003999999985	0.130501808800000008
4395491800	-0.0569463715000000023	0.134430780400000005
4395493800	-0.0566093277999999978	0.133740885100000012
4395495800	-0.0612777223999999981	0.133625515800000011
4395497800	-0.0563832161000000012	0.130412905100000004
4395499800	-0.0595380548999999981	0.129261651199999994
4395501800	-0.0569713251999999989	0.126943693800000007
4395503800	-0.0576992813000000021	0.131147670599999988
4395505800	-0.0560984579999999969	0.131233241700000003
4395507800	-0.0562276853999999979	0.130519288499999997
4395509800	-0.0525959672999999975	0.132061569399999995
4395511800	-0.0551720287000000004	0.127992929000000005
4395513800	-0.0542351450999999998	0.130349616299999999
4395515800	-0.0517858042000000005	0.129742973300000008
4395517800	-0.0532641997000000006	0.130260027199999989
4395519800	-0.0553821923000000008	0.133552581700000006
4395521800	-0.0542499815999999968	0.132217005700000001
4395523800	-0.0552729435999999991	0.135695200099999996
4395525800	-0.0555021399999999984	0.128441283299999987
4395527800	-0.0504635935000000008	0.131182345099999986
4395529800	-0.0527877538999999979	0.134315091400000003
4395531800	-0.0524639387999999984	0.131934175799999998
4395533800	-0.0539163978000000016	0.13056035660000001
4395535800	-0.0533762585000000025	0.136569125200000002
4395537800	-0.0529165698000000004	0.134376046400000004
4395539800	-0.0540925927999999986	0.130240178099999993
4395541800	-0.0486892271999999973	0.130471090000000012
4395543800	-0.052568621900000001	0.12935583819999999
4395545800	-0.053527662099999998	0.132339924599999992
4395547800	-0.048070604900000001	0.135030093600000012
4395549800	-0.0497190875000000018	0.128870572900000008
4395551800	-0.0517898975000000011	0.131598111200000006
4395553800	-0.0476188748999999967	0.1312306731
4395555800	-0.0495115141000000009	0.131815215699999988
4395557800	-0.0493027135999999991	0.134458476100000002
4395559800	-0.0507432270000000019	0.131492760300000011
4395561800	-0.0494037005000000015	0.131884473899999993
4395563800	-0.0482278507999999995	0.133794020499999999
4395565800	-0.0483009182000000009	0.128492147800000012
4395567800	-0.0508051243999999985	0.129681967600000003
4395569800	-0.0464928757999999998	0.1290110535
4395571800	-0.0474919733999999982	0.131593001900000006
4395573800	-0.0486570642000000025	0.12631965140000001
4395575800	-0.0459353185000000025	0.132086209300000007
4395577800	-0.0470635906000000034	0.131419760899999988
4395579800	-0.0416760598999999995	0.132207839699999996
4395581800	-0.0423663723999999978	0.12976474469999999
4395583800	-0.0429131192000000022	0.130220848299999997
4395585800	-0.043463543200000003	0.130611899700000006
4395587800	-0.0433994351000000014	0.128764838699999995
4395589800	-0.0449244566000000026	0.130936559400000013
4395591800	-0.0435552490999999986	0.128658981100000014
4395593800	-0.0394643869999999966	0.130905867499999995
4395595800	-0.0430189781000000007	0.128599336600000003
4395597800	-0.0411707811999999992	0.129712836599999992
4395599800	-0.0392831945000000002	0.131141359600000007
4395601800	-0.041505959000000002	0.127530776499999998
4395603800	-0.0385301971999999979	0.132363530700000009
4395605800	-0.041465440499999999	0.122224701800000002
4395607800	-0.0376505855	0.131126054299999989
4395609800	-0.040433685300000001	0.125810555200000007
4395611800	-0.0373712887999999993	0.128761934699999997
4395613800	-0.0346794479000000003	0.125534934900000006
4395615800	-0.0365168333000000025	0.129291319300000013
4395617800	-0.0356046948999999974	0.127224589199999988
4395619800	-0.0337275785000000008	0.127590648299999998
4395621800	-0.0330572620999999983	0.127235196900000014
4395623800	-0.0354421747000000023	0.124924619400000006
4395625800	-0.0375214727000000026	0.126462005300000013
4395627800	-0.0322508433999999997	0.127477883300000011
4395629800	-0.0309607122000000005	0.128163129999999986
4395631800	-0.0314250979999999985	0.124184111099999994
4395633800	-0.0340730532000000017	0.126432480799999997
4395635800	-0.0318009096000000033	0.127486219099999992
4395637800	-0.0312372105000000011	0.124293896500000001
4395639800	-0.031989332199999998	0.125431941800000002
4395641800	-0.0279423420999999998	0.123318056999999995
4395643800	-0.0272970992999999988	0.1236544636
4395645800	-0.0272263964999999997	0.124855037099999996
4395647800	-0.0260322275000000013	0.121908087499999998
4395649800	-0.0265510402000000006	0.121471410299999999
4395651800	-0.0271773852999999989	0.122727773299999995
4395653800	-0.0267850216000000002	0.121261555199999996
4395655800	-0.0273942097000000016	0.120792809400000006
4395657800	-0.0224657008999999998	0.122895002599999997
4395659800	-0.0219049312000000017	0.119349481499999993
4395661800	-0.0282945177000000006	0.121145383400000001
4395663800	-0.0274696359000000008	0.118747540200000001
4395665800	-0.0243532202999999989	0.1194354428
4395667800	-0.0224723871999999991	0.117826710799999998
4395669800	-0.0235875879999999996	0.1188718728
4395671800	-0.0246515321000000016	0.1132258669
4395673800	-0.0185102146000000016	0.117596424699999993
4395675800	-0.0201203281000000012	0.117279084399999997
4395677800	-0.0196661018999999999	0.119157936399999997
4395679800	-0.0230841923000000004	0.118671237600000007
4395681800	-0.0170519592000000011	0.117367978600000006
4395683800	-0.0221893834999999998	0.108846545899999994
4395685800	-0.0179226684000000011	0.114356410500000005
4395687800	-0.0175166700999999994	0.116999793699999993
4395689800	-0.0152362691999999994	0.111044248900000003
4395691800	-0.0176282066000000015	0.110299276700000004
4395693800	-0.0168667748000000013	0.109565022600000006
4395695800	-0.0158698443000000015	0.111400535999999994
4395697800	-0.0187291090999999986	0.113718135400000003
4395699800	-0.0153402022999999995	0.109867962999999999
4395701800	-0.0152464728000000008	0.108677442700000002
4395703800	-0.0128023449000000001	0.106225706500000003
4395705800	-0.0116618044999999993	0.107354939799999993
4395707800	-0.0116848536999999992	0.106145613599999994
4395709800	-0.0123484635999999998	0.106978174400000001
4395711800	-0.0133560216999999998	0.105801098999999996
4395713800	-0.0117859622999999993	0.104886355400000006
4395715800	-0.0127274854999999999	0.105515577999999999
4395717800	-0.00953448389999999972	0.104224542500000003
4395719800	-0.0146109884999999998	0.105490763099999996
4395721800	-0.00944778249999999979	0.101316941800000004
4395723800	-0.0116434250000000006	0.102381607200000002
4395725800	-0.00720895660000000008	0.0976320299000000003
4395727800	-0.00810195030000000066	0.0989379960999999947
4395729800	-0.0074381352999999999	0.0976126129000000065
4395731800	-0.00855248450000000056	0.0964355330000000038
4395733800	-0.0108608066999999996	0.0956715439000000029
4395735800	-0.00713740209999999976	0.0948091536999999956
4395737800	-0.0116185058999999993	0.0966115624000000034
4395739800	-0.00637283220000000022	0.0937396394000000049
4395741800	-0.00932627400000000072	0.0907576442000000011
4395743800	-0.00930043239999999924	0.0857195966000000031
4395745800	-0.00954851330000000033	0.0895936122000000057
4395747800	-0.00726274199999999998	0.0870243579000000017
4395749800	-0.0052427254999999999	0.0823206650999999956
4395751800	-0.00943605949999999985	0.0827121839999999942
4395753800	-0.00385560509999999983	0.0859749233000000057
4395755800	-0.00683696680000000015	0.0832215374999999979
4395757800	-0.00625564239999999976	0.0765928283999999931
4395759800	-0.00529540940000000019	0.0803851114000000005
4395761800	-0.00946057720000000046	0.0793532921999999946
4395763800	-0.00971908879999999926	0.0776236223999999947
4395765800	-0.0112881800000000001	0.0751426171000000032
4395767800	-0.0102795058999999994	0.0722834942000000064
4395769800	-0.00632474949999999991	0.0731320845999999941
4395771800	-0.0112014591999999996	0.0730724621999999935
4395773800	-0.0103473361	0.0704450447999999951
4395775800	-0.0106297309000000003	0.0712016932999999935
4395777800	-0.0102420280000000002	0.068596671299999995
4395779800	-0.0102568624000000004	0.0686383141999999946
4395781800	-0.0142060520000000003	0.0680179662999999962
4395783800	-0.0137276078999999992	0.0622343898999999992
4395785800	-0.0119086934999999994	0.0644387294999999999
4395787800	-0.0135691166999999998	0.0582958142999999984
4395789800	-0.0124029789999999997	0.0597346367000000031
4395791800	-0.0184971589000000013	0.057683939699999999
4395793800	-0.0158979139000000012	0.0581501211000000004
4395795800	-0.0187342131000000009	0.0581390360999999994
4395797800	-0.0179423949999999999	0.0552687190000000009
4395799800	-0.0186568743999999988	0.0570532118000000033
4395801800	-0.0167557225000000004	0.0546260489000000016
4395803800	-0.0162038476999999993	0.0510303411000000012
4395805800	-0.0203504192999999986	0.0492946537999999976
4395807800	-0.0265861837999999996	0.0517078055999999966
4395809800	-0.0243884735999999984	0.0517123573999999989
4395811800	-0.0263807806000000006	0.0508143999000000013
4395813800	-0.0262540576999999997	0.0480073841000000015
4395815800	-0.0297958585999999991	0.0475015572000000025
4395817800	-0.0279666499999999991	0.0447814699000000024
4395819800	-0.028996117200000001	0.0428593686000000029
4395821800	-0.0294474145000000014	0.0453843447000000025
4395823800	-0.0312238596000000007	0.0446548474000000029
4395825800	-0.0356513691999999979	0.0415313450999999986
4395827800	-0.0367361849000000032	0.0430480983999999983
4395829800	-0.0350185141000000019	0.0411892030000000006
4395831800	-0.0378518083999999991	0.0409700740999999966
4395833800	-0.0408567467000000017	0.0414726087999999979
4395835800	-0.0361990940000000011	0.041176564899999997
4395837800	-0.0402018835000000005	0.0378711592999999985
4395839800	-0.0405836712999999988	0.0369918894999999998
4395841800	-0.0444355203999999976	0.0400516163999999966
4395843800	-0.0427642141000000031	0.0396743992000000018
4395845800	-0.0479927740000000019	0.0395692256000000006
4395847800	-0.0484932672999999967	0.0394254994000000011
4395849800	-0.0507795934999999976	0.0362797991999999972
4395851800	-0.0485332865000000016	0.0397178203999999993
4395853800	-0.049229589800000001	0.0405102514000000025
4395855800	-0.0505823336000000012	0.0376135133999999996
4395857800	-0.0572618569999999993	0.0356893963999999966
4395859800	-0.053329483599999998	0.037875872599999999
4395861800	-0.0604002411000000017	0.0386256354999999982
4395863800	-0.0580225488999999983	0.0431933052999999983
4395865800	-0.0597471227000000021	0.040029743399999998
4395867800	-0.0618457638000000018	0.0379218873999999997
4395869800	-0.0615479270999999967	0.0410997604999999988
4395871800	-0.0633769108999999997	0.0402255824000000012
4395873800	-0.0648754821000000065	0.0405534128000000008
4395875800	-0.0687590436999999943	0.0426376663000000017
4395877800	-0.0670406171999999995	0.0429387556000000031
4395879800	-0.0686420556000000015	0.0419376041999999991
4395881800	-0.0655201920999999993	0.0443438173999999991
4395883800	-0.0677115481999999991	0.0402074336000000018
4395885800	-0.0709443963000000039	0.044111620499999997
4395887800	-0.0730702171999999955	0.0424302070999999989
4395889800	-0.0708313504000000066	0.0409623984000000024
4395891800	-0.076042946799999997	0.049467650600000003
4395893800	-0.0755051694000000023	0.0460315873000000028
4395895800	-0.0761134487000000026	0.0440152233000000032
4395897800	-0.0789522961999999939	0.0458072465000000026
4395899800	-0.0763732721000000003	0.0447766981999999994
4395901800	-0.0805127246999999963	0.0450032726999999994
4395903800	-0.0823405130000000041	0.0486045016999999968
4395905800	-0.0797485864000000017	0.0485261752000000005
4395907800	-0.0824390494000000057	0.047382025500000001
4395909800	-0.0822539892999999966	0.0483912397999999994
4395911800	-0.0823400655999999981	0.0505580145999999994
4395913800	-0.0817495523000000002	0.0522793854999999974
4395915800	-0.0848143415999999956	0.0525541832
4395917800	-0.0858455147000000002	0.0546861484000000023
4395919800	-0.0871613118999999964	0.053740756700000003
4395921800	-0.0838306833000000001	0.0547272701000000028
4395923800	-0.0862973325000000041	0.0534181514999999968
4395925800	-0.0884622647999999956	0.0555061648000000005
4395927800	-0.0896555978999999947	0.0546226672000000024
4395929800	-0.0920564645999999986	0.0584647807000000033
4395931800	-0.0874037502999999993	0.0584313392000000015
4395933800	-0.086961769199999997	0.058060747599999997
4395935800	-0.0915838526000000014	0.0600383672999999993
4395937800	-0.0895395340999999984	0.0582664328999999981
4395939800	-0.0948105327000000053	0.0610308515999999981
4395941800	-0.092011075100000006	0.061789508600000001
4395943800	-0.0933131125000000033	0.0578531962999999996
4395945800	-0.0912105552000000014	0.0599580222999999968
4395947800	-0.0925236967999999993	0.0610188477000000035
4395949800	-0.0893010345000000011	0.0662847874999999975
4395951800	-0.0910713660000000008	0.0657464532999999934
4395953800	-0.0932823792999999957	0.0644543788999999978
4395955800	-0.0959840857999999936	0.0669526453999999965
4395957800	-0.0905893890000000063	0.063315420499999997
4395959800	-0.0950433462000000034	0.0728918667999999964
4395961800	-0.0953490600999999938	0.0671201624999999968
4395963800	-0.0915523275999999969	0.0646284644999999963
4395965800	-0.0945622727999999996	0.0726689481000000054
4395967800	-0.0926882574999999959	0.0665723314000000038
4395969800	-0.0948119622000000023	0.0688342274999999976
4395971800	-0.095247058999999995	0.0687791440000000004
4395973800	-0.0952746720000000047	0.0679848950000000035
4395975800	-0.0950014547000000015	0.0701051610999999936
4395977800	-0.0991472783000000024	0.0736858895999999985
4395979800	-0.0943165350000000069	0.0725914493999999938
4395981800	-0.0985576368999999952	0.0743122650999999967
4395983800	-0.0983022308000000011	0.0755799000999999998
4395985800	-0.0951525141999999963	0.0714946773000000035
4395987800	-0.097161048599999994	0.0738924361999999946
4395989800	-0.0987701931999999949	0.0758246989999999954
4395991800	-0.0954651735000000001	0.0763691724000000044
4395993800	-0.0962164343999999949	0.0719940835999999945
4395995800	-0.0965071957000000064	0.0765496848999999979
4395997800	-0.0995053298999999947	0.0778088313000000059
4395999800	-0.100169116799999999	0.0776024609000000032
4396001800	-0.0965453252999999983	0.0803316466000000007
4396003800	-0.100104564199999996	0.0748967306000000027
4396005800	-0.0983239072999999991	0.0783583352000000039
4396007800	-0.0959277087000000028	0.0797464239999999963
4396009800	-0.101841231199999993	0.0800893733000000024
4396011800	-0.0980763644999999989	0.0800926009999999994
4396013800	-0.0997292233000000028	0.0822721235999999967
4396015800	-0.0962719729000000024	0.0837447320000000023
4396017800	-0.0989712222000000003	0.0835124128999999993
4396019800	-0.0965777302000000032	0.081471045899999997
4396021800	-0.0977836036000000047	0.0859940856000000059
4396023800	-0.0983394343999999948	0.0860335767999999973
4396025800	-0.0982085441000000031	0.085857530200000004
4396027800	-0.0973092884999999935	0.084504694199999994
4396029800	-0.0964505814999999933	0.0819414921999999935
4396031800	-0.100143227200000004	0.0869428379000000001
4396033800	-0.100528117099999995	0.0885596864000000039
4396035800	-0.101290806999999997	0.0853420384999999948
4396037800	-0.0964815742999999976	0.0891222334999999949
4396039800	-0.099837312999999997	0.0904710838000000045
4396041800	-0.0988520276999999975	0.0908961184000000033
4396043800	-0.0976395793999999956	0.090644926400000006
4396045800	-0.100147954799999994	0.0895485827999999984
4396047800	-0.0978981575999999937	0.0882419985000000018
4396049800	-0.0980840369999999989	0.0916011454000000003
4396051800	-0.0972102947999999994	0.0927276649000000064
4396053800	-0.0993418008000000047	0.0898108813000000061
4396055800	-0.0990370554999999986	0.0930356717000000027
4396057800	-0.0985299991999999958	0.0890958315999999945
4396059800	-0.0977651464000000026	0.0908903137000000028
4396061800	-0.0991105523000000016	0.0936751816999999987
4396063800	-0.0991304684000000047	0.0969811681000000009
4396065800	-0.0965818026999999968	0.0921911549999999969
4396067800	-0.0980035873999999946	0.0911666893000000061
4396069800	-0.0956181692000000055	0.0944854147000000061
4396071800	-0.0953469886000000016	0.0950638478000000037
4396073800	-0.0967187042999999996	0.0945852142000000035
4396075800	-0.0955158371000000006	0.0976556001000000035
4396077800	-0.0981744868000000021	0.0947068870000000035
4396079800	-0.0950937169999999943	0.0970138667000000066
4396081800	-0.0958658621999999988	0.0961695453000000061
4396083800	-0.0984000742000000067	0.0947911986000000012
4396085800	-0.0985229883999999972	0.0974587506000000048
4396087800	-0.0996554900999999937	0.0968076974000000035
4396089800	-0.097659291800000006	0.0978428266999999963
4396091800	-0.0965380014000000036	0.0972745564000000035
4396093800	-0.0986881995999999984	0.0958373663999999986
4396095800	-0.0952518769000000043	0.101928381200000001
4396097800	-0.0981598189999999954	0.0967362902999999996
4396099800	-0.0983206256999999972	0.0997968466000000026
4396101800	-0.0954524969000000029	0.0991186002000000038
4396103800	-0.100746726800000005	0.0996342065000000027
4396105800	-0.0960974361000000027	0.101085995100000006
4396107800	-0.0952738610000000014	0.103034713700000002
4396109800	-0.095346131099999995	0.102125452800000002
4396111800	-0.0977330037999999957	0.0994754077000000042
4396113800	-0.0959547290999999969	0.100600777599999996
4396115800	-0.092558500299999999	0.101152429299999999
4396117800	-0.0960182633000000035	0.100800051299999999
4396119800	-0.096448442199999998	0.102569048199999999
4396121800	-0.0959329428999999984	0.0992463538000000062
4396123800	-0.0962579150999999938	0.100637898200000006
4396125800	-0.0969981362999999958	0.103253686299999994
4396127800	-0.099833804799999995	0.105883134899999995
4396129800	-0.0939732194999999965	0.106336984699999998
4396131800	-0.093192601599999994	0.101797782500000003
4396133800	-0.0960948363999999944	0.104312319599999995
4396135800	-0.0924886986999999966	0.102361466600000006
4396137800	-0.092091010299999998	0.100900763300000001
4396139800	-0.0957179833000000035	0.102243536300000007
4396141800	-0.0961260657999999935	0.103394807399999997
4396143800	-0.0902532085999999956	0.102661965699999996
4396145800	-0.0967262844000000011	0.106559207500000003
4396147800	-0.0931130198999999964	0.105200157200000005
4396149800	-0.0929639646000000042	0.102231969199999995
4396151800	-0.0937406241000000029	0.108322212799999998
4396153800	-0.0946164627999999952	0.105901058899999997
4396155800	-0.093819353499999994	0.108574234199999994
4396157800	-0.0942307307000000011	0.109289119599999998
4396159800	-0.093120326500000003	0.108762480199999997
4396161800	-0.0939654788000000019	0.106790529199999998
4396163800	-0.0954025601000000056	0.104813552899999995
4396165800	-0.0900423972999999933	0.106580252900000005
4396167800	-0.0900615879000000036	0.107867150100000003
4396169800	-0.0876667973000000017	0.106994180699999997
4396171800	-0.0925147275000000047	0.108460804699999996
4396173800	-0.091470372499999994	0.110890258500000005
4396175800	-0.0963473960999999962	0.1086629608
4396177800	-0.0980034756000000007	0.107462708899999995
4396179800	-0.0968824253000000052	0.106597221699999994
4396181800	-0.0954813776999999947	0.110150886399999995
4396183800	-0.0886014006999999992	0.1114892668
4396185800	-0.0946597797999999963	0.112190130599999993
4396187800	-0.0911972900000000003	0.110807771200000002
4396189800	-0.0894193734000000018	0.111880581199999996
4396191800	-0.0908784832999999931	0.111358880699999996
4396193800	-0.0920656787000000004	0.111532901599999998
4396195800	-0.0918764034000000007	0.109771898899999998
4396197800	-0.0898341668999999982	0.110152711
4396199800	-0.095434933999999999	0.114225845600000001
4396201800	-0.0873906271000000068	0.113129918999999995
4396203800	-0.0955012333999999963	0.113161013399999996
4396205800	-0.0879996898000000027	0.113045674999999998
4396207800	-0.0890735468000000002	0.112111678199999995
4396209800	-0.0936412419000000051	0.112014839899999996
4396211800	-0.0916225063000000034	0.113611943699999995
4396213800	-0.0888088541999999953	0.111240388400000001
4396215800	-0.0852762804999999957	0.113082207200000007
4396217800	-0.088193221799999999	0.108994317399999999
4396219800	-0.0920067447000000038	0.114800311700000005
4396221800	-0.0888945312999999959	0.111971762200000005
4396223800	-0.0883853554999999985	0.112331991000000006
4396225800	-0.091536169099999995	0.115421315600000005
4396227800	-0.0903902010999999977	0.112644297399999996
4396229800	-0.0911346041999999967	0.111172430399999994
4396231800	-0.0889930062000000022	0.115001527699999995
4396233800	-0.0881771377000000051	0.112866392400000001
4396235800	-0.0900903749000000059	0.113236964300000006
4396237800	-0.0865135781999999964	0.1149567747
4396239800	-0.0886435515999999951	0.113185134100000001
4396241800	-0.0919678171000000017	0.110512412700000007
4396243800	-0.0903942771000000034	0.113105090199999994
4396245800	-0.0930294619999999933	0.114645459599999999
4396247800	-0.0902558049999999945	0.113733859199999995
4396249800	-0.0910485739999999932	0.114002012700000002
4396251800	-0.0917051395999999991	0.117365781000000002
4396253800	-0.0871265353999999964	0.113917608000000004
4396255800	-0.0864169219999999932	0.113858020000000004
4396257800	-0.089590523500000005	0.115290805299999993
4396259800	-0.084910624000000004	0.112695838000000007
4396261800	-0.0873320536999999952	0.116340833399999996
4396263800	-0.0854023884000000011	0.114310040099999996
4396265800	-0.0867151770000000044	0.118858623799999993
4396267800	-0.0852750471999999954	0.115496828100000004
4396269800	-0.086204655000000005	0.120187268799999997
4396271800	-0.0866093478999999944	0.115104044799999999
4396273800	-0.0861326916000000053	0.118683047099999994
4396275800	-0.0881543582999999992	0.117701458199999998
4396277800	-0.0877740934000000028	0.118720426099999998
4396279800	-0.0858696268000000013	0.1157106725
4396281800	-0.0870387091000000002	0.120846293499999993
4396283800	-0.0862561889000000026	0.1186130237
4396285800	-0.0851156663999999979	0.117072038399999995
4396287800	-0.0895849170999999944	0.1196913639
4396289800	-0.0876889488999999939	0.118373195099999995
4396291800	-0.0900752045000000057	0.117160799699999998
4396293800	-0.0855309038000000021	0.118072242699999996
4396295800	-0.084422006899999999	0.121786060099999996
4396297800	-0.0853816824000000058	0.120044989800000002
4396299800	-0.085667736800000005	0.120039464499999998
4396301800	-0.0840211299999999994	0.119624239499999993
4396303800	-0.086106702800000004	0.121069531899999999
4396305800	-0.0814824497000000009	0.124596889399999994
4396307800	-0.0853301503999999988	0.120254847600000006
4396309800	-0.0835922466000000031	0.118742824199999999
4396311800	-0.0824084427999999952	0.116990216199999997
4396313800	-0.0892481338999999985	0.122104041199999999
4396315800	-0.0860598478000000056	0.121453106000000005
4396317800	-0.0836327791999999931	0.122768973500000003
4396319800	-0.0838616576999999946	0.121422099199999994
4396321800	-0.0842855542000000013	0.119746934200000002
4396323800	-0.083713238199999998	0.117400013100000006
4396325800	-0.082974669900000006	0.116457167400000006
4396327800	-0.0833014885000000066	0.121554640500000005
4396329800	-0.0853152145000000001	0.120488604599999993
4396331800	-0.0853327385000000049	0.120554823399999997
4396333800	-0.083930583000000003	0.121143836800000002
4396335800	-0.0855848916000000043	0.121583228799999998
4396337800	-0.0813827005999999964	0.1241364992
4396339800	-0.080767913100000005	0.117466893200000005
4396341800	-0.082856208099999995	0.121279445900000005
4396343800	-0.0824745736999999979	0.121881686700000005
4396345800	-0.0833051407000000022	0.125227074900000013
4396347800	-0.0839344192999999933	0.122309179899999995
4396349800	-0.0859311378000000015	0.126569321000000012
4396351800	-0.080054605599999995	0.124953938200000003
4396353800	-0.0820218372999999973	0.121877944899999993
4396355800	-0.0819128006999999964	0.127536911000000003
4396357800	-0.0816532496999999996	0.119242847200000002
4396359800	-0.0813182338000000005	0.117028355900000006
4396361800	-0.0819215030000000066	0.120835398400000002
4396363800	-0.0796720157000000012	0.122066155300000007
4396365800	-0.0809295341000000057	0.121457383000000002
4396367800	-0.0813393498999999964	0.123863106900000006
4396369800	-0.0817551766000000069	0.122958000299999995
4396371800	-0.0807641942999999946	0.123890549000000003
4396373800	-0.0779332147000000031	0.122548542699999999
4396375800	-0.0817349396000000006	0.125512936800000002
4396377800	-0.0816325626999999943	0.122278398600000004
4396379800	-0.0838289631999999951	0.123093108600000001
4396381800	-0.0811860278000000046	0.124037088599999998
4396383800	-0.0814497180999999987	0.124986379300000006
4396385800	-0.0809120232999999967	0.123866128399999997
4396387800	-0.0827023590999999975	0.125329274600000012
4396389800	-0.0814288445999999944	0.124294149100000001
4396391800	-0.0774918368000000052	0.123472391900000006
4396393800	-0.0802366756999999958	0.125051995700000002
4396395800	-0.0792926241000000004	0.12647727780000001
4396397800	-0.0844809675000000038	0.1225068817
4396399800	-0.0811445912000000047	0.126728183800000005
4396401800	-0.080624708500000003	0.122596272399999998
4396403800	-0.0805127987999999933	0.127586849000000002
4396405800	-0.0817030522999999953	0.123506122499999996
4396407800	-0.0791822075000000042	0.126053651600000011
4396409800	-0.078923948100000002	0.124172179100000002
4396411800	-0.079116809499999996	0.129696797599999997
4396413800	-0.0799051766000000024	0.124282300999999998
4396415800	-0.0781209021999999947	0.125268955600000009
4396417800	-0.0801382080000000024	0.128711527800000003
4396419800	-0.0777534197000000066	0.126295482099999995
4396421800	-0.0795790204000000057	0.12856290170000001
4396423800	-0.0784637182000000044	0.129360536500000012
4396425800	-0.0766466325000000059	0.128064445700000001
4396427800	-0.0838065493999999994	0.12601631290000001
4396429800	-0.0758202845999999958	0.125115343399999995
4396431800	-0.0778269974999999947	0.124085818200000003
4396433800	-0.077678908899999996	0.125582463499999991
4396435800	-0.0796439310999999955	0.124260504199999997
4396437800	-0.0798764233999999934	0.12656092490000001
4396439800	-0.0774546180000000029	0.128493754399999993
4396441800	-0.0776783342999999987	0.127109050700000004
4396443800	-0.0785797393000000066	0.126251329999999995
4396445800	-0.0775997429000000044	0.12671358969999999
4396447800	-0.0798415274000000008	0.127624942399999997
4396449800	-0.0794516504999999984	0.131724984399999995
4396451800	-0.0750179618999999992	0.127544448300000002
4396453800	-0.0749047860999999954	0.125171355200000001
4396455800	-0.0772809534999999992	0.126484976599999993
4396457800	-0.0756581674999999981	0.126563147999999986
4396459800	-0.0766006070000000011	0.125759749300000001
4396461800	-0.074894819200000004	0.1296334606
4396463800	-0.0754985429000000069	0.125191670000000005
4396465800	-0.0787163119999999966	0.125831197000000006
4396467800	-0.0733028849999999982	0.128443347600000007
4396469800	-0.074278885599999997	0.129933128000000009
4396471800	-0.0751767321000000044	0.129739693999999989
4396473800	-0.0804772012000000009	0.130192804800000006
4396475800	-0.0777465861999999952	0.130214810300000011
4396477800	-0.0789342851999999956	0.132764511299999999
4396479800	-0.0751211034	0.133028700899999991
4396481800	-0.0771389309999999939	0.130636669300000008
4396483800	-0.0741996270999999985	0.127098431099999992
4396485800	-0.0737783206999999969	0.126665467899999995
4396487800	-0.0752602411999999943	0.128168926699999991
4396489800	-0.0773671511000000034	0.126694902700000001
4396491800	-0.0760898373000000044	0.127051322999999994
4396493800	-0.0749420533999999999	0.126611628000000004
4396495800	-0.0758768868999999957	0.128914336399999996
4396497800	-0.0752692658999999931	0.132433764600000003
4396499800	-0.0763739895999999974	0.126038358099999998
4396501800	-0.0743884925000000002	0.13029227530000001
4396503800	-0.076201293500000003	0.12890252390000001
4396505800	-0.0743510881999999984	0.128917089000000012
4396507800	-0.074870577100000002	0.127148731399999992
4396509800	-0.074082948400000001	0.129589363900000004
4396511800	-0.0733892624999999965	0.127839230899999989
4396513800	-0.076143702399999999	0.133267514599999998
4396515800	-0.0738477362999999942	0.131513935800000009
4396517800	-0.0740975321999999964	0.126766406400000003
4396519800	-0.0746499033000000006	0.133468560000000014
4396521800	-0.0706772216000000064	0.127671301099999995
4396523800	-0.0741969249000000025	0.128380368599999989
4396525800	-0.0765863474999999988	0.126037297800000003
4396527800	-0.0743964993999999963	0.130610332400000001
4396529800	-0.0699819165000000049	0.135127594399999995
4396531800	-0.0712779954999999965	0.129096031400000005
4396533800	-0.0763410857000000054	0.12740257390000001
4396535800	-0.0703629946000000062	0.131685325399999997
4396537800	-0.0740130195999999935	0.130529833099999992
4396539800	-0.0675937726999999988	0.129475215300000002
4396541800	-0.0739902815999999991	0.132367118499999992
4396543800	-0.0751437917999999982	0.130602429999999992
4396545800	-0.0723832937999999981	0.130516602499999995
4396547800	-0.0716126061000000036	0.126268797799999999
4396549800	-0.0727526534000000058	0.130293860600000005
4396551800	-0.070125829700000003	0.131587167799999988
4396553800	-0.0711318333999999969	0.127721958899999988
4396555800	-0.0723436164000000048	0.132782112400000013
4396557800	-0.0716709405000000022	0.133180995899999988
4396559800	-0.0708554670999999997	0.128613174699999999
4396561800	-0.0707755890999999943	0.131692280699999997
4396563800	-0.0718045328999999954	0.129678675399999999
4396565800	-0.0691885217999999996	0.132868860300000002
4396567800	-0.0683319425000000064	0.132944374300000001
4396569800	-0.0727431706999999983	0.131109511099999992
4396571800	-0.070023487199999998	0.133690783300000005
4396573800	-0.0750246160999999967	0.13285334230000001
4396575800	-0.0728230096999999965	0.132540411699999999
4396577800	-0.072032207599999995	0.130667204199999998
4396579800	-0.0698021743000000056	0.131400463100000003
4396581800	-0.0723823244999999976	0.135122711499999992
4396583800	-0.0714299619999999996	0.130341750199999995
4396585800	-0.0698684539999999965	0.131727326899999997
4396587800	-0.0710503568000000058	0.133438193799999993
4396589800	-0.070796134100000005	0.131282061300000003
4396591800	-0.0692691903000000053	0.132883671099999989
4396593800	-0.0730920032000000053	0.134799495500000005
4396595800	-0.0689585706000000048	0.13556154279999999
4396597800	-0.0725223257999999954	0.130797262899999989
4396599800	-0.0695431447000000036	0.131477762899999989
4396601800	-0.0713133875000000056	0.131191949199999991
4396603800	-0.0670598713000000041	0.13250579979999999
4396605800	-0.0720173883999999931	0.13556049919999999
4396607800	-0.0678497457000000054	0.132268379600000013
4396609800	-0.0693342004000000039	0.135815295800000013
4396611800	-0.0670579867999999968	0.129834116700000002
4396613800	-0.0679295699999999947	0.131178950600000011
4396615800	-0.0722594557000000026	0.132878393300000008
4396617800	-0.0656226265999999975	0.134023092300000007
4396619800	-0.0715682301000000048	0.131377366899999987
4396621800	-0.0700860964000000058	0.132140659800000004
4396623800	-0.0691852765000000036	0.130731827900000014
4396625800	-0.0706996232000000058	0.138916124199999991
4396627800	-0.0694895070000000059	0.133815831899999987
4396629800	-0.068505131900000002	0.134393832699999993
4396631800	-0.0681573993000000045	0.135336510599999987
4396633800	-0.0691841787000000014	0.131590392599999995
4396635800	-0.0689442130000000042	0.133192007299999998
4396637800	-0.0723339429000000034	0.1318608691
4396639800	-0.0683708863999999972	0.137357593899999991
4396641800	-0.0646050412000000046	0.134901794699999994
4396643800	-0.0661138347999999931	0.134000754599999994
4396645800	-0.0691264691999999986	0.135355342600000011
4396647800	-0.0626827484000000018	0.135015435600000011
4396649800	-0.065860654099999999	0.135912607299999988
4396651800	-0.0659538746000000037	0.1396419931
4396653800	-0.0674995300999999964	0.136634725799999995
4396655800	-0.066553130000000002	0.134145392400000008
4396657800	-0.066522033199999997	0.135909972500000004
4396659800	-0.0647623833000000038	0.135328333299999992
4396661800	-0.0690947387000000052	0.132164303499999997
4396663800	-0.0686517553000000058	0.137625989799999987
4396665800	-0.0681401623999999956	0.136607107799999988
4396667800	-0.0681004406000000062	0.134571539399999995
4396669800	-0.0673849536999999998	0.133386031999999988
4396671800	-0.066737653600000002	0.134880997899999994
4396673800	-0.0640962159999999975	0.131136617300000008
4396675800	-0.0669085875999999996	0.135262082400000011
4396677800	-0.0695810996999999959	0.133149917400000012
4396679800	-0.0668230204999999966	0.133827044899999997
4396681800	-0.0620309605999999972	0.136988203100000011
4396683800	-0.0683271574000000048	0.133743076699999991
4396685800	-0.0641833111000000012	0.135026090300000012
4396687800	-0.068896809500000003	0.134819038899999993
4396689800	-0.0659235043999999992	0.133156869700000013
4396691800	-0.0682631932999999969	0.13764778150000001
4396693800	-0.0658466434999999961	0.134061097399999996
4396695800	-0.0633293407999999947	0.137797862800000004
4396697800	-0.0632535617999999966	0.137827381100000007
4396699800	-0.0634651559999999948	0.135196426000000008
4396701800	-0.0644993368000000011	0.138050862999999996
4396703800	-0.0664155414999999943	0.139904119100000002
4396705800	-0.0638499312999999957	0.136328751100000006
4396707800	-0.0653788294999999992	0.135907351799999992
4396709800	-0.063053899699999999	0.138640015899999997
4396711800	-0.0675397838000000028	0.132644776299999989
4396713800	-0.0642887412999999935	0.138052234899999987
4396715800	-0.0702032187999999946	0.138086419500000002
4396717800	-0.0630171642999999976	0.135882269100000008
4396719800	-0.0612270440000000013	0.134924345899999992
4396721800	-0.0603057578999999996	0.136384756699999998
4396723800	-0.0660838524999999982	0.132240901100000002
4396725800	-0.0622372311999999997	0.137629147000000007
4396727800	-0.0609797005999999989	0.138871771599999999
4396729800	-0.0618315151999999993	0.134449956399999987
4396731800	-0.0589339571000000034	0.132035642799999992
4396733800	-0.0648635381000000066	0.1375983442
4396735800	-0.0614868314999999985	0.138141116300000005
4396737800	-0.0658644592000000029	0.136009804000000012
4396739800	-0.0614611685000000033	0.137413965100000007
4396741800	-0.0627335708999999936	0.134957657600000003
4396743800	-0.0638352244999999957	0.138546481299999996
4396745800	-0.0606530732999999989	0.13834018540000001
4396747800	-0.0641776520999999961	0.137351403399999988
4396749800	-0.0610415509999999994	0.136768698299999991
4396751800	-0.062340846200000001	0.136821831799999988
4396753800	-0.060296655400000003	0.138139958000000007
4396755800	-0.0636729802000000067	0.138114027400000006
4396757800	-0.0614468707000000031	0.138799905800000012
4396759800	-0.0632243351000000009	0.139019438500000009
4396761800	-0.0632042658000000063	0.137772467900000001
4396763800	-0.063029837500000005	0.138963465400000014
4396765800	-0.0599258733000000016	0.137382786300000004
4396767800	-0.0628922959000000059	0.13733063940000001
4396769800	-0.0612635119999999991	0.135629770700000013
4396771800	-0.0618237409000000002	0.137714670499999997
4396773800	-0.0619140279000000016	0.140281291599999997
4396775800	-0.0609088559000000029	0.138056810899999993
4396777800	-0.0611827798000000034	0.139215686199999994
4396779800	-0.0629651459999999996	0.138308385199999995
4396781800	-0.0592695284000000003	0.1379422025
4396783800	-0.0629581364000000032	0.136870785299999992
4396785800	-0.0628561848000000062	0.141524622500000002
4396787800	-0.063779630899999995	0.138752451700000001
4396789800	-0.057759701699999999	0.137857954300000002
4396791800	-0.055601558500000002	0.139080407200000006
4396793800	-0.0608757792000000006	0.139227461299999994
4396795800	-0.0643734210999999945	0.137812772
4396797800	-0.0568600360000000027	0.140779059799999995
4396799800	-0.057681325700000001	0.145750974300000002
4396801800	-0.0615294738999999993	0.1414033814
4396803800	-0.0602588687000000026	0.141364674500000009
