# freq, I e Q
5255571100	-0.169130378800000009	-0.216091120500000011
5255573100	-0.171610660599999992	-0.215885792900000012
5255575100	-0.172145759799999992	-0.214245844200000007
5255577100	-0.170695457100000003	-0.215609383999999987
5255579100	-0.171732469800000009	-0.21597835709999999
5255581100	-0.17329120549999999	-0.214789187500000006
5255583100	-0.173710277200000013	-0.216904161300000009
5255585100	-0.169639325199999996	-0.216304679899999991
5255587100	-0.171976597099999989	-0.215062326299999995
5255589100	-0.169632892000000007	-0.212739062600000001
5255591100	-0.1709587313	-0.213403827699999993
5255593100	-0.172181161299999996	-0.215305734700000001
5255595100	-0.172825546800000007	-0.215349473099999994
5255597100	-0.176134805000000005	-0.214569754299999998
5255599100	-0.174818486500000009	-0.215270222600000005
5255601100	-0.173377134300000013	-0.211631117600000002
5255603100	-0.173887606700000003	-0.213413742099999998
5255605100	-0.175017588700000004	-0.212756458399999987
5255607100	-0.172700995400000001	-0.215306197799999988
5255609100	-0.173048871500000007	-0.216043086200000012
5255611100	-0.17263912440000001	-0.215403040200000007
5255613100	-0.17243962639999999	-0.211742750499999993
5255615100	-0.1753599941	-0.212521054500000001
5255617100	-0.175632000600000004	-0.212337213100000005
5255619100	-0.175580502999999999	-0.213229963200000011
5255621100	-0.175021010000000005	-0.2150532416
5255623100	-0.176384990500000005	-0.211688351699999999
5255625100	-0.1745060004	-0.212298894799999999
5255627100	-0.17390314870000001	-0.212644599299999987
5255629100	-0.174777404599999991	-0.211640839599999991
5255631100	-0.174762407300000006	-0.2122477277
5255633100	-0.173144279300000009	-0.208440874700000001
5255635100	-0.173697810899999999	-0.209403175800000008
5255637100	-0.174170040700000001	-0.211748141499999987
5255639100	-0.175697823700000005	-0.21248262879999999
5255641100	-0.174801424499999997	-0.211518580300000009
5255643100	-0.173279660599999996	-0.212101647799999987
5255645100	-0.175884490599999999	-0.208531168500000003
5255647100	-0.174616427600000013	-0.210877560999999991
5255649100	-0.176313705500000001	-0.209910185999999999
5255651100	-0.176662994800000001	-0.210310685999999997
5255653100	-0.177253714899999998	-0.211191284000000007
5255655100	-0.1783637951	-0.207972474399999996
5255657100	-0.177386120799999991	-0.208593206400000009
5255659100	-0.175547025400000001	-0.210643850599999988
5255661100	-0.17669137800000001	-0.210165374799999999
5255663100	-0.177239415700000014	-0.210724884400000007
5255665100	-0.178420698399999994	-0.208859793200000005
5255667100	-0.180660270799999995	-0.211471813000000008
5255669100	-0.179219746099999994	-0.207746373000000012
5255671100	-0.176964529799999992	-0.207826509399999998
5255673100	-0.176984225899999986	-0.207655350200000005
5255675100	-0.175743404500000006	-0.20832520739999999
5255677100	-0.181780459799999988	-0.210768188299999992
5255679100	-0.178102403100000001	-0.210166300100000009
5255681100	-0.178279893699999997	-0.207472039400000002
5255683100	-0.180046680900000006	-0.207224272600000009
5255685100	-0.178533032400000014	-0.208295256699999987
5255687100	-0.180629809100000011	-0.206472121600000003
5255689100	-0.177021451200000013	-0.208590398799999993
5255691100	-0.181471040400000005	-0.20702878420000001
5255693100	-0.178494834600000013	-0.206299339899999989
5255695100	-0.178578827699999998	-0.206057622999999995
5255697100	-0.180630910799999989	-0.208021191800000005
5255699100	-0.182430073899999989	-0.2070234782
5255701100	-0.180744063900000002	-0.205759895899999989
5255703100	-0.1815129771	-0.206856418300000011
5255705100	-0.181639624400000005	-0.206167315399999995
5255707100	-0.180604492400000011	-0.205637273900000001
5255709100	-0.180893934700000009	-0.204497845499999997
5255711100	-0.179973283399999989	-0.206808231000000009
5255713100	-0.1829322528	-0.206426149100000011
5255715100	-0.182132799900000003	-0.205039572700000006
5255717100	-0.180613001400000001	-0.204549283100000007
5255719100	-0.179957718500000002	-0.205391740299999986
5255721100	-0.179060821799999992	-0.203269783300000006
5255723100	-0.182210633300000008	-0.206288863999999988
5255725100	-0.180762735799999991	-0.20414198850000001
5255727100	-0.183170204100000011	-0.2024966027
5255729100	-0.182649179999999994	-0.206257190899999998
5255731100	-0.181377008000000006	-0.204296821200000006
5255733100	-0.186033506799999998	-0.203758653000000012
5255735100	-0.183631190299999997	-0.203049811200000013
5255737100	-0.184309779300000004	-0.204917017899999998
5255739100	-0.183881307999999993	-0.20372799820000001
5255741100	-0.186097360099999998	-0.203297867500000007
5255743100	-0.183902554100000004	-0.201903733599999996
5255745100	-0.184748434299999986	-0.203850518199999997
5255747100	-0.185011347100000001	-0.201369586399999995
5255749100	-0.179809109800000005	-0.199376039899999996
5255751100	-0.185378806899999998	-0.203286084899999997
5255753100	-0.184298488799999993	-0.201421614599999993
5255755100	-0.185001060200000012	-0.202927705900000005
5255757100	-0.185042384700000007	-0.201571759699999992
5255759100	-0.183111394399999988	-0.200243506099999996
5255761100	-0.185106108600000013	-0.202256407700000002
5255763100	-0.186406132700000005	-0.200669622500000006
5255765100	-0.185725109899999991	-0.201944752700000008
5255767100	-0.184897916999999995	-0.197860018100000007
5255769100	-0.184176279400000004	-0.202764811999999989
5255771100	-0.184276937499999988	-0.201035125000000009
5255773100	-0.185407885299999992	-0.200008743399999994
5255775100	-0.18690843439999999	-0.201784845500000004
5255777100	-0.18737129059999999	-0.199551719799999999
5255779100	-0.185501962999999992	-0.199858454800000002
5255781100	-0.186454942300000009	-0.198292141300000002
5255783100	-0.184811230399999998	-0.198407097199999993
5255785100	-0.186486607500000012	-0.200855885900000003
5255787100	-0.189201044699999987	-0.200548869099999999
5255789100	-0.186099072000000004	-0.201909630300000004
5255791100	-0.187650600800000011	-0.197728337000000004
5255793100	-0.187244283799999994	-0.19844531600000001
5255795100	-0.186790630499999999	-0.197982932
5255797100	-0.186246189700000009	-0.196427494099999989
5255799100	-0.188439211599999989	-0.199067053500000007
5255801100	-0.189028995300000002	-0.196937197400000014
5255803100	-0.187767741399999993	-0.197417901600000001
5255805100	-0.186975473100000011	-0.198395866300000001
5255807100	-0.188123501199999987	-0.195002679799999995
5255809100	-0.186943630400000005	-0.196773877300000011
5255811100	-0.189515238199999991	-0.196339425900000003
5255813100	-0.184987479700000013	-0.193674352999999994
5255815100	-0.187501247600000004	-0.195906419199999987
5255817100	-0.18911486529999999	-0.196592211300000014
5255819100	-0.189982595400000009	-0.194823977300000006
5255821100	-0.186992106299999988	-0.194938024500000001
5255823100	-0.189310470400000014	-0.196739637100000003
5255825100	-0.191912403799999992	-0.194326943199999991
5255827100	-0.191641956700000005	-0.196236601199999999
5255829100	-0.187125578600000009	-0.195463678700000004
5255831100	-0.191006535799999988	-0.195361383299999997
5255833100	-0.190173398900000012	-0.1956781628
5255835100	-0.192136546299999988	-0.19340881909999999
5255837100	-0.188773787700000001	-0.193680683200000009
5255839100	-0.19203101219999999	-0.194949472099999993
5255841100	-0.190449235699999997	-0.19316487739999999
5255843100	-0.191795178399999988	-0.193149584499999999
5255845100	-0.191088928399999997	-0.19444296350000001
5255847100	-0.189408630900000013	-0.192538565200000011
5255849100	-0.191059639599999997	-0.192145999000000012
5255851100	-0.190380785800000008	-0.192801651500000004
5255853100	-0.190341458099999999	-0.1898639892
5255855100	-0.191246405799999991	-0.191605825600000002
5255857100	-0.191630892800000008	-0.191868508399999999
5255859100	-0.193940752299999991	-0.190789898900000005
5255861100	-0.191548549499999998	-0.190088395999999993
5255863100	-0.191709700900000002	-0.193321137599999998
5255865100	-0.190471764300000013	-0.191586475099999987
5255867100	-0.192568359999999994	-0.189464345099999987
5255869100	-0.191965987199999993	-0.190555140200000001
5255871100	-0.193959538600000009	-0.190704089699999996
5255873100	-0.1931404605	-0.188580359499999989
5255875100	-0.193646576600000009	-0.191132573700000002
5255877100	-0.193849889599999992	-0.189974313199999995
5255879100	-0.192222414799999991	-0.19073838600000001
5255881100	-0.193348954600000011	-0.186775082000000009
5255883100	-0.192455079499999987	-0.187941971900000004
5255885100	-0.194435713900000001	-0.189125705799999988
5255887100	-0.193600697799999999	-0.188823395799999988
5255889100	-0.193037331400000012	-0.188741297000000002
5255891100	-0.195903757399999989	-0.187340978500000005
5255893100	-0.193815706700000007	-0.18761836400000001
5255895100	-0.193337298200000007	-0.188841608599999988
5255897100	-0.193343544000000006	-0.1893216962
5255899100	-0.193376836400000002	-0.185850520999999991
5255901100	-0.194602814699999987	-0.184637567599999997
5255903100	-0.195204895900000008	-0.187457227300000001
5255905100	-0.19639168039999999	-0.184039169499999988
5255907100	-0.195882834700000008	-0.188587254499999996
5255909100	-0.193324417999999998	-0.188227733799999991
5255911100	-0.195586674699999991	-0.18621048309999999
5255913100	-0.197636460600000008	-0.184995011099999995
5255915100	-0.193252482199999992	-0.187802555700000012
5255917100	-0.195419927599999987	-0.188120176899999991
5255919100	-0.196168389500000012	-0.1875803677
5255921100	-0.1983880321	-0.186381793200000007
5255923100	-0.198775329700000003	-0.186654613100000005
5255925100	-0.19775902179999999	-0.186417636999999997
5255927100	-0.198110075400000002	-0.184874973999999997
5255929100	-0.196754019599999996	-0.183917832400000009
5255931100	-0.199597606700000013	-0.182149244999999987
5255933100	-0.197217307600000002	-0.182864419
5255935100	-0.196172136100000005	-0.183869790100000013
5255937100	-0.19628474130000001	-0.184382475600000012
5255939100	-0.1992708802	-0.181285888700000009
5255941100	-0.196929363999999996	-0.181663453400000008
5255943100	-0.202255712000000004	-0.18261132020000001
5255945100	-0.197797370800000011	-0.180039529899999995
5255947100	-0.199028485000000005	-0.181794509599999987
5255949100	-0.198819681999999998	-0.179825795799999993
5255951100	-0.198341627800000003	-0.179344382800000007
5255953100	-0.199381334500000007	-0.180619281399999998
5255955100	-0.198603378400000002	-0.183111837999999999
5255957100	-0.200646448100000013	-0.182348970400000004
5255959100	-0.198496126599999989	-0.180572411999999988
5255961100	-0.200167294500000009	-0.18388517330000001
5255963100	-0.199589565400000002	-0.182878108399999989
5255965100	-0.201686288800000002	-0.178965178199999991
5255967100	-0.199099341099999994	-0.179544870200000012
5255969100	-0.201899591200000006	-0.180204186900000007
5255971100	-0.198089729399999998	-0.179175207700000005
5255973100	-0.200553480199999995	-0.1783186259
5255975100	-0.201065141800000013	-0.179336243400000012
5255977100	-0.2029932297	-0.177489458900000008
5255979100	-0.2009336974	-0.177581909600000004
5255981100	-0.201132982799999999	-0.1766910062
5255983100	-0.201721547000000001	-0.177750647499999997
5255985100	-0.203556627900000009	-0.177727867000000012
5255987100	-0.204075735300000005	-0.174931041600000003
5255989100	-0.200674403899999992	-0.175368076499999997
5255991100	-0.201053612800000003	-0.177526401100000009
5255993100	-0.203054273400000013	-0.176328966400000009
5255995100	-0.20229654259999999	-0.174875495399999997
5255997100	-0.202466650500000012	-0.175620364700000003
5255999100	-0.200477190299999997	-0.175143317100000001
5256001100	-0.204228092199999989	-0.173727338799999992
5256003100	-0.204044991600000003	-0.179435599599999995
5256005100	-0.2028398639	-0.172794324299999996
5256007100	-0.20603791560000001	-0.173890767499999987
5256009100	-0.206070733400000011	-0.173741950300000003
5256011100	-0.202026578799999995	-0.173621606900000003
5256013100	-0.203204871600000003	-0.175283585299999989
5256015100	-0.203510691100000002	-0.173569944199999993
5256017100	-0.207028099100000001	-0.176228761099999992
5256019100	-0.205731544200000005	-0.170956447499999997
5256021100	-0.202768373899999993	-0.173871519499999988
5256023100	-0.201644055999999988	-0.171576158300000003
5256025100	-0.205594499799999997	-0.172053046600000009
5256027100	-0.205381227700000002	-0.171264472299999998
5256029100	-0.207347139600000008	-0.168516188600000005
5256031100	-0.201870420900000014	-0.171160343200000009
5256033100	-0.20687194619999999	-0.169903692299999992
5256035100	-0.206025011199999997	-0.171066772700000008
5256037100	-0.204899907699999995	-0.171613347899999991
5256039100	-0.206757135099999989	-0.169801934200000004
5256041100	-0.206236157799999986	-0.169075553200000006
5256043100	-0.208591817799999996	-0.167115022499999988
5256045100	-0.205970906600000003	-0.166264292600000002
5256047100	-0.204974388600000001	-0.16935796480000001
5256049100	-0.205338895500000007	-0.166158246600000004
5256051100	-0.207630781399999992	-0.166663031500000003
5256053100	-0.208081459899999988	-0.167363750499999991
5256055100	-0.210084674999999999	-0.167119574900000012
5256057100	-0.209571540700000003	-0.166945397899999987
5256059100	-0.206335453700000004	-0.166198798600000003
5256061100	-0.205532453799999987	-0.165255623099999999
5256063100	-0.207727552199999999	-0.166096981700000007
5256065100	-0.208059705600000006	-0.16929963340000001
5256067100	-0.209654964400000005	-0.163965689400000003
5256069100	-0.20643872869999999	-0.164860988099999994
5256071100	-0.208991930500000006	-0.166693849700000007
5256073100	-0.208528024000000006	-0.1638808239
5256075100	-0.209914137800000011	-0.16419200619999999
5256077100	-0.209811176500000002	-0.164512888400000001
5256079100	-0.211789738300000002	-0.16281176859999999
5256081100	-0.208367834700000004	-0.162390648299999996
5256083100	-0.209678843899999995	-0.163373559000000002
5256085100	-0.211294061000000005	-0.162748994099999988
5256087100	-0.210632887099999999	-0.161088520900000004
5256089100	-0.208083894999999991	-0.161845718599999994
5256091100	-0.209470558100000009	-0.160096682099999998
5256093100	-0.20808725010000001	-0.160662925099999992
5256095100	-0.209719036999999997	-0.16144861499999999
5256097100	-0.211212821999999995	-0.159312943499999998
5256099100	-0.211530699699999991	-0.160285759400000005
5256101100	-0.211678978699999992	-0.160976839300000008
5256103100	-0.212018269399999987	-0.159177049099999995
5256105100	-0.2094711145	-0.159370957199999996
5256107100	-0.212954556600000011	-0.158286758599999994
5256109100	-0.208842656399999993	-0.157942651200000006
5256111100	-0.211250162999999991	-0.156447391399999997
5256113100	-0.208869487999999992	-0.15622149199999999
5256115100	-0.210377093900000006	-0.156479099499999996
5256117100	-0.211965353599999989	-0.155119654999999995
5256119100	-0.21290963839999999	-0.156239647399999987
5256121100	-0.209916517999999996	-0.156550351300000001
5256123100	-0.210107040699999997	-0.155623634700000013
5256125100	-0.213305939500000014	-0.1553545536
5256127100	-0.211435661699999999	-0.153101302299999992
5256129100	-0.213369334100000002	-0.152533122699999996
5256131100	-0.21267521419999999	-0.151399212599999999
5256133100	-0.212006226500000006	-0.154178787399999989
5256135100	-0.212996018199999998	-0.152741243800000009
5256137100	-0.211089018399999995	-0.152036093499999997
5256139100	-0.21483328430000001	-0.151449441699999993
5256141100	-0.212924925399999992	-0.151310134000000013
5256143100	-0.213683468999999987	-0.150893424400000004
5256145100	-0.213822586300000006	-0.150235214899999997
5256147100	-0.212812440600000014	-0.152729570799999992
5256149100	-0.214817121299999997	-0.151271714299999999
5256151100	-0.214998558199999995	-0.151412947399999998
5256153100	-0.214105025899999996	-0.14981741870000001
5256155100	-0.213577591700000013	-0.149627648800000013
5256157100	-0.213335710699999986	-0.147607801799999994
5256159100	-0.215511494599999992	-0.149229765200000003
5256161100	-0.214256476800000012	-0.14653757340000001
5256163100	-0.212583645300000013	-0.146832569200000013
5256165100	-0.211653535400000009	-0.147062667300000005
5256167100	-0.215926986900000006	-0.145516433599999995
5256169100	-0.212543503800000005	-0.144742238100000004
5256171100	-0.216499434200000007	-0.144351725399999992
5256173100	-0.212324799499999994	-0.143796030999999991
5256175100	-0.215636252400000006	-0.142231104500000011
5256177100	-0.215105336099999989	-0.143918558899999993
5256179100	-0.2163615713	-0.140669821299999998
5256181100	-0.2172457743	-0.143394688900000011
5256183100	-0.215419869200000003	-0.14413985700000001
5256185100	-0.211755389200000005	-0.142484473899999992
5256187100	-0.215953519499999996	-0.141085074599999999
5256189100	-0.214335508000000008	-0.139445886600000013
5256191100	-0.216092681399999986	-0.140516591699999999
5256193100	-0.215375074599999994	-0.140212983000000013
5256195100	-0.215265142900000012	-0.139758824799999987
5256197100	-0.216597297599999988	-0.140003016000000008
5256199100	-0.217477181299999989	-0.140792503600000007
5256201100	-0.215750483200000009	-0.138820877600000003
5256203100	-0.213943305299999997	-0.137309625200000007
5256205100	-0.215814221899999992	-0.135120915300000005
5256207100	-0.216823648099999988	-0.135325976399999992
5256209100	-0.214221752300000012	-0.135616479000000012
5256211100	-0.21845501719999999	-0.133863617299999987
5256213100	-0.217361278600000013	-0.132569609499999991
5256215100	-0.21758677039999999	-0.13538458619999999
5256217100	-0.216936353599999993	-0.133043260599999991
5256219100	-0.217576785900000014	-0.131757508699999998
5256221100	-0.218648545199999988	-0.133330740499999989
5256223100	-0.215636670400000008	-0.132408880400000012
5256225100	-0.217514587399999987	-0.130970481299999997
5256227100	-0.216658094100000004	-0.129320718000000001
5256229100	-0.216150979399999998	-0.131052534700000001
5256231100	-0.212815131699999993	-0.132156434200000006
5256233100	-0.216870608999999992	-0.128939321400000001
5256235100	-0.216531702699999995	-0.126190648999999988
5256237100	-0.21560774969999999	-0.129340582399999987
5256239100	-0.218449608200000006	-0.127887184500000001
5256241100	-0.21837456429999999	-0.127498135000000012
5256243100	-0.218560900899999994	-0.126645946499999995
5256245100	-0.216775838999999998	-0.1242150702
5256247100	-0.217738683999999988	-0.125719488600000012
5256249100	-0.21648739580000001	-0.123766157900000007
5256251100	-0.21733775159999999	-0.122914749700000006
5256253100	-0.218787862299999997	-0.121555862799999997
5256255100	-0.218568860599999998	-0.121333286799999995
5256257100	-0.21501811970000001	-0.118982032400000007
5256259100	-0.219685596000000011	-0.122326770299999998
5256261100	-0.216137228399999992	-0.118836844600000005
5256263100	-0.218616766900000009	-0.118867623399999997
5256265100	-0.21684185110000001	-0.118306186600000002
5256267100	-0.219085407399999987	-0.119514606999999995
5256269100	-0.217565378300000001	-0.1196091933
5256271100	-0.218409102800000005	-0.117145403400000001
5256273100	-0.218339800199999989	-0.115455507400000004
5256275100	-0.216911887199999986	-0.115571507500000004
5256277100	-0.217899677300000011	-0.114703476799999995
5256279100	-0.215003414799999987	-0.115587524499999997
5256281100	-0.217732712999999994	-0.113581580500000001
5256283100	-0.21576464179999999	-0.114326320999999995
5256285100	-0.218748802999999992	-0.112342712999999997
5256287100	-0.218881856399999991	-0.112229792100000003
5256289100	-0.216620080699999995	-0.1125551682
5256291100	-0.215912386699999986	-0.111002363600000001
5256293100	-0.217441974900000001	-0.110180086100000005
5256295100	-0.216822597499999992	-0.110071826100000006
5256297100	-0.220049325600000012	-0.106885127699999999
5256299100	-0.214640364199999989	-0.106733836799999995
5256301100	-0.218192437500000003	-0.106274957700000006
5256303100	-0.218484733399999992	-0.1055742281
5256305100	-0.217481685400000013	-0.104511858299999996
5256307100	-0.2193896548	-0.104182515200000006
5256309100	-0.219792609700000002	-0.103526848599999999
5256311100	-0.215485672500000003	-0.104650354299999998
5256313100	-0.214441366100000003	-0.100184264300000006
5256315100	-0.219316147399999994	-0.102816151699999997
5256317100	-0.216759806299999996	-0.101618537699999997
5256319100	-0.217933462999999994	-0.0994444944999999941
5256321100	-0.217658985299999996	-0.0997435022999999948
5256323100	-0.214603285199999994	-0.0976933044
5256325100	-0.215659638699999989	-0.0968131410000000053
5256327100	-0.215890966500000003	-0.0963122126000000023
5256329100	-0.215070127700000002	-0.0963293184000000025
5256331100	-0.215825924100000011	-0.0925842382000000019
5256333100	-0.216044849600000005	-0.0942590167000000034
5256335100	-0.215093575300000006	-0.094442819499999997
5256337100	-0.211692918899999999	-0.0919599356999999951
5256339100	-0.215564274500000014	-0.0914649889000000021
5256341100	-0.215953388100000004	-0.0912568854000000013
5256343100	-0.213273668299999997	-0.0916103421000000057
5256345100	-0.21303593500000001	-0.0889661204000000011
5256347100	-0.215576924199999992	-0.0887276795000000035
5256349100	-0.2124512764	-0.0862179760999999961
5256351100	-0.21472741079999999	-0.0843080479000000022
5256353100	-0.212773800799999996	-0.0833407079999999995
5256355100	-0.212685549800000012	-0.0812905654999999949
5256357100	-0.214531656999999987	-0.0828077433000000002
5256359100	-0.210540945099999988	-0.0831006972999999982
5256361100	-0.210625146200000002	-0.081838353700000005
5256363100	-0.212927041000000011	-0.079011050200000002
5256365100	-0.214409535900000003	-0.0810345009999999949
5256367100	-0.213221216099999999	-0.0761100227000000018
5256369100	-0.210838035000000007	-0.0774852154000000015
5256371100	-0.209202437399999996	-0.0760256217999999984
5256373100	-0.209349246900000008	-0.0713243058999999957
5256375100	-0.209374161800000014	-0.0743188897000000015
5256377100	-0.209959701500000012	-0.0693744636000000053
5256379100	-0.207953013399999997	-0.0711133236000000002
5256381100	-0.208491199200000005	-0.0709812823000000037
5256383100	-0.206981772600000002	-0.0667365652000000004
5256385100	-0.205615712300000003	-0.0686650347000000022
5256387100	-0.205962088799999998	-0.0701156165999999997
5256389100	-0.206115130000000008	-0.0655254665000000042
5256391100	-0.206192583099999993	-0.064961843800000002
5256393100	-0.203423641300000013	-0.0643073443999999939
5256395100	-0.202399649399999992	-0.0611491844000000007
5256397100	-0.202744392299999993	-0.0643491662999999964
5256399100	-0.202218958700000007	-0.0616668213000000007
5256401100	-0.202204348099999986	-0.0610178358999999976
5256403100	-0.201204296199999993	-0.0594130123999999996
5256405100	-0.198176365399999999	-0.0578833578000000001
5256407100	-0.201230554099999986	-0.0540031738999999997
5256409100	-0.198792856500000004	-0.0568078767000000026
5256411100	-0.198131896299999999	-0.0524323350999999979
5256413100	-0.198189791700000006	-0.053099078600000002
5256415100	-0.19805220300000001	-0.0528204747000000016
5256417100	-0.193027882399999989	-0.0483517643999999969
5256419100	-0.197215599999999991	-0.0490916445000000035
5256421100	-0.194672592300000002	-0.0477144909000000034
5256423100	-0.192867967000000001	-0.0472197412999999996
5256425100	-0.1905953809	-0.0454784551000000023
5256427100	-0.19174705680000001	-0.0456849449000000032
5256429100	-0.189740697099999994	-0.0441650109000000027
5256431100	-0.187572669400000003	-0.0425193676000000034
5256433100	-0.186832008500000007	-0.0409974166999999973
5256435100	-0.184974070699999993	-0.0402467369999999977
5256437100	-0.1858504302	-0.0418042425999999995
5256439100	-0.183549014300000007	-0.039657866600000001
5256441100	-0.183846128100000006	-0.0392786694000000006
5256443100	-0.180863575800000009	-0.0363986928000000001
5256445100	-0.181504840299999998	-0.0342433756000000006
5256447100	-0.178624164199999991	-0.0345286632999999982
5256449100	-0.177642108599999987	-0.0334014956999999987
5256451100	-0.175713457600000011	-0.0332138344999999974
5256453100	-0.173127065999999996	-0.0303753345000000001
5256455100	-0.174505836100000006	-0.0292425291999999989
5256457100	-0.169238345600000006	-0.0268040493999999983
5256459100	-0.16992360640000001	-0.0299101665000000017
5256461100	-0.165660645100000004	-0.0287493925999999997
5256463100	-0.167754982400000002	-0.0220623347999999997
5256465100	-0.165594162699999992	-0.0251468022999999999
5256467100	-0.162213336200000002	-0.0254897905999999994
5256469100	-0.161600828899999993	-0.0210009259999999996
5256471100	-0.159764647799999993	-0.0194382154000000001
5256473100	-0.157876315299999986	-0.0208945198999999984
5256475100	-0.156594280700000005	-0.0165565202999999987
5256477100	-0.154305716199999998	-0.018977607300000001
5256479100	-0.153746102400000001	-0.0166752057999999988
5256481100	-0.151171489299999989	-0.0171230952000000006
5256483100	-0.147298314600000008	-0.0158773603999999985
5256485100	-0.146866203499999987	-0.0165114298999999992
5256487100	-0.144414023899999994	-0.0129374760999999994
5256489100	-0.141213034500000001	-0.0146319629
5256491100	-0.1383474274	-0.0120823158999999996
5256493100	-0.135719167599999996	-0.0152872918
5256495100	-0.134963224100000001	-0.0148146574000000003
5256497100	-0.13010864250000001	-0.0123818291
5256499100	-0.128172805100000009	-0.0102968277000000004
5256501100	-0.126969598900000008	-0.0104674764999999996
5256503100	-0.12548267090000001	-0.0109486137999999997
5256505100	-0.1230804068	-0.00722902910000000013
5256507100	-0.118782531400000002	-0.0116871500000000003
5256509100	-0.117753438700000004	-0.00822709029999999994
5256511100	-0.115440647499999993	-0.00943246829999999994
5256513100	-0.111382597999999999	-0.00787016899999999978
5256515100	-0.109354752700000002	-0.00829992809999999942
5256517100	-0.106405868099999995	-0.00868978129999999939
5256519100	-0.103185189499999996	-0.00738737049999999961
5256521100	-0.103315186500000003	-0.0102884570000000009
5256523100	-0.0974180785999999993	-0.0106916951000000007
5256525100	-0.0944115311999999957	-0.0113555806999999995
5256527100	-0.0946513400000000005	-0.0121996507999999997
5256529100	-0.0872089343999999933	-0.0115807996000000003
5256531100	-0.0857846206	-0.0124620096000000007
5256533100	-0.0863406267000000061	-0.0131371633000000008
5256535100	-0.0818610961000000026	-0.0114329611999999994
5256537100	-0.0796832256000000044	-0.0130512708000000005
5256539100	-0.0790627569999999974	-0.0143551070000000006
5256541100	-0.0754373470999999962	-0.0157098815999999995
5256543100	-0.0724530441999999969	-0.0194241451999999995
5256545100	-0.0678120110999999998	-0.0180829878999999999
5256547100	-0.0678551715000000055	-0.0187165770999999995
5256549100	-0.065055254899999998	-0.0207515258000000001
5256551100	-0.0592042126000000002	-0.0229501943999999986
5256553100	-0.0579834092000000023	-0.0240594483000000012
5256555100	-0.0555267615000000006	-0.027318564699999999
5256557100	-0.0515026488000000018	-0.0259448042000000011
5256559100	-0.050158470099999998	-0.0288694666000000009
5256561100	-0.047967478600000002	-0.0318900250000000024
5256563100	-0.0460878575000000026	-0.0307994419999999998
5256565100	-0.042490209000000001	-0.0332582668999999997
5256567100	-0.0404622282999999999	-0.034959334100000003
5256569100	-0.0353177267000000031	-0.0375771846000000007
5256571100	-0.0361435384000000012	-0.039763660800000003
5256573100	-0.0332906008000000003	-0.0416523300000000013
5256575100	-0.0329900128999999973	-0.0447190007999999986
5256577100	-0.0303191451000000001	-0.0493546024000000028
5256579100	-0.0275411638999999986	-0.049577481399999998
5256581100	-0.0267324721000000015	-0.0494427455999999974
5256583100	-0.0238480725000000011	-0.053687341999999999
5256585100	-0.0223887696000000004	-0.0577440388000000013
5256587100	-0.0209120994999999997	-0.0576011068999999973
5256589100	-0.0183513533000000013	-0.0628610124999999936
5256591100	-0.018600539499999999	-0.0658902553000000057
5256593100	-0.0179595954000000002	-0.0681247564
5256595100	-0.0141728657000000004	-0.0723958165999999959
5256597100	-0.0138502255000000005	-0.0720825940999999942
5256599100	-0.0127165128999999991	-0.0764764680000000058
5256601100	-0.0107211669000000006	-0.0759848191000000034
5256603100	-0.00922365590000000062	-0.0798087434000000068
5256605100	-0.0101474413000000006	-0.0828843952999999967
5256607100	-0.00726986639999999996	-0.0854075006000000053
5256609100	-0.00747037980000000035	-0.0880929007000000042
5256611100	-0.00566293639999999963	-0.0913388920999999993
5256613100	-0.00503151029999999999	-0.0957233601999999961
5256615100	-0.00492166680000000016	-0.0979684028000000068
5256617100	-0.00730326530000000029	-0.100740384500000002
5256619100	-0.00375239119999999995	-0.103407947099999994
5256621100	-0.00627952079999999965	-0.105772205499999994
5256623100	-0.00465565479999999979	-0.107294181000000002
5256625100	-0.0046020690000000003	-0.108671454900000006
5256627100	-0.00334327250000000017	-0.1149169882
5256629100	-0.00459760469999999973	-0.118506612400000003
5256631100	-0.00539290589999999979	-0.119093183800000002
5256633100	-0.00272816940000000004	-0.123610513800000002
5256635100	-0.0076723284000000001	-0.126808980300000013
5256637100	-0.00637115019999999997	-0.130153443600000002
5256639100	-0.0055591566999999998	-0.132212361599999995
5256641100	-0.00425006459999999978	-0.134656822399999987
5256643100	-0.00771514259999999969	-0.136524209499999993
5256645100	-0.00827176729999999985	-0.138909747700000002
5256647100	-0.00684662029999999998	-0.141772315499999996
5256649100	-0.00655764970000000027	-0.142476926100000012
5256651100	-0.00911503120000000007	-0.143692273600000003
5256653100	-0.0114869980999999996	-0.151304977099999988
5256655100	-0.0105374282000000007	-0.152129501700000003
5256657100	-0.0101039901999999994	-0.155460679900000009
5256659100	-0.0131855830000000007	-0.154568290599999991
5256661100	-0.0143391765000000001	-0.156559873300000013
5256663100	-0.0161024191000000011	-0.163383209700000004
5256665100	-0.0122143879999999996	-0.162521254100000012
5256667100	-0.0156363734000000004	-0.164445760400000002
5256669100	-0.0168829755999999991	-0.163959415500000011
5256671100	-0.0160620451999999997	-0.166539001200000009
5256673100	-0.0175500508000000013	-0.171360825900000013
5256675100	-0.0204263644000000008	-0.168980497199999996
5256677100	-0.0196641133999999988	-0.174032306899999989
5256679100	-0.0213227492000000012	-0.174101807999999997
5256681100	-0.0227302937999999989	-0.177071533899999994
5256683100	-0.0234761469999999993	-0.179184172700000005
5256685100	-0.0263324181000000011	-0.178612618000000001
5256687100	-0.0268126014000000003	-0.180554666599999997
5256689100	-0.0270336433000000001	-0.185192803600000011
5256691100	-0.0285976003000000013	-0.185285530599999998
5256693100	-0.0317134451000000012	-0.185902910700000007
5256695100	-0.0336162798000000027	-0.189429166499999996
5256697100	-0.0313606353000000018	-0.190331285900000008
5256699100	-0.0370114851999999994	-0.189185044999999996
5256701100	-0.0334154541999999999	-0.18995127140000001
5256703100	-0.0369607446999999992	-0.195004730200000004
5256705100	-0.0372078227999999983	-0.192753269100000013
5256707100	-0.0392941928999999968	-0.194536959799999992
5256709100	-0.0381977781999999974	-0.19456454070000001
5256711100	-0.0428171882000000018	-0.199146640799999997
5256713100	-0.0437497629000000027	-0.199008275200000001
5256715100	-0.0425204039000000034	-0.19825119129999999
5256717100	-0.0452426068000000015	-0.202200459500000013
5256719100	-0.0464438703000000022	-0.201176311400000002
5256721100	-0.0479609330999999986	-0.202210402499999997
5256723100	-0.0526082682000000024	-0.203747807800000014
5256725100	-0.0518222792000000015	-0.203574479100000011
5256727100	-0.0544526193999999991	-0.205920770199999992
5256729100	-0.0554110952000000032	-0.207400554799999998
5256731100	-0.0534830800000000023	-0.208066046799999987
5256733100	-0.0558992467000000021	-0.208186267700000011
5256735100	-0.0565321225999999982	-0.207827496499999986
5256737100	-0.0578957000000000013	-0.2084833351
5256739100	-0.0626714644000000015	-0.212488106700000012
5256741100	-0.0604097744999999992	-0.208156966299999996
5256743100	-0.0635941966999999941	-0.212093982699999989
5256745100	-0.0651493516000000022	-0.213179658800000005
5256747100	-0.0658245169999999991	-0.214502886799999987
5256749100	-0.0655095101000000013	-0.212477900999999997
5256751100	-0.0705843300999999951	-0.213541585199999995
5256753100	-0.068891619799999998	-0.214448233799999999
5256755100	-0.0727410225000000021	-0.216983041099999996
5256757100	-0.0727002182999999941	-0.216082825700000009
5256759100	-0.0731493207000000062	-0.218365737000000004
5256761100	-0.0748828626999999969	-0.216900917199999987
5256763100	-0.0761877651999999933	-0.219660380900000007
5256765100	-0.075559630700000005	-0.219381124099999991
5256767100	-0.0780843682999999983	-0.218664499699999987
5256769100	-0.0782771790999999967	-0.216609548200000002
5256771100	-0.0791677717000000003	-0.220797321800000002
5256773100	-0.0800733688000000027	-0.217381885400000002
5256775100	-0.0823545262999999944	-0.221523394300000009
5256777100	-0.0857394429000000041	-0.220408023400000014
5256779100	-0.0848167912999999996	-0.219857217999999993
5256781100	-0.0877241732999999996	-0.221992862799999996
5256783100	-0.0853406656000000041	-0.222967847599999991
5256785100	-0.0867931698000000001	-0.220035768200000009
5256787100	-0.0906728021000000051	-0.225014942999999995
5256789100	-0.087675120800000006	-0.220812665399999997
5256791100	-0.0933752563000000008	-0.2212860143
5256793100	-0.091901564000000005	-0.224599056800000002
5256795100	-0.0901901744999999977	-0.22251165140000001
5256797100	-0.0940565020999999946	-0.223081417400000009
5256799100	-0.0963783579999999973	-0.221170655599999988
5256801100	-0.0984661480000000033	-0.221344397800000009
5256803100	-0.0988813686000000053	-0.223676918400000008
5256805100	-0.0977117980000000025	-0.223205221499999995
5256807100	-0.098932731600000004	-0.223288695799999992
5256809100	-0.0971614076999999937	-0.224313715299999994
5256811100	-0.102229230200000007	-0.224695485800000011
5256813100	-0.101001141500000002	-0.224921279499999988
5256815100	-0.101594574399999998	-0.222802523000000002
5256817100	-0.103281467700000004	-0.227516893500000011
5256819100	-0.106203414800000007	-0.221320344800000013
5256821100	-0.104550380700000001	-0.225122707199999994
5256823100	-0.108434294799999997	-0.224659632199999987
5256825100	-0.106166593000000004	-0.2241651583
5256827100	-0.109091668099999997	-0.221175943900000005
5256829100	-0.110106835200000003	-0.223245258199999991
5256831100	-0.110445121499999993	-0.226168552599999989
5256833100	-0.1109104162	-0.224003983299999987
5256835100	-0.114714209999999997	-0.225251736000000008
5256837100	-0.113043865899999998	-0.222671506399999997
5256839100	-0.112843707599999996	-0.2271496499
5256841100	-0.1161242143	-0.223178002099999995
5256843100	-0.1144636661	-0.225444490599999992
5256845100	-0.114223248799999996	-0.224553457200000001
5256847100	-0.117022096899999997	-0.223769513799999986
5256849100	-0.116818102100000001	-0.224711820600000001
5256851100	-0.116326164900000001	-0.224561856100000012
5256853100	-0.118595513999999999	-0.226296218699999996
5256855100	-0.1206802087	-0.225998124500000008
5256857100	-0.122135892999999995	-0.222932808700000012
5256859100	-0.121752626799999999	-0.225542019799999993
5256861100	-0.123029890599999997	-0.224798923399999989
5256863100	-0.124452249400000006	-0.221219582400000003
5256865100	-0.124256873399999995	-0.225595719
5256867100	-0.124526175700000005	-0.22166678649999999
5256869100	-0.122980595700000001	-0.22425789639999999
5256871100	-0.125718803299999987	-0.224133494099999997
5256873100	-0.125547595099999992	-0.225424751000000007
5256875100	-0.129039080100000009	-0.22359443309999999
5256877100	-0.128001920200000008	-0.224469153199999993
5256879100	-0.130285017800000014	-0.224568787900000011
5256881100	-0.128757686900000001	-0.226530391299999995
5256883100	-0.131944427100000011	-0.222579635999999997
5256885100	-0.131833920999999993	-0.224066167799999993
5256887100	-0.132474873999999992	-0.225680776599999994
5256889100	-0.133840512699999997	-0.224056856199999987
5256891100	-0.133663061	-0.221763234700000006
5256893100	-0.133351756799999999	-0.221440322200000012
5256895100	-0.132537016600000002	-0.221536599400000006
5256897100	-0.135540517700000002	-0.221239906900000005
5256899100	-0.137200965400000013	-0.224566046500000005
5256901100	-0.134163532800000013	-0.222226696499999987
5256903100	-0.13568733220000001	-0.218150104099999992
5256905100	-0.137853214299999999	-0.219817598400000008
5256907100	-0.139245162400000011	-0.219069291299999996
5256909100	-0.13822393790000001	-0.221538207500000001
5256911100	-0.140158295300000013	-0.225053744500000014
5256913100	-0.1414289621	-0.22030510049999999
5256915100	-0.141678493799999999	-0.220981357600000011
5256917100	-0.143918692300000012	-0.218686842299999989
5256919100	-0.141770309099999992	-0.221798911200000004
5256921100	-0.1445172022	-0.220070114300000008
5256923100	-0.145840917900000006	-0.220001525700000006
5256925100	-0.144924798699999996	-0.216834864900000007
5256927100	-0.144819160299999999	-0.221470902599999991
5256929100	-0.142525579200000002	-0.219045275399999989
5256931100	-0.143798106700000011	-0.221579922099999993
5256933100	-0.146472160699999993	-0.2214426283
5256935100	-0.145890584299999987	-0.220074716599999998
5256937100	-0.147655247999999989	-0.218527867999999986
5256939100	-0.148500954200000007	-0.218998062500000007
5256941100	-0.149646669399999988	-0.219279636500000014
5256943100	-0.14963432069999999	-0.220203898700000011
5256945100	-0.149493248200000012	-0.216364904800000007
5256947100	-0.151410374600000008	-0.217808705999999991
5256949100	-0.153362966699999992	-0.217963630900000011
5256951100	-0.149505958900000013	-0.217208890500000001
5256953100	-0.150089625799999987	-0.219477097600000004
5256955100	-0.152603401999999999	-0.218886902299999991
5256957100	-0.154172968299999991	-0.215753036399999987
5256959100	-0.15446625180000001	-0.215065374100000012
5256961100	-0.152964405199999987	-0.217007044600000004
5256963100	-0.156318141699999996	-0.217254478299999998
5256965100	-0.1518664562	-0.217947710500000003
5256967100	-0.154120520300000008	-0.217344602400000003
5256969100	-0.153895708399999998	-0.2158040715
5256971100	-0.155475228599999987	-0.219150084899999986
5256973100	-0.155233918800000009	-0.214689169600000007
5256975100	-0.157939598099999995	-0.214253063500000007
5256977100	-0.155723653299999987	-0.216429621099999997
5256979100	-0.157633053800000006	-0.216982810899999989
5256981100	-0.159693320299999997	-0.21783192500000001
5256983100	-0.158371325300000004	-0.216225583199999988
5256985100	-0.157508325100000013	-0.214086723000000007
5256987100	-0.161115469600000005	-0.215108334799999995
5256989100	-0.156927588600000001	-0.2146765692
5256991100	-0.157919311700000009	-0.215938276900000004
5256993100	-0.1618535314	-0.215158920700000006
5256995100	-0.161496513400000014	-0.213998440099999993
5256997100	-0.161563213799999994	-0.213369680700000008
5256999100	-0.162065174199999995	-0.214928812800000008
5257001100	-0.161600904699999992	-0.2146726256
5257003100	-0.162846298	-0.214302600199999999
5257005100	-0.163599497199999999	-0.213087305700000007
5257007100	-0.165115738200000001	-0.214102276199999997
5257009100	-0.168215753100000004	-0.212402672300000012
5257011100	-0.163728572900000008	-0.212726330999999991
5257013100	-0.165451114300000007	-0.210376213000000006
5257015100	-0.166559734099999995	-0.214989633900000005
5257017100	-0.164389901499999991	-0.210732735199999993
5257019100	-0.165618453299999996	-0.214831629800000007
5257021100	-0.168985733400000004	-0.21449909310000001
5257023100	-0.168502755700000006	-0.214419222599999987
5257025100	-0.168567790100000003	-0.211636310599999988
5257027100	-0.16887372710000001	-0.2124952383
5257029100	-0.167952956300000011	-0.212466081700000003
5257031100	-0.170535765799999989	-0.207681547599999988
5257033100	-0.168622878700000006	-0.209147254599999999
5257035100	-0.169244475400000011	-0.209670433699999992
5257037100	-0.167577264400000009	-0.210313591500000008
5257039100	-0.169948972599999998	-0.209916690900000008
5257041100	-0.169668996999999988	-0.209789380899999989
5257043100	-0.172079663100000002	-0.211225019799999997
5257045100	-0.171448849900000005	-0.210812536999999994
5257047100	-0.171862868899999993	-0.210280581800000005
5257049100	-0.171742303699999987	-0.210736522600000004
5257051100	-0.172588787299999991	-0.207388479399999992
5257053100	-0.171806515100000001	-0.208944829700000001
5257055100	-0.174377094799999993	-0.20676967369999999
5257057100	-0.176449304400000007	-0.2083322497
5257059100	-0.174514868999999989	-0.21070474689999999
5257061100	-0.173169661599999997	-0.206314880400000011
5257063100	-0.174491478199999994	-0.207251746399999992
5257065100	-0.175722089899999989	-0.207158112100000014
5257067100	-0.174483884799999989	-0.207405428400000008
5257069100	-0.174334261900000009	-0.208800770699999999
5257071100	-0.177495327799999991	-0.20839184429999999
5257073100	-0.177317357700000011	-0.207768953899999997
5257075100	-0.177199372599999988	-0.209460503800000003
5257077100	-0.176394751300000013	-0.204204252400000008
5257079100	-0.176219453800000009	-0.207386352299999993
5257081100	-0.17610314190000001	-0.20646854449999999
5257083100	-0.177142377900000009	-0.206679354600000004
5257085100	-0.176899959899999987	-0.206152413899999998
5257087100	-0.177338729800000011	-0.207261655099999997
5257089100	-0.1787523694	-0.2084128747
5257091100	-0.17774867359999999	-0.205377683300000002
5257093100	-0.178510393200000006	-0.202499627500000001
5257095100	-0.179914104299999988	-0.207352079299999992
5257097100	-0.18136353429999999	-0.20630018080000001
5257099100	-0.180421100400000006	-0.20512956060000001
5257101100	-0.177647288300000011	-0.204967424700000012
5257103100	-0.179375327800000012	-0.208447649699999987
5257105100	-0.1826820049	-0.205742532300000003
5257107100	-0.1817131055	-0.204136576099999995
5257109100	-0.183365897500000014	-0.205583693699999986
5257111100	-0.180435488899999996	-0.203500911400000012
5257113100	-0.182650243099999998	-0.20351209449999999
5257115100	-0.183426441800000006	-0.204715878200000007
5257117100	-0.181535616300000008	-0.205062969399999989
5257119100	-0.181876652400000005	-0.204715525000000009
5257121100	-0.184267330300000004	-0.202234087199999996
5257123100	-0.182932995200000004	-0.199164931900000008
5257125100	-0.185728872900000008	-0.204045066400000003
5257127100	-0.180907541799999988	-0.202110042299999987
5257129100	-0.186419596999999992	-0.201374127799999997
5257131100	-0.18435817630000001	-0.200084082699999999
5257133100	-0.181245110799999998	-0.200431286300000011
5257135100	-0.182300293400000007	-0.20187069760000001
5257137100	-0.184284359000000009	-0.198503621600000013
5257139100	-0.186019806700000012	-0.199405173099999999
5257141100	-0.185816170100000011	-0.199119582999999989
5257143100	-0.188016785999999991	-0.20024513029999999
5257145100	-0.187456847799999993	-0.202947406200000013
5257147100	-0.186427831799999999	-0.198579896000000006
5257149100	-0.188557211499999988	-0.201294013900000013
5257151100	-0.185584625899999994	-0.1995392728
5257153100	-0.186650043999999987	-0.201048225599999991
5257155100	-0.188950852100000011	-0.198487032799999991
5257157100	-0.187508842499999995	-0.198944041399999993
5257159100	-0.189961314200000009	-0.198999552699999999
5257161100	-0.185353992999999995	-0.199309548499999989
5257163100	-0.190278305000000009	-0.200339109900000006
5257165100	-0.190924107300000007	-0.199943982399999998
5257167100	-0.193148033400000002	-0.200412381899999992
5257169100	-0.186942613400000013	-0.199166139200000009
5257171100	-0.19180665899999999	-0.195620797600000007
5257173100	-0.1896669349	-0.199621454000000004
5257175100	-0.189776714499999999	-0.198296948700000003
5257177100	-0.190603236499999995	-0.195901114099999996
5257179100	-0.188065327700000007	-0.195173693300000006
5257181100	-0.191651823599999993	-0.196738645299999987
5257183100	-0.192860805299999993	-0.197691622799999994
5257185100	-0.193054365100000014	-0.196400477600000012
5257187100	-0.190251851	-0.197657523899999993
5257189100	-0.193556880600000009	-0.196416903300000001
5257191100	-0.193429035199999988	-0.195186008599999988
5257193100	-0.19199977230000001	-0.197762013699999989
5257195100	-0.189503551500000006	-0.196595154999999994
5257197100	-0.192697499699999997	-0.193418515900000004
5257199100	-0.191177977700000001	-0.195341148900000011
5257201100	-0.193115822500000006	-0.1941408513
5257203100	-0.193525605699999992	-0.195167449800000004
5257205100	-0.193190480599999992	-0.197632880600000005
5257207100	-0.194590703700000006	-0.194368442299999999
5257209100	-0.192055629700000008	-0.193372859799999991
5257211100	-0.19658920760000001	-0.194759510699999999
5257213100	-0.197321592299999987	-0.1947547892
5257215100	-0.194998173800000008	-0.193788370200000004
5257217100	-0.195354371500000012	-0.191176479900000001
5257219100	-0.195329488200000012	-0.194069291899999996
5257221100	-0.197473345200000011	-0.194843497300000001
5257223100	-0.195019885400000009	-0.193835784600000005
5257225100	-0.196852113500000009	-0.191421619399999993
5257227100	-0.197896051200000006	-0.193404236300000004
5257229100	-0.1957417511	-0.192146371099999991
5257231100	-0.197632649800000004	-0.190777740299999998
5257233100	-0.195776166000000001	-0.190916278699999997
5257235100	-0.19626467119999999	-0.192319685699999993
5257237100	-0.196023170899999988	-0.194773547600000013
5257239100	-0.198892921899999991	-0.193131550699999988
5257241100	-0.194732423300000013	-0.190614273400000006
5257243100	-0.198964565199999999	-0.191364364199999998
5257245100	-0.198047401000000012	-0.191170558099999999
5257247100	-0.199696912799999987	-0.191654677800000006
5257249100	-0.198235290400000014	-0.192125264699999992
5257251100	-0.197918821599999989	-0.18737342039999999
5257253100	-0.200403646699999993	-0.192945816900000011
5257255100	-0.197387246399999994	-0.190615971500000009
5257257100	-0.198752944999999986	-0.190507181800000008
5257259100	-0.199383308799999992	-0.189939129499999998
5257261100	-0.197876114200000008	-0.190425929399999999
5257263100	-0.199863811700000005	-0.191175717299999992
5257265100	-0.202405368400000008	-0.189390310300000003
5257267100	-0.201068467000000001	-0.19011283100000001
5257269100	-0.20148237120000001	-0.18986679070000001
5257271100	-0.203206538800000003	-0.188730658400000001
5257273100	-0.202185655900000011	-0.188111178399999995
5257275100	-0.203064159200000011	-0.188816352900000012
5257277100	-0.202092659799999991	-0.189436297300000001
5257279100	-0.202173303400000004	-0.186594509299999989
5257281100	-0.203333460299999991	-0.189534048600000005
5257283100	-0.202418577399999994	-0.188921752999999998
5257285100	-0.202081413500000001	-0.18655239039999999
5257287100	-0.202032989299999993	-0.18697215980000001
5257289100	-0.201129592999999995	-0.188270917499999996
5257291100	-0.203250135800000009	-0.190424532899999999
5257293100	-0.2033555373	-0.185850540600000003
5257295100	-0.20198966539999999	-0.185959075899999993
5257297100	-0.206405075399999999	-0.186021676999999996
5257299100	-0.203624022200000004	-0.184190852699999991
5257301100	-0.203971278099999986	-0.186450003000000003
5257303100	-0.20493522010000001	-0.183795248800000005
5257305100	-0.203208415000000003	-0.186521347400000009
5257307100	-0.203468545800000011	-0.186642610300000011
5257309100	-0.2054930274	-0.185632461100000007
5257311100	-0.206815469299999999	-0.184945399099999991
5257313100	-0.205325383500000014	-0.185843095600000008
5257315100	-0.206020202699999988	-0.183876031599999989
5257317100	-0.206947246000000001	-0.185365670099999991
5257319100	-0.204779314600000012	-0.185360796100000003
5257321100	-0.206675236200000001	-0.185095503500000008
5257323100	-0.208358873400000005	-0.181586275699999994
5257325100	-0.206179531700000002	-0.184176705699999999
5257327100	-0.207368007699999995	-0.184133224099999993
5257329100	-0.205366287199999997	-0.184078469599999989
5257331100	-0.206082703199999995	-0.183827769000000002
5257333100	-0.206005802200000004	-0.182575037500000009
5257335100	-0.208434252399999992	-0.183109970499999997
5257337100	-0.208815021500000003	-0.181364222200000008
5257339100	-0.207379886900000004	-0.181712645499999992
5257341100	-0.209392050299999993	-0.183250555300000006
5257343100	-0.208847694	-0.184144656699999992
5257345100	-0.207942914899999998	-0.17948338359999999
5257347100	-0.209468253500000007	-0.181561718399999988
5257349100	-0.207976065300000013	-0.183072212300000009
5257351100	-0.211421125200000004	-0.179682406399999994
5257353100	-0.208086355400000006	-0.181173057500000012
5257355100	-0.209500716400000009	-0.180608394799999988
5257357100	-0.208946953200000007	-0.181177640700000003
5257359100	-0.209171855699999992	-0.178990381799999987
5257361100	-0.208752048200000012	-0.182485362699999987
5257363100	-0.208891326099999997	-0.182058271599999988
5257365100	-0.211314221699999999	-0.181690419699999994
5257367100	-0.210685050499999998	-0.178989731399999991
5257369100	-0.21139557619999999	-0.179749242799999986
5257371100	-0.209597306300000008	-0.181781976399999989
5257373100	-0.210564612600000006	-0.179604505800000008
5257375100	-0.209249482200000003	-0.178573920400000002
5257377100	-0.212344442699999997	-0.179535137700000014
5257379100	-0.210975566799999986	-0.178222225300000009
5257381100	-0.212650453900000008	-0.17788670840000001
5257383100	-0.211920691299999991	-0.178334045999999996
5257385100	-0.21126385780000001	-0.175519872699999996
5257387100	-0.209270945300000011	-0.176858278600000002
5257389100	-0.209748087500000013	-0.177089755600000009
5257391100	-0.214594383999999999	-0.180026588600000009
5257393100	-0.2154184351	-0.179263634700000007
5257395100	-0.210675402499999997	-0.17691446890000001
5257397100	-0.211686714599999992	-0.176242220700000007
5257399100	-0.213705791199999995	-0.176854385899999994
5257401100	-0.212845228800000008	-0.178388699399999989
5257403100	-0.215988943300000014	-0.176831759799999988
5257405100	-0.211858472900000011	-0.175365476100000001
5257407100	-0.212982929900000006	-0.177523915700000007
5257409100	-0.214277209100000005	-0.17686203419999999
5257411100	-0.21416705350000001	-0.1787212527
5257413100	-0.215165415500000012	-0.177869764799999996
5257415100	-0.213963574099999998	-0.177185641000000005
5257417100	-0.213851470099999996	-0.175738481499999988
5257419100	-0.214301554000000005	-0.174853459900000008
5257421100	-0.2157125124	-0.1757129573
5257423100	-0.2160921123	-0.173815488399999996
5257425100	-0.216245126600000004	-0.177547116700000007
5257427100	-0.213941519999999996	-0.175644118399999993
5257429100	-0.213222122099999994	-0.175523144299999989
5257431100	-0.21478176269999999	-0.1755993421
5257433100	-0.213937024899999995	-0.17803425149999999
5257435100	-0.214294380199999995	-0.172110697300000004
5257437100	-0.216292907099999987	-0.174994345500000009
5257439100	-0.21678027359999999	-0.174013677000000005
5257441100	-0.215188282700000011	-0.174544704699999997
5257443100	-0.215975278399999998	-0.173757827000000004
5257445100	-0.215159944600000014	-0.174459176699999996
5257447100	-0.214575210399999994	-0.174083802600000004
5257449100	-0.216279410199999994	-0.170659385299999994
5257451100	-0.215055402700000009	-0.170626452799999995
5257453100	-0.216621045300000009	-0.173785647200000004
5257455100	-0.215542007099999988	-0.170379203700000009
5257457100	-0.217837407900000002	-0.174804490099999987
5257459100	-0.218237903600000005	-0.173101713299999987
5257461100	-0.216982981999999991	-0.171436768699999992
5257463100	-0.217277341499999999	-0.173655279999999995
5257465100	-0.216233069400000005	-0.17295778349999999
5257467100	-0.218732483199999994	-0.171940650199999989
5257469100	-0.216379158200000005	-0.17076480790000001
5257471100	-0.217829775799999986	-0.171255118499999998
5257473100	-0.218890818099999995	-0.170914420300000008
5257475100	-0.215738437799999988	-0.170787731199999987
5257477100	-0.216872600500000012	-0.170328565600000009
5257479100	-0.217596851300000005	-0.171379382100000005
5257481100	-0.217761488000000003	-0.170659838700000011
5257483100	-0.21897635800000001	-0.170954692999999991
5257485100	-0.219331915900000007	-0.170821368499999987
5257487100	-0.219776266199999987	-0.168364422499999999
5257489100	-0.221303965299999988	-0.168395958099999993
5257491100	-0.221213481900000009	-0.170320533999999996
5257493100	-0.218259541700000004	-0.170048339699999995
5257495100	-0.2215478793	-0.170233897100000003
5257497100	-0.21938077319999999	-0.169747756599999994
5257499100	-0.219658025899999998	-0.169408264800000014
5257501100	-0.220290516699999994	-0.16915510210000001
5257503100	-0.220826197899999993	-0.167098360700000004
5257505100	-0.221447269199999991	-0.168783618699999999
5257507100	-0.217884982799999988	-0.165667844799999991
5257509100	-0.223224988000000013	-0.1685973053
5257511100	-0.220745963299999987	-0.167837884800000003
5257513100	-0.221027483800000007	-0.165995589400000004
5257515100	-0.219590667099999998	-0.168116017300000004
5257517100	-0.221839456399999996	-0.16940823390000001
5257519100	-0.223923856100000013	-0.167019857299999991
5257521100	-0.218517588200000001	-0.167662634599999999
5257523100	-0.221115914699999999	-0.166648636600000011
5257525100	-0.219672987200000003	-0.168340139
5257527100	-0.220662685800000008	-0.166904787199999988
5257529100	-0.221732019100000011	-0.166634417400000012
5257531100	-0.220486655300000001	-0.163685265699999999
5257533100	-0.222809469799999993	-0.166873271600000012
5257535100	-0.223885406199999998	-0.165814127899999997
5257537100	-0.221843805499999991	-0.165325128799999999
5257539100	-0.221501113299999997	-0.165709992700000003
5257541100	-0.221874939500000007	-0.163471098399999987
5257543100	-0.223442406799999993	-0.166792449700000012
5257545100	-0.222161076499999999	-0.166919022299999997
5257547100	-0.224477201999999987	-0.162497541800000006
5257549100	-0.222597337700000009	-0.164120877400000004
5257551100	-0.223564494499999988	-0.165152945999999995
5257553100	-0.223099425500000004	-0.166084103600000005
5257555100	-0.223607092099999988	-0.165799486899999987
5257557100	-0.223365699100000009	-0.165633856699999998
5257559100	-0.224299595900000009	-0.164050615799999994
5257561100	-0.225895200900000009	-0.163726690499999994
5257563100	-0.223680544300000006	-0.163715339300000012
5257565100	-0.223981813299999999	-0.163150776800000008
5257567100	-0.222757746799999989	-0.163325902299999992
5257569100	-0.22113384350000001	-0.160253889199999999
5257571100	-0.227128606000000011	-0.162137840000000005
