# freq, I e Q
5544782372	0.209270254200000005	-0.0676451567000000004
5544787372	0.209610285099999988	-0.0655494509999999947
5544792372	0.211159889699999992	-0.0656617240000000046
5544797372	0.208965092399999997	-0.0667969172
5544802372	0.204874685000000001	-0.0668091373000000016
5544807372	0.209403638800000014	-0.0681728260000000058
5544812372	0.211320506800000002	-0.0674883329999999976
5544817372	0.209052872899999992	-0.069651919399999998
5544822372	0.205726034899999993	-0.0713275423999999991
5544827372	0.210464771599999989	-0.0681036718999999957
5544832372	0.209040934300000009	-0.0670573591000000052
5544837372	0.206835872300000001	-0.0695791627999999968
5544842372	0.2083675475	-0.0712289227000000025
5544847372	0.207344760600000011	-0.0697965687000000057
5544852372	0.205683401399999993	-0.0739444880000000027
5544857372	0.210009332800000004	-0.0698853039999999953
5544862372	0.20961214210000001	-0.0707448801999999988
5544867372	0.209167902600000011	-0.0702322620000000036
5544872372	0.206614015499999998	-0.0699631037000000011
5544877372	0.204928508000000009	-0.0682764386000000029
5544882372	0.207036296199999997	-0.0727127025000000038
5544887372	0.207198968700000014	-0.0722978016999999973
5544892372	0.206109965400000011	-0.0719727987000000069
5544897372	0.208026889200000009	-0.0734193281999999947
5544902372	0.209761293900000007	-0.0717510149000000069
5544907372	0.206255392499999995	-0.0737470576999999933
5544912372	0.207897054400000003	-0.0758865440999999946
5544917372	0.205106336500000014	-0.0729893815000000057
5544922372	0.205012974900000006	-0.072614501299999995
5544927372	0.206870555000000012	-0.0737920732000000024
5544932372	0.205118043700000002	-0.0772131338
5544937372	0.207773630300000012	-0.0733473315000000015
5544942372	0.206781591300000012	-0.0750004835000000064
5544947372	0.206583991200000011	-0.0797507779999999944
5544952372	0.203339869000000006	-0.077666766799999995
5544957372	0.205871592599999986	-0.0793355148000000066
5544962372	0.20392160279999999	-0.0784157785999999996
5544967372	0.208296152900000003	-0.0756499035999999986
5544972372	0.204131288100000002	-0.0778178595999999972
5544977372	0.207202573499999987	-0.0763756721999999943
5544982372	0.208173109599999989	-0.0759609393000000022
5544987372	0.205576046099999993	-0.0798745889999999958
5544992372	0.201426849600000013	-0.0797306318000000069
5544997372	0.205289369999999999	-0.079178634100000006
5545002372	0.204473884500000008	-0.0769913403000000024
5545007372	0.205777661599999995	-0.0783523544000000044
5545012372	0.205369455499999992	-0.081603660999999994
5545017372	0.204498436099999986	-0.0787699932999999936
5545022372	0.20326265939999999	-0.081281778299999996
5545027372	0.202933297900000004	-0.0801713213999999952
5545032372	0.205743756	-0.0793650728999999999
5545037372	0.204423342300000005	-0.0824460627999999973
5545042372	0.19873288959999999	-0.0818616434999999976
5545047372	0.205734588999999995	-0.0835803720999999944
5545052372	0.202353916999999994	-0.0820490536000000048
5545057372	0.203250999099999996	-0.0802993679000000016
5545062372	0.202439346800000003	-0.0807312389000000019
5545067372	0.200695591600000001	-0.0830911527000000039
5545072372	0.205261472800000011	-0.0817109314000000059
5545077372	0.203888156200000004	-0.0858308084999999943
5545082372	0.200613025100000009	-0.0858838122000000065
5545087372	0.203851842499999991	-0.0843575684999999936
5545092372	0.204669042899999987	-0.0849305655999999937
5545097372	0.202526637499999995	-0.0869293453000000022
5545102372	0.199246553800000004	-0.0841189247999999945
5545107372	0.20071992159999999	-0.0814413727999999948
5545112372	0.203394648700000014	-0.0893356990000000045
5545117372	0.199846448900000001	-0.0875022579999999994
5545122372	0.201568664799999991	-0.0863746266999999984
5545127372	0.19929086700000001	-0.0885511887000000053
5545132372	0.205083580500000001	-0.0840589162000000001
5545137372	0.203631902799999986	-0.0844321271999999984
5545142372	0.201899637599999987	-0.086985117400000006
5545147372	0.202650649200000005	-0.0909107407000000062
5545152372	0.197440546800000005	-0.0904932972999999974
5545157372	0.203838925100000012	-0.0887581441000000054
5545162372	0.2003273733	-0.0893660431999999949
5545167372	0.200672556199999991	-0.0884116115000000008
5545172372	0.200599977099999993	-0.0916511827000000001
5545177372	0.199789238899999999	-0.0910491305000000056
5545182372	0.198487767499999995	-0.0899410669000000051
5545187372	0.199086888299999987	-0.0879717983000000009
5545192372	0.195261095100000004	-0.0917853470000000032
5545197372	0.197301293699999991	-0.0879316737000000043
5545202372	0.197235645399999993	-0.0872761526000000037
5545207372	0.201864394499999988	-0.0873793479999999956
5545212372	0.198572336999999988	-0.0911667112999999946
5545217372	0.20300634640000001	-0.0890245590999999975
5545222372	0.1972062802	-0.0898291615000000043
5545227372	0.199507611800000012	-0.0954028761000000058
5545232372	0.197232466999999995	-0.0962131435999999951
5545237372	0.201774290200000012	-0.093370048799999994
5545242372	0.202282182199999994	-0.0941826323999999937
5545247372	0.1967022145	-0.0907524257000000001
5545252372	0.197342346599999996	-0.092020838100000002
5545257372	0.199738394799999996	-0.0939009006999999979
5545262372	0.196807974400000002	-0.0950866452999999945
5545267372	0.198999400599999987	-0.0909131004999999964
5545272372	0.196041807499999998	-0.0915200971999999974
5545277372	0.197606766999999989	-0.0945128452999999952
5545282372	0.197781676600000011	-0.0961700843999999944
5545287372	0.191473048700000009	-0.095417506799999996
5545292372	0.194282053199999999	-0.0959452659000000069
5545297372	0.196002185999999995	-0.0966674810999999939
5545302372	0.198214544399999998	-0.0957009065999999964
5545307372	0.196887644499999986	-0.0978363956000000007
5545312372	0.196107014699999999	-0.0932402990999999931
5545317372	0.19612937150000001	-0.0985680270999999969
5545322372	0.196779053900000001	-0.0959470907999999956
5545327372	0.194266501799999991	-0.0964966666999999972
5545332372	0.197523507799999998	-0.0971549990000000058
5545337372	0.195517755900000006	-0.0980889011000000005
5545342372	0.194426944600000012	-0.0995504564000000008
5545347372	0.196239944199999988	-0.0983686596000000052
5545352372	0.194731720400000002	-0.0990374244999999986
5545357372	0.193855394600000008	-0.099163483100000005
5545362372	0.196056586799999988	-0.101249244399999994
5545367372	0.19645195800000001	-0.102664363100000003
5545372372	0.1938821825	-0.100205716799999997
5545377372	0.1961367423	-0.0985379125999999994
5545382372	0.195651440799999993	-0.102623076499999993
5545387372	0.191910186499999996	-0.0988468886999999963
5545392372	0.193088654100000007	-0.099266621200000002
5545397372	0.1930840838	-0.102373273000000001
5545402372	0.194277556299999987	-0.1018361708
5545407372	0.197186751500000007	-0.105128762099999995
5545412372	0.192674831600000013	-0.103434339599999994
5545417372	0.197701246599999991	-0.103027648700000002
5545422372	0.194500030500000004	-0.104098873800000005
5545427372	0.191587333999999998	-0.104996877500000002
5545432372	0.195716596800000003	-0.105341235199999994
5545437372	0.193788703000000007	-0.104585072799999998
5545442372	0.188945560600000007	-0.103814171699999999
5545447372	0.192302446099999996	-0.101922032600000004
5545452372	0.195991304100000013	-0.105324273400000001
5545457372	0.193695173400000004	-0.105694382700000006
5545462372	0.193037744700000014	-0.108479100800000006
5545467372	0.19236631400000001	-0.105418663100000004
5545472372	0.190943527599999996	-0.109712380900000003
5545477372	0.191593203600000012	-0.110151379300000005
5545482372	0.192506116300000002	-0.105964537299999995
5545487372	0.190263319399999992	-0.111230099900000004
5545492372	0.191768862499999998	-0.111992286499999996
5545497372	0.192184308599999992	-0.109762132400000004
5545502372	0.188736953499999999	-0.107640771600000004
5545507372	0.190759777999999991	-0.110000170499999994
5545512372	0.188230852899999995	-0.109896408599999995
5545517372	0.190968540200000009	-0.105366897000000001
5545522372	0.192693300900000003	-0.110666436199999996
5545527372	0.189865735199999996	-0.107552012799999999
5545532372	0.187794906900000003	-0.109876569300000004
5545537372	0.189797020300000008	-0.111243014299999998
5545542372	0.191220672000000008	-0.111108755500000003
5545547372	0.185726032699999988	-0.115070811499999995
5545552372	0.189380345499999991	-0.108736724399999998
5545557372	0.191032904400000009	-0.112708578500000003
5545562372	0.191048528599999989	-0.115467206500000003
5545567372	0.185412157999999994	-0.111020955700000007
5545572372	0.18802956979999999	-0.113083166700000001
5545577372	0.187835209199999992	-0.110228435299999997
5545582372	0.191714701999999987	-0.114495960499999994
5545587372	0.189434342499999991	-0.112093159900000003
5545592372	0.184511076899999987	-0.114125636700000005
5545597372	0.183649845300000003	-0.114747862800000003
5545602372	0.186320162700000014	-0.115394887599999996
5545607372	0.186875968700000006	-0.1148485011
5545612372	0.186549725899999991	-0.116567518100000003
5545617372	0.181664434799999996	-0.114012096699999996
5545622372	0.182867361300000003	-0.112315276699999994
5545627372	0.182730762200000008	-0.115930272000000001
5545632372	0.184878835999999991	-0.114796135100000002
5545637372	0.185016131899999992	-0.117081404099999994
5545642372	0.185831070399999992	-0.118077472099999997
5545647372	0.18188654700000001	-0.118939783899999998
5545652372	0.187035407399999992	-0.114676512699999997
5545657372	0.182901879299999987	-0.118643653700000004
5545662372	0.181942611100000012	-0.115602426499999994
5545667372	0.186423437400000003	-0.115878228999999999
5545672372	0.182914494499999997	-0.118345362300000007
5545677372	0.185341694400000007	-0.119557654099999994
5545682372	0.183336319500000011	-0.123594194199999993
5545687372	0.188197643299999995	-0.117804121999999997
5545692372	0.184942829499999989	-0.121604220900000004
5545697372	0.185629566299999993	-0.119491518000000005
5545702372	0.185330764799999992	-0.120148220400000005
5545707372	0.182684875100000005	-0.117940471699999994
5545712372	0.184534844499999989	-0.120483062500000002
5545717372	0.183918339799999997	-0.122023690200000007
5545722372	0.18115712610000001	-0.1200264365
5545727372	0.186679109799999993	-0.123995787800000007
5545732372	0.182005489699999995	-0.122785163399999994
5545737372	0.181180343599999988	-0.123090245900000006
5545742372	0.185141464000000006	-0.126015508400000004
5545747372	0.178801680299999988	-0.123996573799999996
5545752372	0.18222536889999999	-0.1209339782
5545757372	0.179793226100000009	-0.122726454999999998
5545762372	0.180141325800000002	-0.125100290800000014
5545767372	0.181017426000000009	-0.124595742900000001
5545772372	0.183051426900000008	-0.122133201299999994
5545777372	0.181240341599999993	-0.125077236600000002
5545782372	0.178958840799999991	-0.125471687999999998
5545787372	0.180991509200000011	-0.124716191099999998
5545792372	0.18298781959999999	-0.128249546800000003
5545797372	0.182299345499999987	-0.127811022999999996
5545802372	0.177714777600000012	-0.127167929099999993
5545807372	0.180232566700000013	-0.126065702899999993
5545812372	0.176324921999999995	-0.126796262699999995
5545817372	0.179175645699999997	-0.1222920376
5545822372	0.175500993599999988	-0.126197667900000005
5545827372	0.177621946800000013	-0.12586065460000001
5545832372	0.176860383700000012	-0.127200333199999988
5545837372	0.179461369000000009	-0.1305686452
5545842372	0.177377226199999988	-0.12731147579999999
5545847372	0.179011315700000007	-0.128321932100000008
5545852372	0.178544885799999997	-0.129285669600000014
5545857372	0.176231805800000002	-0.130228516900000008
5545862372	0.172326769500000004	-0.126758789099999991
5545867372	0.176631989600000011	-0.129459281900000001
5545872372	0.175298603999999997	-0.13187530850000001
5545877372	0.175210684199999994	-0.127274493699999991
5545882372	0.178439085299999994	-0.132297527199999987
5545887372	0.176995097299999987	-0.130492144700000007
5545892372	0.175431825600000008	-0.129525223699999997
5545897372	0.176566178200000007	-0.133265328699999991
5545902372	0.175708637599999995	-0.135663496599999989
5545907372	0.171677009500000005	-0.133293830400000007
5545912372	0.173674644900000008	-0.131320780299999995
5545917372	0.175914752600000002	-0.12924991999999999
5545922372	0.173410441400000004	-0.131694521600000003
5545927372	0.172398425200000011	-0.133072460599999998
5545932372	0.173275378600000002	-0.132924939699999994
5545937372	0.172386093200000007	-0.132013172600000006
5545942372	0.173566209199999988	-0.135174390499999991
5545947372	0.172734763200000002	-0.133441189300000013
5545952372	0.172917979100000008	-0.136057251399999996
5545957372	0.171004123199999997	-0.134709528800000006
5545962372	0.169741700299999992	-0.131775987900000002
5545967372	0.170028629099999995	-0.133157929899999999
5545972372	0.169220786000000012	-0.136103071200000009
5545977372	0.168421816499999988	-0.132173461500000006
5545982372	0.171474564299999993	-0.139639416699999991
5545987372	0.169673830100000006	-0.137309065000000008
5545992372	0.171074360799999992	-0.140039955100000002
5545997372	0.166066726599999992	-0.14028112370000001
5546002372	0.170458765000000012	-0.13716215670000001
5546007372	0.168441302500000001	-0.139873267299999993
5546012372	0.171686710500000006	-0.139961504600000008
5546017372	0.169948214099999995	-0.13636966419999999
5546022372	0.166994184099999998	-0.140631247600000009
5546027372	0.170396939599999991	-0.137978801099999993
5546032372	0.170191267099999988	-0.14065096869999999
5546037372	0.165842539499999997	-0.141446438199999996
5546042372	0.167117759300000002	-0.1393548228
5546047372	0.166251462099999997	-0.140908511600000008
5546052372	0.166642882699999995	-0.138434517400000012
5546057372	0.169757788100000001	-0.140724008000000012
5546062372	0.166377153599999994	-0.141569729700000008
5546067372	0.166633537100000007	-0.141964395800000004
5546072372	0.164523354099999991	-0.139971637799999993
5546077372	0.170030094599999987	-0.137144949399999994
5546082372	0.164096474800000003	-0.142746273000000007
5546087372	0.163616063300000003	-0.140898749299999987
5546092372	0.165538794200000006	-0.144624536199999987
5546097372	0.16166810370000001	-0.141503873299999999
5546102372	0.164316496400000012	-0.145653223599999992
5546107372	0.166078073800000003	-0.145297092799999999
5546112372	0.164040505000000003	-0.143219901799999993
5546117372	0.165508888599999987	-0.149406475000000011
5546122372	0.160595152200000008	-0.14242081479999999
5546127372	0.163850504099999988	-0.143116651000000011
5546132372	0.162876181099999989	-0.146852459299999988
5546137372	0.162699679099999994	-0.144992355999999989
5546142372	0.161354037799999989	-0.144055061200000001
5546147372	0.161028804800000008	-0.144167880899999989
5546152372	0.163030148399999991	-0.148668658300000006
5546157372	0.163576002299999995	-0.148424973099999996
5546162372	0.162436907500000005	-0.146499679599999988
5546167372	0.163620044299999989	-0.146727388099999995
5546172372	0.159757283299999997	-0.147090053100000007
5546177372	0.162404243000000004	-0.148229311100000011
5546182372	0.158426950600000005	-0.146769523799999996
5546187372	0.162611714900000009	-0.145058379999999987
5546192372	0.155782550500000005	-0.150424345500000001
5546197372	0.158607830000000005	-0.146783337399999991
5546202372	0.163295747699999994	-0.150506119399999999
5546207372	0.157098420900000008	-0.148372649299999992
5546212372	0.156737381399999987	-0.15205798940000001
5546217372	0.160465690200000011	-0.153887036199999994
5546222372	0.157000009200000012	-0.150773606300000002
5546227372	0.155212925700000004	-0.148703292799999998
5546232372	0.156145898100000013	-0.151892303099999987
5546237372	0.156097229199999993	-0.154431544100000012
5546242372	0.154861453799999993	-0.151914466400000003
5546247372	0.156765233000000004	-0.152249194899999996
5546252372	0.155751146199999996	-0.152833052500000011
5546257372	0.156993738699999996	-0.149795218899999999
5546262372	0.152975947499999987	-0.151896567199999999
5546267372	0.155713254999999995	-0.155104881999999999
5546272372	0.152379073100000012	-0.153476711999999987
5546277372	0.154728233699999995	-0.150392824099999989
5546282372	0.154079145599999995	-0.154387326200000008
5546287372	0.149369241699999988	-0.152741168799999993
5546292372	0.151850508800000006	-0.153844373000000006
5546297372	0.154878746399999989	-0.157010343599999991
5546302372	0.152833561600000001	-0.154123673600000011
5546307372	0.150760101199999996	-0.158161971200000001
5546312372	0.149169909699999992	-0.155606879000000003
5546317372	0.153358374200000008	-0.154948464000000008
5546322372	0.151189325099999994	-0.153901831399999994
5546327372	0.14935907100000001	-0.157709955499999999
5546332372	0.148936995799999999	-0.154467662300000003
5546337372	0.149092828900000002	-0.157651084500000011
5546342372	0.149102747899999999	-0.152654186500000011
5546347372	0.147025377499999998	-0.157023515499999988
5546352372	0.148404923399999999	-0.156461697199999999
5546357372	0.147463900399999986	-0.15401761080000001
5546362372	0.146535829400000012	-0.157412677499999987
5546367372	0.14794984080000001	-0.158864862400000001
5546372372	0.147490693400000011	-0.156820958099999991
5546377372	0.145170355899999992	-0.160088803000000002
5546382372	0.143166072899999997	-0.1571422351
5546387372	0.143358591400000013	-0.16117161499999999
5546392372	0.146188216300000007	-0.165051801999999997
5546397372	0.141951852900000008	-0.159172705999999997
5546402372	0.146356554199999989	-0.159187317299999992
5546407372	0.146616261899999989	-0.159240907900000006
5546412372	0.144484702599999987	-0.162520987199999994
5546417372	0.143651734800000014	-0.16269806349999999
5546422372	0.144397168699999995	-0.162221337399999999
5546427372	0.142357090900000011	-0.160703154999999986
5546432372	0.144358534399999988	-0.162969639400000005
5546437372	0.140340802399999992	-0.163134384900000012
5546442372	0.142597645200000012	-0.164060356900000009
5546447372	0.141636717400000001	-0.165250889000000012
5546452372	0.139957786400000006	-0.160825272299999988
5546457372	0.139024884200000004	-0.163748690400000008
5546462372	0.139689669399999994	-0.163336961599999997
5546467372	0.138709897400000004	-0.163713027399999989
5546472372	0.140452688800000003	-0.165830710800000003
5546477372	0.139340634699999993	-0.160541903399999991
5546482372	0.135947894900000005	-0.164024675499999995
5546487372	0.137845429600000013	-0.164942451800000001
5546492372	0.135632271299999996	-0.164533307500000003
5546497372	0.13733818049999999	-0.161514148800000007
5546502372	0.136295009100000003	-0.164806956100000013
5546507372	0.136312673200000012	-0.160683372800000002
5546512372	0.132951926899999989	-0.165014691099999999
5546517372	0.140626194499999996	-0.168171696900000001
5546522372	0.13239205200000001	-0.165622511
5546527372	0.131113337899999988	-0.169567842599999991
5546532372	0.130687296099999989	-0.167579964999999997
5546537372	0.131852415599999995	-0.166688732099999987
5546542372	0.130504320300000004	-0.1692777382
5546547372	0.129630606600000003	-0.168657670600000004
5546552372	0.130299983099999989	-0.169311658899999995
5546557372	0.127188850299999989	-0.171751176199999994
5546562372	0.13072647879999999	-0.169962611600000008
5546567372	0.130274137600000006	-0.171636895900000003
5546572372	0.128337510500000002	-0.165466112100000007
5546577372	0.129622395800000012	-0.171589063900000005
5546582372	0.127348577200000007	-0.171607923999999995
5546587372	0.128069552700000006	-0.171654435500000008
5546592372	0.128507234400000003	-0.170752106099999995
5546597372	0.130056865900000013	-0.168458031000000008
5546602372	0.127795798900000007	-0.171879298799999997
5546607372	0.123866566799999994	-0.172317083399999987
5546612372	0.130054888000000007	-0.170672344300000001
5546617372	0.127658578900000014	-0.172834187
5546622372	0.126823131700000008	-0.1713996931
5546627372	0.122621765699999996	-0.170033089299999995
5546632372	0.122151239199999997	-0.169772150900000002
5546637372	0.124069470099999996	-0.171696864300000002
5546642372	0.122406115600000004	-0.171919677100000001
5546647372	0.121071968599999996	-0.175519926500000006
5546652372	0.119843036200000003	-0.1730369296
5546657372	0.118079700600000004	-0.170980171099999995
5546662372	0.118448119899999996	-0.173094251599999999
5546667372	0.116605726300000004	-0.174975406100000008
5546672372	0.121316550699999998	-0.172485790400000005
5546677372	0.116265352299999999	-0.173551937500000003
5546682372	0.116541357700000001	-0.171640330300000005
5546687372	0.115110017100000003	-0.170232362999999998
5546692372	0.118104109099999993	-0.173204934000000005
5546697372	0.1164088608	-0.176296706800000008
5546702372	0.114668638399999995	-0.174302272099999989
5546707372	0.116272331300000004	-0.171647087799999987
5546712372	0.107989692299999995	-0.171195769400000003
5546717372	0.110954698800000001	-0.17039324489999999
5546722372	0.109899191899999998	-0.175693848399999991
5546727372	0.113475076300000005	-0.171607796000000007
5546732372	0.109685302600000006	-0.172206386200000006
5546737372	0.110857344100000005	-0.17349340969999999
5546742372	0.107599679399999995	-0.174536859399999994
5546747372	0.110343478999999994	-0.173132554100000002
5546752372	0.111358153400000007	-0.176049723699999994
5546757372	0.108570180299999999	-0.176153892499999992
5546762372	0.107000027600000006	-0.174091413
5546767372	0.108940553699999998	-0.177072921999999994
5546772372	0.106611654799999997	-0.173434166000000001
5546777372	0.104358792399999997	-0.174583982800000009
5546782372	0.104773908499999999	-0.175554238499999987
5546787372	0.101561614199999997	-0.176689618800000003
5546792372	0.105215978799999998	-0.169867037199999987
5546797372	0.0976096905999999931	-0.176386270000000012
5546802372	0.0998948256000000007	-0.176835224000000013
5546807372	0.104678516700000002	-0.173837440900000001
5546812372	0.100084884099999993	-0.178206038399999989
5546817372	0.0995155773999999993	-0.173740036699999989
5546822372	0.097662219999999994	-0.177017963400000006
5546827372	0.0986081644000000035	-0.1757740156
5546832372	0.100127475499999993	-0.174658478700000008
5546837372	0.0941348297000000056	-0.170724583200000002
5546842372	0.0973360850000000027	-0.173563138700000008
5546847372	0.0952752295999999971	-0.175990655400000001
5546852372	0.0968450171999999943	-0.171866033700000004
5546857372	0.0914615165000000063	-0.174820408499999996
5546862372	0.0932512994999999956	-0.177195540600000007
5546867372	0.0891478418000000022	-0.171770900799999987
5546872372	0.0915955650000000038	-0.172310916400000014
5546877372	0.0940554792999999945	-0.176682175200000013
5546882372	0.089327299900000004	-0.173177443399999992
5546887372	0.0921166462999999935	-0.170115905300000009
5546892372	0.0874002719000000067	-0.170217123999999997
5546897372	0.0895118985000000061	-0.171450612800000013
5546902372	0.0852605139000000012	-0.172716011199999991
5546907372	0.0851827770000000012	-0.1735836298
5546912372	0.0831163262000000069	-0.173481324299999989
5546917372	0.0849722551000000048	-0.169347468700000003
5546922372	0.0867207735000000007	-0.170703353599999996
5546927372	0.0839160968000000063	-0.171523089500000003
5546932372	0.0805083875000000004	-0.174860039299999992
5546937372	0.0838805350000000061	-0.172201511299999999
5546942372	0.0807795329000000062	-0.167577407300000009
5546947372	0.0824620362999999995	-0.170442629300000009
5546952372	0.0776578155000000048	-0.170843515499999987
5546957372	0.0759233039000000026	-0.169442807599999995
5546962372	0.0768567738999999944	-0.169076478199999991
5546967372	0.0760868219999999984	-0.171028491599999999
5546972372	0.0775261624999999954	-0.166164312400000014
5546977372	0.076320167199999997	-0.169181408199999994
5546982372	0.0749513827999999938	-0.162534660500000011
5546987372	0.0722323319999999963	-0.165470448800000003
5546992372	0.0705891326000000069	-0.166944383400000007
5546997372	0.0691495842999999971	-0.166238412599999996
5547002372	0.0749192875000000008	-0.163671488599999998
5547007372	0.0765189287000000024	-0.166166654500000011
5547012372	0.0690561212999999952	-0.162173967700000005
5547017372	0.0692542069999999982	-0.161232579999999986
5547022372	0.0725045592999999933	-0.159055792000000001
5547027372	0.0679973412999999999	-0.160148561900000014
5547032372	0.0700112254999999961	-0.161724212700000008
5547037372	0.0710483489999999968	-0.160917832600000005
5547042372	0.0656067686000000039	-0.161568682699999994
5547047372	0.0656023404999999948	-0.161974801299999999
5547052372	0.0669999307000000016	-0.156156338300000003
5547057372	0.0675274384000000005	-0.157081124999999988
5547062372	0.0690587933000000043	-0.155907116900000003
5547067372	0.0620828965999999996	-0.155349838600000012
5547072372	0.0598062635999999995	-0.15749908809999999
5547077372	0.0624737231000000032	-0.154272876199999992
5547082372	0.0656567562999999937	-0.159298602900000003
5547087372	0.0634056890000000012	-0.154216751699999988
5547092372	0.0647857044000000049	-0.152480230299999991
5547097372	0.0641114970999999978	-0.155914587900000012
5547102372	0.0648262138000000043	-0.151329705199999998
5547107372	0.0616577748000000023	-0.152633819300000001
5547112372	0.0624498710999999984	-0.153688353999999999
5547117372	0.0645076274000000033	-0.151346135500000006
5547122372	0.0610550485000000004	-0.151537973999999992
5547127372	0.0604020747999999968	-0.1529409719
5547132372	0.0581921965000000013	-0.148394712699999987
5547137372	0.0601828599000000034	-0.151946888499999988
5547142372	0.0594972543000000034	-0.147819133299999989
5547147372	0.0616620453999999971	-0.145949791899999987
5547152372	0.0591679375999999979	-0.14748832449999999
5547157372	0.0590925684999999978	-0.143340611700000009
5547162372	0.0621451578000000032	-0.141888247999999995
5547167372	0.0588559375999999981	-0.143480972900000003
5547172372	0.0587122050000000034	-0.146562239399999988
5547177372	0.0629369441000000029	-0.143164210300000011
5547182372	0.0586109944999999993	-0.140437076699999996
5547187372	0.0571851531999999982	-0.140394234700000009
5547192372	0.0590215690000000029	-0.138542282300000014
5547197372	0.0631689408000000036	-0.138968779900000006
5547202372	0.0616240835999999972	-0.134989931499999993
5547207372	0.0583440506000000025	-0.135789409400000005
5547212372	0.0578571999999999975	-0.138450836599999988
5547217372	0.0588913582000000005	-0.135181270999999992
5547222372	0.0585064698999999966	-0.137832978900000014
5547227372	0.0582271285999999971	-0.133402917199999999
5547232372	0.0587328285000000005	-0.133511675400000002
5547237372	0.0608723317999999985	-0.135470754199999988
5547242372	0.0644307338000000007	-0.132026601299999991
5547247372	0.0661227907999999975	-0.130323963799999998
5547252372	0.060455028600000002	-0.126630904900000008
5547257372	0.0634407963999999991	-0.128965214299999992
5547262372	0.0618184276999999976	-0.127348017099999988
5547267372	0.0601715305000000006	-0.125497888299999999
5547272372	0.0633653643000000044	-0.129349468400000001
5547277372	0.0642120463000000058	-0.125539573900000007
5547282372	0.0603943045000000026	-0.125787905199999994
5547287372	0.0601187430000000023	-0.127332078999999987
5547292372	0.0570013690999999975	-0.127395724500000002
5547297372	0.0633627665000000007	-0.126720660799999996
5547302372	0.0626174129000000024	-0.124711073699999994
5547307372	0.0636538549999999953	-0.122902327300000003
5547312372	0.0659407724000000001	-0.119977379199999998
5547317372	0.067229682299999996	-0.121560931999999997
5547322372	0.0656807853999999969	-0.121414106800000005
5547327372	0.0668088369000000015	-0.121994280199999999
5547332372	0.065590335400000005	-0.119569138800000002
5547337372	0.0669830985000000045	-0.125358868099999993
5547342372	0.0640362686000000014	-0.117934769800000006
5547347372	0.0637627169999999965	-0.115425300300000006
5547352372	0.0699587257999999962	-0.118432232299999995
5547357372	0.0678421084999999979	-0.118817273200000004
5547362372	0.0724176477999999985	-0.121082348899999998
5547367372	0.070541806700000001	-0.118691994800000006
5547372372	0.0717171058	-0.117657162800000006
5547377372	0.0703556386000000061	-0.120680121000000001
5547382372	0.0692318989000000051	-0.116435801199999994
5547387372	0.0711471112000000017	-0.115418544799999995
5547392372	0.0743621727000000066	-0.116381476100000006
5547397372	0.0718097179999999946	-0.117396541699999996
5547402372	0.0702185693000000055	-0.119082542400000005
5547407372	0.0755769248000000005	-0.116430708300000005
5547412372	0.0742295205000000069	-0.110309210699999993
5547417372	0.0765212651999999938	-0.1156557686
5547422372	0.0741139999999999993	-0.115007924999999997
5547427372	0.0757375738999999937	-0.114353926300000006
5547432372	0.0767039563000000008	-0.115951103299999997
5547437372	0.0751767014000000039	-0.113188743300000005
5547442372	0.0764314797999999934	-0.114784115699999995
5547447372	0.0806342698999999996	-0.118148171600000004
5547452372	0.0811328538000000016	-0.115109694600000007
5547457372	0.0772260641000000053	-0.110228564799999998
5547462372	0.0790670371000000011	-0.116027814300000004
5547467372	0.0810105908999999985	-0.114307689800000001
5547472372	0.0792549193000000041	-0.112923622299999998
5547477372	0.0807049279999999952	-0.113735282300000004
5547482372	0.0810407228000000063	-0.116457563700000002
5547487372	0.083085795300000001	-0.117257288599999995
5547492372	0.0814818162000000012	-0.112161048400000005
5547497372	0.0805607076000000033	-0.114685907099999998
5547502372	0.0879898085000000024	-0.113281393300000005
5547507372	0.0841226603999999933	-0.115303853100000006
5547512372	0.0832588377000000046	-0.117436642600000002
5547517372	0.0838815204000000064	-0.114240428500000005
5547522372	0.0847798988999999975	-0.112927727399999997
5547527372	0.0844717717999999979	-0.1146411824
5547532372	0.0839523665999999946	-0.116927914999999993
5547537372	0.0863914709999999975	-0.113670959099999996
5547542372	0.0853968601999999938	-0.118150134599999998
5547547372	0.0844038493999999945	-0.112652395399999994
5547552372	0.0856410816000000019	-0.113234403400000003
5547557372	0.0887704725999999972	-0.115199121099999996
5547562372	0.0903487636000000066	-0.114635228800000002
5547567372	0.0880554682000000005	-0.115287849400000003
5547572372	0.090661338300000005	-0.119696419900000003
5547577372	0.0884261546000000009	-0.114596131500000004
5547582372	0.0901409061000000011	-0.115700987899999996
5547587372	0.0863615310999999997	-0.116769827800000003
5547592372	0.0911875689000000017	-0.118351153299999998
5547597372	0.0921346398000000011	-0.118265642300000001
5547602372	0.0975242570999999975	-0.114007436500000003
5547607372	0.0927976638999999937	-0.118568124999999996
5547612372	0.0922893436000000039	-0.117455925000000003
5547617372	0.0934058861000000018	-0.117083717300000001
5547622372	0.091560271700000001	-0.116406734799999995
5547627372	0.0926383551	-0.117821010200000006
5547632372	0.0919851792999999973	-0.119795833099999999
5547637372	0.0885807614999999937	-0.121094691399999996
5547642372	0.0916301379999999999	-0.118023626199999995
5547647372	0.0926899746000000024	-0.121468245799999999
5547652372	0.0954771120000000029	-0.121775194099999998
5547657372	0.0947667024999999941	-0.1212210024
5547662372	0.0945580614999999985	-0.123989824600000006
5547667372	0.0940980748000000006	-0.118153184999999994
5547672372	0.0916910511000000039	-0.122199831199999998
5547677372	0.0950786936999999943	-0.124542216499999997
5547682372	0.0925084498000000033	-0.120589580200000004
5547687372	0.0914730656999999947	-0.123006318500000003
5547692372	0.0969684643000000013	-0.120907081799999996
5547697372	0.0954181691000000054	-0.124231125900000003
5547702372	0.0945723301999999988	-0.122796569800000005
5547707372	0.0988349550999999965	-0.125904528200000004
5547712372	0.0964325996999999963	-0.125560409699999986
5547717372	0.0974960988999999945	-0.124472199399999997
5547722372	0.0943839496000000028	-0.1224361687
5547727372	0.0961260676000000036	-0.124703252799999997
5547732372	0.0979845733000000024	-0.124909967499999996
5547737372	0.095081502200000001	-0.128322025899999997
5547742372	0.096747284599999997	-0.124044106000000001
5547747372	0.0971724764999999935	-0.125214818100000014
5547752372	0.0974904629999999994	-0.127479497100000005
5547757372	0.0992667487999999987	-0.127303295600000005
5547762372	0.0980927438000000068	-0.126284500800000005
5547767372	0.0979967157999999949	-0.126970220699999997
5547772372	0.0990791164000000002	-0.126357317599999991
5547777372	0.0961332170000000069	-0.127777820300000011
5547782372	0.0985697930000000028	-0.125041332100000013
5547787372	0.098508894099999994	-0.127234940800000002
5547792372	0.101956675699999999	-0.128126587699999989
5547797372	0.0941500150000000036	-0.126691578100000007
5547802372	0.0984798407000000015	-0.128561574099999992
5547807372	0.0995901664999999936	-0.129564566299999989
5547812372	0.100699081999999995	-0.130344797900000003
5547817372	0.100213813700000001	-0.127237406999999997
5547822372	0.0966974324000000052	-0.136786013200000001
5547827372	0.0976371619000000052	-0.128063503500000009
5547832372	0.0980563507999999973	-0.13077431249999999
5547837372	0.0992926786000000033	-0.132813316600000009
5547842372	0.100926303699999997	-0.135621377300000012
5547847372	0.0995884893999999937	-0.13021471200000001
5547852372	0.0971494340000000067	-0.133112979599999987
5547857372	0.100618713100000007	-0.130162704699999993
5547862372	0.0987346781000000007	-0.133426212799999999
5547867372	0.0956462993999999955	-0.134241073900000008
5547872372	0.099563904100000003	-0.136130368000000002
5547877372	0.100148716099999993	-0.132101131799999993
5547882372	0.0957489896999999951	-0.133260007699999988
5547887372	0.0965303494000000067	-0.138964763999999991
5547892372	0.0993838929000000065	-0.134608859500000011
5547897372	0.100426865599999998	-0.128857328599999987
5547902372	0.0988303482000000011	-0.132453631399999994
5547907372	0.0969959145999999967	-0.136896691600000009
5547912372	0.0966532046000000006	-0.137024057499999991
5547917372	0.099895294699999998	-0.136404697999999991
5547922372	0.101096812499999994	-0.135041622400000005
5547927372	0.0994677270000000058	-0.139595470500000013
5547932372	0.0967452909999999972	-0.136979004500000001
5547937372	0.100032363999999999	-0.136956746900000009
5547942372	0.0970413063999999992	-0.140242602599999988
5547947372	0.100142550799999994	-0.137825479100000009
5547952372	0.0995184355999999964	-0.141721703000000004
5547957372	0.0981527286000000027	-0.138470401699999995
5547962372	0.096965415799999996	-0.135481128499999992
5547967372	0.095796408999999999	-0.142062384399999991
5547972372	0.0959313945999999973	-0.141784313500000009
5547977372	0.0946776591000000056	-0.137887692700000009
5547982372	0.0992213604999999943	-0.139958616499999994
5547987372	0.0940839613000000047	-0.140763546699999992
5547992372	0.0961097399000000047	-0.140049878200000005
5547997372	0.096232252800000001	-0.14131555409999999
5548002372	0.0997009638000000004	-0.138327268199999992
5548007372	0.0970104214999999992	-0.141235619899999998
5548012372	0.0981500205999999986	-0.13840451170000001
5548017372	0.100782155700000001	-0.141964038099999995
5548022372	0.0948603182999999961	-0.14295508500000001
5548027372	0.0963760755000000052	-0.140802717599999988
5548032372	0.0959527074999999979	-0.142257774400000009
5548037372	0.101317722400000004	-0.142797809599999992
5548042372	0.0974455840000000018	-0.141487798999999997
5548047372	0.0977976985000000021	-0.143296371400000011
5548052372	0.0971376471000000019	-0.142483484599999988
5548057372	0.0954918933000000053	-0.147230355300000004
5548062372	0.0929704026000000017	-0.142839531200000008
5548067372	0.100343686200000004	-0.145174520299999998
5548072372	0.0998500856999999936	-0.147160171000000006
5548077372	0.0967510642000000004	-0.144888758300000003
5548082372	0.0958722865000000007	-0.148110186300000002
5548087372	0.096588437799999996	-0.145866326399999996
5548092372	0.0962493979000000055	-0.1452314569
5548097372	0.0964355930999999944	-0.146639168200000003
5548102372	0.0984949026999999977	-0.14874919880000001
5548107372	0.0959238317000000035	-0.148771985500000009
5548112372	0.0962385733000000049	-0.146586704200000001
5548117372	0.095715431700000006	-0.145548503400000001
5548122372	0.100481372499999999	-0.150174605900000008
5548127372	0.0923782211000000048	-0.144645333600000009
5548132372	0.0894517668999999932	-0.148321434700000004
5548137372	0.0948127101000000028	-0.150460876399999999
5548142372	0.0963873873999999964	-0.152197383600000014
5548147372	0.0961467421000000017	-0.149347343900000012
5548152372	0.095113099399999998	-0.154586724700000011
5548157372	0.0973786023000000056	-0.149440901900000006
5548162372	0.0925101356999999958	-0.145256401300000004
5548167372	0.0932192371999999991	-0.153469054800000004
5548172372	0.0944766016999999958	-0.153829175499999998
5548177372	0.0976142601000000026	-0.151333711300000007
5548182372	0.0948211300999999979	-0.1527561962
5548187372	0.0894737070999999939	-0.15138209259999999
5548192372	0.0929550271000000039	-0.149918926400000013
5548197372	0.0936322000999999932	-0.153766786699999991
5548202372	0.0947926927999999946	-0.150114085799999991
5548207372	0.0927182094000000012	-0.149424030499999999
5548212372	0.095300045900000005	-0.152149798499999989
5548217372	0.0931494202999999937	-0.153849155799999998
5548222372	0.0957123649999999937	-0.152772467200000012
5548227372	0.0942958985000000027	-0.152138283399999991
5548232372	0.0950342698000000013	-0.151458460500000003
5548237372	0.0905343234999999996	-0.153951961500000012
5548242372	0.0914299417999999975	-0.153953144799999997
5548247372	0.091506381100000006	-0.153294640300000007
5548252372	0.0879255122	-0.156100716700000003
5548257372	0.0924880146000000014	-0.158075199299999997
5548262372	0.0937309862000000049	-0.155884414500000013
5548267372	0.0917553489000000055	-0.151943731199999987
5548272372	0.0925316337000000044	-0.153420659600000009
5548277372	0.0934069604999999969	-0.156005940900000001
5548282372	0.0915989895000000054	-0.153513593100000012
5548287372	0.091687995800000005	-0.157645811899999988
5548292372	0.0895140247999999944	-0.155259811500000011
5548297372	0.0903013785999999957	-0.156404313399999995
5548302372	0.0918944958000000034	-0.155696419599999997
5548307372	0.0928473964999999984	-0.155306172299999989
5548312372	0.0905711102999999934	-0.160102814600000004
5548317372	0.0940056828999999983	-0.15982806590000001
5548322372	0.0914780968000000055	-0.153740572599999986
5548327372	0.0906854073000000066	-0.161155041299999996
5548332372	0.088822940000000003	-0.157513188599999993
5548337372	0.0857149698999999932	-0.158993870600000003
5548342372	0.0875192741999999968	-0.1567481503
5548347372	0.0868794031999999966	-0.155078454700000007
5548352372	0.0914055458999999959	-0.158328454000000007
5548357372	0.0888037212000000048	-0.15934704990000001
5548362372	0.089458925100000003	-0.156318417600000009
5548367372	0.0888358707999999941	-0.155036585599999999
5548372372	0.0895129000000000064	-0.158420763800000003
5548377372	0.0912655438000000013	-0.160831352499999997
5548382372	0.0918820890999999945	-0.162045028400000013
5548387372	0.0893857115000000063	-0.160478791799999992
5548392372	0.0838516061999999979	-0.165146209500000002
5548397372	0.0856832815999999942	-0.164356633499999988
5548402372	0.0844158693999999959	-0.159554791899999993
5548407372	0.0844489300999999998	-0.159390555699999992
5548412372	0.0866982015999999966	-0.162341335400000009
5548417372	0.0873619598999999941	-0.160518876599999999
5548422372	0.0889388841000000041	-0.162429839500000006
5548427372	0.0848712959999999988	-0.1652126857
5548432372	0.0856444806999999975	-0.159740791599999987
5548437372	0.0870708151000000041	-0.159699838600000005
5548442372	0.085449883500000004	-0.160406178499999996
5548447372	0.0890741141000000042	-0.161015205299999992
5548452372	0.0825072394000000015	-0.164475095399999993
5548457372	0.0855260979999999948	-0.162592865100000011
5548462372	0.0854069140000000004	-0.164350043899999992
5548467372	0.0825096230000000042	-0.166154474999999996
5548472372	0.0839789150000000012	-0.161999518000000009
5548477372	0.0846764646999999954	-0.166647121300000006
5548482372	0.083066820999999999	-0.165712285799999998
5548487372	0.0858115244999999999	-0.16359203289999999
5548492372	0.0852936568000000062	-0.164006561500000009
5548497372	0.0856730279999999983	-0.162884303400000013
5548502372	0.0856324769000000041	-0.166340710199999992
5548507372	0.083944301299999996	-0.162932810499999997
5548512372	0.0840402568000000044	-0.167404896800000008
5548517372	0.0844108134000000065	-0.168296272599999991
5548522372	0.0806023539000000067	-0.16533948309999999
5548527372	0.0845441410000000032	-0.167859153399999989
5548532372	0.081075749399999994	-0.167738830799999988
5548537372	0.0780301692999999935	-0.168222218199999995
5548542372	0.0825721638999999952	-0.16647320630000001
5548547372	0.0782970429999999967	-0.169931486500000006
5548552372	0.082119334799999999	-0.164919085800000004
5548557372	0.0809606400000000004	-0.164868470699999992
5548562372	0.0785534989000000045	-0.167798100499999991
5548567372	0.0816684599000000039	-0.163878173500000002
5548572372	0.0793961660000000041	-0.16803214050000001
5548577372	0.0808608766000000062	-0.16517919989999999
5548582372	0.0807395780000000063	-0.166977144100000002
5548587372	0.0806499123000000012	-0.167218641899999992
5548592372	0.0785528701999999995	-0.161007021199999989
5548597372	0.0813545707000000035	-0.167974372799999994
5548602372	0.0787711821000000034	-0.168945811299999998
5548607372	0.078429371100000006	-0.164467498699999992
5548612372	0.0798629502000000047	-0.169050174299999995
5548617372	0.0775478644999999939	-0.170453138300000001
5548622372	0.077226665299999997	-0.169568352300000003
5548627372	0.0798444512999999939	-0.169086259900000008
5548632372	0.0804695054999999965	-0.169372727800000011
5548637372	0.0758683708999999956	-0.172668606000000002
5548642372	0.0778298052000000046	-0.169621498399999987
5548647372	0.0777123148000000014	-0.170691961700000006
5548652372	0.0782404389000000006	-0.167477665999999997
5548657372	0.0793942405000000045	-0.169880175999999994
5548662372	0.0737814531000000051	-0.172811910600000007
5548667372	0.0775909921000000058	-0.171674392199999998
5548672372	0.0739591395000000068	-0.169701874700000005
5548677372	0.0790322487000000018	-0.172609913300000001
5548682372	0.0761758128000000062	-0.170227835299999991
5548687372	0.0747660566999999998	-0.170753622900000013
5548692372	0.0750934867000000034	-0.169863700199999995
5548697372	0.0751523535999999992	-0.170893906499999998
5548702372	0.0718680287999999973	-0.168899973799999992
5548707372	0.0759450749000000064	-0.169783513500000011
5548712372	0.0775338284999999988	-0.17354656630000001
5548717372	0.0718054885000000004	-0.169467153700000012
5548722372	0.0700871742999999991	-0.172318150400000009
5548727372	0.0723087659999999965	-0.177234851299999996
5548732372	0.0727045649999999988	-0.171512427999999995
5548737372	0.0736769887999999956	-0.173072805200000013
5548742372	0.0723392263000000035	-0.170951068799999994
5548747372	0.0708754961999999988	-0.1728774857
5548752372	0.0725878784999999943	-0.170549561799999999
5548757372	0.0738358130000000001	-0.172653135200000002
5548762372	0.0730059544000000032	-0.173104350299999987
5548767372	0.0698399190000000003	-0.174459623099999989
5548772372	0.0758018503999999954	-0.174528148299999991
5548777372	0.0732731337000000066	-0.172403061400000002
5548782372	0.0706681277999999941	-0.171572624600000001
5548787372	0.0698765016999999961	-0.175117022099999992
5548792372	0.0701652319999999941	-0.174606979400000001
5548797372	0.0705665352000000023	-0.173117212200000009
5548802372	0.0725317594000000065	-0.173279730100000001
5548807372	0.0680080908999999983	-0.175698083899999996
5548812372	0.0689746952000000052	-0.176671146100000009
5548817372	0.0695451351999999967	-0.17464711229999999
5548822372	0.0729113383000000032	-0.173627252900000001
5548827372	0.0697953134999999975	-0.174683995300000006
5548832372	0.0693288638000000013	-0.178253614100000013
5548837372	0.0682230070999999966	-0.176578555999999998
5548842372	0.0692943713999999988	-0.173679376299999993
5548847372	0.0653352796999999985	-0.177723091400000005
5548852372	0.0661806624000000066	-0.176970955600000007
5548857372	0.0663549115000000023	-0.176129964700000002
5548862372	0.0674664360000000046	-0.175997773899999987
5548867372	0.0684969621000000028	-0.176710402900000008
5548872372	0.0693281684999999953	-0.179207062599999994
5548877372	0.0654400968999999944	-0.176422513400000008
5548882372	0.0681502276999999962	-0.175365704300000008
5548887372	0.0681612599000000069	-0.176555750600000005
5548892372	0.0700105562999999986	-0.172611120199999996
5548897372	0.0656784836000000039	-0.178095218299999997
5548902372	0.0679586407000000031	-0.178765447100000002
5548907372	0.0668698253999999992	-0.175974463800000008
5548912372	0.0651353952999999958	-0.178707815500000006
5548917372	0.0680801936999999996	-0.180346015999999998
5548922372	0.0638582595999999947	-0.180559196199999994
5548927372	0.0692543449999999949	-0.174907769099999999
5548932372	0.0605198335000000018	-0.176615770100000014
5548937372	0.0634814472999999935	-0.175713826900000009
5548942372	0.064555175500000006	-0.183041913400000006
5548947372	0.0595731701999999974	-0.176733461000000008
5548952372	0.0640015044000000061	-0.178497411599999989
5548957372	0.0646010528000000028	-0.178315941799999989
5548962372	0.0641737782000000034	-0.179588426100000004
5548967372	0.0614119341000000027	-0.178005143199999993
5548972372	0.0648883650999999978	-0.178639413599999991
5548977372	0.0625614312999999977	-0.179201541999999991
5548982372	0.0617720173999999969	-0.182505883099999988
5548987372	0.0603456913999999983	-0.180320240599999987
5548992372	0.0647298840000000014	-0.180750884100000009
5548997372	0.060642539199999998	-0.181354671599999989
5549002372	0.0649186578999999958	-0.177799924500000012
5549007372	0.0584076071000000016	-0.178549582600000006
5549012372	0.0621810470999999976	-0.180488810999999999
5549017372	0.0562251844000000028	-0.179352666599999988
5549022372	0.0599712925999999966	-0.181639837700000001
5549027372	0.0601854677000000018	-0.180147614799999994
5549032372	0.0627674247000000046	-0.178577365999999987
5549037372	0.0618838750999999992	-0.179327611100000006
5549042372	0.0580618068999999987	-0.182473409899999994
5549047372	0.0577597704000000003	-0.181317337699999998
5549052372	0.0606530679999999975	-0.179790183299999989
5549057372	0.0591881849000000029	-0.18419251980000001
5549062372	0.059640325299999998	-0.183333756699999989
5549067372	0.057583800999999997	-0.181548487300000005
5549072372	0.0583797139999999992	-0.18052960400000001
5549077372	0.0589192295999999976	-0.183968372800000002
5549082372	0.0590444394999999969	-0.180749759600000004
5549087372	0.0547500355000000022	-0.182102184299999997
5549092372	0.0548462681999999993	-0.181406004499999995
5549097372	0.0611228200000000013	-0.183195533999999993
5549102372	0.0556973102999999969	-0.183615100799999986
5549107372	0.0592492165000000001	-0.181066949599999999
5549112372	0.0578821753999999994	-0.180227587599999989
5549117372	0.054966479399999997	-0.186613782499999992
5549122372	0.0533231284999999972	-0.181655269700000011
5549127372	0.0542952093000000011	-0.182692314699999997
5549132372	0.0510533386999999991	-0.182488101200000002
5549137372	0.0532338028000000005	-0.187054744500000009
5549142372	0.0553225123000000013	-0.184917452300000007
5549147372	0.0564985622999999992	-0.183383044599999989
5549152372	0.0555265453000000006	-0.183346148699999989
5549157372	0.0526443693000000004	-0.183874113300000003
5549162372	0.0531438523000000024	-0.18369890559999999
5549167372	0.0500835691000000027	-0.184581512499999989
5549172372	0.0520665639000000013	-0.1806067009
5549177372	0.0520022217999999981	-0.183359066399999993
5549182372	0.0515796696000000027	-0.184729804100000006
5549187372	0.0527715844000000017	-0.185428600599999993
5549192372	0.0503729945999999984	-0.186583855699999995
5549197372	0.0504701346000000009	-0.181187191100000006
5549202372	0.0507170143000000018	-0.180861746200000006
5549207372	0.0524028740000000021	-0.183713936200000011
5549212372	0.0517891216000000015	-0.185797159299999987
5549217372	0.0527139203000000015	-0.1877260335
5549222372	0.0549083552000000016	-0.185949727000000009
5549227372	0.049490300600000002	-0.184440292199999994
5549232372	0.050707915499999999	-0.188809911800000008
5549237372	0.0491051060999999969	-0.183577632299999988
5549242372	0.0478171901999999982	-0.184880058099999994
5549247372	0.0453476734999999978	-0.186326499700000009
5549252372	0.0494625709000000024	-0.186839673600000006
5549257372	0.0503165243999999998	-0.1856466544
5549262372	0.046622284299999997	-0.18726599599999999
5549267372	0.0505240931000000004	-0.183421934700000011
5549272372	0.0444658506999999967	-0.18601879830000001
5549277372	0.0485964777000000014	-0.186442908200000007
5549282372	0.0454529304000000009	-0.186866637299999999
5549287372	0.0459382913999999976	-0.185239166099999991
5549292372	0.049750355000000003	-0.183901399399999999
5549297372	0.0487667038999999997	-0.187144205600000002
5549302372	0.0487315221000000007	-0.181391161599999989
5549307372	0.0469128371000000002	-0.187521345199999995
5549312372	0.0450441534000000018	-0.187112938300000003
5549317372	0.043526443300000002	-0.185620741300000003
5549322372	0.0453703285000000012	-0.186168229399999996
5549327372	0.0451754323999999999	-0.187779015800000004
5549332372	0.0439846781000000006	-0.186018374399999992
5549337372	0.044015998700000003	-0.189299636900000012
5549342372	0.0499170525999999976	-0.186578627200000013
5549347372	0.0438280849000000014	-0.183351257299999987
5549352372	0.0407632757999999984	-0.18691477170000001
5549357372	0.0426702823000000009	-0.190935606099999988
5549362372	0.0452045901999999986	-0.183540381800000013
5549367372	0.0440933927999999989	-0.18867108660000001
5549372372	0.0415818198999999972	-0.18284055569999999
5549377372	0.044014450699999999	-0.185621944900000002
5549382372	0.0416528385999999987	-0.187292732399999995
5549387372	0.0409934065999999972	-0.185134393000000008
5549392372	0.0406846379000000008	-0.186162703900000004
5549397372	0.0403399234999999995	-0.186075201699999998
5549402372	0.0416291359000000027	-0.189781275299999996
5549407372	0.0397270123000000031	-0.188844513900000011
5549412372	0.0397375303999999985	-0.188779117999999996
5549417372	0.0417270454999999971	-0.188886033799999992
5549422372	0.0400304953000000033	-0.186016326700000012
5549427372	0.0429378092000000031	-0.186686908000000013
5549432372	0.0399097746000000031	-0.187923979600000013
5549437372	0.0399028804000000001	-0.190259069499999989
5549442372	0.0389195601000000002	-0.186242922700000008
5549447372	0.0407044666000000027	-0.189902402100000006
5549452372	0.0387552525999999981	-0.189290975500000014
5549457372	0.0417384739000000032	-0.189862022699999994
5549462372	0.037526942399999999	-0.189130265600000014
5549467372	0.0383347569999999971	-0.188649285500000014
5549472372	0.0396640964000000013	-0.189647405699999994
5549477372	0.0405283078999999977	-0.188421874699999992
5549482372	0.0373866614	-0.190718745100000003
5549487372	0.0345961290999999976	-0.188135862200000004
5549492372	0.0393877382000000012	-0.187131844999999991
5549497372	0.0330290658000000001	-0.187717492900000005
5549502372	0.0329673965000000027	-0.189399651199999991
5549507372	0.036496621299999997	-0.188471681199999991
5549512372	0.0372555471000000013	-0.191421864899999988
5549517372	0.0349375644999999971	-0.189634278600000011
5549522372	0.0373310897000000003	-0.193344045699999995
5549527372	0.0357890301000000008	-0.190784997699999986
5549532372	0.0353412338999999978	-0.186767248400000002
5549537372	0.033936039799999998	-0.188108716799999992
5549542372	0.0331790208000000003	-0.188714224300000011
5549547372	0.0363015844999999976	-0.19594976489999999
5549552372	0.0351331619000000012	-0.189721493500000005
5549557372	0.0308240590999999987	-0.190116658699999996
5549562372	0.0358490325000000026	-0.188120756
5549567372	0.0327350596999999993	-0.194417940399999989
5549572372	0.0360796575000000008	-0.19150384170000001
5549577372	0.0319155407000000016	-0.189968676400000008
5549582372	0.0278035491000000017	-0.190575247199999992
5549587372	0.0307014151000000006	-0.184512550999999997
5549592372	0.0354908622000000007	-0.18970726269999999
5549597372	0.0342377719999999997	-0.190214083499999992
5549602372	0.0311115873000000001	-0.188230024100000004
5549607372	0.032303309199999998	-0.192035892099999994
5549612372	0.0277804586999999999	-0.192997308499999992
5549617372	0.0324762198999999988	-0.188179716100000005
5549622372	0.0309316486000000002	-0.187356384399999992
5549627372	0.028634657899999999	-0.191380986700000005
5549632372	0.0327555780000000005	-0.190089234999999995
5549637372	0.0290040225999999984	-0.189991403599999997
5549642372	0.0303034039999999991	-0.191647797499999994
5549647372	0.0283821050999999991	-0.193361594199999987
5549652372	0.0302932968999999989	-0.19221745400000001
5549657372	0.0282350866999999985	-0.19124699810000001
5549662372	0.0277503571000000011	-0.188803062800000004
5549667372	0.0280217595	-0.190570712100000011
5549672372	0.0266478771000000017	-0.193498737000000004
5549677372	0.0264324603999999998	-0.193065300999999995
5549682372	0.0261791439000000001	-0.19325168370000001
5549687372	0.0248291217000000015	-0.191699039999999987
5549692372	0.0297469741000000003	-0.190149736000000014
5549697372	0.028703890499999999	-0.193555008199999989
5549702372	0.0262978516999999995	-0.188544691699999989
5549707372	0.0237851868000000001	-0.194014376699999991
5549712372	0.0272279703000000012	-0.190394801000000002
5549717372	0.0261426976000000005	-0.191453777500000005
5549722372	0.0257194234000000001	-0.193311307900000007
5549727372	0.0249474499000000016	-0.191497175999999991
5549732372	0.023137195499999999	-0.195299682599999996
5549737372	0.024584520700000001	-0.194253593899999993
5549742372	0.0260717516999999996	-0.192774078600000009
5549747372	0.0251653176999999985	-0.190734657599999996
5549752372	0.0238633634999999983	-0.18919459059999999
5549757372	0.0248773855000000016	-0.19150823689999999
5549762372	0.0250547212000000012	-0.19361608990000001
5549767372	0.0222213485999999995	-0.19054399729999999
5549772372	0.0206888120000000009	-0.192161289900000004
5549777372	0.0211091030000000006	-0.190129484999999987
5549782372	0.0215944596000000009	-0.193203539899999999
