# freq, I e Q
5809940000	-0.192420288800000006	0.323095583500000005
5809945000	-0.19347057849999999	0.324005436400000013
5809950000	-0.190274047899999993	0.320620648600000002
5809955000	-0.190076819499999994	0.318955243599999994
5809960000	-0.188905155999999991	0.324992776500000025
5809965000	-0.188379748900000005	0.323127636300000021
5809970000	-0.186462899799999998	0.322046882899999998
5809975000	-0.187790574500000002	0.326475849900000004
5809980000	-0.190527321100000008	0.323706353999999974
5809985000	-0.186849594300000005	0.326980708700000011
5809990000	-0.186526586999999994	0.327493769900000009
5809995000	-0.186532556099999997	0.326660423500000019
5810000000	-0.183621846700000008	0.326168179100000011
5810005000	-0.188965292099999987	0.327273584000000006
5810010000	-0.185453165400000008	0.326862219299999979
5810015000	-0.183300311999999993	0.329167251300000019
5810020000	-0.184741125899999997	0.327589422700000021
5810025000	-0.183715838500000006	0.327073456099999993
5810030000	-0.180733529400000009	0.328559789200000008
5810035000	-0.182104606000000002	0.327988281300000017
5810040000	-0.182728990099999988	0.329531197100000006
5810045000	-0.181927674399999989	0.326505908399999989
5810050000	-0.180576435600000001	0.330554952600000007
5810055000	-0.182433529099999991	0.330520619000000015
5810060000	-0.175328341599999993	0.327539427200000011
5810065000	-0.181213951900000003	0.33089801390000001
5810070000	-0.176921288700000012	0.332171641500000003
5810075000	-0.179514014999999999	0.333050778699999994
5810080000	-0.182044690399999987	0.332288688100000007
5810085000	-0.178914803700000014	0.333126073500000008
5810090000	-0.179328816700000004	0.333225245599999997
5810095000	-0.172643017499999996	0.331520900999999979
5810100000	-0.173520641199999992	0.330698066199999974
5810105000	-0.17543141940000001	0.33834323329999999
5810110000	-0.173947050699999994	0.329936944100000018
5810115000	-0.16928394020000001	0.333875631200000023
5810120000	-0.172125807699999994	0.334040086100000022
5810125000	-0.17140695680000001	0.336579951400000021
5810130000	-0.170901238000000011	0.335273773800000008
5810135000	-0.169595262599999991	0.335518350500000007
5810140000	-0.170365501899999994	0.332700790299999993
5810145000	-0.169236571700000005	0.335496060400000018
5810150000	-0.169031753499999993	0.334927658999999989
5810155000	-0.166177724999999998	0.337019905900000027
5810160000	-0.166584632900000001	0.339427116799999984
5810165000	-0.166370454100000009	0.337606931399999977
5810170000	-0.166956393300000006	0.335271231700000005
5810175000	-0.167288305800000009	0.334300093899999984
5810180000	-0.165278563299999987	0.339178653599999991
5810185000	-0.165499630000000009	0.340320339000000027
5810190000	-0.165223199900000006	0.339145652299999989
5810195000	-0.165960772600000001	0.340596685299999979
5810200000	-0.161018196299999999	0.339634888000000024
5810205000	-0.165281216300000006	0.336712954900000028
5810210000	-0.161641662800000002	0.336653482900000023
5810215000	-0.159844845499999999	0.340911132700000008
5810220000	-0.161380595900000007	0.34283778199999998
5810225000	-0.156987149599999987	0.340234303800000026
5810230000	-0.155871886099999996	0.340764278300000001
5810235000	-0.158825974700000011	0.344939687499999981
5810240000	-0.156302569599999996	0.343354942200000013
5810245000	-0.157133682899999988	0.347158686699999997
5810250000	-0.155317834799999999	0.342692245600000001
5810255000	-0.158607014200000007	0.343599990600000016
5810260000	-0.158289155699999989	0.344722223100000003
5810265000	-0.156291807599999999	0.344033216699999977
5810270000	-0.154903014400000011	0.345288532699999984
5810275000	-0.1512276065	0.346590169000000003
5810280000	-0.152658087500000011	0.345894034000000017
5810285000	-0.150237423300000006	0.346087578700000009
5810290000	-0.150408182299999998	0.343927799199999995
5810295000	-0.151099389800000011	0.345343545899999993
5810300000	-0.147349393100000003	0.343493163400000023
5810305000	-0.147739003000000008	0.350850025700000012
5810310000	-0.150362433399999995	0.347710430700000017
5810315000	-0.1483630856	0.348297105300000021
5810320000	-0.146207963999999996	0.348378683600000016
5810325000	-0.146283873199999997	0.349889766400000024
5810330000	-0.144935894499999995	0.346626147200000012
5810335000	-0.144791002499999988	0.348527138399999992
5810340000	-0.145856358600000013	0.34689399310000002
5810345000	-0.140073253199999997	0.348042607000000004
5810350000	-0.140282409599999991	0.347113228900000015
5810355000	-0.140019432400000005	0.350183361199999987
5810360000	-0.142169104500000004	0.349989934999999974
5810365000	-0.140926998800000008	0.35287261590000002
5810370000	-0.139266582199999989	0.349878041099999981
5810375000	-0.142196746099999993	0.34701097689999999
5810380000	-0.136717196699999988	0.349056600400000028
5810385000	-0.135584444400000004	0.353158558999999983
5810390000	-0.136939241699999992	0.354884090500000027
5810395000	-0.137697082100000007	0.35072390149999999
5810400000	-0.139072719099999992	0.356689589299999998
5810405000	-0.137113707299999998	0.352987034199999994
5810410000	-0.134422767199999987	0.355122528400000026
5810415000	-0.136788769000000004	0.356775768599999987
5810420000	-0.137330561600000012	0.354048892900000023
5810425000	-0.132539278499999996	0.352703922700000005
5810430000	-0.132652192800000013	0.357455799899999982
5810435000	-0.131145685600000006	0.35535968950000002
5810440000	-0.133652591999999987	0.355256125400000011
5810445000	-0.131457985700000002	0.352769374099999977
5810450000	-0.128556634899999994	0.359489720100000021
5810455000	-0.130155783100000005	0.358997310999999986
5810460000	-0.129123790300000013	0.354456377499999975
5810465000	-0.127024027900000003	0.356235107900000014
5810470000	-0.127383304700000005	0.359991883299999982
5810475000	-0.125215373500000005	0.353957424399999998
5810480000	-0.126229177299999995	0.360231518199999989
5810485000	-0.124593284299999996	0.359681401999999983
5810490000	-0.122968021699999999	0.359031230300000004
5810495000	-0.122459491700000006	0.356453758899999973
5810500000	-0.122985010300000003	0.360922083999999976
5810505000	-0.120887746300000001	0.361348446599999984
5810510000	-0.119838426799999995	0.361906589100000009
5810515000	-0.122356451199999994	0.363305761100000013
5810520000	-0.122126019299999999	0.359973540799999991
5810525000	-0.119859609300000003	0.361997165299999979
5810530000	-0.120614193100000003	0.364055629800000002
5810535000	-0.120696289900000003	0.362384701400000009
5810540000	-0.115634845700000002	0.363543152400000014
5810545000	-0.114372656899999994	0.36330237139999999
5810550000	-0.117692503800000001	0.362550750500000019
5810555000	-0.116722449199999995	0.363660736300000009
5810560000	-0.114470332600000002	0.361084112499999998
5810565000	-0.112721431400000002	0.358316499700000013
5810570000	-0.111892641799999998	0.363409358800000026
5810575000	-0.110925740600000003	0.364005666100000014
5810580000	-0.111419965600000004	0.368751262600000018
5810585000	-0.104627079600000006	0.362096835100000014
5810590000	-0.108638521799999999	0.366989899900000027
5810595000	-0.108593824800000002	0.361866320799999974
5810600000	-0.106202818500000004	0.363395164900000012
5810605000	-0.1085701575	0.366489090899999981
5810610000	-0.104512799500000003	0.3636901414
5810615000	-0.105756728100000003	0.365175750099999974
5810620000	-0.103162013799999994	0.364824926300000019
5810625000	-0.104063714900000007	0.368272589400000017
5810630000	-0.102044814799999994	0.366746847799999998
5810635000	-0.102542631199999998	0.367803658600000027
5810640000	-0.102956448699999994	0.367787453699999989
5810645000	-0.0985297353999999986	0.371719322299999988
5810650000	-0.100712281000000001	0.365201396999999983
5810655000	-0.0930418880000000031	0.369126282799999983
5810660000	-0.0976447153999999984	0.368182659000000023
5810665000	-0.0987850985000000015	0.369494305199999984
5810670000	-0.0947847190999999978	0.369750850099999973
5810675000	-0.0930879906999999979	0.367497459799999981
5810680000	-0.0946319885999999943	0.367312983599999976
5810685000	-0.0913494643999999967	0.373019162100000023
5810690000	-0.0921236145000000062	0.369436659599999995
5810695000	-0.0945451763000000056	0.370636500899999999
5810700000	-0.0923683490999999968	0.372093832999999985
5810705000	-0.0901508570999999953	0.371827954199999977
5810710000	-0.0898327196999999938	0.369629141699999997
5810715000	-0.0878862715000000017	0.371054715400000013
5810720000	-0.0851440542999999939	0.373519004599999982
5810725000	-0.083602290100000004	0.371197056700000028
5810730000	-0.0861086236000000033	0.370415404999999975
5810735000	-0.0844880484000000015	0.370758662199999978
5810740000	-0.084321161399999997	0.377958693100000021
5810745000	-0.084283379699999994	0.368983722800000025
5810750000	-0.0844215091999999945	0.373869215199999994
5810755000	-0.0816972103000000033	0.372932969499999989
5810760000	-0.0801488439999999969	0.372313505699999991
5810765000	-0.076467791800000004	0.376603812099999991
5810770000	-0.0768576125000000054	0.381014151899999987
5810775000	-0.0790046048000000029	0.375404145000000022
5810780000	-0.0814134685000000025	0.375775522699999975
5810785000	-0.0771491977000000051	0.374190205300000023
5810790000	-0.0750033813999999993	0.370586618099999987
5810795000	-0.0744687631000000017	0.377199816999999993
5810800000	-0.068761700300000006	0.375824153699999997
5810805000	-0.070988873600000002	0.376350699100000019
5810810000	-0.0688084808999999964	0.377536509500000006
5810815000	-0.0694735590000000042	0.376973709699999993
5810820000	-0.0673024814000000027	0.375255220900000019
5810825000	-0.0692100957999999961	0.378162850699999997
5810830000	-0.0647882050999999959	0.37516609820000002
5810835000	-0.0660745175999999934	0.379683142699999976
5810840000	-0.0654002142999999952	0.377133067699999991
5810845000	-0.0648136264000000045	0.37685551909999998
5810850000	-0.0612614268999999989	0.37940084730000001
5810855000	-0.0613055454000000014	0.380688346999999983
5810860000	-0.0602321866000000011	0.379086283600000018
5810865000	-0.0597846896999999974	0.377458344499999987
5810870000	-0.0610360042000000005	0.380153103900000011
5810875000	-0.0544495387000000011	0.376926851900000026
5810880000	-0.0578804870000000013	0.379828593900000011
5810885000	-0.0544595645000000017	0.378708373499999973
5810890000	-0.0536098630000000007	0.380164347000000014
5810895000	-0.0523767811999999999	0.379751240900000009
5810900000	-0.0525824276000000021	0.380385386800000003
5810905000	-0.0531343125000000027	0.377657830699999975
5810910000	-0.0512262741999999979	0.374795044000000022
5810915000	-0.0506926014999999966	0.380408588400000025
5810920000	-0.0492490961000000005	0.379917643899999991
5810925000	-0.045355276600000001	0.380240634600000016
5810930000	-0.0479266006000000008	0.381693435799999981
5810935000	-0.0437255105000000019	0.379340030800000005
5810940000	-0.0429665451999999976	0.378483285800000013
5810945000	-0.0376288618999999977	0.381758823400000002
5810950000	-0.0438232136000000008	0.378405445700000009
5810955000	-0.0389932864000000004	0.380276865000000019
5810960000	-0.0374860934000000035	0.380347082700000005
5810965000	-0.0376970416000000016	0.380603812099999994
5810970000	-0.0352409357999999978	0.383985142000000002
5810975000	-0.0338502327999999977	0.379214581699999997
5810980000	-0.0329869638999999992	0.385484845500000006
5810985000	-0.0334716437999999991	0.380184350399999982
5810990000	-0.0323309239000000026	0.382698130600000019
5810995000	-0.0293786766999999983	0.381755465800000027
5811000000	-0.0291588690999999983	0.383605000799999984
5811005000	-0.0263715163999999995	0.384589716000000026
5811010000	-0.0251658137000000011	0.385947120799999988
5811015000	-0.0268571499999999998	0.382578071099999972
5811020000	-0.025687702199999999	0.382699238900000016
5811025000	-0.0225978468000000016	0.381287230899999996
5811030000	-0.0211178888999999995	0.3833701833
5811035000	-0.0205382802999999996	0.379481114900000027
5811040000	-0.0168455168999999995	0.383342096799999976
5811045000	-0.0178898258999999997	0.383488476799999978
5811050000	-0.0161333492999999988	0.387252687599999978
5811055000	-0.0144305110999999996	0.382522621000000007
5811060000	-0.0172455772999999986	0.382815246200000014
5811065000	-0.0103699108999999994	0.384579804600000019
5811070000	-0.00921507050000000029	0.381903698600000008
5811075000	-0.00897590529999999984	0.385185264999999999
5811080000	-0.00943187810000000078	0.384827111300000024
5811085000	-0.00207424600000000008	0.383725479400000014
5811090000	-0.00418099519999999992	0.38254733099999999
5811095000	-0.000162439999999999997	0.380074131500000023
5811100000	-0.00236573989999999982	0.387091331799999994
5811105000	0.00110353560000000009	0.383749918500000009
5811110000	-0.00104056970000000011	0.383122497399999984
5811115000	-0.00243362670000000017	0.382992795499999983
5811120000	5.45893000000000027e-05	0.383116992200000006
5811125000	0.00528072780000000009	0.379652896299999987
5811130000	0.00554547960000000006	0.386969460900000006
5811135000	0.0045929059999999999	0.384863082500000009
5811140000	0.00812381239999999949	0.384500177200000015
5811145000	0.00879934400000000061	0.379783820300000019
5811150000	0.0118048987999999997	0.381219344500000001
5811155000	0.0164290132999999998	0.382738853699999992
5811160000	0.0167664447000000008	0.384238554999999982
5811165000	0.0156051213999999997	0.381540667300000025
5811170000	0.0195795152999999993	0.38004731479999998
5811175000	0.0206028283000000006	0.379319994100000002
5811180000	0.0226740560000000015	0.383279598599999993
5811185000	0.0195461057000000001	0.381466710099999995
5811190000	0.0254555690000000008	0.377590189600000015
5811195000	0.0288082732999999994	0.380902192199999989
5811200000	0.0277249302999999989	0.376789445999999972
5811205000	0.0330525398000000026	0.381828935799999991
5811210000	0.0323990763999999973	0.380344867699999978
5811215000	0.0323926947000000021	0.37630913370000002
5811220000	0.0327000387999999975	0.377184125199999998
5811225000	0.0348202088000000021	0.381083475000000005
5811230000	0.0359345760000000028	0.379986024799999988
5811235000	0.038463475599999998	0.377710041800000007
5811240000	0.0409489973999999993	0.380896137199999985
5811245000	0.0419565448000000021	0.378939122000000017
5811250000	0.0462349815000000011	0.374229421000000007
5811255000	0.0480927839999999995	0.374596280800000014
5811260000	0.0483072553999999987	0.376705890599999982
5811265000	0.0493773834999999967	0.372903940699999992
5811270000	0.050176439199999999	0.372673184400000024
5811275000	0.0527135608999999977	0.374854497100000017
5811280000	0.0537161748999999966	0.377336686899999996
5811285000	0.0572942081000000006	0.373587772900000004
5811290000	0.0578683181999999977	0.370479635699999976
5811295000	0.062140736299999999	0.372798931399999978
5811300000	0.0620509620000000012	0.367324112500000022
5811305000	0.0652359504000000062	0.372249848900000013
5811310000	0.0642039858999999963	0.371047485200000027
5811315000	0.0681736524000000066	0.369110983100000012
5811320000	0.0704633192999999936	0.367478015800000002
5811325000	0.0729853500000000044	0.368814868199999979
5811330000	0.0736540834000000005	0.362744297499999979
5811335000	0.0752216530999999938	0.366502838200000014
5811340000	0.0759689394000000046	0.363118273800000002
5811345000	0.080010935199999994	0.361420822500000016
5811350000	0.0799309413999999968	0.361072845199999992
5811355000	0.0863248914000000062	0.361538907700000023
5811360000	0.0883955829999999998	0.361814575400000005
5811365000	0.0858728324000000015	0.36258906959999998
5811370000	0.0896205206999999976	0.358688746599999997
5811375000	0.0914815429000000041	0.359923298800000013
5811380000	0.0911761023000000059	0.357767846100000009
5811385000	0.0948229844000000044	0.356442219900000024
5811390000	0.0964541064000000031	0.358349156000000002
5811395000	0.0998125826000000049	0.354264522699999973
5811400000	0.100282656799999995	0.350372498699999979
5811405000	0.102854128899999994	0.351983792600000012
5811410000	0.108631952500000004	0.348510792299999983
5811415000	0.109693885899999996	0.349421409299999985
5811420000	0.111197425500000002	0.34812852649999998
5811425000	0.114746964199999996	0.347593523100000024
5811430000	0.113202537800000003	0.343583652799999972
5811435000	0.116895059900000001	0.341115803200000012
5811440000	0.116070868499999993	0.338611833099999981
5811445000	0.1183134624	0.340179947900000001
5811450000	0.122659954000000002	0.3389823421
5811455000	0.124100202800000003	0.333033209800000007
5811460000	0.12609044350000001	0.338345320200000022
5811465000	0.126201125800000008	0.331441318599999979
5811470000	0.132201634699999987	0.328595024299999983
5811475000	0.132374687500000005	0.327981667600000026
5811480000	0.137118247500000012	0.324663443800000007
5811485000	0.135769791899999992	0.321857995600000002
5811490000	0.140202285199999999	0.318910046900000022
5811495000	0.140060083800000013	0.318197855299999999
5811500000	0.140310973199999994	0.314196460399999988
5811505000	0.144781582299999989	0.313495805299999986
5811510000	0.145400864200000007	0.311520384599999978
5811515000	0.14990434829999999	0.312054838100000009
5811520000	0.148729603999999987	0.302236659600000013
5811525000	0.15520858039999999	0.300055934199999985
5811530000	0.153406547700000007	0.299165903399999988
5811535000	0.156575812499999995	0.297764277899999985
5811540000	0.15810400799999999	0.294321311899999993
5811545000	0.160266370600000013	0.294057434600000001
5811550000	0.161773040099999987	0.291992125599999985
5811555000	0.163671111300000005	0.289025789199999994
5811560000	0.167039760399999987	0.286286164399999987
5811565000	0.170893539399999989	0.277774605499999994
5811570000	0.171753260399999996	0.277392962999999992
5811575000	0.172880038699999988	0.275451975999999987
5811580000	0.172983573899999993	0.26755991480000002
5811585000	0.172364358999999995	0.266011352799999989
5811590000	0.173413690700000012	0.262811025300000001
5811595000	0.176220505199999988	0.258503446199999987
5811600000	0.173763956299999994	0.255427123400000011
5811605000	0.175847384699999998	0.254338591200000019
5811610000	0.18204732500000001	0.248370345999999992
5811615000	0.179376383700000003	0.244442929000000003
5811620000	0.178761931099999993	0.240584335199999999
5811625000	0.183134808499999996	0.236761756699999992
5811630000	0.184103394700000006	0.234315602300000009
5811635000	0.182582476399999999	0.22757540770000001
5811640000	0.181428733399999986	0.226622956399999992
5811645000	0.184966443400000013	0.224342284499999989
5811650000	0.182393231500000003	0.220967918399999991
5811655000	0.184179791799999992	0.217290273400000011
5811660000	0.184969789299999993	0.210708896899999998
5811665000	0.182687989800000006	0.20497040729999999
5811670000	0.182376411999999988	0.202757721299999999
5811675000	0.186059716200000003	0.196821234600000006
5811680000	0.18156966590000001	0.1892614933
5811685000	0.183390471400000005	0.186667990899999997
5811690000	0.184246749799999998	0.181145218699999999
5811695000	0.182758439599999989	0.17846729959999999
5811700000	0.17641521369999999	0.173822817500000004
5811705000	0.175106043099999997	0.164996553200000007
5811710000	0.180183294100000002	0.166139476300000005
5811715000	0.178409881200000009	0.15987785530000001
5811720000	0.177441621599999988	0.155637187499999996
5811725000	0.17788892240000001	0.152478232699999994
5811730000	0.170357615399999995	0.148421233900000005
5811735000	0.171529403100000005	0.145484010400000002
5811740000	0.166233663700000006	0.141341942899999989
5811745000	0.164575755800000001	0.132260950699999991
5811750000	0.166329947499999992	0.130947416900000002
5811755000	0.165787202500000008	0.131432264500000007
5811760000	0.157845985100000002	0.122323743200000001
5811765000	0.156518793500000003	0.119285172499999995
5811770000	0.151547774400000002	0.116056800200000004
5811775000	0.149744921100000011	0.109194363399999994
5811780000	0.148363448300000006	0.110479581399999999
5811785000	0.142722160999999986	0.105963770999999998
5811790000	0.139043037799999991	0.103724661400000001
5811795000	0.139241873900000007	0.0956451105999999995
5811800000	0.1323981246	0.0944443019999999939
5811805000	0.132743806399999997	0.0922011375999999966
5811810000	0.125987973199999992	0.0900097133000000021
5811815000	0.124071240499999999	0.0874934408000000025
5811820000	0.121499291999999995	0.0850197684000000009
5811825000	0.115484166400000005	0.0778766030000000026
5811830000	0.110416589400000001	0.0807750956999999936
5811835000	0.109090805799999996	0.0797734301999999951
5811840000	0.105620432900000005	0.0753947853000000029
5811845000	0.0996257960000000026	0.0754965154000000055
5811850000	0.0963845923000000021	0.0705720314999999931
5811855000	0.0964689642000000069	0.0699711813000000044
5811860000	0.0841747027000000064	0.0646393105000000051
5811865000	0.0844085308000000062	0.0629649807000000061
5811870000	0.0794671151999999936	0.0622367017000000008
5811875000	0.078299686800000004	0.0605699997000000018
5811880000	0.0691464789000000024	0.0582676783000000004
5811885000	0.0645889900999999933	0.0585276958000000014
5811890000	0.0662277017999999967	0.0614886104999999988
5811895000	0.0548736096999999992	0.0569148477
5811900000	0.0548162939000000002	0.060049706500000001
5811905000	0.0510398644000000026	0.0536501953000000018
5811910000	0.0470688179999999984	0.0561819674999999991
5811915000	0.0421159250999999998	0.0534243689999999993
5811920000	0.0375623882999999992	0.056040337699999998
5811925000	0.0344619154000000011	0.0564704452999999981
5811930000	0.0285790120999999987	0.0570906814000000026
5811935000	0.0293219514999999986	0.0552072960000000029
5811940000	0.0219834422000000015	0.0564611818999999973
5811945000	0.0181510009999999999	0.0605835812000000001
5811950000	0.0143245568000000007	0.0533103589000000003
5811955000	0.00792190909999999915	0.0624949107999999975
5811960000	0.00841260859999999958	0.061098507199999999
5811965000	0.00519400470000000013	0.0592678440000000001
5811970000	0.00249698279999999986	0.0614866812999999984
5811975000	-0.00137074729999999995	0.0615162063000000009
5811980000	-0.00462730410000000009	0.0644727873000000007
5811985000	-0.00847447999999999951	0.0655420018999999937
5811990000	-0.0128236657000000004	0.0679367139999999953
5811995000	-0.0139368314000000004	0.0638492994000000036
5812000000	-0.0212862693000000006	0.0701082496000000055
5812005000	-0.0228338304999999991	0.0721515228000000064
5812010000	-0.0247965997000000014	0.0710804379999999958
5812015000	-0.0285452520000000001	0.0701021753999999941
5812020000	-0.032929358899999997	0.0745645714000000015
5812025000	-0.0339682753000000032	0.0767847739000000057
5812030000	-0.0378705402999999982	0.0747442863000000041
5812035000	-0.0375105136999999977	0.0748858059999999992
5812040000	-0.0386718620000000013	0.0797573839000000062
5812045000	-0.043653847400000001	0.0800108169000000036
5812050000	-0.0457428783999999991	0.0842407124000000007
5812055000	-0.0480339236000000003	0.0841876329999999978
5812060000	-0.0530980770000000005	0.0888601888000000034
5812065000	-0.0522376426000000019	0.0915896605999999974
5812070000	-0.0569617353999999979	0.092488628200000006
5812075000	-0.0580429323000000025	0.0916381074999999962
5812080000	-0.0620993045000000007	0.0948304823000000047
5812085000	-0.0610433810000000007	0.100363594599999995
5812090000	-0.0669060050999999989	0.101644333899999995
5812095000	-0.0675955879999999981	0.101536160099999995
5812100000	-0.069048786900000006	0.103458664699999994
5812105000	-0.0679680629000000008	0.1075922921
5812110000	-0.0733918855999999981	0.108447261099999998
5812115000	-0.0680655725000000045	0.111951065399999994
5812120000	-0.073634987900000004	0.112895715300000005
5812125000	-0.0744773745999999931	0.111698211399999997
5812130000	-0.0787375715000000059	0.116777003700000007
5812135000	-0.0786967888999999948	0.117635891800000003
5812140000	-0.0809881585999999987	0.1202812412
5812145000	-0.0760765307000000057	0.122519650600000002
5812150000	-0.0791141379000000061	0.124908771900000007
5812155000	-0.0840032757999999991	0.121346740199999997
5812160000	-0.0810211371999999957	0.127130569299999996
5812165000	-0.0867905238000000051	0.131745628799999986
5812170000	-0.0881925744000000011	0.129974042900000003
5812175000	-0.0885376452999999952	0.131079312799999986
5812180000	-0.0890088287000000006	0.133810297800000005
5812185000	-0.0918436786000000061	0.135237920799999994
5812190000	-0.0878787926000000053	0.141612795900000005
5812195000	-0.0902522956999999987	0.142402526299999999
5812200000	-0.0892509135000000009	0.144313678000000001
5812205000	-0.0897502200999999999	0.142346903699999999
5812210000	-0.0893250074000000033	0.146268027900000014
5812215000	-0.0914762494000000009	0.152461902799999993
5812220000	-0.0920961708999999962	0.149888176499999998
5812225000	-0.0984006533999999961	0.151969846600000014
5812230000	-0.0939279865000000047	0.152993380000000012
5812235000	-0.0916087631999999985	0.15984936050000001
5812240000	-0.0963412859000000038	0.156009909499999988
5812245000	-0.0991082716000000058	0.161075035100000014
5812250000	-0.0934749524999999998	0.163193553600000013
5812255000	-0.0961396350999999955	0.161150304500000008
5812260000	-0.0973559496999999996	0.16242001310000001
5812265000	-0.0984692565000000047	0.165644325000000009
5812270000	-0.0962782234000000015	0.166634359199999998
5812275000	-0.100663397799999998	0.168433223399999998
5812280000	-0.0996765762000000055	0.173568581299999997
5812285000	-0.094997738499999998	0.173793441399999998
5812290000	-0.0991796109000000065	0.176387084
5812295000	-0.0978793446999999955	0.1754432353
5812300000	-0.100719212299999999	0.177757945899999992
5812305000	-0.100227381899999995	0.179256633800000009
5812310000	-0.0930947543999999932	0.180085847699999996
5812315000	-0.101539615700000002	0.183921162299999996
5812320000	-0.0987519280000000027	0.181088948
5812325000	-0.0965835245000000037	0.184164865499999997
5812330000	-0.0971295590999999986	0.184828434099999994
5812335000	-0.100024311599999999	0.1890688388
5812340000	-0.0967258686000000006	0.192243964399999995
5812345000	-0.0978541084999999949	0.193190735700000005
5812350000	-0.099392153299999994	0.1931224785
5812355000	-0.100069024000000006	0.193065210900000006
5812360000	-0.0994670851999999994	0.197746749700000002
5812365000	-0.0990951944000000029	0.196585401100000001
5812370000	-0.0948080610999999934	0.197215688
5812375000	-0.0960347064999999972	0.198659831700000011
5812380000	-0.0979469728000000039	0.204275781600000012
5812385000	-0.0974988643000000016	0.200590067700000013
5812390000	-0.0959097874999999961	0.200320763499999999
5812395000	-0.0944576064000000049	0.204036730599999994
5812400000	-0.0966690379999999988	0.205591963099999997
5812405000	-0.0975177819999999973	0.208009821099999992
5812410000	-0.0934495072000000038	0.205913899000000011
5812415000	-0.0988828875999999968	0.211463320700000013
5812420000	-0.0968927965999999974	0.215418524899999991
5812425000	-0.0959094806999999938	0.211498972300000004
5812430000	-0.0952313672	0.215796354899999987
5812435000	-0.0935174763999999936	0.212385099699999996
5812440000	-0.0936982492	0.216382535300000012
5812445000	-0.095574128499999994	0.21776172190000001
5812450000	-0.0936121067999999973	0.218718173399999993
5812455000	-0.0908847143000000024	0.220671758899999987
5812460000	-0.096065110499999995	0.22004634910000001
5812465000	-0.0925388916000000061	0.223313954499999995
5812470000	-0.094185010099999994	0.223764914700000012
5812475000	-0.0923935631000000063	0.225448710100000005
5812480000	-0.0902008591000000026	0.226125030100000013
5812485000	-0.0903789750999999947	0.227593391099999987
5812490000	-0.0891527822999999969	0.2291174661
5812495000	-0.0928153189999999934	0.232939720900000008
5812500000	-0.0868965007000000039	0.229936788100000011
5812505000	-0.0925273332000000059	0.231742181800000002
5812510000	-0.0924514178999999992	0.230026792400000013
5812515000	-0.0928703911000000049	0.232593167399999995
5812520000	-0.0897082802999999984	0.235727392499999994
5812525000	-0.0904360111999999994	0.233690129899999988
5812530000	-0.0888799162000000059	0.235486108
5812535000	-0.0877088065999999944	0.237209710299999987
5812540000	-0.0889347328999999936	0.239956731899999998
5812545000	-0.0871274575999999995	0.236852773900000008
5812550000	-0.0857996953000000062	0.237762770699999987
5812555000	-0.0858541869999999985	0.237167087999999998
5812560000	-0.0854440276999999943	0.241100491
5812565000	-0.0843811269000000058	0.245909318399999993
5812570000	-0.0827855853000000058	0.239986272700000003
5812575000	-0.083132091800000002	0.244853241500000013
5812580000	-0.0869272477000000016	0.246327559800000012
5812585000	-0.0805146766999999958	0.245195067900000008
5812590000	-0.0828646539999999959	0.24579411000000001
5812595000	-0.0826337433000000066	0.243032152700000004
5812600000	-0.0830474726999999996	0.245058320699999999
5812605000	-0.0755103626000000056	0.250409412200000014
5812610000	-0.0798658279999999998	0.247751358599999999
5812615000	-0.0805763550999999967	0.2507823723
5812620000	-0.0807804255999999971	0.25225646810000002
5812625000	-0.0780359505000000064	0.250886924399999989
5812630000	-0.0774846758999999941	0.252413135499999997
5812635000	-0.0765112414999999935	0.249421078699999993
5812640000	-0.073255167600000004	0.255519826299999975
5812645000	-0.0774660144999999994	0.255787919099999983
5812650000	-0.0759469532000000003	0.258003667800000003
5812655000	-0.0769369097000000002	0.253810205600000005
5812660000	-0.0765216155000000009	0.256565616200000013
5812665000	-0.0762004815000000002	0.261745072899999986
5812670000	-0.0745262904999999948	0.259373359400000003
5812675000	-0.0735116160000000018	0.258895802200000025
5812680000	-0.0710712218000000007	0.261429473999999995
5812685000	-0.073026938099999994	0.263171884099999975
5812690000	-0.0719233814999999943	0.262256533199999975
5812695000	-0.0711419563999999977	0.259661235800000001
5812700000	-0.0727351821999999981	0.261211501600000007
5812705000	-0.0723623116000000066	0.2630062715
5812710000	-0.0667125066999999933	0.264426366099999977
5812715000	-0.065640821299999999	0.261382234099999999
5812720000	-0.066244479300000006	0.261563229100000016
5812725000	-0.0688765016999999952	0.266363427200000003
5812730000	-0.0654213289000000059	0.265563906000000016
5812735000	-0.0683035896000000059	0.270352953800000018
5812740000	-0.0684165328999999933	0.265116829399999976
5812745000	-0.0667525578000000008	0.268249242499999985
5812750000	-0.0650714124999999949	0.268169993800000006
5812755000	-0.0622045333000000034	0.269738506499999975
5812760000	-0.0645113615000000029	0.269983490100000001
5812765000	-0.0664787485999999983	0.275060955100000004
5812770000	-0.0630709970000000036	0.269416727299999992
5812775000	-0.0636131359000000063	0.271140829699999975
5812780000	-0.0621570991000000017	0.271135020700000007
5812785000	-0.0618778711999999967	0.268498615200000013
5812790000	-0.0616497096999999994	0.276278053199999984
5812795000	-0.0611738988000000011	0.27094882269999998
5812800000	-0.058526044800000003	0.272186963800000015
5812805000	-0.0579503726000000011	0.275900444500000008
5812810000	-0.0586608575999999979	0.276129313099999996
5812815000	-0.0593732282000000028	0.275178468999999981
5812820000	-0.0585980392000000003	0.277371793400000011
5812825000	-0.0602416013999999972	0.27645186799999999
5812830000	-0.0560511746999999977	0.275399896799999988
5812835000	-0.0585124095000000011	0.278288012500000015
5812840000	-0.0555394409000000006	0.276874858599999996
5812845000	-0.0563710815999999976	0.278020474199999978
5812850000	-0.0530456158000000011	0.280315675400000019
5812855000	-0.0525273758999999993	0.279024364099999977
5812860000	-0.0525888433000000002	0.279685107300000013
5812865000	-0.0493142536000000034	0.280150928799999976
5812870000	-0.0532190458999999977	0.279091314699999982
5812875000	-0.0518771743000000021	0.280086930399999989
5812880000	-0.0478634813000000034	0.282696132900000008
5812885000	-0.049196704899999999	0.282894849800000014
5812890000	-0.0466255954999999986	0.283439071799999998
5812895000	-0.0471329892000000028	0.282057136500000027
5812900000	-0.0512743194999999985	0.285522207600000022
5812905000	-0.0495533126999999976	0.281620339100000006
5812910000	-0.0461654522999999997	0.28511494300000001
5812915000	-0.0457686361000000028	0.281346717299999993
5812920000	-0.0464172840000000031	0.28475976679999998
5812925000	-0.0444636878999999999	0.288427989699999998
5812930000	-0.0486897620999999989	0.284468680400000007
5812935000	-0.0456585799000000028	0.285612682700000009
5812940000	-0.0449632880999999984	0.287700097799999999
5812945000	-0.0415605334000000021	0.288077413700000007
5812950000	-0.0408117871999999979	0.285610148200000025
5812955000	-0.0421623021000000001	0.289236911900000004
5812960000	-0.0449181899000000023	0.289298231299999986
5812965000	-0.0447561937000000021	0.288176902000000013
5812970000	-0.0400158541999999992	0.287019108999999994
5812975000	-0.0389030122000000034	0.289573691999999994
5812980000	-0.0359676479999999979	0.287627598200000001
5812985000	-0.0376114819000000003	0.290276781400000017
5812990000	-0.0370112665000000007	0.288392979300000019
5812995000	-0.0383434517999999974	0.291400253300000023
5813000000	-0.0382504866000000013	0.291905175100000025
5813005000	-0.0352037232000000019	0.292330181500000008
5813010000	-0.0360140919999999976	0.293167383599999998
5813015000	-0.0370069250999999974	0.291752618399999997
5813020000	-0.0358810328999999983	0.291008290800000013
5813025000	-0.0359286322999999991	0.295073116899999988
5813030000	-0.0350457772999999972	0.291916684300000007
5813035000	-0.0391859241999999997	0.293686254899999999
5813040000	-0.0329876703000000007	0.295784998199999982
5813045000	-0.0295040887000000002	0.292830055099999986
5813050000	-0.0333448246000000031	0.29470353090000001
5813055000	-0.0291403483000000005	0.295033129200000022
5813060000	-0.0295539488000000003	0.29498378489999999
5813065000	-0.0316427270000000024	0.297719140499999979
5813070000	-0.0298647892999999998	0.293755813300000002
5813075000	-0.0247960548000000017	0.295330950400000014
5813080000	-0.0249991555999999997	0.297081859800000014
5813085000	-0.0262591193000000014	0.297373960400000026
5813090000	-0.0292373941999999991	0.293910311099999988
5813095000	-0.0264279687999999999	0.295263134900000002
5813100000	-0.023473687699999999	0.299328132199999986
5813105000	-0.0259367297999999989	0.29940916350000002
5813110000	-0.0247179605000000004	0.300428527800000011
5813115000	-0.0204651151000000003	0.299042854299999994
5813120000	-0.0238528788000000012	0.296543168299999993
5813125000	-0.0234143345999999995	0.299185093499999999
5813130000	-0.0230718248999999993	0.297145095299999995
5813135000	-0.0214786307999999988	0.30089687209999999
5813140000	-0.0226056801000000009	0.298522270099999987
5813145000	-0.0220834367000000004	0.300860105499999975
5813150000	-0.0205184292999999983	0.297164447499999984
5813155000	-0.0180264122999999991	0.30258893269999998
5813160000	-0.0178473456000000016	0.3013259774
5813165000	-0.0184023294000000004	0.298289530700000027
5813170000	-0.017163738500000001	0.303906808199999989
5813175000	-0.0167828559999999988	0.302947020700000014
5813180000	-0.0139130412999999998	0.300747903400000016
5813185000	-0.0118810524999999993	0.304477768799999993
5813190000	-0.0177697285999999996	0.301935731200000002
5813195000	-0.0148906892999999992	0.302250575199999982
5813200000	-0.0129644468999999991	0.301466084999999995
5813205000	-0.0139849074999999993	0.299463837800000021
5813210000	-0.0110234341999999996	0.30550817990000001
5813215000	-0.0145984813000000005	0.302989350300000015
5813220000	-0.00964739830000000027	0.303135740499999973
5813225000	-0.0113828009999999997	0.302563160200000014
5813230000	-0.00971748870000000049	0.301419513899999991
5813235000	-0.0112265864000000003	0.301471996799999975
5813240000	-0.0103820531999999997	0.305280723199999993
5813245000	-0.0118622925999999993	0.306764560500000005
5813250000	-0.00772417860000000015	0.304767171800000014
5813255000	-0.00388482090000000007	0.310923813100000002
5813260000	-0.00490532899999999994	0.302848655799999977
5813265000	-0.00143949339999999994	0.304682029899999984
5813270000	-0.00626792160000000029	0.306475426800000006
5813275000	-0.00802498739999999919	0.305652164200000021
5813280000	-0.00741228269999999988	0.304036507000000011
5813285000	-0.00588200489999999958	0.304072549999999997
5813290000	-0.00493721040000000017	0.30510100480000002
5813295000	-0.00348776139999999995	0.305466061200000027
5813300000	-0.00279661569999999993	0.30545085700000002
5813305000	-0.00086657780000000005	0.30801149160000002
5813310000	-6.41399999999999992e-06	0.303276682099999972
5813315000	-0.0018237774999999999	0.306898649099999976
5813320000	0.00121793230000000001	0.30705427740000002
5813325000	0.00264722869999999997	0.30780332370000002
5813330000	-0.00108253559999999991	0.308013508200000008
5813335000	0.000410224200000000008	0.306077562700000028
5813340000	0.000488260699999999985	0.306334488999999988
5813345000	0.00341731039999999993	0.308690913800000022
5813350000	0.000409777500000000012	0.310328751899999977
5813355000	0.00392090089999999961	0.309914871199999997
5813360000	0.00216464519999999983	0.309701021500000007
5813365000	0.00805675060000000075	0.308968501900000025
5813370000	0.0071484223000000003	0.312299910600000008
5813375000	0.00386876059999999994	0.308672118699999998
5813380000	0.00531497229999999994	0.31109840900000002
5813385000	0.00658256319999999968	0.308212458799999978
5813390000	0.00843425979999999978	0.30727082579999998
5813395000	0.00861447650000000086	0.308282998500000016
5813400000	0.00758781260000000041	0.307180782900000005
5813405000	0.00803649350000000019	0.308492253200000011
5813410000	0.00871425330000000047	0.311463990000000024
5813415000	0.0122650815000000003	0.312626437599999973
5813420000	0.00939630810000000039	0.307925459000000012
5813425000	0.0107494446999999993	0.309575884600000018
5813430000	0.0157362904999999997	0.309005888399999984
5813435000	0.0124257438999999994	0.311932373099999993
5813440000	0.0113113333999999999	0.312040996600000009
5813445000	0.0139678080999999996	0.31174605259999999
5813450000	0.0149377235999999993	0.312797529600000013
5813455000	0.00872940439999999977	0.307617139500000025
5813460000	0.0183437784	0.310299037599999994
5813465000	0.0142357128999999992	0.308780719599999975
5813470000	0.0152090505999999993	0.312498583499999982
5813475000	0.0145499845999999995	0.308705311199999999
5813480000	0.0172535034999999996	0.308494994299999992
5813485000	0.016929392599999999	0.31112966390000002
5813490000	0.0170601273999999997	0.309968117599999982
5813495000	0.0218750337999999989	0.310163877199999993
5813500000	0.0179811926999999989	0.310901612300000019
5813505000	0.0194018692000000013	0.308725586499999982
5813510000	0.0229169855000000006	0.310110438200000005
5813515000	0.0229358838000000009	0.313232762900000017
5813520000	0.0221440468999999987	0.312922009300000026
5813525000	0.0206603051999999995	0.315050411799999985
5813530000	0.0234141962999999988	0.312002625300000003
5813535000	0.0241735071000000017	0.311872845299999979
5813540000	0.0251464924999999992	0.308581502600000002
5813545000	0.0266761857999999984	0.311880506800000012
5813550000	0.027016445699999999	0.3096784588
5813555000	0.0266365206999999993	0.313175686000000009
5813560000	0.0277891822999999996	0.314403360500000006
5813565000	0.0290296576999999993	0.312210512699999998
5813570000	0.0284899547000000003	0.314038647200000021
5813575000	0.0264639004000000004	0.313894483700000004
5813580000	0.026242641399999999	0.311852507700000003
5813585000	0.0283596805999999993	0.31645424350000001
5813590000	0.0323230675999999981	0.314037070099999982
5813595000	0.0291606977999999996	0.314043764800000014
5813600000	0.0308255968999999984	0.310798847400000022
5813605000	0.0295144622999999988	0.312751131999999987
5813610000	0.0321893115999999993	0.310525158799999978
5813615000	0.0305004338000000007	0.312667221200000012
5813620000	0.0305622735999999985	0.311896257399999988
5813625000	0.0354246459999999971	0.315265712199999992
5813630000	0.0345930725999999966	0.314704761
5813635000	0.0320759816999999989	0.310158396300000028
5813640000	0.0341052648	0.3101604731
5813645000	0.0336420657000000012	0.312771644299999985
5813650000	0.0340772512999999999	0.311250062699999996
5813655000	0.0370727419999999988	0.311739204900000011
5813660000	0.0374875668999999981	0.313851213899999981
5813665000	0.0372354667999999986	0.316186932799999987
5813670000	0.0394090505000000008	0.313006637500000018
5813675000	0.0355658257999999991	0.314298193700000006
5813680000	0.0388213676999999979	0.314202755200000017
5813685000	0.0391145010000000029	0.313765649899999999
5813690000	0.0382302857999999995	0.309295108900000004
5813695000	0.0403893578999999989	0.311305422599999992
5813700000	0.0375549583000000034	0.313517587099999995
5813705000	0.0394910003999999967	0.310417047300000026
5813710000	0.0412934265000000009	0.313793436500000023
5813715000	0.0431235670000000015	0.315486532200000003
5813720000	0.0420783117000000026	0.313620175999999973
5813725000	0.0484197279000000008	0.314511434599999973
5813730000	0.0444613884000000029	0.314028913199999982
5813735000	0.0451610506000000023	0.317815340800000012
5813740000	0.0469144785000000022	0.311257586600000025
5813745000	0.0455409532999999991	0.313738466599999988
5813750000	0.0446221169000000015	0.315737003500000002
5813755000	0.0480087176000000004	0.317501951800000015
5813760000	0.0474393196000000017	0.314655797500000001
5813765000	0.0493864415000000029	0.311545597200000024
5813770000	0.0483488347999999971	0.315513761800000014
5813775000	0.0492380243000000023	0.314401726699999995
5813780000	0.0497502706000000003	0.312313979799999974
5813785000	0.0501897656999999997	0.309382301099999979
5813790000	0.0528524067	0.316615086699999992
5813795000	0.0524025629999999992	0.313074355099999979
5813800000	0.0547231487000000016	0.313930744900000003
5813805000	0.0510496006000000016	0.316273147600000026
5813810000	0.0510516619000000033	0.315581736700000004
5813815000	0.0545785976000000006	0.314469607300000009
5813820000	0.0488950521999999971	0.312139586899999988
5813825000	0.053805152600000003	0.314356271399999998
5813830000	0.0527299266999999988	0.316539410899999984
5813835000	0.0557086929999999966	0.313277970600000011
5813840000	0.0556533612000000011	0.314320298300000023
5813845000	0.0562981307999999986	0.310029251000000006
5813850000	0.0534154087	0.313759531099999989
5813855000	0.0584501648000000026	0.315021118499999975
5813860000	0.0560950949000000032	0.312989612899999992
5813865000	0.0593306280000000033	0.315605430600000014
5813870000	0.0555619664000000027	0.312234734600000008
5813875000	0.0615664468000000006	0.315414808400000024
5813880000	0.0609757185999999993	0.31484659399999998
5813885000	0.0587711371999999968	0.31192239989999998
5813890000	0.0606917121999999976	0.31292965239999998
5813895000	0.0621096136000000021	0.315255092800000025
5813900000	0.0607917049000000001	0.313895753200000016
5813905000	0.0629681871000000032	0.319431198600000021
5813910000	0.0630438844999999942	0.312059350100000021
5813915000	0.0667668091999999991	0.314837655100000002
5813920000	0.0625150871999999996	0.312659226800000023
5813925000	0.0643209505000000015	0.313212583499999975
5813930000	0.0606216299000000014	0.315112933699999986
5813935000	0.0640083708000000057	0.312185464700000026
5813940000	0.0651697554000000012	0.314402883999999994
5813945000	0.0661541699999999983	0.316563441200000018
5813950000	0.068293076499999994	0.31286531350000002
5813955000	0.0700884430999999947	0.311920575799999988
5813960000	0.0688317836000000016	0.311439510099999983
5813965000	0.0672066984000000006	0.314439760999999984
5813970000	0.0688653996999999962	0.314637413799999988
5813975000	0.066967905499999994	0.312045650999999979
5813980000	0.0679957191000000044	0.312441492099999996
5813985000	0.0667613516000000046	0.312728937300000009
5813990000	0.0694705241999999945	0.316667164999999973
5813995000	0.0736645098999999942	0.311465988999999999
5814000000	0.0740976126999999957	0.311780503099999995
5814005000	0.0746757182999999991	0.312714729099999977
5814010000	0.0767717259999999985	0.311949459099999993
5814015000	0.0743060281999999989	0.312530929999999985
5814020000	0.0762757180000000062	0.311468405599999998
5814025000	0.0729515527000000052	0.311818104699999987
5814030000	0.0781191386999999932	0.312165931499999993
5814035000	0.0760856802999999998	0.312527822800000021
5814040000	0.0778036532999999975	0.313130138000000002
5814045000	0.0735358864000000001	0.310329086400000009
5814050000	0.0752535767999999994	0.312007122999999997
5814055000	0.0774601017000000058	0.312696958099999978
5814060000	0.0783222288999999988	0.314257169200000019
5814065000	0.075830732299999995	0.309811524399999982
5814070000	0.0761829651999999941	0.30936205830000002
5814075000	0.0763704033999999948	0.312685311299999991
5814080000	0.0787251285999999995	0.312506758900000015
5814085000	0.0828870959999999934	0.311707900799999993
5814090000	0.0789978732999999933	0.314359446900000006
5814095000	0.0828949563999999972	0.314436838800000007
5814100000	0.0825181883000000033	0.310582606300000008
5814105000	0.0825107348999999934	0.312474953900000019
5814110000	0.0869035056999999944	0.311695288399999992
5814115000	0.0788085567999999986	0.310439609900000024
5814120000	0.0894725548000000065	0.311402266300000008
5814125000	0.0882723682000000065	0.314918674700000012
5814130000	0.0792030999999999985	0.312152508399999973
5814135000	0.0844323279000000065	0.311189939600000021
5814140000	0.0847838387999999971	0.309399105299999977
5814145000	0.0830797865000000024	0.311671752299999993
5814150000	0.0867233228999999967	0.308461471699999989
5814155000	0.0877268303000000027	0.311340944700000011
5814160000	0.0868113008999999991	0.312409885100000007
5814165000	0.0938554000999999999	0.315232199099999999
5814170000	0.0897077627999999933	0.309286875700000019
5814175000	0.0888282039999999939	0.309905237
5814180000	0.0885405467999999946	0.307261394399999999
5814185000	0.0919589143999999942	0.311457827600000015
5814190000	0.0936424356000000041	0.310584972399999992
5814195000	0.0888922872000000031	0.308470154300000021
5814200000	0.0901616006000000025	0.31089970309999998
5814205000	0.0948107299000000014	0.312173305000000012
5814210000	0.0922153071000000046	0.312938455399999982
5814215000	0.0940753800999999945	0.310972460299999975
5814220000	0.0958723469999999967	0.310775321400000026
5814225000	0.0940498909000000022	0.309930854500000019
5814230000	0.0958182558999999962	0.311879906900000003
5814235000	0.0964684118999999951	0.312387102199999989
5814240000	0.0974783570000000016	0.31313467519999999
5814245000	0.0963975311999999973	0.305950298600000004
5814250000	0.0946711984999999978	0.309813023700000023
5814255000	0.0972442456000000011	0.30912241909999999
5814260000	0.0979353040999999952	0.309049673000000025
5814265000	0.0992970576999999965	0.310257165499999987
5814270000	0.101499418300000005	0.309394449800000026
5814275000	0.0984409925000000047	0.305602350500000008
5814280000	0.0980405512000000062	0.309081643199999978
5814285000	0.0987111330000000065	0.308911131800000016
5814290000	0.097337177900000002	0.308698839499999989
5814295000	0.100215950900000003	0.30478125490000002
5814300000	0.103379038600000001	0.306269509599999989
5814305000	0.103113575099999993	0.30713571919999999
5814310000	0.0987561274000000044	0.305137260500000007
5814315000	0.102303916600000003	0.304474411399999978
5814320000	0.101201929999999996	0.308389472499999984
5814325000	0.104705691000000004	0.305765287100000005
5814330000	0.0991521295000000052	0.307763195499999975
5814335000	0.1053665134	0.309190883400000005
5814340000	0.105527857399999994	0.307294625799999999
5814345000	0.104371716899999994	0.305025912200000027
5814350000	0.106999851899999998	0.304536931100000019
5814355000	0.103177343699999993	0.308496489900000004
5814360000	0.107303476600000003	0.307968765099999986
5814365000	0.106719854200000006	0.304449306699999978
5814370000	0.106173327499999998	0.30640287049999998
5814375000	0.109867469300000006	0.306170255800000013
5814380000	0.109059175699999997	0.309369524399999984
5814385000	0.109814802899999994	0.304780043
5814390000	0.107021433999999999	0.306449665500000024
5814395000	0.110625513800000005	0.305309971899999977
5814400000	0.115687840200000003	0.309546621000000022
5814405000	0.111583291000000001	0.305440062800000023
5814410000	0.108733214499999994	0.308585544699999992
5814415000	0.112090105600000003	0.305065316500000017
5814420000	0.112656794000000005	0.306717927399999979
5814425000	0.111851535000000002	0.304316771400000019
5814430000	0.113735942300000004	0.306055822500000019
5814435000	0.113473648199999999	0.304038974000000017
5814440000	0.113482502799999996	0.304533245100000016
5814445000	0.113994948299999996	0.305737455400000024
5814450000	0.115588561500000006	0.307812386900000012
5814455000	0.115734957499999999	0.306988248399999997
5814460000	0.119670121000000004	0.307112996400000005
5814465000	0.118279845499999994	0.305958804500000014
5814470000	0.117386161500000002	0.303686446599999993
5814475000	0.118655349800000004	0.302580979299999997
5814480000	0.117666733100000004	0.303954057499999986
5814485000	0.117316296	0.302108667200000014
5814490000	0.117777992900000003	0.304358956899999977
5814495000	0.118291718399999995	0.302851291099999975
5814500000	0.1159368712	0.304691059200000003
5814505000	0.120625059500000006	0.304641540699999991
5814510000	0.121096120500000001	0.302280471800000006
5814515000	0.122938703900000001	0.306083914499999998
5814520000	0.122230744299999999	0.307806529699999998
5814525000	0.123605481899999994	0.299447210700000022
5814530000	0.122687385199999999	0.302364994100000006
5814535000	0.123464383600000005	0.298818706400000023
5814540000	0.124431004999999997	0.304185296900000013
5814545000	0.121551807400000003	0.302948319700000024
5814550000	0.124436154399999999	0.300815700500000005
5814555000	0.125843221899999996	0.299824056800000016
5814560000	0.126477919699999997	0.305460887700000017
5814565000	0.126291866000000003	0.306750642899999981
5814570000	0.1249518664	0.30397259259999998
5814575000	0.131144164099999988	0.301535030199999998
5814580000	0.126013068400000011	0.303147771800000021
5814585000	0.12755367179999999	0.30209357520000002
5814590000	0.128528999799999988	0.30059773820000002
5814595000	0.125320883999999994	0.30101076269999999
5814600000	0.127363585000000001	0.30208249650000002
5814605000	0.130459859799999994	0.301670650200000001
5814610000	0.131422598700000004	0.300960060099999982
5814615000	0.1295893672	0.300514318300000027
5814620000	0.130304478599999995	0.2985439976
5814625000	0.130879585699999995	0.301191484999999981
5814630000	0.133149368200000007	0.296578824399999996
5814635000	0.130163438200000009	0.29802427250000002
5814640000	0.13279751749999999	0.299198067700000014
5814645000	0.134088212200000001	0.294085598299999973
5814650000	0.133921316799999995	0.303330986299999994
5814655000	0.135051699899999988	0.29921583060000001
5814660000	0.135461374400000001	0.298893702500000025
5814665000	0.14043785310000001	0.300975478700000021
5814670000	0.134180869400000014	0.301412802699999982
5814675000	0.134728221499999995	0.301088754600000008
5814680000	0.138913861299999997	0.298688308999999985
5814685000	0.134837170499999992	0.300381798099999986
5814690000	0.138108654599999991	0.300041336400000025
5814695000	0.13641943740000001	0.293422457799999981
5814700000	0.138194642600000001	0.301125316699999979
5814705000	0.139137071400000006	0.29661333350000002
5814710000	0.142304743300000008	0.297643867100000015
5814715000	0.135707650200000002	0.300091464600000024
5814720000	0.14229254790000001	0.296728114200000004
5814725000	0.139240978900000006	0.296350636999999972
5814730000	0.1433706592	0.294550069699999972
5814735000	0.140604933900000006	0.295078888799999994
5814740000	0.141031028100000011	0.297869029399999985
5814745000	0.143564509700000009	0.298106346199999983
5814750000	0.143964421700000011	0.296213082199999977
5814755000	0.142006494499999997	0.297774550199999988
5814760000	0.144212297099999998	0.295577297500000002
5814765000	0.143487233399999997	0.295510433299999986
5814770000	0.146070939000000011	0.291641224099999985
5814775000	0.145458658299999988	0.295467843399999985
5814780000	0.147810394399999989	0.293186501200000005
5814785000	0.148309592299999987	0.293134657600000015
5814790000	0.145854626099999996	0.29435799880000002
5814795000	0.144565376100000004	0.297995236699999999
5814800000	0.147274984100000006	0.29431614049999999
5814805000	0.146220237700000005	0.291622335700000013
5814810000	0.151046173700000008	0.294498404599999986
5814815000	0.144163190100000005	0.293139379099999986
5814820000	0.146734227100000003	0.291655759600000009
5814825000	0.150532685899999991	0.295994066300000025
5814830000	0.152746020799999993	0.293129026299999984
5814835000	0.150167750799999999	0.293698057499999998
5814840000	0.150481047499999993	0.298501877099999979
5814845000	0.15149574460000001	0.2922947246
5814850000	0.150243361600000014	0.288745352700000013
5814855000	0.153345393899999988	0.291249170300000026
5814860000	0.156425215300000003	0.292752235500000013
5814865000	0.154197946199999991	0.292592908599999979
5814870000	0.15289795610000001	0.294662884700000016
5814875000	0.152307551399999991	0.291599451200000026
5814880000	0.15193266720000001	0.293245775699999989
5814885000	0.156397341500000009	0.289423828200000011
5814890000	0.156580728800000013	0.292612657100000007
5814895000	0.153319180700000002	0.290530485599999999
5814900000	0.154474708999999988	0.291365071199999992
5814905000	0.156924852499999989	0.292484524999999995
5814910000	0.160219188799999995	0.28831255950000001
5814915000	0.154856487399999992	0.288839309699999991
5814920000	0.158041403500000011	0.287603823799999991
5814925000	0.159570414800000004	0.290836779699999992
5814930000	0.158248389299999986	0.288086528800000019
5814935000	0.156495905500000004	0.290392186300000021
5814940000	0.156444552900000006	0.286932039999999999
