# freq, I e Q
4394803800	-0.513049336599999961	0.0371268313999999974
4394805800	-0.513308947099999968	0.0364035625000000002
4394807800	-0.513693869699999972	0.0370589665999999998
4394809800	-0.512984364100000034	0.0378250098000000035
4394811800	-0.512210100200000018	0.0385452763000000004
4394813800	-0.512791780499999961	0.0381778882999999972
4394815800	-0.512826513299999953	0.0391877176999999993
4394817800	-0.512620522199999984	0.0394542480999999987
4394819800	-0.511888079799999951	0.0401071069000000016
4394821800	-0.512531826000000024	0.0407815844000000011
4394823800	-0.512810522700000049	0.0406625035000000024
4394825800	-0.511685499799999999	0.0409404718000000029
4394827800	-0.51203451099999997	0.0406195203000000032
4394829800	-0.512537020200000026	0.0421011404000000006
4394831800	-0.511565784800000034	0.0417468894000000007
4394833800	-0.512203629599999988	0.0422810688000000018
4394835800	-0.512076486899999961	0.0424769336999999969
4394837800	-0.511895655500000046	0.043227266200000003
4394839800	-0.51205335630000004	0.0434739862000000019
4394841800	-0.511332075500000038	0.0437216037000000002
4394843800	-0.511102961199999983	0.0440773394999999998
4394845800	-0.512221660300000048	0.0443780698000000029
4394847800	-0.511612203999999959	0.044861028800000001
4394849800	-0.511583993000000015	0.0449822186999999998
4394851800	-0.512450959900000003	0.0453210713000000015
4394853800	-0.511824413000000034	0.0458986565999999971
4394855800	-0.511450977700000031	0.0467124278999999989
4394857800	-0.511369325700000044	0.0466399789999999981
4394859800	-0.511960242500000051	0.0469565755000000001
4394861800	-0.511409424200000018	0.0467902434000000006
4394863800	-0.511561004699999988	0.0479439779999999982
4394865800	-0.510809209000000042	0.0483441209999999968
4394867800	-0.510540424200000009	0.0484743883999999986
4394869800	-0.511096971499999997	0.0486013195999999981
4394871800	-0.51155486530000005	0.0492871303000000024
4394873800	-0.511102769600000006	0.0494104438000000021
4394875800	-0.510742174500000035	0.049953253000000003
4394877800	-0.51108977659999999	0.0503215092999999974
4394879800	-0.511133474800000043	0.0505275967999999978
4394881800	-0.510496740400000037	0.0506601050999999983
4394883800	-0.510549063999999997	0.0519714112999999991
4394885800	-0.511303623200000001	0.0512644952999999973
4394887800	-0.510398074499999965	0.0519254164000000004
4394889800	-0.510431772999999978	0.0522050225000000034
4394891800	-0.510446651299999998	0.0529968531999999992
4394893800	-0.511033331699999982	0.0530278911000000019
4394895800	-0.510596871199999969	0.0531830822999999966
4394897800	-0.510426100500000035	0.0536597850000000015
4394899800	-0.509817651600000032	0.0541437915999999977
4394901800	-0.509908774300000034	0.0540808003999999967
4394903800	-0.510866611700000028	0.0551435182999999995
4394905800	-0.510441183800000031	0.0551557446000000007
4394907800	-0.510953369700000049	0.0561293938000000034
4394909800	-0.510099779499999961	0.0563324346000000017
4394911800	-0.510699385300000031	0.0566448862000000011
4394913800	-0.51004790160000002	0.0569255768000000023
4394915800	-0.51005181470000005	0.0574323882999999979
4394917800	-0.510111951499999994	0.0575585449000000013
4394919800	-0.510208128599999977	0.0576763292000000011
4394921800	-0.509742568399999985	0.0582216696999999991
4394923800	-0.509361749800000041	0.0590073433000000008
4394925800	-0.509630100500000016	0.0597262684999999988
4394927800	-0.509662019700000024	0.0591337158000000002
4394929800	-0.509375055499999951	0.0594107503999999967
4394931800	-0.509610593300000025	0.0600660027999999971
4394933800	-0.508512856800000024	0.0597563700000000031
4394935800	-0.50928397000000003	0.0605689666999999973
4394937800	-0.50883880859999997	0.0610879406000000014
4394939800	-0.509760709799999989	0.0612597806000000009
4394941800	-0.508989028699999957	0.0620382547000000034
4394943800	-0.509349544099999996	0.0623505863999999979
4394945800	-0.508823504300000007	0.0624931560000000011
4394947800	-0.508774796299999998	0.0628587671999999986
4394949800	-0.509058275200000021	0.0636310796999999956
4394951800	-0.508489806900000008	0.0637735730000000001
4394953800	-0.509079620099999963	0.0642565479999999967
4394955800	-0.509414382300000024	0.0644075493000000054
4394957800	-0.507967530599999995	0.0646190249000000022
4394959800	-0.508421908300000003	0.0653705074999999941
4394961800	-0.508139262499999966	0.0657608732000000001
4394963800	-0.508538601100000043	0.0657690172999999961
4394965800	-0.509033134700000001	0.0667816767000000006
4394967800	-0.508209530999999992	0.0667971432000000059
4394969800	-0.508783913399999954	0.0667262066999999987
4394971800	-0.508634655599999985	0.0675730600999999986
4394973800	-0.508231392600000054	0.0677219057999999957
4394975800	-0.508356846400000006	0.0683849007999999953
4394977800	-0.507599679899999989	0.0688090009999999946
4394979800	-0.508228394600000022	0.0691877776
4394981800	-0.507862342499999952	0.0698543189000000037
4394983800	-0.507706405900000046	0.0698589805000000008
4394985800	-0.508214363699999949	0.0704274705000000056
4394987800	-0.507555391000000022	0.0711419454000000034
4394989800	-0.507815219299999954	0.0711073641000000006
4394991800	-0.507383208100000038	0.0717348193999999967
4394993800	-0.507759171599999948	0.0712722962999999959
4394995800	-0.507358651700000052	0.0731859945000000039
4394997800	-0.50764363960000003	0.0725221543999999968
4394999800	-0.507553176599999989	0.0727935388000000017
4395001800	-0.506716783999999976	0.0739979389000000043
4395003800	-0.508111610299999961	0.0735752068000000009
4395005800	-0.507282396899999988	0.0747101049999999989
4395007800	-0.507640089499999947	0.0741851548
4395009800	-0.507176006500000054	0.075713011100000005
4395011800	-0.506946489900000019	0.0757658244000000008
4395013800	-0.507429382200000001	0.0765229951999999991
4395015800	-0.507036094299999962	0.0763795211000000002
4395017800	-0.507400349199999989	0.0769382438000000002
4395019800	-0.506698864299999996	0.0774018181999999999
4395021800	-0.506801060999999997	0.0780079283000000012
4395023800	-0.506884927800000051	0.0783268673999999998
4395025800	-0.506735134299999945	0.0786777099000000035
4395027800	-0.506397476700000015	0.0783208851000000011
4395029800	-0.506313808200000048	0.0793135373000000005
4395031800	-0.506602634499999982	0.0796564575999999941
4395033800	-0.506069214699999992	0.0804284433999999937
4395035800	-0.506028868599999959	0.0811913950999999939
4395037800	-0.50656435980000003	0.0807756064000000051
4395039800	-0.50612317200000001	0.0809819804999999948
4395041800	-0.506177206699999993	0.0819832927000000017
4395043800	-0.505960834899999989	0.0814790730999999935
4395045800	-0.505661686000000055	0.0827588078999999949
4395047800	-0.506311389199999962	0.083313030499999996
4395049800	-0.506603768900000029	0.0834111705000000064
4395051800	-0.505421177200000016	0.0842423424000000032
4395053800	-0.505597282199999998	0.0846477283999999969
4395055800	-0.505559903099999985	0.0843338282999999966
4395057800	-0.505054918899999983	0.0849637834000000064
4395059800	-0.505167722000000041	0.0857469470000000039
4395061800	-0.504951025400000031	0.0860612538999999954
4395063800	-0.505064735199999948	0.0864365207999999996
4395065800	-0.504580214700000029	0.0858981823000000005
4395067800	-0.50491272009999999	0.0867272850999999956
4395069800	-0.505268873699999954	0.0873689893000000051
4395071800	-0.504843791099999994	0.0880479222000000034
4395073800	-0.504874808700000011	0.0882215809999999934
4395075800	-0.504756516499999974	0.0888151368999999941
4395077800	-0.505337246900000037	0.0894995933999999937
4395079800	-0.504891022000000023	0.089737069700000005
4395081800	-0.504547862599999952	0.0906647111000000033
4395083800	-0.504140006099999982	0.0906534699000000055
4395085800	-0.503962193899999966	0.0912207889000000022
4395087800	-0.504546056499999951	0.0916523832000000066
4395089800	-0.503534212000000037	0.0922793598999999964
4395091800	-0.503685088799999958	0.0919380058999999944
4395093800	-0.503781383199999988	0.0930767737000000039
4395095800	-0.503618644600000054	0.0930716708000000059
4395097800	-0.503544166399999993	0.0932746700999999984
4395099800	-0.503708613000000027	0.0936298433000000013
4395101800	-0.503557517099999963	0.0939924672999999933
4395103800	-0.503021026999999954	0.094785204299999995
4395105800	-0.503033593399999979	0.0949086375000000038
4395107800	-0.502741416500000038	0.0957388353999999997
4395109800	-0.50333413309999997	0.0958221058000000014
4395111800	-0.503220219899999988	0.0959621992000000007
4395113800	-0.502447111099999955	0.0969521408999999973
4395115800	-0.502409621199999989	0.0978829242999999932
4395117800	-0.502783203899999975	0.0980327185999999989
4395119800	-0.502343457299999963	0.0981156187000000041
4395121800	-0.502207509999999968	0.0985110904999999953
4395123800	-0.501580257099999982	0.0987760887999999948
4395125800	-0.502173021000000053	0.0996549169000000012
4395127800	-0.502151520199999979	0.0995356867000000006
4395129800	-0.502276922700000017	0.0999854237000000062
4395131800	-0.501359940800000015	0.100781930300000003
4395133800	-0.501932393599999971	0.101507049899999993
4395135800	-0.501397405299999988	0.102120324200000001
4395137800	-0.501031279100000004	0.102523761300000002
4395139800	-0.501465149900000018	0.102816704300000006
4395141800	-0.500238120400000041	0.103087020799999998
4395143800	-0.500811879999999987	0.1038651778
4395145800	-0.501036452200000038	0.104171947400000006
4395147800	-0.500721662899999975	0.104681659299999993
4395149800	-0.500618905700000005	0.104961451600000005
4395151800	-0.499817076500000013	0.105303440900000003
4395153800	-0.499535429500000017	0.105919643199999997
4395155800	-0.500258049200000054	0.106689267500000004
4395157800	-0.499668726200000024	0.106151869300000007
4395159800	-0.49985997729999998	0.106712324100000006
4395161800	-0.499250781099999985	0.108027360200000005
4395163800	-0.499103876200000018	0.108215154800000005
4395165800	-0.499479725099999994	0.107947710399999994
4395167800	-0.499010640999999977	0.108661071400000003
4395169800	-0.499429379100000015	0.109878943000000007
4395171800	-0.499422378100000008	0.110205752800000001
4395173800	-0.498884819699999982	0.110326642099999997
4395175800	-0.498877490899999998	0.110691697399999997
4395177800	-0.498736138200000012	0.111437653299999995
4395179800	-0.498884374899999983	0.112168141499999999
4395181800	-0.497747110599999987	0.1120098291
4395183800	-0.498630785700000023	0.112798383299999999
4395185800	-0.497618048500000021	0.112643743000000005
4395187800	-0.497535404199999975	0.113199708199999999
4395189800	-0.497625065600000027	0.114380439200000003
4395191800	-0.497054667200000022	0.114856049200000004
4395193800	-0.497376781300000015	0.114870298600000004
4395195800	-0.496856002600000013	0.115151740599999997
4395197800	-0.497069906900000025	0.116961782400000006
4395199800	-0.496294636600000005	0.116080857999999995
4395201800	-0.496564863700000025	0.116500388400000002
4395203800	-0.496579545600000005	0.116749148900000002
4395205800	-0.496019630099999997	0.117754555699999999
4395207800	-0.496440351700000004	0.118438094499999994
4395209800	-0.4955515593	0.118898075300000003
4395211800	-0.495668171400000024	0.119093935499999998
4395213800	-0.496189450699999979	0.119209243899999998
4395215800	-0.4952417073	0.120297898700000003
4395217800	-0.495081650900000003	0.120571650000000002
4395219800	-0.49474271219999999	0.122228957999999999
4395221800	-0.495644270800000009	0.121627022900000006
4395223800	-0.4950129734	0.1225692491
4395225800	-0.494674965600000016	0.1230573046
4395227800	-0.495174349600000008	0.123011584600000001
4395229800	-0.493879468499999974	0.123521176999999996
4395231800	-0.493526466599999991	0.1243888259
4395233800	-0.493613607499999996	0.124660562500000002
4395235800	-0.493441645099999993	0.125653515599999988
4395237800	-0.493124123899999989	0.125600776299999994
4395239800	-0.4930408664	0.126000601600000012
4395241800	-0.492514517599999979	0.126021890199999986
4395243800	-0.492873477900000023	0.126866091099999995
4395245800	-0.492929885000000012	0.127462601000000009
4395247800	-0.492527140699999977	0.128898408399999997
4395249800	-0.492963107899999975	0.127933088800000011
4395251800	-0.491909992700000021	0.1284315657
4395253800	-0.491869148899999997	0.129891795700000007
4395255800	-0.492007439499999977	0.130844420399999994
4395257800	-0.491557087100000012	0.130532025100000004
4395259800	-0.491326702599999998	0.1310347969
4395261800	-0.491019007299999977	0.131486456599999996
4395263800	-0.490833137899999994	0.132865790499999997
4395265800	-0.490322074100000005	0.133300561600000006
4395267800	-0.49068204339999999	0.133301468499999992
4395269800	-0.490050291099999979	0.133393665599999989
4395271800	-0.489933930999999989	0.1347065754
4395273800	-0.489101172099999981	0.135331191200000006
4395275800	-0.489065437699999994	0.135040941800000008
4395277800	-0.488793759900000013	0.136378326200000011
4395279800	-0.488998755000000007	0.137610532400000013
4395281800	-0.488535288899999975	0.137570172399999996
4395283800	-0.488825840299999981	0.137773159099999987
4395285800	-0.487993664599999988	0.138267810399999996
4395287800	-0.488308477600000013	0.138790941899999992
4395289800	-0.487795626500000024	0.138994065400000005
4395291800	-0.487158476000000007	0.1402044811
4395293800	-0.487036020199999975	0.140562007600000011
4395295800	-0.486643974300000004	0.141679822499999997
4395297800	-0.486706087899999973	0.141430682199999991
4395299800	-0.486506965899999977	0.142430435699999997
4395301800	-0.486564287300000009	0.142506263399999999
4395303800	-0.486093968200000004	0.14379378570000001
4395305800	-0.485132982900000009	0.144375518199999997
4395307800	-0.485352291699999994	0.144606663899999988
4395309800	-0.48511866549999999	0.145996276300000005
4395311800	-0.484816040399999981	0.145799326300000004
4395313800	-0.484135414500000028	0.145723163500000003
4395315800	-0.484336814800000015	0.147073383800000013
4395317800	-0.484128432900000016	0.147895715600000005
4395319800	-0.483069153600000023	0.148145228299999987
4395321800	-0.482973265900000004	0.148528941599999992
4395323800	-0.482852316000000004	0.149064389800000002
4395325800	-0.482854296700000019	0.149607502799999986
4395327800	-0.481988711100000022	0.150739192100000002
4395329800	-0.481368312999999992	0.151319781200000003
4395331800	-0.482143247200000014	0.151555313100000005
4395333800	-0.481273568099999993	0.152550696099999994
4395335800	-0.480950623399999999	0.152729239600000011
4395337800	-0.480111166199999995	0.154126848900000002
4395339800	-0.480083792499999995	0.154498919200000001
4395341800	-0.480759605199999995	0.154849513200000011
4395343800	-0.479407582700000001	0.155884703799999996
4395345800	-0.479694612399999998	0.155890968299999988
4395347800	-0.478497324700000004	0.1573948664
4395349800	-0.477703678600000015	0.158118939900000005
4395351800	-0.478738800299999989	0.158059723900000004
4395353800	-0.477650705800000019	0.158852063500000001
4395355800	-0.477627117400000023	0.15942146900000001
4395357800	-0.476623061600000009	0.159859999400000008
4395359800	-0.476736995300000022	0.160357791100000008
4395361800	-0.476018351700000009	0.161453320900000002
4395363800	-0.476540950700000021	0.161523803900000013
4395365800	-0.475319121100000019	0.162439217899999988
4395367800	-0.474987196700000003	0.163858167299999996
4395369800	-0.475151718399999978	0.163846851300000013
4395371800	-0.473662400900000002	0.164900278399999989
4395373800	-0.473268387899999976	0.165214230399999995
4395375800	-0.473271776099999986	0.165354222599999989
4395377800	-0.472814045700000019	0.167259430099999995
4395379800	-0.471877344500000018	0.16703638400000001
4395381800	-0.471652973899999994	0.168886934500000002
4395383800	-0.471128382899999976	0.16864581070000001
4395385800	-0.470798181400000015	0.169798606299999988
4395387800	-0.470142024499999978	0.171034439700000013
4395389800	-0.470340764299999992	0.171670037199999986
4395391800	-0.4698946336	0.171636320700000011
4395393800	-0.468897455899999982	0.172346343000000013
4395395800	-0.469094475399999988	0.173534692600000012
4395397800	-0.468435427600000009	0.174421924199999995
4395399800	-0.466549596600000005	0.175067039899999999
4395401800	-0.466621752499999987	0.176267330400000005
4395403800	-0.466335554699999988	0.176398816699999988
4395405800	-0.465670939800000017	0.17792170269999999
4395407800	-0.465604374400000021	0.178088062200000008
4395409800	-0.465149035300000013	0.178758863600000012
4395411800	-0.464142035100000017	0.18012876559999999
4395413800	-0.463613674699999978	0.180075142999999993
4395415800	-0.462439087000000026	0.182019880599999989
4395417800	-0.46227759530000001	0.182576667199999987
4395419800	-0.461821858600000024	0.1827023059
4395421800	-0.460935764899999989	0.183327485000000012
4395423800	-0.460202013399999998	0.184774137100000013
4395425800	-0.459777481099999996	0.186519435099999992
4395427800	-0.45945225369999998	0.186234458999999991
4395429800	-0.4579568054	0.187667846599999993
4395431800	-0.457141102799999977	0.188674338299999994
4395433800	-0.456067356899999998	0.18893437569999999
4395435800	-0.456094183300000011	0.190450856599999996
4395437800	-0.454908968500000011	0.191378256299999994
4395439800	-0.453273689599999974	0.192424015899999995
4395441800	-0.45252258820000002	0.193564817199999989
4395443800	-0.453019453000000016	0.193873198899999988
4395445800	-0.451552345199999983	0.194662266100000009
4395447800	-0.45079176230000001	0.196009494899999998
4395449800	-0.45076115189999999	0.197086595599999997
4395451800	-0.448595151400000003	0.197729659299999999
4395453800	-0.447585136800000005	0.199481603499999993
4395455800	-0.445971602999999994	0.199717048799999991
4395457800	-0.445595599000000009	0.201359272000000006
4395459800	-0.445142391199999987	0.202133390400000001
4395461800	-0.44411783199999999	0.203314457599999998
4395463800	-0.441777191899999977	0.204794859899999987
4395465800	-0.440916295399999991	0.206135502599999992
4395467800	-0.440036619500000004	0.206855218199999996
4395469800	-0.438454747300000003	0.208151961699999999
4395471800	-0.437473612399999989	0.209197334099999993
4395473800	-0.435353043100000003	0.210486684600000001
4395475800	-0.433578978000000004	0.211906569200000006
4395477800	-0.431865500999999985	0.213573345599999992
4395479800	-0.430928350299999985	0.214381986899999988
4395481800	-0.428751757499999997	0.215975313800000013
4395483800	-0.427314378100000003	0.21777368929999999
4395485800	-0.424136647099999986	0.21914954880000001
4395487800	-0.4214600295	0.220790422300000011
4395489800	-0.419932568700000008	0.222206690699999987
4395491800	-0.416296885700000008	0.223883009299999991
4395493800	-0.413784026600000021	0.226395017000000004
4395495800	-0.409796733400000002	0.228458157800000006
4395497800	-0.4058912415	0.230690605800000004
4395499800	-0.399103873100000006	0.234775282000000002
4395501800	-0.223982524300000013	-0.100858842800000001
4395503800	-0.225181574899999987	-0.101401711899999997
4395505800	-0.226097747099999996	-0.101540852400000006
4395507800	-0.22754829800000001	-0.102571309900000004
4395509800	-0.228714885099999987	-0.102850657999999998
4395511800	-0.2314814543	-0.103219774900000005
4395513800	-0.232088487900000001	-0.1039208254
4395515800	-0.233038807999999986	-0.104829254799999994
4395517800	-0.234440928100000001	-0.104555897199999998
4395519800	-0.235582102099999996	-0.105041091099999997
4395521800	-0.23690549059999999	-0.105828504399999995
4395523800	-0.238791727199999998	-0.106480604899999998
4395525800	-0.239718577799999999	-0.107205558000000006
4395527800	-0.241367131200000001	-0.107395963699999999
4395529800	-0.242263365499999994	-0.107729837100000003
4395531800	-0.2435395427	-0.108436892300000004
4395533800	-0.245670274399999999	-0.108148843499999994
4395535800	-0.247142811699999992	-0.108841761199999998
4395537800	-0.247220267699999996	-0.109313217300000001
4395539800	-0.249628834500000008	-0.109709469700000006
4395541800	-0.250572012399999988	-0.110084905999999996
4395543800	-0.251932755499999994	-0.110617163899999996
4395545800	-0.252981733900000005	-0.110622409899999996
4395547800	-0.254100756099999991	-0.111358615499999994
4395549800	-0.255639047600000002	-0.111440894900000004
4395551800	-0.257104150799999986	-0.111171260300000005
4395553800	-0.257808265699999983	-0.112871081600000006
4395555800	-0.259863712099999977	-0.112133127799999996
4395557800	-0.261411211099999985	-0.112349203300000006
4395559800	-0.262859410000000016	-0.112525448700000003
4395561800	-0.263694534699999983	-0.112714500800000006
4395563800	-0.265578998899999974	-0.112863363499999994
4395565800	-0.266337961899999975	-0.113742235699999999
4395567800	-0.268207692399999975	-0.113705395000000001
4395569800	-0.268466374600000002	-0.113454906100000003
4395571800	-0.270651527200000019	-0.113819472399999996
4395573800	-0.271458824300000012	-0.113615567299999998
4395575800	-0.272648321999999999	-0.113837903000000004
4395577800	-0.273678661900000009	-0.114628629400000001
4395579800	-0.275334928300000004	-0.115028169400000005
4395581800	-0.276164241799999988	-0.115051316000000001
4395583800	-0.277724212000000026	-0.114978927600000003
4395585800	-0.278925692700000005	-0.114757453600000003
4395587800	-0.279949057999999973	-0.114130654200000001
4395589800	-0.281581198300000002	-0.114898424400000004
4395591800	-0.282682665599999994	-0.1156102408
4395593800	-0.284099164299999984	-0.115102863799999997
4395595800	-0.285465666299999976	-0.115348423199999994
4395597800	-0.286789954399999991	-0.114825190999999993
4395599800	-0.288320745699999992	-0.1146867471
4395601800	-0.288988091700000005	-0.115759045800000002
4395603800	-0.290429501199999995	-0.115330251999999994
4395605800	-0.291326447200000005	-0.115910621699999994
4395607800	-0.293657738599999996	-0.115971342300000002
4395609800	-0.294258259099999975	-0.115028231800000005
4395611800	-0.295413525100000018	-0.115281391499999997
4395613800	-0.297517183000000018	-0.115216139300000006
4395615800	-0.297972829200000011	-0.115810897499999996
4395617800	-0.299174973499999997	-0.115191352299999994
4395619800	-0.300168063200000002	-0.115217304300000004
4395621800	-0.302441660100000009	-0.115366417600000007
4395623800	-0.303493551899999991	-0.115077788400000006
4395625800	-0.303751429399999995	-0.114984402499999999
4395627800	-0.305411689099999994	-0.114834556399999996
4395629800	-0.3060765446	-0.114245934399999999
4395631800	-0.307639229700000016	-0.113760130900000006
4395633800	-0.309909861499999995	-0.114293240899999995
4395635800	-0.310835116500000008	-0.1141550343
4395637800	-0.312367095400000017	-0.114601590399999995
4395639800	-0.312937460599999995	-0.113710946100000002
4395641800	-0.314216927199999996	-0.113372338399999995
4395643800	-0.315789108200000002	-0.113840814600000007
4395645800	-0.316797471599999991	-0.113449522600000005
4395647800	-0.318317626399999998	-0.113473471300000003
4395649800	-0.318983286600000027	-0.113072944800000005
4395651800	-0.320784212499999999	-0.112600554800000002
4395653800	-0.322497106899999997	-0.113507213999999995
4395655800	-0.323232295900000022	-0.112442664299999995
4395657800	-0.324612331899999995	-0.112122704599999998
4395659800	-0.325522200099999992	-0.112246796800000007
4395661800	-0.327109311000000014	-0.111947439600000004
4395663800	-0.32808245250000001	-0.111579558199999998
4395665800	-0.328364706100000014	-0.111467460800000001
4395667800	-0.329886319400000017	-0.111085934400000003
4395669800	-0.331341258400000005	-0.110849466800000004
4395671800	-0.332330462300000018	-0.109650656200000002
4395673800	-0.334002362599999991	-0.110320211400000007
4395675800	-0.334991795400000014	-0.110235357699999995
4395677800	-0.336272147799999976	-0.109897207100000005
4395679800	-0.337454742699999977	-0.109429938199999993
4395681800	-0.338742788600000011	-0.108477839800000003
4395683800	-0.339957887100000022	-0.108828178299999995
4395685800	-0.340456636599999973	-0.108892223600000004
4395687800	-0.341905245600000018	-0.108648161500000007
4395689800	-0.343162921600000004	-0.107907751999999996
4395691800	-0.343778154200000019	-0.107971025499999998
4395693800	-0.345266136000000001	-0.107562887800000007
4395695800	-0.346289376599999976	-0.106743348099999996
4395697800	-0.347833194499999998	-0.106452974199999995
4395699800	-0.348577665199999998	-0.106311544199999997
4395701800	-0.349546897799999978	-0.105174906700000001
4395703800	-0.351219465600000003	-0.1056808791
4395705800	-0.351748021999999994	-0.105209750199999993
4395707800	-0.352938916200000008	-0.104996926700000007
4395709800	-0.354093722599999994	-0.104035696100000005
4395711800	-0.356006173799999992	-0.103484384799999996
4395713800	-0.356684576600000025	-0.103787475899999995
4395715800	-0.357362024100000009	-0.102757403600000005
4395717800	-0.358974392799999986	-0.102332218399999994
4395719800	-0.359562771399999981	-0.102485062900000007
4395721800	-0.360693563200000011	-0.101713058800000006
4395723800	-0.361744531599999974	-0.100494828699999997
4395725800	-0.362867337299999981	-0.100248222600000006
4395727800	-0.364316765099999995	-0.100209584099999999
4395729800	-0.364659099099999995	-0.0998583774000000035
4395731800	-0.365800090099999975	-0.0992046246999999937
4395733800	-0.367341268800000009	-0.0986539444999999932
4395735800	-0.368536708099999999	-0.0985872037000000007
4395737800	-0.369485535199999993	-0.0974641814999999967
4395739800	-0.371016197499999978	-0.0968548500000000062
4395741800	-0.371842108200000021	-0.0963993531000000015
4395743800	-0.3730912267	-0.0954152969000000017
4395745800	-0.374043110000000012	-0.0955351385999999997
4395747800	-0.374622867500000012	-0.0948601565000000008
4395749800	-0.375467405600000026	-0.0946810487000000062
4395751800	-0.377476280800000008	-0.0939889668000000039
4395753800	-0.377382433600000011	-0.0933118681000000005
4395755800	-0.37847651910000002	-0.0930473908000000044
4395757800	-0.380279383299999996	-0.0920574232999999964
4395759800	-0.380517439800000024	-0.0916816512000000056
4395761800	-0.381625949299999989	-0.0915133401000000068
4395763800	-0.382605492400000025	-0.0908660280999999959
4395765800	-0.383541455899999995	-0.0902377102000000014
4395767800	-0.384464179399999995	-0.0897415225000000039
4395769800	-0.38622675350000002	-0.0885009098999999938
4395771800	-0.386911111699999977	-0.087971265600000001
4395773800	-0.387502214199999973	-0.0875263272000000037
4395775800	-0.388637457799999975	-0.0873800799999999989
4395777800	-0.389694727700000021	-0.0867611296000000004
4395779800	-0.391207735000000001	-0.0858750895000000014
4395781800	-0.391687021400000002	-0.0852693922000000021
4395783800	-0.392781469300000019	-0.0847732593000000006
4395785800	-0.393952444100000021	-0.0843794761999999976
4395787800	-0.394901916199999981	-0.0836051312999999963
4395789800	-0.3958224199	-0.0826314982000000003
4395791800	-0.396560518899999992	-0.0818008513999999992
4395793800	-0.397534362500000016	-0.0819710850999999935
4395795800	-0.397577999600000009	-0.0814677396999999998
4395797800	-0.398070363799999993	-0.0806760960000000027
4395799800	-0.3991638978	-0.080797625299999995
4395801800	-0.39919430760000002	-0.0800598985000000041
4395803800	-0.400783006300000022	-0.079351156000000006
4395805800	-0.401261845000000006	-0.0784051152999999945
4395807800	-0.403005241800000025	-0.0783135070000000044
4395809800	-0.403213957600000006	-0.0772672831000000004
4395811800	-0.403622965499999986	-0.0760707672000000001
4395813800	-0.405061789299999975	-0.0760955283000000066
4395815800	-0.405985858600000027	-0.0749739333000000036
4395817800	-0.406820830799999977	-0.0739204594999999937
4395819800	-0.407857038800000016	-0.0735690001999999982
4395821800	-0.408857717700000012	-0.0731499173000000058
4395823800	-0.409170461599999979	-0.0729754033999999996
4395825800	-0.409832575600000026	-0.0714982093999999985
4395827800	-0.411157797300000016	-0.0705190675999999989
4395829800	-0.41271980060000002	-0.0693901449000000059
4395831800	-0.413383831500000021	-0.0690465848000000049
4395833800	-0.414466768400000019	-0.0683027077000000066
4395835800	-0.415355150900000025	-0.0678811495000000015
4395837800	-0.415192912700000027	-0.0669364060999999982
4395839800	-0.416086382799999988	-0.0663676661999999945
4395841800	-0.417009651799999992	-0.0656336297000000013
4395843800	-0.417903800699999994	-0.0648666459000000056
4395845800	-0.419041501500000024	-0.0644044203999999954
4395847800	-0.419622810299999982	-0.0623111039999999991
4395849800	-0.420409790299999975	-0.0627109227999999991
4395851800	-0.421223053899999977	-0.0618198412999999974
4395853800	-0.421770911199999987	-0.0608648141999999989
4395855800	-0.423264841599999997	-0.0600446640999999989
4395857800	-0.423936760999999995	-0.0597321988999999984
4395859800	-0.42413519890000001	-0.0585980654999999975
4395861800	-0.425212709500000008	-0.0579341208000000024
4395863800	-0.426123431200000014	-0.0570776467999999995
4395865800	-0.425611866299999975	-0.0565306433999999969
4395867800	-0.42750276650000002	-0.0556865148999999976
4395869800	-0.428249819199999993	-0.0544973596999999976
4395871800	-0.428609321499999973	-0.0534921303999999972
4395873800	-0.429481775600000004	-0.0535743970000000028
4395875800	-0.430144269999999995	-0.0515339804999999998
4395877800	-0.431258752899999986	-0.0513061729000000022
4395879800	-0.432154344400000001	-0.0510321070000000002
4395881800	-0.432838879499999996	-0.0505176656999999987
4395883800	-0.434211926500000012	-0.0493623055000000019
4395885800	-0.434259783100000019	-0.0481167024000000026
4395887800	-0.43490499589999998	-0.047296257199999997
4395889800	-0.434976040000000008	-0.0461196779000000029
4395891800	-0.43630299589999999	-0.0462265514999999974
4395893800	-0.437052727799999985	-0.0447814876999999972
4395895800	-0.437348800500000023	-0.0440824131999999966
4395897800	-0.438656346400000008	-0.0434653308000000002
4395899800	-0.439321796300000011	-0.0425594139000000024
4395901800	-0.439576391100000019	-0.0413988051999999995
4395903800	-0.440037376500000021	-0.0411550181000000029
4395905800	-0.440744596400000022	-0.040899520100000003
4395907800	-0.44142315339999999	-0.0389071586999999997
4395909800	-0.442525311300000002	-0.0383188007999999969
4395911800	-0.442607479199999987	-0.0378717553999999984
4395913800	-0.443465037900000025	-0.0373686134000000003
4395915800	-0.444256713999999997	-0.0360051125999999999
4395917800	-0.445218123000000021	-0.0353098338000000025
4395919800	-0.444847799300000013	-0.0348538009999999968
4395921800	-0.445492816999999985	-0.0337575557999999984
4395923800	-0.446409527500000014	-0.0327468477999999993
4395925800	-0.447339040600000015	-0.0317788982000000025
4395927800	-0.447624734099999977	-0.0312606585000000034
4395929800	-0.447979339899999995	-0.0301493562999999992
4395931800	-0.448746602100000003	-0.0296162898000000008
4395933800	-0.449485126899999976	-0.0281346471000000001
4395935800	-0.449487667699999982	-0.0280606494999999997
4395937800	-0.450661122999999997	-0.0273765763000000002
4395939800	-0.451637484400000011	-0.0262531434999999994
4395941800	-0.451536911400000018	-0.0249164381999999983
4395943800	-0.452702606600000002	-0.0243482721999999999
4395945800	-0.452319111499999982	-0.0238406980000000004
4395947800	-0.453278206299999986	-0.0223986658999999998
4395949800	-0.453540231700000018	-0.0218267488000000003
4395951800	-0.454751542600000003	-0.0212052372999999988
4395953800	-0.454978614800000014	-0.0203501627999999983
4395955800	-0.455430130099999997	-0.0195372497999999999
4395957800	-0.456355568300000014	-0.0184944554999999997
4395959800	-0.456463811599999991	-0.0178709716999999983
4395961800	-0.457112216299999985	-0.0169516109000000005
4395963800	-0.457540715300000012	-0.0156722751000000007
4395965800	-0.458347118800000008	-0.0148907810000000005
4395967800	-0.458775234300000001	-0.0150902194000000003
4395969800	-0.458399581300000025	-0.0133219389000000001
4395971800	-0.459543271899999994	-0.0132070499000000001
4395973800	-0.459978433500000006	-0.0117730691000000002
4395975800	-0.460719758500000021	-0.0111284174999999996
4395977800	-0.460956756099999976	-0.0102778959000000003
4395979800	-0.461202195699999984	-0.00890594230000000056
4395981800	-0.461562433599999988	-0.00888782129999999941
4395983800	-0.462212617499999978	-0.00788880879999999916
4395985800	-0.462083989699999975	-0.00652836559999999972
4395987800	-0.462930058300000002	-0.00650871739999999994
4395989800	-0.464300521899999985	-0.00503761079999999993
4395991800	-0.463779441899999978	-0.00453651330000000037
4395993800	-0.463936186400000006	-0.00288022029999999984
4395995800	-0.464983668299999986	-0.00270832640000000019
4395997800	-0.465427110300000002	-0.0021531889999999998
4395999800	-0.465449201400000012	-0.00116174320000000009
4396001800	-0.466216411499999983	-0.000247808000000000023
4396003800	-0.466477500900000008	0.00156663149999999992
4396005800	-0.466062462399999988	0.00151352129999999998
4396007800	-0.467462469400000025	0.00297706319999999991
4396009800	-0.467542797800000021	0.00325684979999999987
4396011800	-0.468007152400000015	0.00476089890000000026
4396013800	-0.468228650099999977	0.00503101649999999987
4396015800	-0.468729379300000026	0.00595997740000000012
4396017800	-0.469416920000000015	0.00618170470000000034
4396019800	-0.469102571000000024	0.00699567719999999969
4396021800	-0.469794724699999999	0.00808289379999999925
4396023800	-0.470591308300000011	0.00912708280000000018
4396025800	-0.470289909499999992	0.00967510069999999965
4396027800	-0.471222178200000008	0.0102846776000000001
4396029800	-0.471409881699999977	0.0114156659000000001
4396031800	-0.471697117399999977	0.0128391145000000002
4396033800	-0.472474577100000015	0.0131787065999999994
4396035800	-0.471708487499999995	0.014142969
4396037800	-0.472612615199999975	0.0145276986999999993
4396039800	-0.473124580299999986	0.0155750492999999993
4396041800	-0.473652895199999979	0.0164754457000000007
4396043800	-0.473940282499999976	0.0170317827000000012
4396045800	-0.473456401500000013	0.0179616379999999985
4396047800	-0.473238318800000002	0.0186347570999999997
4396049800	-0.474294474399999999	0.0197272538999999983
4396051800	-0.474670709600000018	0.0202569161000000011
4396053800	-0.474777065200000015	0.0211106447000000003
4396055800	-0.475721062099999981	0.0216033735999999997
4396057800	-0.475536803499999994	0.0225026756999999987
4396059800	-0.476058905199999993	0.0236807202000000015
4396061800	-0.475873850200000004	0.0238934366000000016
4396063800	-0.476339296899999987	0.0259137402000000003
4396065800	-0.477217528900000021	0.0255153127999999986
4396067800	-0.47648389889999998	0.0266505551000000007
4396069800	-0.476725682300000009	0.0276771497000000005
4396071800	-0.477281007199999996	0.0277836209000000001
4396073800	-0.477401402400000008	0.0291898836000000009
4396075800	-0.478200031099999978	0.0293136987999999994
4396077800	-0.478342547399999984	0.0306770739000000008
4396079800	-0.47862931860000002	0.0319824637999999994
4396081800	-0.47888188399999998	0.0323253628000000001
4396083800	-0.479260295999999975	0.0334798331000000018
4396085800	-0.478952703400000013	0.033714078699999997
4396087800	-0.479907127200000005	0.0345834024999999989
4396089800	-0.479487153100000008	0.0352680989000000028
4396091800	-0.479881514600000003	0.0360939596999999973
4396093800	-0.480082867000000024	0.036568186699999998
4396095800	-0.480721743199999996	0.0377020964999999972
4396097800	-0.479586144200000009	0.0385979523000000019
4396099800	-0.480301778700000015	0.0391912842000000025
4396101800	-0.481379360099999987	0.0395685672000000016
4396103800	-0.480723885299999987	0.0402300136999999974
4396105800	-0.4809412837	0.0412185735000000011
4396107800	-0.481881355700000014	0.0423384981999999979
4396109800	-0.48114036830000001	0.042420297099999997
4396111800	-0.481986056300000021	0.0432882481000000027
4396113800	-0.482376501499999999	0.044261691899999997
4396115800	-0.481461437699999995	0.0445359607000000018
4396117800	-0.482262136499999994	0.0460650660000000017
4396119800	-0.482349519599999998	0.0463509173999999968
4396121800	-0.482763545800000027	0.0470150459000000034
4396123800	-0.482119281000000011	0.0477116957000000008
4396125800	-0.482650023900000003	0.0494387880999999987
4396127800	-0.482732068199999975	0.0497110361000000014
4396129800	-0.483927089300000002	0.0502159303000000029
4396131800	-0.483631302400000018	0.0508421450999999996
4396133800	-0.483621915000000013	0.0509106359000000008
4396135800	-0.483318972800000024	0.0526186208000000016
4396137800	-0.484255552600000028	0.0537857091999999967
4396139800	-0.483814421100000003	0.0540323341000000026
4396141800	-0.48439612030000001	0.0547560383999999983
4396143800	-0.484105076500000009	0.0544957317000000011
4396145800	-0.484515487799999978	0.0560606781999999984
4396147800	-0.484684075300000017	0.0559964328999999969
4396149800	-0.484781872100000011	0.0577011773000000033
4396151800	-0.483941165600000001	0.0575730543999999969
4396153800	-0.484782524300000017	0.0587795839000000014
4396155800	-0.484862616899999987	0.0587952954999999972
4396157800	-0.485632786099999991	0.0605023275000000013
4396159800	-0.485184871600000012	0.0607825092000000011
4396161800	-0.485084443199999993	0.0615277410999999982
4396163800	-0.485038076500000026	0.0618711901000000009
4396165800	-0.485823960200000016	0.0627165640000000024
4396167800	-0.485456449999999984	0.0634347346000000006
4396169800	-0.485706056399999975	0.0644852677000000013
4396171800	-0.486110565699999997	0.0643927316999999971
4396173800	-0.486000812999999976	0.0657403502000000056
4396175800	-0.486402548800000001	0.0660335860000000052
4396177800	-0.486165189900000017	0.0668343086000000031
4396179800	-0.486084299100000006	0.0672752771999999971
4396181800	-0.485890460600000018	0.0682180896999999981
4396183800	-0.486086418799999975	0.0692354948000000053
4396185800	-0.486081825700000025	0.0699534680999999992
4396187800	-0.485802145500000004	0.0701935442999999937
4396189800	-0.486421170999999986	0.0705055713000000001
4396191800	-0.486560789499999979	0.0720129050000000021
4396193800	-0.486656540400000004	0.0717270265999999934
4396195800	-0.48665760520000001	0.0732953912999999985
4396197800	-0.486946044099999975	0.0735282666000000029
4396199800	-0.48679953640000001	0.0739342097000000031
4396201800	-0.486712358800000022	0.074347493099999995
4396203800	-0.487047483100000012	0.0753972868000000046
4396205800	-0.486827558699999996	0.075731844399999998
4396207800	-0.487586056699999992	0.0771096287000000019
4396209800	-0.487164338600000024	0.0770459931999999958
4396211800	-0.487353391299999994	0.0778414979999999951
4396213800	-0.487059418899999985	0.078522935000000002
4396215800	-0.487369984899999997	0.0787601686999999939
4396217800	-0.488175367400000004	0.0794175367999999937
4396219800	-0.487730451700000012	0.0806257016999999965
4396221800	-0.487316424000000026	0.0811300672000000028
4396223800	-0.487624559899999976	0.0813113397999999932
4396225800	-0.487500301400000002	0.0818731349999999997
4396227800	-0.487442884600000015	0.0831503021000000037
4396229800	-0.487731319300000021	0.0842399273999999976
4396231800	-0.48794625060000002	0.0829688818999999994
4396233800	-0.487560387900000003	0.0845291378999999954
4396235800	-0.487814238399999989	0.0848205704999999976
4396237800	-0.487738705900000014	0.0856973785999999987
4396239800	-0.488425549199999975	0.0863922282999999985
4396241800	-0.488250381700000013	0.0868181759000000025
4396243800	-0.488309347399999982	0.0876869096999999958
4396245800	-0.487440445399999978	0.0884703753999999953
4396247800	-0.488997433599999975	0.0895010224999999993
4396249800	-0.488924684700000001	0.0895858972000000003
4396251800	-0.487724541299999981	0.0896343359000000006
4396253800	-0.487809944200000012	0.0903115661000000042
4396255800	-0.488146011499999977	0.0916205001999999963
4396257800	-0.488704285999999988	0.0919562938000000052
4396259800	-0.488409106400000015	0.0925880067000000029
4396261800	-0.487601015600000021	0.092778815700000003
4396263800	-0.488210825600000009	0.0934054190999999978
4396265800	-0.488077347200000011	0.0939003135999999933
4396267800	-0.488014311599999973	0.0948079773999999931
4396269800	-0.48804017999999999	0.0954044307999999952
4396271800	-0.488607841300000012	0.0959350367999999981
4396273800	-0.488338132500000022	0.0960931389999999941
4396275800	-0.488971111199999975	0.0970553542999999935
4396277800	-0.488323022499999981	0.0973072392000000064
4396279800	-0.488608395799999984	0.0978776786999999981
4396281800	-0.488545296600000012	0.0990375156000000006
4396283800	-0.488474272599999981	0.0992448690999999938
4396285800	-0.487793417399999985	0.100097182300000004
4396287800	-0.488492665900000012	0.100002713199999996
4396289800	-0.487944383500000023	0.101260171199999999
4396291800	-0.488381563299999988	0.101504649799999999
4396293800	-0.487662894399999991	0.101325010300000004
4396295800	-0.488620889599999997	0.103118802199999998
4396297800	-0.487648183100000021	0.102511901700000005
4396299800	-0.488226230799999994	0.103609917999999995
4396301800	-0.48741736590000001	0.104164625799999994
4396303800	-0.487968793899999975	0.104932298500000007
4396305800	-0.488100837899999973	0.105123864499999997
4396307800	-0.488317421400000007	0.105534441199999995
4396309800	-0.488563884700000006	0.1061420223
4396311800	-0.488265012499999984	0.106829630300000006
4396313800	-0.488381612700000023	0.107084487699999995
4396315800	-0.488180131899999981	0.107398309499999997
4396317800	-0.487767410899999976	0.108331177099999995
4396319800	-0.487869872799999993	0.108715109300000001
4396321800	-0.48819134380000001	0.109325125600000003
4396323800	-0.488459648899999987	0.109825467999999996
4396325800	-0.487848946100000014	0.110245793999999994
4396327800	-0.487517086499999974	0.110897632699999998
4396329800	-0.488327596400000008	0.111870900499999995
4396331800	-0.488467623100000026	0.112248753600000001
4396333800	-0.48788854479999999	0.112298202799999997
4396335800	-0.488216695199999995	0.112675179200000003
4396337800	-0.487914772300000021	0.113541938100000003
4396339800	-0.487734890199999993	0.113929064900000002
4396341800	-0.487302975400000005	0.114138258199999995
4396343800	-0.488225222700000017	0.115682489599999994
4396345800	-0.487591460600000026	0.115495481600000005
4396347800	-0.487464394199999984	0.116393195399999996
4396349800	-0.487992107499999994	0.116834891999999996
4396351800	-0.487310354100000009	0.117304357499999998
4396353800	-0.487752095300000021	0.117386187700000005
4396355800	-0.487654389000000021	0.118227630099999995
4396357800	-0.487244926500000008	0.119225015399999995
4396359800	-0.487007268599999987	0.119425066199999999
4396361800	-0.487016905599999994	0.120141622700000006
4396363800	-0.487243868299999994	0.120065792700000007
4396365800	-0.486999628100000026	0.1210595649
4396367800	-0.487148388900000007	0.121168099700000004
4396369800	-0.487106075999999999	0.121407475599999995
4396371800	-0.487114327700000016	0.121803553199999998
4396373800	-0.486886411100000027	0.122655014500000006
4396375800	-0.487065701299999987	0.122591896199999995
4396377800	-0.487244162699999983	0.122729212099999999
4396379800	-0.486751967900000027	0.124125781000000004
4396381800	-0.485744241500000007	0.124684993499999994
4396383800	-0.486506363300000022	0.124755010299999997
4396385800	-0.486986589000000025	0.125783698899999991
4396387800	-0.487045333700000027	0.126634646200000006
4396389800	-0.486859013399999985	0.1261114874
4396391800	-0.486648685899999989	0.126541550899999994
4396393800	-0.486431588799999981	0.127065213399999988
4396395800	-0.486568832100000015	0.128580381800000004
4396397800	-0.486230981299999976	0.128249243699999987
4396399800	-0.485933481900000019	0.128882159800000007
4396401800	-0.486767387100000004	0.129208459500000011
4396403800	-0.486145446799999992	0.129122821100000007
4396405800	-0.486115275299999983	0.130043937500000012
4396407800	-0.486220151400000022	0.130275545599999987
4396409800	-0.485849150800000018	0.130930497199999996
4396411800	-0.485901008299999992	0.131579898800000011
4396413800	-0.486117104899999986	0.1317142959
4396415800	-0.486129473199999995	0.132618469300000014
4396417800	-0.485290953199999986	0.132764640999999989
4396419800	-0.485858353700000023	0.133419007499999992
4396421800	-0.485930265199999989	0.134597987299999999
4396423800	-0.485696643900000002	0.134547805200000009
4396425800	-0.485764650600000014	0.134858274800000011
4396427800	-0.486044131499999976	0.13522282590000001
4396429800	-0.48563635799999999	0.135675001500000003
4396431800	-0.485397645699999991	0.136601576899999994
4396433800	-0.485596145400000012	0.137029325499999993
4396435800	-0.486280795099999996	0.137335060300000006
4396437800	-0.485365408900000017	0.137166407600000012
4396439800	-0.485467099199999974	0.138368159200000007
4396441800	-0.485182194100000019	0.138445491599999998
4396443800	-0.485385362099999995	0.138808615100000005
4396445800	-0.484676721300000002	0.139059913400000013
4396447800	-0.485681106400000007	0.139762629299999996
4396449800	-0.484733175500000002	0.140329410500000001
4396451800	-0.484803150399999994	0.140110679099999996
4396453800	-0.484789317900000016	0.140606353500000003
4396455800	-0.48518138420000001	0.141798467000000011
4396457800	-0.484784443899999973	0.141621554000000011
4396459800	-0.484696301100000004	0.142442875800000007
4396461800	-0.48388894189999998	0.142676902200000011
4396463800	-0.484815919699999986	0.143021636899999999
4396465800	-0.484696372200000003	0.143145263200000011
4396467800	-0.484623308799999986	0.144214661599999988
4396469800	-0.48445548519999998	0.144180330999999995
4396471800	-0.484051082999999993	0.144810464199999989
4396473800	-0.484134426200000023	0.145126307199999999
4396475800	-0.484372379299999989	0.145348809699999998
4396477800	-0.483380372800000013	0.146122580000000002
4396479800	-0.483722984999999994	0.146516315799999991
4396481800	-0.484472491299999974	0.146959148600000006
4396483800	-0.483766012199999984	0.14727817239999999
4396485800	-0.483626253299999975	0.147834266200000009
4396487800	-0.483517257400000011	0.148984681099999988
4396489800	-0.4837003842	0.149234638499999989
4396491800	-0.483653445700000018	0.149791060199999992
4396493800	-0.483871618700000006	0.150003534900000013
4396495800	-0.483603517500000024	0.15060716460000001
4396497800	-0.483230874199999993	0.150549488199999998
4396499800	-0.482708286499999972	0.150545905400000013
4396501800	-0.482442035800000002	0.151152191500000005
4396503800	-0.482662497999999995	0.150760505299999986
4396505800	-0.482956996000000027	0.151783355099999989
4396507800	-0.482702137699999978	0.152619072500000008
4396509800	-0.482727721399999976	0.1523143988
4396511800	-0.482392685300000013	0.152996464999999998
4396513800	-0.482292695400000027	0.153839404499999999
4396515800	-0.482558110400000018	0.15400636740000001
4396517800	-0.482397615700000004	0.155143743199999989
4396519800	-0.482302081599999988	0.154880948500000004
4396521800	-0.481896656699999981	0.155561649200000013
4396523800	-0.483056523700000018	0.155517583600000009
4396525800	-0.482304446399999975	0.156765726399999999
4396527800	-0.48239232059999998	0.15727318609999999
4396529800	-0.481381178700000023	0.157298255999999997
4396531800	-0.482461375199999987	0.157409731599999991
4396533800	-0.481785730000000023	0.157482896799999994
4396535800	-0.481503715800000009	0.158504944199999998
4396537800	-0.481327722700000016	0.158817172700000009
4396539800	-0.481099547199999977	0.159425867400000004
4396541800	-0.481195670600000014	0.159003175100000005
4396543800	-0.481288466299999995	0.159763259099999999
4396545800	-0.481040442800000023	0.160209128199999995
4396547800	-0.481053517400000019	0.160339446100000005
4396549800	-0.481166066599999998	0.161240491600000008
4396551800	-0.480762481999999991	0.161709464899999988
4396553800	-0.48043764080000001	0.161962428800000002
4396555800	-0.481181419200000016	0.162051536800000007
4396557800	-0.480947424800000023	0.161776848400000006
4396559800	-0.479860430000000004	0.162755695300000003
4396561800	-0.48041136299999998	0.163781466099999995
4396563800	-0.480086222600000001	0.163546011200000008
4396565800	-0.480205647499999999	0.163910679899999995
4396567800	-0.480189699000000025	0.164575131799999996
4396569800	-0.479818366699999999	0.164380796400000001
4396571800	-0.479810189200000015	0.165146756199999994
4396573800	-0.479917108300000006	0.165408030099999992
4396575800	-0.480369899599999983	0.165700623600000013
4396577800	-0.480153463700000005	0.165869338700000007
4396579800	-0.480204168300000012	0.166738460300000002
4396581800	-0.479688945300000003	0.167324955199999986
4396583800	-0.479053830399999991	0.167810618999999994
4396585800	-0.478841218199999974	0.168123670400000008
4396587800	-0.478982403100000009	0.168438396699999993
4396589800	-0.479129573500000017	0.168411124400000001
4396591800	-0.478910532800000011	0.169654093799999989
4396593800	-0.479014078899999973	0.170102521799999989
4396595800	-0.479228072000000005	0.17001189189999999
4396597800	-0.478481732300000018	0.17045061319999999
4396599800	-0.47903035770000002	0.1707566586
4396601800	-0.478074588700000025	0.170323455799999995
4396603800	-0.478431802199999978	0.171344243000000007
4396605800	-0.477873511400000006	0.1716561167
4396607800	-0.47766665559999999	0.172029669200000013
4396609800	-0.47802214580000002	0.173090647600000008
4396611800	-0.477901498099999988	0.172999054699999988
4396613800	-0.477402006699999992	0.173184387299999992
4396615800	-0.47730151799999998	0.173180020900000009
4396617800	-0.477998595500000012	0.1736819909
4396619800	-0.477871784899999985	0.174853459900000008
4396621800	-0.477467802599999991	0.175078899199999999
4396623800	-0.477835234100000006	0.173943368399999992
4396625800	-0.477037512499999983	0.176010562199999998
4396627800	-0.477634133000000016	0.176163243299999994
4396629800	-0.47736138589999999	0.176368924300000007
4396631800	-0.476908332699999993	0.176859163900000005
4396633800	-0.476720388800000006	0.176711741000000006
4396635800	-0.476654244999999976	0.177149088300000007
4396637800	-0.476419346899999985	0.178480903200000013
4396639800	-0.476735205800000006	0.178286347600000006
4396641800	-0.47667209490000001	0.178504918300000009
4396643800	-0.476074415600000023	0.178678790000000004
4396645800	-0.476334325599999997	0.179533051100000007
4396647800	-0.476250162099999985	0.179500271300000014
4396649800	-0.47579305719999998	0.179825699700000008
4396651800	-0.476141864199999987	0.180325029800000008
4396653800	-0.475869521999999989	0.180736351600000011
4396655800	-0.475727235899999989	0.181368134200000003
4396657800	-0.475313163699999985	0.180277373299999988
4396659800	-0.475680784799999978	0.181264026100000003
4396661800	-0.475714782999999974	0.182312637
4396663800	-0.474524584600000021	0.182676123999999995
4396665800	-0.47486297420000001	0.182818298699999993
4396667800	-0.475476091900000009	0.183668780100000012
4396669800	-0.474563773500000008	0.184486921400000004
4396671800	-0.474764347600000025	0.183901183200000012
4396673800	-0.474746903300000023	0.18414514039999999
4396675800	-0.474786834800000002	0.184234405999999989
4396677800	-0.474693511600000007	0.184346709500000011
4396679800	-0.474704834500000006	0.185613544399999997
4396681800	-0.474407101900000017	0.186136211200000012
4396683800	-0.473965825499999993	0.186151421399999989
4396685800	-0.473291013500000024	0.1861030927
4396687800	-0.474425105899999977	0.186730952400000011
4396689800	-0.473683734799999978	0.18764817310000001
4396691800	-0.474343836799999974	0.187254810800000004
4396693800	-0.473216329699999994	0.187308506399999991
4396695800	-0.474027879599999979	0.187411472500000009
4396697800	-0.473469808599999986	0.188812797599999999
4396699800	-0.473283181100000006	0.188731064799999987
4396701800	-0.473634387099999998	0.188734798199999998
4396703800	-0.473604629900000018	0.188858071999999988
4396705800	-0.472340514699999992	0.189754923399999997
4396707800	-0.473414443399999996	0.190556165700000002
4396709800	-0.472559935799999997	0.190403063600000005
4396711800	-0.472631650100000023	0.190555115999999997
4396713800	-0.472398046500000002	0.191391969100000003
4396715800	-0.472086303799999996	0.191925694600000002
4396717800	-0.471954358899999982	0.19197125109999999
4396719800	-0.472345133799999983	0.192165825600000006
4396721800	-0.472315529800000022	0.19204971970000001
4396723800	-0.472246272199999984	0.192617791499999996
4396725800	-0.472315629899999978	0.193267406400000008
4396727800	-0.471572912899999974	0.193764585699999992
4396729800	-0.471296308300000022	0.193671180100000007
4396731800	-0.471608340800000025	0.194269772000000007
4396733800	-0.471618260499999997	0.194748530700000005
4396735800	-0.470992675600000021	0.194948915599999995
4396737800	-0.471150247299999991	0.195039701799999993
4396739800	-0.4707909609	0.19542977219999999
4396741800	-0.470615045200000026	0.195959326699999992
4396743800	-0.470619950700000012	0.19578716530000001
4396745800	-0.471271282600000008	0.196463975499999999
4396747800	-0.470861503800000025	0.196556716900000011
4396749800	-0.470391804000000024	0.196954272200000002
4396751800	-0.470557537400000003	0.197810861199999993
4396753800	-0.470030488799999979	0.1981780286
4396755800	-0.470286831500000002	0.198186718300000009
4396757800	-0.470644577800000019	0.198145060600000006
4396759800	-0.4704423244	0.198923332099999989
4396761800	-0.470254132499999977	0.19954312569999999
4396763800	-0.469786916200000015	0.198939836499999995
4396765800	-0.469333149299999974	0.200213077500000003
4396767800	-0.46937048520000002	0.200689473199999996
4396769800	-0.469225496099999972	0.201193311300000011
4396771800	-0.469209541999999979	0.200994940300000008
4396773800	-0.469153540099999988	0.200798992399999987
4396775800	-0.468838526899999997	0.201847079499999998
4396777800	-0.468889892099999983	0.202073953499999986
4396779800	-0.468672523800000018	0.202477911300000007
4396781800	-0.469311825199999977	0.202499838099999996
4396783800	-0.468569208299999984	0.202477473299999988
4396785800	-0.468196594500000007	0.203493898499999992
4396787800	-0.468383959600000011	0.203929364199999991
4396789800	-0.46853481159999999	0.204030724400000002
4396791800	-0.467811454500000001	0.204518478899999995
4396793800	-0.468321724900000014	0.204597073200000007
4396795800	-0.467722246100000016	0.204420137700000004
4396797800	-0.467537461599999982	0.205824589299999999
4396799800	-0.467608351799999988	0.205902930900000003
4396801800	-0.467385912000000014	0.205600731799999992
4396803800	-0.466589811899999984	0.20627631669999999
