# freq, I e Q
5256100000	-0.0785213084000000033	0.0101688672000000008
5256102000	-0.0750542555	0.0105524772999999999
5256104000	-0.0755609926999999959	0.0135558916999999994
5256106000	-0.0796957949000000054	0.0106981226000000002
5256108000	-0.0793258715000000059	0.0138971054
5256110000	-0.0789401693999999959	0.00866631890000000085
5256112000	-0.0799201118999999932	0.0105147244999999993
5256114000	-0.0785618393000000054	0.0123984925999999999
5256116000	-0.0751624223000000036	0.0112119811000000007
5256118000	-0.0792108007000000003	0.00839161740000000066
5256120000	-0.0760773118999999998	0.0140599469999999997
5256122000	-0.0791592849999999959	0.0126746355999999994
5256124000	-0.0780248489999999933	0.0112312799999999997
5256126000	-0.080129186000000005	0.0153158309000000006
5256128000	-0.0807630857000000008	0.0107397494
5256130000	-0.0786052272999999968	0.0115137276000000007
5256132000	-0.0787490069000000015	0.00709690920000000027
5256134000	-0.0790703403999999943	0.0123344652000000003
5256136000	-0.076404385199999994	0.0103028649999999996
5256138000	-0.0797512128999999931	0.0125273937000000002
5256140000	-0.0776197193000000008	0.0151871955000000003
5256142000	-0.0825674564999999971	0.0147916596999999993
5256144000	-0.0772122939000000064	0.0100528592
5256146000	-0.0758863010999999976	0.0149993359000000007
5256148000	-0.0793615000000000015	0.00915661260000000081
5256150000	-0.0814564427000000063	0.0120268136999999997
5256152000	-0.0784059086999999988	0.0111139250999999998
5256154000	-0.0779507252000000012	0.0114085309999999995
5256156000	-0.0786540629999999963	0.0115755453000000001
5256158000	-0.0749627115999999954	0.0131409542000000008
5256160000	-0.0794724138999999968	0.00736004089999999986
5256162000	-0.0769217313999999985	0.0151444718999999995
5256164000	-0.0755139202999999953	0.0150256404
5256166000	-0.0790549750999999939	0.0135142331000000001
5256168000	-0.0769065156000000028	0.0126480787000000008
5256170000	-0.0737335996999999993	0.0146880427000000008
5256172000	-0.0781704248999999934	0.00992525460000000075
5256174000	-0.0784117237999999994	0.0136353316999999995
5256176000	-0.0745938468000000021	0.0156442239000000004
5256178000	-0.0783962014999999984	0.0114589342999999993
5256180000	-0.079529401099999994	0.0125901659000000003
5256182000	-0.0773084908999999987	0.018364233399999999
5256184000	-0.0759381860999999991	0.00948123569999999999
5256186000	-0.0794076370999999975	0.0119049147999999994
5256188000	-0.0775855448000000031	0.0140554157000000006
5256190000	-0.0766873941999999947	0.0124817159000000007
5256192000	-0.0762655698999999965	0.0134076943999999997
5256194000	-0.0792443292999999993	0.0156593146000000016
5256196000	-0.0792556989999999989	0.0132954128999999994
5256198000	-0.0795696523999999961	0.0138862547999999992
5256200000	-0.0791898188000000058	0.0138002465999999997
5256202000	-0.076235318199999999	0.0152112724999999994
5256204000	-0.0762912466999999955	0.0147635171999999995
5256206000	-0.0747303478999999937	0.0146429926999999994
5256208000	-0.0804192645999999983	0.0112760837999999995
5256210000	-0.0807213948999999931	0.0182716563999999991
5256212000	-0.0760058274999999978	0.0141027719999999995
5256214000	-0.0791013458999999947	0.016956880399999999
5256216000	-0.0791316157000000048	0.0134533125
5256218000	-0.0755035411000000017	0.0157325499000000001
5256220000	-0.073927113099999997	0.0156150015999999992
5256222000	-0.0734738850000000027	0.0112876604999999994
5256224000	-0.0819225368999999953	0.017596988899999999
5256226000	-0.0730911298000000015	0.0147449677000000001
5256228000	-0.0782320283000000061	0.0129266495999999995
5256230000	-0.0754344554999999972	0.0155986571999999993
5256232000	-0.0768982354000000007	0.0163849587000000005
5256234000	-0.0733241184999999934	0.0145270212999999999
5256236000	-0.0756673464000000018	0.0138232213000000007
5256238000	-0.0755788433000000037	0.0112966529000000006
5256240000	-0.0740603673999999934	0.0191979289000000011
5256242000	-0.0785434554000000035	0.0161521537999999992
5256244000	-0.0817896429999999952	0.0186334094999999998
5256246000	-0.0753244116999999963	0.0201436626000000008
5256248000	-0.074377164699999998	0.0158432407000000004
5256250000	-0.0762497258000000011	0.0167597503999999987
5256252000	-0.0769610812000000033	0.0126337991000000007
5256254000	-0.0774558609000000065	0.0180611843999999994
5256256000	-0.0736914543999999949	0.0116625267000000001
5256258000	-0.0783971784000000033	0.0134133147999999994
5256260000	-0.0763858223000000031	0.0176755923999999988
5256262000	-0.0760219795999999975	0.0152314357000000004
5256264000	-0.0780228490000000052	0.016323916899999999
5256266000	-0.0768580724000000048	0.0183470389000000011
5256268000	-0.0754279734999999951	0.0158978224999999987
5256270000	-0.0752896692000000062	0.0168055587999999985
5256272000	-0.0749910752000000069	0.0184415172000000002
5256274000	-0.0811543208999999932	0.0171013351000000001
5256276000	-0.0770726011999999933	0.0153797002000000006
5256278000	-0.0776715647000000009	0.0153307504000000008
5256280000	-0.0737889270000000042	0.0180066694999999992
5256282000	-0.0788607828999999955	0.0201479412999999996
5256284000	-0.0766740701999999996	0.0151566462999999998
5256286000	-0.0795099273999999995	0.0158251361000000014
5256288000	-0.076649270699999994	0.0187326792000000013
5256290000	-0.0775867848000000027	0.0196184717000000008
5256292000	-0.0768236515000000064	0.0161606494999999989
5256294000	-0.0800907881000000044	0.0169285610000000017
5256296000	-0.0792192911999999999	0.0141301241000000005
5256298000	-0.0761261862999999955	0.0182487422999999989
5256300000	-0.0745854348999999972	0.0154231756000000001
5256302000	-0.0762876345000000067	0.0141641783
5256304000	-0.077881273599999995	0.0200540215999999993
5256306000	-0.0783062427999999949	0.0182261792999999991
5256308000	-0.0757602921999999956	0.0195637937999999997
5256310000	-0.0765737268999999998	0.0178561684999999984
5256312000	-0.0783835798000000056	0.0162100739000000001
5256314000	-0.0765101095000000064	0.0189062756000000012
5256316000	-0.0744405218000000063	0.0190289491000000012
5256318000	-0.0800442970999999948	0.0162185718000000013
5256320000	-0.0734617126000000065	0.0168654272000000015
5256322000	-0.0778753840000000058	0.0188515606999999988
5256324000	-0.074891190199999999	0.0173457797999999989
5256326000	-0.0745297451000000027	0.0179547569999999983
5256328000	-0.0787855979999999984	0.0205826149999999986
5256330000	-0.0748229544000000024	0.0202559294000000008
5256332000	-0.0764127220999999968	0.0179998089999999986
5256334000	-0.0780974282999999936	0.0215734541000000002
5256336000	-0.0782366899999999976	0.0193564214999999984
5256338000	-0.0730288325000000016	0.0234529189999999992
5256340000	-0.0746180904999999978	0.0192969833000000007
5256342000	-0.0768924067999999933	0.0190375979999999993
5256344000	-0.0769405712000000019	0.0189613258000000014
5256346000	-0.0783638749999999995	0.0154797275000000002
5256348000	-0.0760108971999999966	0.0186357530999999993
5256350000	-0.0765613958999999955	0.0160899961000000001
5256352000	-0.0739946150999999941	0.0158740547999999988
5256354000	-0.0732720357000000017	0.018496152200000001
5256356000	-0.0745721015000000015	0.017803906500000001
5256358000	-0.0741065635999999944	0.0188446928
5256360000	-0.0768464251999999987	0.0175686396000000015
5256362000	-0.0783163454000000009	0.0174286620999999989
5256364000	-0.0735697698999999983	0.0176206842000000002
5256366000	-0.077016141499999996	0.0211986332000000006
5256368000	-0.0777582608000000064	0.022870754699999999
5256370000	-0.0720800555999999981	0.0164364682999999998
5256372000	-0.0762753040999999965	0.0167288082000000005
5256374000	-0.0751098174999999951	0.0181828667999999992
5256376000	-0.0724473204999999953	0.0219014646
5256378000	-0.0761776876000000019	0.0182433549000000014
5256380000	-0.0757119447000000056	0.0222652641999999991
5256382000	-0.074033980499999999	0.0203259159000000016
5256384000	-0.0738838767999999979	0.0203695236000000016
5256386000	-0.0748657424999999987	0.0193286023000000008
5256388000	-0.0771379075999999997	0.0180481086999999991
5256390000	-0.0756107820000000014	0.0148153216000000004
5256392000	-0.0754771858999999934	0.0198251707999999999
5256394000	-0.0722321365999999965	0.0202028138000000003
5256396000	-0.0747810802999999968	0.0207170370999999985
5256398000	-0.0769877134000000046	0.0188281770999999994
5256400000	-0.0716710712999999999	0.0178844558000000008
5256402000	-0.0768930500000000045	0.0213122326999999993
5256404000	-0.0750640813000000018	0.022723235599999999
5256406000	-0.0760125747999999962	0.0179984460999999991
5256408000	-0.076793315599999995	0.0214752383999999991
5256410000	-0.0780041226999999976	0.021026696000000001
5256412000	-0.0761379051999999945	0.021555906100000001
5256414000	-0.0756088803999999948	0.0196402004999999998
5256416000	-0.0703728755000000011	0.0195295351999999998
5256418000	-0.0739021294000000023	0.0211213770000000002
5256420000	-0.0762226622999999937	0.021008464000000001
5256422000	-0.0746570322000000008	0.0201859833999999995
5256424000	-0.0781006509999999932	0.0232789150000000007
5256426000	-0.0752783023000000023	0.0215981899999999997
5256428000	-0.0727974121000000002	0.021698075800000001
5256430000	-0.0747081762000000038	0.0234135385999999987
5256432000	-0.0767415444999999946	0.0212237059000000006
5256434000	-0.0789821562000000005	0.0239959509000000001
5256436000	-0.0726984878000000029	0.0193968703000000006
5256438000	-0.0743231761999999935	0.0224269958999999998
5256440000	-0.0735254646000000067	0.0207751577000000014
5256442000	-0.0729336634000000011	0.022056692499999999
5256444000	-0.072200139999999996	0.0209558715999999985
5256446000	-0.0773837316000000053	0.0234488903999999984
5256448000	-0.0762623914999999986	0.0211804721000000001
5256450000	-0.0793487464000000031	0.021278417899999999
5256452000	-0.0760757568000000051	0.022527887600000001
5256454000	-0.0755312590000000034	0.0185138668999999985
5256456000	-0.0734042986000000008	0.0203838949999999991
5256458000	-0.0748524235999999954	0.0187926487999999989
5256460000	-0.073494370200000006	0.0196239360000000015
5256462000	-0.0716192900999999965	0.0258980593000000016
5256464000	-0.0725421943000000014	0.0251922312999999995
5256466000	-0.0728058718000000049	0.0225759636999999999
5256468000	-0.0742531513999999948	0.0222080618999999993
5256470000	-0.0742520373000000039	0.0233582874000000003
5256472000	-0.0740208240999999934	0.0234143667000000014
5256474000	-0.075746242500000005	0.0215984448000000016
5256476000	-0.0718807149000000034	0.0213108696999999986
5256478000	-0.075652120500000003	0.0233283908999999991
5256480000	-0.0712484221999999945	0.0254069256999999993
5256482000	-0.0737359102000000044	0.0270148779999999991
5256484000	-0.0746023155000000021	0.0241739594000000002
5256486000	-0.0705730814999999956	0.0233822914000000014
5256488000	-0.078913130600000006	0.0226276732000000001
5256490000	-0.0715471622000000002	0.0241225735999999989
5256492000	-0.073652080100000003	0.0254326162000000008
5256494000	-0.0763012852999999935	0.0210459609000000006
5256496000	-0.0682350609000000052	0.0239270258000000013
5256498000	-0.075191182499999995	0.0270840559999999987
5256500000	-0.0710585781999999999	0.0270785059999999987
5256502000	-0.0747912750999999987	0.0251083073000000004
5256504000	-0.0769338853000000045	0.0255473602999999987
5256506000	-0.0718199394000000046	0.0271125249999999984
5256508000	-0.072324788000000001	0.0242186090999999999
5256510000	-0.0722609124000000019	0.0276799756000000001
5256512000	-0.0717285203999999954	0.0219369781000000007
5256514000	-0.0767292219999999997	0.0262016363999999988
5256516000	-0.0776772971000000007	0.0212694904999999983
5256518000	-0.0717951148999999983	0.0241281664999999992
5256520000	-0.0757211250000000002	0.022580223
5256522000	-0.0716209066000000061	0.0227315634000000016
5256524000	-0.0702972983000000051	0.0248052578999999988
5256526000	-0.0708622686000000002	0.0227629080999999997
5256528000	-0.0753530399000000017	0.0282193145999999999
5256530000	-0.0743898731999999979	0.0242558593000000017
5256532000	-0.0722448754999999998	0.0223718357999999999
5256534000	-0.0725383574000000031	0.0254344038999999994
5256536000	-0.0722812979999999938	0.0229348740999999988
5256538000	-0.0731729390000000063	0.0272139019000000003
5256540000	-0.0728954811000000064	0.0264595257
5256542000	-0.0724845454000000028	0.0243335029999999994
5256544000	-0.0719631178999999982	0.0247849334000000004
5256546000	-0.0737145248999999947	0.0251476662999999996
5256548000	-0.0740012381000000052	0.0270613630000000015
5256550000	-0.0735952589999999962	0.0282768283999999988
5256552000	-0.0695899383999999954	0.0277435861999999998
5256554000	-0.069472665599999997	0.0224943269000000001
5256556000	-0.0686338261999999977	0.0245417180000000006
5256558000	-0.0714747790999999966	0.0275019279000000005
5256560000	-0.0734750418000000016	0.0236117204000000011
5256562000	-0.0744270558000000026	0.0253385354000000007
5256564000	-0.0711628692000000063	0.0285636098999999984
5256566000	-0.0728354107000000056	0.0276731098000000016
5256568000	-0.0748010333999999943	0.0277150544999999991
5256570000	-0.0675113630999999992	0.0266707244000000017
5256572000	-0.066893773099999998	0.0246659922000000004
5256574000	-0.071905414599999995	0.0235973356999999995
5256576000	-0.0732441508000000047	0.0273120620999999994
5256578000	-0.0704184134999999989	0.0253202998999999991
5256580000	-0.0708199191000000033	0.0235993417999999996
5256582000	-0.071607746599999994	0.0272877423000000008
5256584000	-0.0703324330999999942	0.0258354896999999986
5256586000	-0.0711501459999999974	0.0259163472999999998
5256588000	-0.0717057205999999947	0.0239118780999999989
5256590000	-0.0707424417999999999	0.0274205726999999996
5256592000	-0.0719277764000000042	0.0298772089999999983
5256594000	-0.0710041571000000066	0.0286582496999999992
5256596000	-0.0704576575000000066	0.0287733524000000004
5256598000	-0.071149135799999999	0.0255588259999999998
5256600000	-0.0688611653999999934	0.0274773632000000004
5256602000	-0.0693407840999999969	0.0264022741999999991
5256604000	-0.0721627801000000041	0.0259536019000000014
5256606000	-0.0725776786000000007	0.0271362856999999985
5256608000	-0.0726006891999999987	0.031926110700000003
5256610000	-0.0694375041000000054	0.0306847087000000004
5256612000	-0.0701181446999999958	0.0278911283999999995
5256614000	-0.0686066270000000034	0.0264972563000000008
5256616000	-0.0752118477000000007	0.0283029004000000008
5256618000	-0.0719179972999999945	0.0268014731000000006
5256620000	-0.068103831099999998	0.0307858626999999996
5256622000	-0.0702963226999999968	0.031244013000000001
5256624000	-0.0705788472000000028	0.0295462945999999983
5256626000	-0.0670738171000000022	0.0323710670000000034
5256628000	-0.070963275199999995	0.0292869722999999985
5256630000	-0.0691383255999999946	0.0268801835999999995
5256632000	-0.0694148136999999943	0.0281719440000000008
5256634000	-0.0683092218999999945	0.0288020678000000009
5256636000	-0.0673100038000000039	0.0284576724999999996
5256638000	-0.0641993391000000024	0.0240331660000000016
5256640000	-0.0702812554000000062	0.0300913868000000015
5256642000	-0.0668819073999999958	0.0286412763999999986
5256644000	-0.0669735632000000025	0.0278995543999999984
5256646000	-0.0659397857000000032	0.0330391916999999979
5256648000	-0.0693540967000000064	0.0301777025999999983
5256650000	-0.0690684215000000046	0.0327316133999999981
5256652000	-0.070834878599999998	0.0276470530000000013
5256654000	-0.0706354255999999958	0.0268839272000000011
5256656000	-0.0674344592999999992	0.0308417154999999985
5256658000	-0.0685685748000000039	0.0292679081000000001
5256660000	-0.0690250272000000054	0.0290380337000000002
5256662000	-0.071312833000000006	0.0341290653999999985
5256664000	-0.0715743925999999947	0.0287993767999999983
5256666000	-0.0664628181000000012	0.0287416165999999987
5256668000	-0.0656255513000000013	0.0275901807999999991
5256670000	-0.0697150809000000038	0.0282426154000000006
5256672000	-0.0694351973000000011	0.0291359030000000012
5256674000	-0.0640390829999999966	0.0334921205
5256676000	-0.0706950410999999945	0.0280753325000000012
5256678000	-0.0657869885999999987	0.0301969864000000005
5256680000	-0.0686435600000000062	0.0300082048999999983
5256682000	-0.0680241181999999972	0.0282637155999999994
5256684000	-0.0685915646999999962	0.028074762100000001
5256686000	-0.0676804349999999971	0.030406763199999999
5256688000	-0.0660607745000000024	0.0301132316999999997
5256690000	-0.0679379425999999953	0.0310333882000000012
5256692000	-0.0705688698000000031	0.0337051481999999999
5256694000	-0.0707519167999999948	0.0316559556000000006
5256696000	-0.0653530620000000034	0.0354201899000000028
5256698000	-0.0651025736000000049	0.0313007930000000004
5256700000	-0.0686571774999999995	0.0335210947999999981
5256702000	-0.0619397927999999973	0.0342416430999999966
5256704000	-0.0677049536000000063	0.0325352455999999984
5256706000	-0.0654096126	0.0311137717000000008
5256708000	-0.0669767883000000064	0.0365856763000000015
5256710000	-0.0658817401999999969	0.0314504131999999992
5256712000	-0.0667219046000000066	0.0325200885000000023
5256714000	-0.0639722972000000001	0.0310652361999999987
5256716000	-0.0644102220999999975	0.0316536486000000006
5256718000	-0.0681093935000000039	0.0302415530000000009
5256720000	-0.0648550271999999983	0.0312301424000000008
5256722000	-0.0629422773999999963	0.0351629624999999987
5256724000	-0.0624056149000000032	0.0319809351999999977
5256726000	-0.0657327857000000043	0.0341251222000000035
5256728000	-0.0658712379000000042	0.0330180257000000019
5256730000	-0.0704795970000000049	0.0320398558999999972
5256732000	-0.0676427822999999956	0.0338404112999999979
5256734000	-0.0605458907000000005	0.0352573691999999994
5256736000	-0.0639502972000000058	0.0374590108999999991
5256738000	-0.0668896050999999991	0.0330138089999999981
5256740000	-0.0666596463	0.0341591449000000005
5256742000	-0.0656557304999999952	0.0293224353000000014
5256744000	-0.0622793087000000009	0.0317628015
5256746000	-0.0659039133000000055	0.0310771069999999996
5256748000	-0.0626844460000000048	0.0340617267000000029
5256750000	-0.0661640430000000057	0.0336143734000000013
5256752000	-0.0608290833000000031	0.034548147500000001
5256754000	-0.0597260621999999991	0.0330961677999999995
5256756000	-0.0617639762000000009	0.0379652862999999979
5256758000	-0.061235564800000003	0.0346462558999999989
5256760000	-0.0623777761999999986	0.0339269093999999966
5256762000	-0.0644237718999999959	0.0336474935000000003
5256764000	-0.0645485663999999931	0.0318727964000000002
5256766000	-0.0663557595	0.0328012286999999972
5256768000	-0.0639482653999999956	0.0429418080999999993
5256770000	-0.0631741442999999986	0.0312899391999999985
5256772000	-0.0627927899000000067	0.0365014736000000006
5256774000	-0.061783705500000001	0.0373270010999999999
5256776000	-0.0566853973999999969	0.0330548527999999994
5256778000	-0.0641303114000000007	0.0328066527000000011
5256780000	-0.0679381673999999991	0.0322774041999999983
5256782000	-0.0639588838000000048	0.0353249502999999979
5256784000	-0.0625251938000000035	0.0433024571999999983
5256786000	-0.0644065156999999999	0.0351598194000000003
5256788000	-0.0629608932000000066	0.0376826368999999967
5256790000	-0.062982427699999996	0.0345253412999999981
5256792000	-0.0622806664999999982	0.0332026039999999967
5256794000	-0.0597948981000000004	0.0304451971999999994
5256796000	-0.0629392841000000064	0.0376317689000000011
5256798000	-0.0602071522000000026	0.0328460833999999965
5256800000	-0.059541815900000003	0.0337155286000000026
5256802000	-0.056771213299999998	0.0353197115000000034
5256804000	-0.0618766074999999999	0.0337558241999999994
5256806000	-0.0597304975000000002	0.0358136982000000006
5256808000	-0.057027208900000001	0.0356423582000000017
5256810000	-0.0583067955000000013	0.0353156550000000014
5256812000	-0.0593844331000000017	0.0373811069999999968
5256814000	-0.060351309899999997	0.037347585099999997
5256816000	-0.0599752256000000011	0.0357918360000000005
5256818000	-0.0620865409000000007	0.0376542794999999986
5256820000	-0.0610806896000000016	0.0360579597999999973
5256822000	-0.0598416645000000025	0.0398291137000000017
5256824000	-0.0581308571000000024	0.037099368100000002
5256826000	-0.061029742900000003	0.0364682228999999997
5256828000	-0.0596670742000000032	0.0396026875999999986
5256830000	-0.0589284928000000027	0.0355329783999999982
5256832000	-0.0553169882000000002	0.0368047523000000001
5256834000	-0.0577226449000000016	0.0363776951000000029
5256836000	-0.0554220382000000025	0.0369069132000000022
5256838000	-0.0530868739999999992	0.0400306928999999978
5256840000	-0.0563823710000000006	0.0373509091999999973
5256842000	-0.058170406899999999	0.0380007914999999988
5256844000	-0.0579625776000000023	0.0372864513999999966
5256846000	-0.0588086726000000004	0.0349001151999999981
5256848000	-0.0557115508000000023	0.0369224520000000014
5256850000	-0.0546375758999999989	0.0369163231000000022
5256852000	-0.0583235372999999988	0.0376544250999999996
5256854000	-0.0551553009999999969	0.0400508051000000032
5256856000	-0.0529510939999999972	0.0395168932000000001
5256858000	-0.0552245728999999977	0.0367057625000000026
5256860000	-0.0566443117999999995	0.0350355186000000027
5256862000	-0.0548098372999999972	0.0376990060000000002
5256864000	-0.0528865744999999984	0.0387301895999999993
5256866000	-0.0554480185000000014	0.0338101769000000024
5256868000	-0.0536289211999999987	0.0370810596000000006
5256870000	-0.0519521360000000029	0.038711667800000002
5256872000	-0.0543188085999999973	0.0392885108999999969
5256874000	-0.0561275539000000018	0.0363013919000000004
5256876000	-0.0523175923000000001	0.0356569190000000022
5256878000	-0.0509678847000000004	0.0391521765999999979
5256880000	-0.0552760996000000032	0.0361101791000000005
5256882000	-0.0495974242999999981	0.036617390100000001
5256884000	-0.0503434266999999991	0.0387949361999999978
5256886000	-0.0508167311999999996	0.0369859002999999992
5256888000	-0.0532569530999999971	0.0369910395999999975
5256890000	-0.053093253600000001	0.0398140583000000034
5256892000	-0.0498991130000000019	0.0393572428999999988
5256894000	-0.0536429920000000005	0.0379916130000000005
5256896000	-0.0500608787999999999	0.0403567498000000011
5256898000	-0.0485021744000000005	0.0366853321000000024
5256900000	-0.046576282400000002	0.0378253668999999973
5256902000	-0.0460144384000000031	0.0396806509999999973
5256904000	-0.0507984642999999986	0.0347633400999999981
5256906000	-0.0513932159999999985	0.0383484281999999996
5256908000	-0.0466568098999999986	0.0371569654999999999
5256910000	-0.0495118287000000032	0.0378958733000000006
5256912000	-0.0513963631000000018	0.0402057671999999991
5256914000	-0.0511477207000000031	0.0363747051000000016
5256916000	-0.049615176300000001	0.0366729018999999989
5256918000	-0.0487870403000000008	0.0350452366000000015
5256920000	-0.0484292478999999998	0.0363060941999999998
5256922000	-0.0463097588999999976	0.0359628681000000033
5256924000	-0.0453926201000000029	0.0351195977999999992
5256926000	-0.0474900770999999999	0.0375215893999999994
5256928000	-0.0455325921999999994	0.033779732899999998
5256930000	-0.0447466991000000022	0.0376788082999999982
5256932000	-0.0457631600999999985	0.0362203952999999995
5256934000	-0.0411400609999999986	0.0379195670000000012
5256936000	-0.0424972990000000023	0.0401609543000000027
5256938000	-0.043584203299999999	0.0372784955000000015
5256940000	-0.0439018986999999972	0.038766190300000003
5256942000	-0.044263837200000003	0.0386279237999999983
5256944000	-0.0441281066000000013	0.0346003112999999987
5256946000	-0.0429131842000000027	0.0360034211000000021
5256948000	-0.0408715045000000027	0.0385170348999999967
5256950000	-0.0448414700000000013	0.0350451311000000015
5256952000	-0.0425572723999999986	0.0392711971000000021
5256954000	-0.0384687739000000029	0.0335868976999999999
5256956000	-0.0415297173999999991	0.0355561931000000012
5256958000	-0.0408441720999999994	0.037338701299999999
5256960000	-0.0402811251000000023	0.0380921431999999976
5256962000	-0.0384369064999999996	0.0346558755999999968
5256964000	-0.0363219056000000026	0.0388447511999999995
5256966000	-0.0412805063999999999	0.0358548933999999972
5256968000	-0.0372781297999999969	0.036477490500000001
5256970000	-0.0387995880999999973	0.0388349481999999968
5256972000	-0.0346426321000000009	0.0349509304000000035
5256974000	-0.034899489899999997	0.0370846042999999972
5256976000	-0.0376035054000000007	0.0361291092000000022
5256978000	-0.0316871650000000032	0.038661454900000003
5256980000	-0.0367543611000000006	0.0360948399000000017
5256982000	-0.0432084641999999977	0.0339837296999999997
5256984000	-0.0329126209000000017	0.0321648123999999994
5256986000	-0.0399582513999999986	0.033242925700000002
5256988000	-0.0352714446000000001	0.0355258857999999969
5256990000	-0.0326423164999999973	0.034041188
5256992000	-0.0321287145999999968	0.0331806093999999982
5256994000	-0.0360143123999999981	0.033086953199999998
5256996000	-0.0354898090999999985	0.0342250443000000001
5256998000	-0.0354283077000000016	0.0330214007000000018
5257000000	-0.0339845651000000026	0.0320839611999999968
5257002000	-0.0335209320999999977	0.0288588211000000011
5257004000	-0.0351244288000000029	0.0326210323999999996
5257006000	-0.035031425300000002	0.0311497230000000007
5257008000	-0.0307349672000000011	0.0321964325999999981
5257010000	-0.0268671210999999986	0.0323841834999999967
5257012000	-0.0315057425999999974	0.0319753888999999986
5257014000	-0.03182836	0.0289771204999999983
5257016000	-0.0300002447999999991	0.0275191457999999986
5257018000	-0.0290125773000000017	0.0279782524999999983
5257020000	-0.0320210225999999973	0.0306476268999999989
5257022000	-0.0307477344000000007	0.0270777967000000001
5257024000	-0.0290735651999999983	0.0318948761999999983
5257026000	-0.0305415752000000006	0.0295756871000000011
5257028000	-0.0296072440999999992	0.0306327760000000004
5257030000	-0.0265420352999999991	0.0241038600999999991
5257032000	-0.0284207611999999984	0.0306196027000000016
5257034000	-0.0249243063999999986	0.0259141545000000015
5257036000	-0.0271509524000000009	0.0262509736999999993
5257038000	-0.0278222127999999992	0.0257120903999999983
5257040000	-0.0285700301999999989	0.0266501451999999993
5257042000	-0.027031157699999999	0.026807193
5257044000	-0.0240004542000000001	0.0227031549000000013
5257046000	-0.0294574902999999999	0.0222268951000000013
5257048000	-0.0268622854999999994	0.0225793606999999986
5257050000	-0.0254946076000000001	0.0248820865000000009
5257052000	-0.0241312548999999994	0.0234808287000000011
5257054000	-0.0247584815999999999	0.0251597300000000017
5257056000	-0.0259964363999999996	0.0211997950000000004
5257058000	-0.0256663713000000009	0.0234816342000000004
5257060000	-0.024971137899999999	0.0188401017000000004
5257062000	-0.0262973976999999991	0.0161749474999999983
5257064000	-0.0228823488999999984	0.0195664754999999996
5257066000	-0.0275334334999999993	0.0165154833999999993
5257068000	-0.0229343532000000003	0.0160196768000000003
5257070000	-0.0235155618999999989	0.0142174221
5257072000	-0.0211996932000000013	0.0126260205999999993
5257074000	-0.0269051470999999986	0.0174757508999999998
5257076000	-0.0192847789999999984	0.0153593727999999999
5257078000	-0.0219368646000000014	0.0148647589000000004
5257080000	-0.0230634603000000014	0.0154941414999999992
5257082000	-0.026148668600000001	0.0139795536999999994
5257084000	-0.0232685840999999997	0.0121939108000000008
5257086000	-0.0233662959000000003	0.0123047723000000008
5257088000	-0.0252478889000000012	0.0146235645000000001
5257090000	-0.0235871136999999988	0.0114663753999999993
5257092000	-0.0238907777000000009	0.00981768319999999986
5257094000	-0.0240721729999999988	0.00738838970000000022
5257096000	-0.0228884146000000004	0.00797025720000000062
5257098000	-0.0201050263999999999	0.00775056489999999959
5257100000	-0.027600193700000001	0.0064425534000000003
5257102000	-0.0261891903000000016	0.00649939799999999998
5257104000	-0.026419359600000001	0.00389282739999999988
5257106000	-0.0249852708000000007	0.00654441010000000011
5257108000	-0.0258295215000000009	0.00236627649999999979
5257110000	-0.0291142638000000016	0.00516842419999999966
5257112000	-0.0243923023000000017	0.00336591549999999988
5257114000	-0.0247872682000000004	0.0019838894000000001
5257116000	-0.0261097072999999999	0.00292550449999999995
5257118000	-0.0239228540000000003	0.00526448699999999999
5257120000	-0.028262869999999999	0.000409997500000000006
5257122000	-0.0283171034000000016	-0.000302631799999999985
5257124000	-0.0227788478999999995	0.000913031700000000042
5257126000	-0.0271336939999999999	0.000215592699999999987
5257128000	-0.0268127782999999995	0.000383981999999999997
5257130000	-0.0255130927	0.00155775329999999993
5257132000	-0.0282172374000000011	-0.000415695400000000025
5257134000	-0.0264124831999999997	-0.00385197299999999986
5257136000	-0.0300430245000000012	-0.00479612910000000014
5257138000	-0.0290887584000000012	-0.00752924500000000038
5257140000	-0.0336577696999999995	-0.00195011940000000008
5257142000	-0.0299450580000000001	-0.00385104609999999993
5257144000	-0.0277176948000000013	-0.00365881730000000007
5257146000	-0.0329588847000000032	-0.00796156320000000056
5257148000	-0.0319970824000000015	-0.00532803179999999984
5257150000	-0.0369026879000000016	-0.00587224540000000003
5257152000	-0.0342067206999999984	-0.0103651088999999995
5257154000	-0.0351572818000000023	-0.00874001089999999932
5257156000	-0.0354095888000000025	-0.00781119150000000005
5257158000	-0.0335057136000000005	-0.00923905849999999938
5257160000	-0.037078222600000002	-0.00994930129999999947
5257162000	-0.0335003228000000028	-0.00933254939999999915
5257164000	-0.0356916410999999975	-0.00797980690000000062
5257166000	-0.0355073168000000008	-0.0110013786999999998
5257168000	-0.0406113566000000023	-0.0097298374
5257170000	-0.0376041292999999971	-0.00921426350000000005
5257172000	-0.0373597109000000024	-0.00954974450000000037
5257174000	-0.0358408672000000011	-0.0140045525999999993
5257176000	-0.0379292988999999983	-0.0123151292999999998
5257178000	-0.0382767486000000004	-0.00944161190000000067
5257180000	-0.0420029515999999978	-0.0121173246999999994
5257182000	-0.0398108258999999992	-0.0131368662999999993
5257184000	-0.0390441840000000026	-0.00642864469999999966
5257186000	-0.0431957733999999982	-0.0104586016000000007
5257188000	-0.0444776304000000025	-0.00992997949999999997
5257190000	-0.0486162259999999985	-0.00959236379999999986
5257192000	-0.0413953649000000021	-0.0118711569000000006
5257194000	-0.0442094239999999972	-0.0139726131999999992
5257196000	-0.046845569099999998	-0.0123690178999999994
5257198000	-0.043908176799999997	-0.0129568158999999999
5257200000	-0.0465980906999999972	-0.0113086304999999998
5257202000	-0.0450785563999999972	-0.0124564162000000006
5257204000	-0.0486739860999999968	-0.0113201914000000004
5257206000	-0.0486322974000000033	-0.0123955127999999994
5257208000	-0.0502412889000000001	-0.0159913248000000015
5257210000	-0.0424866049999999967	-0.0164624945000000009
5257212000	-0.0456706225000000007	-0.0124933149999999996
5257214000	-0.0491305734000000022	-0.0138764608000000005
5257216000	-0.0455911006999999979	-0.0147303334999999997
5257218000	-0.054065452600000001	-0.0117158373000000003
5257220000	-0.0506301347000000027	-0.0108195063999999997
5257222000	-0.0499415378999999993	-0.0102951434999999994
5257224000	-0.0490360250999999983	-0.0140407272999999999
5257226000	-0.049466056500000001	-0.0111562216999999998
5257228000	-0.0534357083999999968	-0.0151317363999999999
5257230000	-0.0531335937000000022	-0.0146156865000000007
5257232000	-0.0576015356999999978	-0.0134427470999999993
5257234000	-0.0542999233999999983	-0.0126424247
5257236000	-0.0526755952000000013	-0.0124743774999999998
5257238000	-0.0532321759999999991	-0.00954292210000000016
5257240000	-0.0493698807000000003	-0.0134950981000000001
5257242000	-0.0552993025000000013	-0.0134734546000000004
5257244000	-0.0551146955999999993	-0.00900992169999999953
5257246000	-0.0548269722999999987	-0.0119911281999999994
5257248000	-0.057991074699999999	-0.0129319099999999996
5257250000	-0.0578283945999999993	-0.0139876266000000006
5257252000	-0.0564312322000000005	-0.0121272006000000005
5257254000	-0.0560038536000000003	-0.0124540741999999999
5257256000	-0.0610082816999999999	-0.0108038813999999997
5257258000	-0.0604813666999999971	-0.0113091502999999993
5257260000	-0.0597220496000000003	-0.0123554562
5257262000	-0.0588840350000000012	-0.0117577189000000002
5257264000	-0.0625413840999999998	-0.0100015278999999995
5257266000	-0.0589155448999999984	-0.0132289587999999993
5257268000	-0.0636932360999999947	-0.00934010660000000013
5257270000	-0.0595098779000000008	-0.0144790887999999996
5257272000	-0.0568989052999999967	-0.0115830606000000003
5257274000	-0.0582168599000000009	-0.0115944659999999995
5257276000	-0.0590173911999999981	-0.0131336205999999997
5257278000	-0.0611777348000000012	-0.00818243220000000084
5257280000	-0.0637469949000000063	-0.00763524459999999957
5257282000	-0.0613897045999999974	-0.00853263389999999941
5257284000	-0.0560512821999999966	-0.0101327234999999995
5257286000	-0.0611960587	-0.00842395869999999942
5257288000	-0.0636263462999999974	-0.0114877339999999994
5257290000	-0.0643612451000000058	-0.00928120129999999988
5257292000	-0.0663772744000000053	-0.0127776152
5257294000	-0.0617763928000000032	-0.00626143919999999979
5257296000	-0.0635239648999999934	-0.00828055200000000005
5257298000	-0.0606301824999999975	-0.00734671789999999988
5257300000	-0.0655199285000000048	-0.0112277551000000003
5257302000	-0.0648855817999999945	-0.00951102640000000069
5257304000	-0.0645620598999999962	-0.00591747209999999961
5257306000	-0.0630083508000000014	-0.00499889620000000014
5257308000	-0.0663005918999999971	-0.00608063150000000014
5257310000	-0.0673916502000000001	-0.00838848489999999974
5257312000	-0.068549075000000001	-0.00876765770000000055
5257314000	-0.0664145582000000012	-0.00823002760000000021
5257316000	-0.0639594431999999935	-0.00492110949999999964
5257318000	-0.0668333507000000021	-0.00622477370000000009
5257320000	-0.0671766491999999937	-0.0058305885999999996
5257322000	-0.0668165361000000041	-0.00928294219999999982
5257324000	-0.0647259622000000007	-0.00559871680000000038
5257326000	-0.0691592179000000001	-0.00646028629999999965
5257328000	-0.0702344065999999934	-0.00746064549999999986
5257330000	-0.0701254793999999959	-0.00432662140000000025
5257332000	-0.0669525410000000043	-0.00676832619999999992
5257334000	-0.0678270343999999997	-0.00348341569999999993
5257336000	-0.0707164473999999932	-0.00583642020000000022
5257338000	-0.0675970731000000019	-0.0044680064999999998
5257340000	-0.0681954537999999999	-0.00317906290000000017
5257342000	-0.0696366466000000045	-0.00605832340000000014
5257344000	-0.0728818704000000067	0.000443377699999999975
5257346000	-0.0702160091000000042	-0.00362107900000000014
5257348000	-0.0668324931999999955	-0.00371308469999999998
5257350000	-0.0689068770000000053	-0.00187518920000000005
5257352000	-0.0694356443999999962	0.000124364899999999999
5257354000	-0.0721248245000000038	-0.00645485279999999991
5257356000	-0.0714097540000000058	-0.00127364199999999996
5257358000	-0.0711769223000000006	-0.00318443909999999988
5257360000	-0.0701226972999999948	-0.00107898830000000001
5257362000	-0.0715609088000000032	-0.00252253980000000013
5257364000	-0.0712198789000000054	-0.00260878610000000013
5257366000	-0.0712037858000000023	-0.000845942700000000048
5257368000	-0.0711479509000000065	-0.0024990425000000001
5257370000	-0.0704795644999999943	-0.00179583270000000005
5257372000	-0.0720427621000000046	0.00184075730000000004
5257374000	-0.0685335645999999993	-0.00178626520000000006
5257376000	-0.0737230588999999992	-0.00307089329999999999
5257378000	-0.0704029476999999959	-0.00453753449999999992
5257380000	-0.074284158599999997	0.0010434782000000001
5257382000	-0.0727466211000000057	0.00162203020000000007
5257384000	-0.0731501742999999954	-0.000136871699999999993
5257386000	-0.0739539126999999991	0.00161099279999999995
5257388000	-0.0753973862999999939	-0.000831176100000000019
5257390000	-0.0756728130000000054	-0.00212253510000000008
5257392000	-0.0724847953000000017	0.00152367910000000004
5257394000	-0.0716719858000000043	0.00117614799999999991
5257396000	-0.071634388199999996	0.00128784449999999996
5257398000	-0.0742574742000000065	0.00324385150000000002
5257400000	-0.0687310208000000006	0.00100324339999999994
5257402000	-0.0707625597000000051	0.000925394500000000018
5257404000	-0.0717595391000000055	0.00361787390000000006
5257406000	-0.0747012927999999993	0.000841003100000000032
5257408000	-0.0736966282999999972	0.00259698209999999988
5257410000	-0.0766480353999999947	0.0004397518
5257412000	-0.0717143053999999974	0.000332702599999999975
5257414000	-0.0722392369000000034	0.00215010679999999999
5257416000	-0.0731744767000000046	0.00351588600000000018
5257418000	-0.0733620415000000026	0.00110641629999999993
5257420000	-0.0706314474000000053	0.00255429720000000015
5257422000	-0.0753001513000000067	0.00458778669999999975
5257424000	-0.0715549989999999941	-0.00123194069999999997
5257426000	-0.0740297837999999986	0.0066504779
5257428000	-0.074678737600000003	0.00539614329999999962
5257430000	-0.0726956690000000044	0.00364187939999999991
5257432000	-0.071888895199999997	0.00284993240000000004
5257434000	-0.0722261913000000061	0.0050751104
5257436000	-0.072564752499999996	0.00530248860000000037
5257438000	-0.0736127161999999974	0.000867609700000000002
5257440000	-0.0759562455000000053	0.00449146990000000041
5257442000	-0.0750662311000000054	0.00245995029999999991
5257444000	-0.074615640299999994	0.00524621299999999957
5257446000	-0.0762072027000000041	0.00744499050000000002
5257448000	-0.074075489199999997	0.00289115580000000013
5257450000	-0.0751161235000000066	0.00368404300000000013
5257452000	-0.0733456207999999971	0.00401048720000000015
5257454000	-0.0785205038999999966	0.00639645999999999965
5257456000	-0.0794781871999999945	0.0034608378999999999
5257458000	-0.0746183995999999961	0.00480437180000000026
5257460000	-0.0775989358000000046	0.00573324850000000042
5257462000	-0.0763567136999999951	0.00768731119999999969
5257464000	-0.0767889536000000011	0.0041338080000000001
5257466000	-0.0752088352000000043	0.00679221080000000019
5257468000	-0.0760742962999999967	0.0107411168000000005
5257470000	-0.0750584645999999994	0.00960171959999999922
5257472000	-0.0753922357999999987	0.00667537019999999998
5257474000	-0.0753463635999999937	0.00653233899999999985
5257476000	-0.0760204200999999996	0.00533621069999999989
5257478000	-0.0756740756000000014	0.0104921162000000002
5257480000	-0.0750989469000000048	0.00603315099999999962
5257482000	-0.0712242733000000017	0.00569437569999999959
5257484000	-0.0759286712000000058	0.0123145389999999993
5257486000	-0.075918786000000002	0.00480749309999999996
5257488000	-0.0773492488000000061	0.0110482241999999998
5257490000	-0.0743790441999999941	0.00571586209999999997
5257492000	-0.0734472902000000011	0.00496632550000000034
5257494000	-0.0750900786999999931	0.0100606629999999992
5257496000	-0.0765754146000000024	0.0101735364000000005
5257498000	-0.0723754328999999946	0.00870145630000000031
5257500000	-0.0744459783000000069	0.00594546870000000043
5257502000	-0.0715379477000000069	0.0129919167999999995
5257504000	-0.0780652527999999984	0.0121127988999999991
5257506000	-0.0733001218000000065	0.00967460560000000039
5257508000	-0.0770240836999999956	0.0129469331000000003
5257510000	-0.0754854388999999931	0.00977034449999999999
5257512000	-0.0760601149000000032	0.00907554550000000057
5257514000	-0.0717229083999999933	0.00732640930000000041
5257516000	-0.0745193692000000046	0.00863795699999999993
5257518000	-0.0773249500999999978	0.00832636670000000065
5257520000	-0.0782057310999999949	0.0106466314000000003
5257522000	-0.0779174088999999986	0.0130771694999999993
5257524000	-0.0727500759000000025	0.0103622409999999995
5257526000	-0.0765774931000000048	0.0124719379000000005
5257528000	-0.0782072939000000023	0.0120527185000000002
5257530000	-0.0738282259999999968	0.00855916420000000025
5257532000	-0.0741746333000000008	0.0121053127000000007
5257534000	-0.0738771758000000001	0.0093540537
5257536000	-0.0784160015999999932	0.0180395063000000008
5257538000	-0.0759252106999999954	0.0121252038999999992
5257540000	-0.0776086088000000063	0.0122054778999999992
5257542000	-0.0776915729000000055	0.0119504834999999993
5257544000	-0.0743181247999999961	0.00942601369999999938
5257546000	-0.0768630802999999974	0.0114526959000000005
5257548000	-0.0743291427999999976	0.0102894404000000005
5257550000	-0.0757406671000000059	0.0102491644999999996
5257552000	-0.0758496434999999941	0.0117680721000000005
5257554000	-0.0755815959000000065	0.0109259221000000007
5257556000	-0.0787618077000000055	0.0125043632000000002
5257558000	-0.075204634500000006	0.0124971443000000005
5257560000	-0.0752817818999999971	0.0121261062999999999
5257562000	-0.0771970599999999979	0.0149537995999999996
5257564000	-0.0761098726999999975	0.0128107394999999995
5257566000	-0.073694816199999999	0.0103488381000000004
5257568000	-0.0782209190999999943	0.0122091267999999992
5257570000	-0.0782364034000000014	0.0136560837000000001
5257572000	-0.0766229462999999944	0.0113931659999999997
5257574000	-0.0762413237999999965	0.0144891837999999995
5257576000	-0.0793640620999999935	0.0149285080000000001
5257578000	-0.0761793300000000034	0.0148213515999999993
5257580000	-0.081541355900000001	0.0125378269999999997
5257582000	-0.073465769799999997	0.0135955869999999993
5257584000	-0.0725025713999999932	0.0163545614999999998
5257586000	-0.0781690584000000049	0.0142665282999999993
5257588000	-0.0763895883000000053	0.0144965393999999994
5257590000	-0.0802820550000000049	0.0141218490000000006
5257592000	-0.074326593199999999	0.0123279385999999994
5257594000	-0.0766833578000000043	0.0107201360999999995
5257596000	-0.0760993175999999938	0.0114185769999999992
5257598000	-0.0778551858000000041	0.0142171078999999995
5257600000	-0.081484369900000006	0.0172527789999999993
5257602000	-0.0746220454000000033	0.0128098694999999995
5257604000	-0.0759565182000000033	0.0169510032999999997
5257606000	-0.0730262198999999945	0.0141465184000000004
5257608000	-0.0780137729999999946	0.0132777034999999998
5257610000	-0.0776865315999999972	0.0128910628999999999
5257612000	-0.0810014225000000032	0.0129587823000000008
5257614000	-0.0741291221	0.0141745780000000002
5257616000	-0.0755724834999999956	0.0177289373000000007
5257618000	-0.0754180559000000028	0.0153532097999999999
5257620000	-0.0768080129999999944	0.0163066925999999987
5257622000	-0.0734205175000000043	0.0192682432000000001
5257624000	-0.0720590687000000063	0.0153061295999999993
5257626000	-0.0745758881999999956	0.0141123811999999994
5257628000	-0.0789605783000000006	0.0177228452000000002
5257630000	-0.077034737300000003	0.0134186429999999992
5257632000	-0.0784007956999999978	0.0169248684999999989
5257634000	-0.0766043888000000062	0.0163532215000000009
5257636000	-0.0769727015999999986	0.0164478821999999997
5257638000	-0.0739123309999999978	0.0141828882000000003
5257640000	-0.0788123218000000014	0.0167533053000000001
5257642000	-0.0781366641999999972	0.0200268631000000003
5257644000	-0.0766623235999999986	0.0143459486000000001
5257646000	-0.0749161153000000024	0.0155770115999999993
5257648000	-0.077108096000000001	0.0155323279000000002
5257650000	-0.0799984596999999964	0.0152524937999999992
5257652000	-0.0782595434000000062	0.0154761651999999993
5257654000	-0.0765788025000000011	0.0155591840000000002
5257656000	-0.0780804752999999935	0.0197333939
5257658000	-0.0773921483999999993	0.0185927614000000012
5257660000	-0.073900546999999997	0.0160549993000000009
5257662000	-0.0774008560999999984	0.0170969000000000017
5257664000	-0.0756363594000000056	0.0221202186999999995
5257666000	-0.0739354405000000048	0.0194422511999999999
5257668000	-0.0748468374999999991	0.0163826587000000003
5257670000	-0.0788612608999999937	0.0170271900999999989
5257672000	-0.0765046171999999997	0.0162552665000000006
5257674000	-0.0793920937999999937	0.0173820363000000006
5257676000	-0.074194662999999994	0.0198868915
5257678000	-0.0739760906999999968	0.0167604800999999991
5257680000	-0.0779484319000000037	0.0196245175000000008
5257682000	-0.0773679025999999964	0.0196695729000000014
5257684000	-0.0766016095999999952	0.0195313712000000014
5257686000	-0.0779344993999999958	0.0185974214000000013
5257688000	-0.0780673640000000002	0.0196825235000000001
5257690000	-0.0763456051999999996	0.0221476590000000001
5257692000	-0.0811023701000000014	0.0153270642000000006
5257694000	-0.0768312522999999997	0.021650936400000001
5257696000	-0.0756446602999999995	0.0202056668000000009
5257698000	-0.0783442441999999961	0.0191884655999999994
5257700000	-0.0745252665000000064	0.0185571055999999984
5257702000	-0.0840014528999999954	0.0212350081999999989
5257704000	-0.0725753175999999944	0.0219070667999999996
5257706000	-0.0757144639000000008	0.0211269520999999988
5257708000	-0.0755240177999999956	0.021235159
5257710000	-0.0744712143000000049	0.0200460839000000009
5257712000	-0.0782984884999999992	0.0219552024999999998
5257714000	-0.0741818018999999967	0.0202209824000000003
5257716000	-0.0773183962000000002	0.0175886950000000014
5257718000	-0.0753118921999999941	0.0177935798999999985
5257720000	-0.0770344983000000039	0.0193923980000000017
5257722000	-0.0783719660999999956	0.0186763838999999994
5257724000	-0.0769481669999999979	0.0186811079000000005
5257726000	-0.0762288666000000004	0.0238306759000000007
5257728000	-0.0776772807000000037	0.0203726138000000015
5257730000	-0.0767872195000000035	0.022448535700000001
5257732000	-0.0769296334000000026	0.0231018584999999992
5257734000	-0.0733683945000000032	0.0209795651
5257736000	-0.0765399246000000033	0.0183491456999999997
5257738000	-0.0780600966000000035	0.0203753392999999998
5257740000	-0.0756156387999999957	0.0208813431999999993
5257742000	-0.0744695060999999991	0.0190921972000000009
5257744000	-0.0739121791000000028	0.0200958053999999997
5257746000	-0.0761194713999999995	0.0205118889999999984
5257748000	-0.0786135555999999958	0.0202429117000000013
5257750000	-0.0796484323999999966	0.0222735051000000003
5257752000	-0.077305011899999998	0.0199804074999999984
5257754000	-0.0770704194000000065	0.0198627335000000002
5257756000	-0.0757269012000000019	0.0240700281000000016
5257758000	-0.0761605949999999976	0.0253743054999999995
5257760000	-0.0734215946999999952	0.0221012888999999983
5257762000	-0.0757394985999999965	0.0245296584000000012
5257764000	-0.0747297308000000049	0.0203296932999999999
5257766000	-0.078044762700000006	0.0202159173999999983
5257768000	-0.0744262108999999977	0.0212949995999999996
5257770000	-0.0746355097000000051	0.0242088916000000008
5257772000	-0.0732077943000000037	0.0208887099
5257774000	-0.074544172899999997	0.0240098967000000017
5257776000	-0.0754238633000000047	0.0270281381000000015
5257778000	-0.0778937376999999931	0.021286251400000001
5257780000	-0.0772181262999999951	0.0213552319000000004
5257782000	-0.0752900605000000056	0.0229641585999999995
5257784000	-0.0740690450999999944	0.0207465286999999991
5257786000	-0.0700158629999999976	0.0259651392999999987
5257788000	-0.0754911062000000049	0.0240278244999999994
5257790000	-0.0797323327000000054	0.0239823283999999991
5257792000	-0.0715631100999999936	0.021120364400000001
5257794000	-0.0784108807000000047	0.0247892302000000016
5257796000	-0.0754210356999999998	0.0240493417000000008
5257798000	-0.0783826256000000055	0.0256087410999999987
5257800000	-0.076068302500000004	0.0256986989000000006
5257802000	-0.0746317195999999933	0.0220236284999999997
5257804000	-0.0781883602000000011	0.0228090492000000006
5257806000	-0.0765611786000000016	0.0236285702000000007
5257808000	-0.0728617919999999947	0.0228697193999999986
5257810000	-0.0757268044000000001	0.0247836123000000005
5257812000	-0.0756423455999999939	0.0233090081000000005
5257814000	-0.0759215159000000001	0.024009095099999999
5257816000	-0.0760861562999999991	0.0214995511
5257818000	-0.0773904554999999966	0.0251155989999999989
5257820000	-0.0770423231000000042	0.0280767406999999983
5257822000	-0.0724007572999999932	0.0239060747999999997
5257824000	-0.0716773831000000056	0.025986406699999999
5257826000	-0.0740426401999999956	0.0250289541999999983
5257828000	-0.0722114420000000007	0.0290557541000000009
5257830000	-0.0719899311999999958	0.0239608626000000005
5257832000	-0.0732243031999999933	0.0217813920000000001
5257834000	-0.073970643399999994	0.0270979826999999986
5257836000	-0.0772391624999999998	0.0269597638999999993
5257838000	-0.0747582863999999986	0.0229899211000000013
5257840000	-0.0765731867000000038	0.0245437280999999986
5257842000	-0.0751052940999999974	0.0186099888999999991
5257844000	-0.0755206479000000014	0.0258316664999999994
5257846000	-0.0745046753000000034	0.0232087849999999991
5257848000	-0.0779811700000000024	0.0264987469999999996
5257850000	-0.0730620792999999991	0.0227932976000000016
5257852000	-0.078336131200000006	0.0247442371000000001
5257854000	-0.0790175107000000015	0.0275894455000000004
5257856000	-0.0721893271000000059	0.0291580329999999999
5257858000	-0.0738129324000000031	0.0252799111
5257860000	-0.0705238660999999989	0.0255019671000000017
5257862000	-0.0750171956999999973	0.0278329255000000012
5257864000	-0.0741217859999999951	0.0269216552999999997
5257866000	-0.0768027331000000063	0.0251448691000000016
5257868000	-0.0772481834000000034	0.0261883174999999989
5257870000	-0.075997232900000003	0.0258706356999999984
5257872000	-0.0749405447000000002	0.0264052848999999992
5257874000	-0.0764591208999999966	0.0265493741999999998
5257876000	-0.0756708749999999986	0.0235012845000000005
5257878000	-0.0765650927000000037	0.0314488070999999966
5257880000	-0.0777471571000000056	0.0284463055999999992
5257882000	-0.0741087128999999983	0.0244234667000000003
5257884000	-0.0735105597999999999	0.0278111392999999991
5257886000	-0.0749247195000000005	0.0268341342999999996
5257888000	-0.0737757569999999974	0.0261936567000000016
5257890000	-0.0756932981999999949	0.0253219790999999993
5257892000	-0.072565131300000002	0.0260548788000000003
5257894000	-0.0764159414000000065	0.0262530303000000007
5257896000	-0.0752273430999999965	0.028890849100000001
5257898000	-0.0757646366000000043	0.026615062200000001
5257900000	-0.0751094629000000069	0.0258831063
5257902000	-0.0762403279999999961	0.0294182690000000004
5257904000	-0.0740230377999999967	0.0281649736999999983
5257906000	-0.0769337330000000041	0.0245539229000000005
5257908000	-0.072863381899999996	0.0311618682999999994
5257910000	-0.0720995833000000058	0.0226305332999999984
5257912000	-0.0742631341000000028	0.030092199699999999
5257914000	-0.0731592231000000037	0.0297461798000000013
5257916000	-0.0760506224000000036	0.0265329797000000006
5257918000	-0.073937775499999997	0.0271205433999999988
5257920000	-0.076531974700000005	0.0295714278000000011
5257922000	-0.0753165006000000026	0.0249818335999999995
5257924000	-0.0719280510000000067	0.0255850921999999995
5257926000	-0.0759636515000000068	0.0268127309999999994
5257928000	-0.0737780554999999949	0.0277550784000000009
5257930000	-0.0731210389000000044	0.0279092509999999995
5257932000	-0.0695595727999999969	0.0293442874999999999
5257934000	-0.0721641987000000013	0.0282558732
5257936000	-0.074760976899999998	0.027504493599999999
5257938000	-0.0729969518000000012	0.0302528022000000014
5257940000	-0.0703198141000000027	0.0261608377999999996
5257942000	-0.0761521908000000053	0.0318155733999999982
5257944000	-0.0793017840999999946	0.0256563975000000007
5257946000	-0.0751778312000000032	0.0304837232
5257948000	-0.072522183300000001	0.0292924243999999993
5257950000	-0.0727526295999999933	0.0279666171999999984
5257952000	-0.0754351620999999944	0.029434648800000001
5257954000	-0.0757911227999999992	0.0298214610999999984
5257956000	-0.0715826662000000058	0.0320240072000000028
5257958000	-0.0720761889000000044	0.0263619169999999986
5257960000	-0.0742889899999999992	0.0294838957999999998
5257962000	-0.0745429450999999937	0.0294568208999999998
5257964000	-0.076028294499999996	0.0277004577000000002
5257966000	-0.0726147288999999946	0.0330397551999999997
5257968000	-0.0729982896999999964	0.0309634898999999984
5257970000	-0.0734418753999999951	0.0296152696999999986
5257972000	-0.0719548237000000035	0.0310749446999999991
5257974000	-0.0745995047999999938	0.0270520393000000005
5257976000	-0.0782790750999999979	0.0319085697000000001
5257978000	-0.0733458163000000052	0.0277244425000000017
5257980000	-0.0747186962999999982	0.0319666449000000005
5257982000	-0.0737680312999999949	0.027810086500000001
5257984000	-0.0723976184000000023	0.0287990312999999998
5257986000	-0.0793001210999999956	0.0279370307999999984
5257988000	-0.0762601296999999984	0.0303951829000000014
5257990000	-0.0745884817000000006	0.0302100135999999984
5257992000	-0.076742672900000003	0.0290284193000000003
5257994000	-0.0735553543000000004	0.0302502989
5257996000	-0.0757727549999999972	0.029371121
5257998000	-0.0744074547999999947	0.0303149605000000016
5258000000	-0.0747375286000000055	0.0324342057000000031
5258002000	-0.0754537883000000048	0.0301430016000000002
5258004000	-0.072200204300000001	0.0285248030000000014
5258006000	-0.0706755790999999967	0.033766769000000002
5258008000	-0.0751624059000000067	0.0294308248999999994
5258010000	-0.0765548243000000045	0.030533807100000001
5258012000	-0.0742554921000000007	0.0299699982000000004
5258014000	-0.0783585928999999959	0.0309908805999999995
5258016000	-0.0712654223000000059	0.032053404100000002
5258018000	-0.0745432797000000064	0.0320855494999999977
5258020000	-0.0723296229000000013	0.0313965348000000005
5258022000	-0.0753229784999999985	0.0290327270999999991
5258024000	-0.0725463900000000023	0.0306397506000000014
5258026000	-0.0719554223000000021	0.0309380739000000016
5258028000	-0.0728092689000000015	0.0294256141999999984
5258030000	-0.0743696484000000019	0.0310083729000000009
5258032000	-0.0764430014999999963	0.0313773455000000007
5258034000	-0.0754864756000000053	0.0272977007000000001
5258036000	-0.0750137411999999976	0.0274999803000000008
5258038000	-0.0751576323999999935	0.0315084665999999999
5258040000	-0.0773459734999999982	0.0282756691000000011
5258042000	-0.0687814771000000019	0.031361095999999998
5258044000	-0.0734781795000000043	0.0297754354000000013
5258046000	-0.0704711269999999945	0.0272903726999999992
5258048000	-0.0684728820999999932	0.0310870380999999987
5258050000	-0.0733569399000000011	0.0289518068000000003
5258052000	-0.072136213399999996	0.0339152926000000007
5258054000	-0.0723164465000000062	0.0305775548000000001
5258056000	-0.0774878972999999971	0.0339623573000000026
5258058000	-0.0714175806000000024	0.0303322286000000003
5258060000	-0.0721158258000000052	0.0297317066000000012
5258062000	-0.0729257264000000016	0.0348894886999999987
5258064000	-0.0728754442999999946	0.0316642741000000005
5258066000	-0.0725932953999999936	0.0317900080000000015
5258068000	-0.0754521570000000058	0.0301628256999999997
5258070000	-0.0753144614000000046	0.0316070275000000026
5258072000	-0.0750436490999999983	0.0327662534000000005
5258074000	-0.0741242205000000043	0.0335290036999999971
5258076000	-0.0716976611999999985	0.0316674061999999978
5258078000	-0.0722660147000000058	0.0358289067999999974
5258080000	-0.0756501415000000038	0.0329093961000000018
5258082000	-0.0690919175999999968	0.0321577647000000008
5258084000	-0.0733531354000000052	0.0308870380999999999
5258086000	-0.0704021786000000038	0.0355147087000000014
5258088000	-0.0731984985000000005	0.0292776736999999995
5258090000	-0.0701574744000000028	0.0310884082000000006
5258092000	-0.0718661431999999961	0.0365569651999999995
5258094000	-0.0741596905999999945	0.035542536399999998
5258096000	-0.0751044208999999963	0.0304048905000000001
5258098000	-0.0772384192000000053	0.0312797499000000007
5258100000	-0.0701617409000000053	0.0331880680000000011
