# freq, I e Q
5808889600	-0.0723725335999999969	0.223057368899999997
5808894600	-0.0687687453000000032	0.224450782799999998
5808899600	-0.070360963700000001	0.223863111400000009
5808904600	-0.0702952790999999966	0.222947639899999994
5808909600	-0.0702759728999999972	0.222833463000000009
5808914600	-0.0709683599999999942	0.222573927000000005
5808919600	-0.0692604178999999959	0.222577851599999987
5808924600	-0.0685234648999999973	0.22432210729999999
5808929600	-0.0690193813000000017	0.2255387217
5808934600	-0.0672460780000000008	0.227403405400000008
5808939600	-0.0670439049000000065	0.220355859099999996
5808944600	-0.065928163600000006	0.225272220100000004
5808949600	-0.0679954628000000033	0.225743051500000014
5808954600	-0.0641043324999999997	0.226280343100000003
5808959600	-0.0678225494000000012	0.222768665300000002
5808964600	-0.0663894458000000021	0.225600002699999996
5808969600	-0.0666618204999999964	0.227398496899999997
5808974600	-0.0666647476000000044	0.2249083157
5808979600	-0.0635517067999999963	0.226675888200000009
5808984600	-0.0674982261000000028	0.227347198499999986
5808989600	-0.0645873755999999966	0.226278877999999989
5808994600	-0.0642234269999999996	0.224407501000000009
5808999600	-0.0640071398999999958	0.227524032200000004
5809004600	-0.0634580696	0.227962358899999995
5809009600	-0.0629566096000000047	0.225508918899999994
5809014600	-0.0615705220000000025	0.225228464099999998
5809019600	-0.0629603601999999957	0.226336392599999991
5809024600	-0.0619385937000000025	0.227517439200000005
5809029600	-0.0591745519999999983	0.228685433100000002
5809034600	-0.0613086324000000002	0.227566831100000005
5809039600	-0.0602092586000000027	0.2292310085
5809044600	-0.0596734121000000034	0.22576562
5809049600	-0.059151479899999998	0.226149738600000011
5809054600	-0.0601020083000000024	0.227921978400000003
5809059600	-0.061414505799999998	0.228091550899999995
5809064600	-0.0579375373000000013	0.227181313400000001
5809069600	-0.0579667883000000023	0.225473983200000005
5809074600	-0.0563465443999999968	0.230226249599999988
5809079600	-0.0582715561000000035	0.229393442499999989
5809084600	-0.0557684126999999988	0.229509806099999991
5809089600	-0.0552255092000000017	0.230581298699999993
5809094600	-0.0566889932000000027	0.227876022900000003
5809099600	-0.0574741182000000003	0.226803940399999987
5809104600	-0.0536920403000000004	0.227929552099999988
5809109600	-0.0546907574999999993	0.227075531100000005
5809114600	-0.0544297028000000002	0.228328413899999999
5809119600	-0.0572954609999999989	0.228979795399999991
5809124600	-0.0559320383000000004	0.227112800599999998
5809129600	-0.0523812026000000028	0.228972525199999999
5809134600	-0.052292959	0.229850928700000012
5809139600	-0.0513569758000000029	0.229665911100000009
5809144600	-0.0523083714999999991	0.227021677000000005
5809149600	-0.0528215873000000002	0.230374740999999994
5809154600	-0.0532353903999999989	0.228789048900000014
5809159600	-0.0522653063000000015	0.230368073000000007
5809164600	-0.0507159483000000008	0.230547131399999994
5809169600	-0.0527974635000000025	0.228139546599999993
5809174600	-0.0535684349000000032	0.230373499600000003
5809179600	-0.0527192100999999969	0.229997481700000006
5809184600	-0.0492480767999999985	0.229387922900000013
5809189600	-0.0506170208000000024	0.23203104120000001
5809194600	-0.0519624179000000019	0.231716033999999987
5809199600	-0.0493380948999999971	0.230641022100000009
5809204600	-0.0492256265000000012	0.231176239799999989
5809209600	-0.0471775135999999984	0.232495734700000012
5809214600	-0.0497287756999999983	0.229290050200000012
5809219600	-0.0478301089000000013	0.229918238699999999
5809224600	-0.048233016699999999	0.232000236500000012
5809229600	-0.0465048890000000006	0.232874484699999995
5809234600	-0.0473725293000000006	0.2311359677
5809239600	-0.0455981441000000015	0.230424478999999988
5809244600	-0.0440664965999999977	0.232976050699999992
5809249600	-0.0449589925000000029	0.232367577399999997
5809254600	-0.0458548228000000002	0.231655747699999998
5809259600	-0.0465003754000000019	0.233372860200000004
5809264600	-0.0416408256000000004	0.231583724200000007
5809269600	-0.0449868376000000028	0.230102084000000012
5809274600	-0.0452575131000000005	0.23035710479999999
5809279600	-0.0417380696999999981	0.229520415100000014
5809284600	-0.0442916745999999972	0.232474878200000012
5809289600	-0.0410825958000000033	0.231005267200000003
5809294600	-0.0427848470000000008	0.231715601599999987
5809299600	-0.0412046746999999991	0.232546482800000009
5809304600	-0.0420587124999999978	0.23343915979999999
5809309600	-0.0425122876999999982	0.231548757299999991
5809314600	-0.0384137494999999968	0.232429623400000007
5809319600	-0.0395058819999999991	0.235341650499999999
5809324600	-0.0382683301999999989	0.232397926899999996
5809329600	-0.0410143374999999977	0.234193294699999999
5809334600	-0.0412122801999999996	0.234122964300000014
5809339600	-0.0394613144999999971	0.2349499159
5809344600	-0.0380351961000000016	0.234972678099999999
5809349600	-0.0374567178999999986	0.2322604999
5809354600	-0.0373293291000000027	0.232032257900000011
5809359600	-0.0367319471000000022	0.235813752099999996
5809364600	-0.0349907191999999992	0.233589794999999989
5809369600	-0.0355620409000000012	0.235343020900000005
5809374600	-0.0334011234000000032	0.232190208799999992
5809379600	-0.0366856206000000032	0.23482591559999999
5809384600	-0.0334211934000000002	0.233520696899999991
5809389600	-0.0354426903999999973	0.234902169800000005
5809394600	-0.0338673430000000011	0.233236862999999989
5809399600	-0.0348796959000000004	0.236535412899999992
5809404600	-0.0327107941000000027	0.231725507500000011
5809409600	-0.0349862925000000019	0.234651080300000009
5809414600	-0.0319758253000000034	0.233453898399999998
5809419600	-0.031723283900000003	0.23311869930000001
5809424600	-0.0337163586000000029	0.235111645600000002
5809429600	-0.0304339645000000006	0.233828320799999989
5809434600	-0.0319229364999999987	0.235443818700000002
5809439600	-0.0296895380999999993	0.236501430799999995
5809444600	-0.0307364206999999993	0.234569188200000001
5809449600	-0.0309323669000000009	0.235506200599999993
5809454600	-0.0273964515999999998	0.233271771500000002
5809459600	-0.0326695020999999974	0.234585521800000002
5809464600	-0.0281786012000000002	0.234369611100000014
5809469600	-0.0301449804000000002	0.234130803400000004
5809474600	-0.0275330204000000002	0.236980377699999994
5809479600	-0.0281447644000000011	0.2366245981
5809484600	-0.0263322928999999983	0.236315716300000006
5809489600	-0.0286370545999999997	0.233137391400000005
5809494600	-0.0254858516999999993	0.234097253300000002
5809499600	-0.0274322452000000001	0.236743885999999987
5809504600	-0.0242269526000000006	0.234625771099999991
5809509600	-0.0255862497999999987	0.236794005000000002
5809514600	-0.0278644983999999998	0.235059652499999994
5809519600	-0.0272002832000000014	0.23553478650000001
5809524600	-0.0224990945000000005	0.235969153200000004
5809529600	-0.0227607670999999991	0.237255007600000012
5809534600	-0.0217763080000000012	0.23774790300000001
5809539600	-0.0236486973000000003	0.236913540000000006
5809544600	-0.0222398855000000006	0.236982123600000011
5809549600	-0.0223827415000000009	0.234875164800000008
5809554600	-0.0190485108000000014	0.232695999900000006
5809559600	-0.0192301588000000009	0.238665753199999997
5809564600	-0.021595019	0.238353822100000001
5809569600	-0.0200268881999999988	0.239271315499999998
5809574600	-0.0204215109999999998	0.234632992900000004
5809579600	-0.0181980740000000016	0.235052563900000011
5809584600	-0.0187116680999999986	0.239100925299999989
5809589600	-0.0164061435000000012	0.237995021499999987
5809594600	-0.0174587005000000003	0.23905003159999999
5809599600	-0.0173544718000000001	0.239999618299999995
5809604600	-0.0172481877000000006	0.239460887499999997
5809609600	-0.0159696585000000009	0.238985444399999997
5809614600	-0.0139392018000000003	0.237696957799999997
5809619600	-0.0145900254999999993	0.236559396199999994
5809624600	-0.0151033305999999992	0.237211374499999988
5809629600	-0.0168476702000000013	0.2358898673
5809634600	-0.0143251283999999996	0.238015843899999996
5809639600	-0.0130478456	0.237840999899999989
5809644600	-0.0138123741999999997	0.236823983500000002
5809649600	-0.0110642385000000003	0.237576048600000006
5809654600	-0.0111951975000000002	0.2377004375
5809659600	-0.0145279643999999993	0.240094864699999994
5809664600	-0.00951602739999999996	0.236870261400000004
5809669600	-0.0108960014000000008	0.237742306699999989
5809674600	-0.00994748609999999978	0.238911871500000011
5809679600	-0.00833296269999999999	0.239192783699999995
5809684600	-0.00980880769999999992	0.236406050300000004
5809689600	-0.00894638679999999915	0.237229480999999992
5809694600	-0.00793705549999999989	0.240398287500000002
5809699600	-0.00999205939999999945	0.235745509600000014
5809704600	-0.0067252461000000003	0.23915459850000001
5809709600	-0.00637339129999999962	0.240057311400000001
5809714600	-0.00622633090000000028	0.239467864199999991
5809719600	-0.00876726620000000019	0.237232166500000008
5809724600	-0.00644096499999999988	0.237712099300000007
5809729600	-0.00506413089999999989	0.239392640900000009
5809734600	-0.00422085129999999996	0.237305078700000005
5809739600	-0.00488984220000000021	0.238240779699999988
5809744600	-0.00365969100000000007	0.239545825200000007
5809749600	-0.00618122859999999975	0.237762135799999996
5809754600	-0.00410943329999999968	0.2427942357
5809759600	-0.00553847729999999965	0.2426615731
5809764600	-0.00269843399999999999	0.238644570800000011
5809769600	-0.00433932680000000039	0.238972986999999998
5809774600	-0.00144055029999999996	0.241044102399999988
5809779600	-0.000503729599999999948	0.239077713200000014
5809784600	-0.000333086000000000016	0.238899222699999997
5809789600	-0.0016757193000000001	0.237251630800000002
5809794600	-0.00191115290000000004	0.241363066600000009
5809799600	0.00132911389999999991	0.240054373999999987
5809804600	0.00299873600000000011	0.238209487299999995
5809809600	9.29577999999999996e-05	0.237620583999999996
5809814600	0.00350726859999999979	0.241175146600000001
5809819600	0.00560471030000000026	0.24188350589999999
5809824600	0.00140786709999999996	0.240446746500000003
5809829600	0.00226289670000000016	0.239482650800000002
5809834600	0.00296523480000000002	0.237583405999999997
5809839600	0.00534178230000000032	0.241256549200000003
5809844600	0.00216522340000000011	0.239621507499999997
5809849600	0.00317293050000000019	0.242741301900000012
5809854600	0.00592193929999999986	0.239605505299999993
5809859600	0.00492327610000000034	0.240494564500000008
5809864600	0.00618947259999999989	0.239102527300000006
5809869600	0.00521412410000000014	0.241203018399999997
5809874600	0.00507534000000000023	0.238369635999999996
5809879600	0.00647659950000000015	0.240085105500000007
5809884600	0.0100814504000000006	0.24234051370000001
5809889600	0.00774665219999999977	0.241257318999999998
5809894600	0.00810937609999999934	0.239246096299999988
5809899600	0.0103985632000000005	0.238842179200000004
5809904600	0.00820655439999999972	0.2414825414
5809909600	0.0117555646000000007	0.2414487367
5809914600	0.0125426227000000005	0.237126097400000013
5809919600	0.0140015277000000004	0.239747122700000009
5809924600	0.0106280340999999993	0.24071077099999999
5809929600	0.0129084200999999999	0.238277377699999987
5809934600	0.0143433655	0.242425805999999994
5809939600	0.0164318177000000003	0.240600402800000002
5809944600	0.0160157952999999999	0.24099952890000001
5809949600	0.0138413292000000004	0.240012734400000011
5809954600	0.0159753868000000014	0.242478722300000005
5809959600	0.0190971490000000008	0.241675680400000009
5809964600	0.0170018467	0.242482891799999989
5809969600	0.0175021908999999989	0.239945826000000001
5809974600	0.0187641477000000008	0.24112252649999999
5809979600	0.019934610299999999	0.24079197229999999
5809984600	0.0198470037000000009	0.239993016499999989
5809989600	0.0207951707000000006	0.238237971399999998
5809994600	0.0193383609999999984	0.23986844060000001
5809999600	0.0198921415999999997	0.238357567999999992
5810004600	0.0222057838	0.241239402299999989
5810009600	0.0228493370000000008	0.243149802800000009
5810014600	0.0226240691999999993	0.240331314099999999
5810019600	0.0226133136999999984	0.242696139799999988
5810024600	0.0236876316000000017	0.2383833702
5810029600	0.0246772238999999997	0.236263650699999994
5810034600	0.0258396491999999985	0.240116240499999994
5810039600	0.0247701061999999993	0.240393727899999993
5810044600	0.0262273309000000017	0.238152860699999996
5810049600	0.0254278104000000005	0.240285930600000003
5810054600	0.0274025035000000014	0.241480385999999991
5810059600	0.0284781607999999992	0.242728024900000006
5810064600	0.0275266919999999984	0.241639129400000013
5810069600	0.0283406995000000002	0.238512897899999993
5810074600	0.0290062341000000001	0.237175522
5810079600	0.0289767649000000002	0.241877337100000006
5810084600	0.030832089	0.240336083899999997
5810089600	0.0302353778999999989	0.239751309299999993
5810094600	0.0293021579000000004	0.239773580699999989
5810099600	0.0309130323000000005	0.237935459500000002
5810104600	0.0375781113000000014	0.240003915799999995
5810109600	0.0306667207999999983	0.240812324699999997
5810114600	0.0307031590000000007	0.238707413499999993
5810119600	0.0347674297999999993	0.238087628699999998
5810124600	0.0351528455000000017	0.239107422399999991
5810129600	0.0355487028999999996	0.239373440500000007
5810134600	0.0323872690999999976	0.237129870699999995
5810139600	0.0377888238999999973	0.2399462292
5810144600	0.0392890987999999983	0.236516501699999993
5810149600	0.036915564900000003	0.242323056300000006
5810154600	0.0371386032000000019	0.239582147400000001
5810159600	0.0388351198999999994	0.240431525499999993
5810164600	0.0382279670000000016	0.240408229400000006
5810169600	0.0387474896999999985	0.238938928900000014
5810174600	0.039940626299999997	0.237077894600000005
5810179600	0.0428318934000000012	0.238408770999999992
5810184600	0.0421535117000000001	0.241425229699999994
5810189600	0.0412363265000000034	0.241755492900000007
5810194600	0.0422139767999999971	0.239766203700000013
5810199600	0.0423190057999999966	0.237284403100000013
5810204600	0.0445381694000000009	0.240225336399999989
5810209600	0.0448159450000000029	0.239733485800000007
5810214600	0.0449123342000000009	0.241263748700000003
5810219600	0.0480205338000000009	0.238418006500000002
5810224600	0.0463046801999999966	0.24140224930000001
5810229600	0.0457091203999999973	0.240239269199999994
5810234600	0.0478585258000000027	0.236408694700000005
5810239600	0.0481108156000000023	0.240567571899999999
5810244600	0.0494340825999999983	0.236746529099999992
5810249600	0.049181902700000002	0.237639591700000014
5810254600	0.0483742757999999981	0.239665051699999992
5810259600	0.0505350587000000032	0.235807708599999999
5810264600	0.0535404926000000031	0.238174912200000005
5810269600	0.0543220383000000001	0.236403976500000002
5810274600	0.0530770076999999979	0.239527045500000008
5810279600	0.0529360202999999974	0.236469431300000005
5810284600	0.0583547187000000023	0.236856299699999995
5810289600	0.0538862339999999981	0.239039526700000005
5810294600	0.0566772227000000017	0.237832597600000001
5810299600	0.0575220862000000027	0.236332961199999997
5810304600	0.0557902540999999988	0.23761544670000001
5810309600	0.0558369943999999993	0.237701802600000012
5810314600	0.057770155099999998	0.240420395199999998
5810319600	0.0589984647999999973	0.236778060200000001
5810324600	0.061139283099999997	0.239013460900000002
5810329600	0.0604113568000000031	0.236250012199999998
5810334600	0.0615212154000000025	0.236743224000000002
5810339600	0.0619136037	0.2365327032
5810344600	0.0615101972999999996	0.234937385400000004
5810349600	0.0647732312000000032	0.236865938100000006
5810354600	0.0622351386999999978	0.238715976899999988
5810359600	0.0657733664000000051	0.232651697600000013
5810364600	0.0660246126000000044	0.234048959299999998
5810369600	0.0647269087000000021	0.236246472799999996
5810374600	0.0638856789000000064	0.237693426600000007
5810379600	0.0663831743999999946	0.2327794319
5810384600	0.0689127056999999932	0.235216009300000001
5810389600	0.0684102711999999974	0.235926671300000002
5810394600	0.0701362630000000042	0.232105582000000005
5810399600	0.069723924100000001	0.235407715500000003
5810404600	0.072568980800000002	0.234796713500000004
5810409600	0.0731836473000000015	0.232730044100000005
5810414600	0.0731265558000000065	0.233032509999999998
5810419600	0.0726108953000000057	0.234385603100000006
5810424600	0.0763451292000000004	0.233595073699999989
5810429600	0.0730312778000000024	0.234974267600000009
5810434600	0.0753141759000000022	0.233175960799999998
5810439600	0.0757338035000000021	0.23208161229999999
5810444600	0.0776314401000000043	0.233274481300000003
5810449600	0.0778859627000000054	0.231366538900000002
5810454600	0.0750836114999999943	0.231275253200000003
5810459600	0.079231009000000005	0.231976273499999996
5810464600	0.0796032448000000004	0.231354284599999988
5810469600	0.0800591321999999939	0.229953648300000008
5810474600	0.0820650727000000052	0.230859999499999996
5810479600	0.0826539139000000006	0.230355564200000001
5810484600	0.0812126902000000067	0.228137408099999994
5810489600	0.084276353200000001	0.230050951599999998
5810494600	0.0838193864000000011	0.23143914530000001
5810499600	0.0904850615999999996	0.226914449600000012
5810504600	0.0886156552000000042	0.229736717199999996
5810509600	0.0880409152	0.226961031899999999
5810514600	0.0915045253000000003	0.227652219099999997
5810519600	0.0894258447000000067	0.229963886899999997
5810524600	0.0900812393000000045	0.227452543000000007
5810529600	0.0901568620999999987	0.228556744099999987
5810534600	0.0885789522000000051	0.225743582999999998
5810539600	0.0941988475999999963	0.228266507600000002
5810544600	0.0938926897000000038	0.226393617600000013
5810549600	0.093107538700000006	0.224128244899999995
5810554600	0.0927730056999999941	0.225535806899999997
5810559600	0.096937806200000004	0.226868314500000001
5810564600	0.0989585568999999943	0.225302184699999991
5810569600	0.0990481004999999998	0.226813543499999992
5810574600	0.100159943799999998	0.225453259600000011
5810579600	0.1001592922	0.224030093699999988
5810584600	0.100639057800000001	0.225221820200000006
5810589600	0.101181159500000006	0.224475887000000013
5810594600	0.102933962200000007	0.222647447599999992
5810599600	0.101612051100000003	0.222059838900000001
5810604600	0.102991610100000006	0.22106096019999999
5810609600	0.103372711899999997	0.223596846500000002
5810614600	0.107294587100000005	0.218398448999999995
5810619600	0.105450730500000006	0.220369354500000003
5810624600	0.108169431299999994	0.219443638800000007
5810629600	0.111784538099999997	0.220829470500000014
5810634600	0.112595995399999996	0.217854880100000009
5810639600	0.109638656500000001	0.219360806299999989
5810644600	0.110509356099999997	0.21844767570000001
5810649600	0.113736282300000005	0.215783180500000005
5810654600	0.112683373700000006	0.21392714169999999
5810659600	0.1169453565	0.214131673500000008
5810664600	0.117771928200000001	0.216119984099999995
5810669600	0.117041459599999995	0.216962371600000009
5810674600	0.117615461399999996	0.21359791010000001
5810679600	0.119291381099999996	0.213854212900000007
5810684600	0.120112480899999999	0.214104944699999994
5810689600	0.119581366499999994	0.211489919299999996
5810694600	0.121354456700000002	0.208700501799999993
5810699600	0.123648305799999997	0.208285422800000009
5810704600	0.1230080271	0.209672872700000013
5810709600	0.122983970499999998	0.208915180199999995
5810714600	0.124648334999999999	0.208780336000000011
5810719600	0.128333569000000008	0.206182636199999991
5810724600	0.129433754200000001	0.206212920900000013
5810729600	0.126933120600000005	0.204761367299999997
5810734600	0.127924466799999997	0.205356199099999998
5810739600	0.12998711260000001	0.203602088699999989
5810744600	0.133375468200000014	0.205407537400000006
5810749600	0.133343213500000002	0.201493613099999996
5810754600	0.133715814399999994	0.198737043400000007
5810759600	0.133117803600000001	0.201899017699999989
5810764600	0.135921776999999994	0.199973244699999997
5810769600	0.137989529199999988	0.199556582199999999
5810774600	0.137248244600000013	0.197722176100000008
5810779600	0.1387214269	0.198704450300000002
5810784600	0.139595277399999995	0.194068069300000007
5810789600	0.138958507399999986	0.193641256600000006
5810794600	0.141575843000000007	0.19275373409999999
5810799600	0.144659950399999987	0.191414971200000006
5810804600	0.143109014600000001	0.191040188599999994
5810809600	0.142883048499999998	0.190417035600000006
5810814600	0.14906801959999999	0.188537590000000005
5810819600	0.147271383300000003	0.187795037299999995
5810824600	0.149552265999999989	0.190272363599999994
5810829600	0.149784876700000014	0.185222969200000004
5810834600	0.152972522500000013	0.18705288149999999
5810839600	0.150680557100000001	0.182223894899999989
5810844600	0.1497556216	0.180809918900000005
5810849600	0.151255643400000001	0.179724668000000004
5810854600	0.15477408740000001	0.179811212599999992
5810859600	0.156456544400000008	0.1787261926
5810864600	0.15552917329999999	0.177085092199999988
5810869600	0.15478285289999999	0.172647151800000009
5810874600	0.156346248399999999	0.171561772499999987
5810879600	0.158087933699999988	0.16855195240000001
5810884600	0.158834302399999988	0.168963215700000002
5810889600	0.161300798999999995	0.169541033300000005
5810894600	0.161555426000000002	0.168428529500000007
5810899600	0.163155291400000013	0.166134242200000004
5810904600	0.161980567699999994	0.162898547100000013
5810909600	0.162547634100000005	0.157924367399999988
5810914600	0.163915679099999989	0.158932555599999997
5810919600	0.170163707899999989	0.157960407999999997
5810924600	0.166442869800000004	0.153716482900000007
5810929600	0.167342537099999994	0.1527595333
5810934600	0.164664757999999994	0.152783251799999992
5810939600	0.169083556699999998	0.148073052600000005
5810944600	0.171228973000000007	0.14816118519999999
5810949600	0.166896607599999997	0.144709119500000011
5810954600	0.170426257599999992	0.1438379984
5810959600	0.171731248599999997	0.139808512299999993
5810964600	0.170875653900000007	0.136931539699999993
5810969600	0.173090089400000008	0.137623934499999989
5810974600	0.174175505000000008	0.133304220400000006
5810979600	0.17637692390000001	0.129891229200000013
5810984600	0.172085274099999991	0.130042029499999989
5810989600	0.173767503200000006	0.128368240599999989
5810994600	0.172800878699999994	0.125552653600000008
5810999600	0.177922442600000008	0.120882437600000003
5811004600	0.175547125199999987	0.121123694200000007
5811009600	0.173844556600000005	0.1165251655
5811014600	0.175920354700000003	0.116515929399999996
5811019600	0.174861304899999986	0.112529266399999994
5811024600	0.174076946099999991	0.110635130499999998
5811029600	0.172800641799999988	0.107649907399999994
5811034600	0.173792019699999994	0.104687168299999994
5811039600	0.173372463199999993	0.103208998100000005
5811044600	0.172266807900000013	0.099654103899999999
5811049600	0.174078269099999988	0.097259423400000003
5811054600	0.174365058099999998	0.093855482000000004
5811059600	0.172772351699999993	0.091847768499999996
5811064600	0.169300328599999994	0.085991137800000006
5811069600	0.172189551400000002	0.0838961966999999947
5811074600	0.171822878300000009	0.0831158679000000011
5811079600	0.170242796000000002	0.0798985012999999938
5811084600	0.1668280808	0.0773172357999999948
5811089600	0.168482059699999992	0.0730826628999999978
5811094600	0.165746139300000012	0.0695312715999999997
5811099600	0.165660177900000011	0.0686427357999999932
5811104600	0.165822067399999995	0.0664387438999999996
5811109600	0.164956577999999993	0.0639524369000000065
5811114600	0.163420066499999989	0.0606894171999999982
5811119600	0.161455430000000011	0.0580800913999999988
5811124600	0.158332662000000013	0.0575038954999999991
5811129600	0.154970618300000001	0.0522793980999999991
5811134600	0.154513220000000007	0.0497074169000000024
5811139600	0.154567550299999995	0.0441747665999999983
5811144600	0.15090263470000001	0.0446787532999999987
5811149600	0.149559103400000004	0.0420621438
5811154600	0.149249090299999998	0.0395773535000000024
5811159600	0.143679821600000007	0.0393138742000000013
5811164600	0.143106157499999997	0.0343738546999999978
5811169600	0.141118906099999997	0.0334996321000000027
5811174600	0.137872144400000007	0.0293290671999999995
5811179600	0.134009056900000006	0.0279239473999999994
5811184600	0.132306145399999991	0.0285006689999999993
5811189600	0.130311764800000007	0.0226432306000000014
5811194600	0.127864356600000006	0.0214801327000000014
5811199600	0.124014996299999999	0.0196616694999999994
5811204600	0.123486916799999999	0.0196459284999999997
5811209600	0.115518681799999995	0.0168997830999999994
5811214600	0.115789372500000001	0.0169191316000000015
5811219600	0.110672345300000002	0.0149465958000000003
5811224600	0.1113962914	0.0135527498999999992
5811229600	0.104913998300000005	0.0100314251999999993
5811234600	0.103297828199999997	0.0126642916000000005
5811239600	0.101290638200000005	0.0121253878999999995
5811244600	0.0975472695000000056	0.0105972679000000004
5811249600	0.0942106129000000042	0.00821743119999999994
5811254600	0.088401208600000003	0.0105456698000000008
5811259600	0.0863595932000000011	0.00846075850000000025
5811264600	0.0833426280000000019	0.00638948420000000003
5811269600	0.0815720825999999982	0.00457220260000000024
5811274600	0.0778414058999999936	0.00637440490000000005
5811279600	0.074375233900000004	0.00818960170000000015
5811284600	0.072453121199999998	0.00538895329999999981
5811289600	0.0671406174999999994	0.00608982329999999995
5811294600	0.0672906704000000022	0.00680037390000000005
5811299600	0.0631671711999999969	0.00666169779999999968
5811304600	0.0600413639999999998	0.00514650880000000043
5811309600	0.0552178125999999991	0.00586183489999999967
5811314600	0.0525268289999999971	0.00710808690000000031
5811319600	0.0504443030999999972	0.00826259170000000036
5811324600	0.0463402892999999969	0.0105966979999999999
5811329600	0.0440086873000000017	0.00972865610000000006
5811334600	0.0404035630999999978	0.00972254370000000083
5811339600	0.0405087806999999966	0.0128040407999999994
5811344600	0.0356539967000000027	0.0134466405000000008
5811349600	0.0339564388999999967	0.0127277329000000002
5811354600	0.0313023081999999966	0.0143580387000000007
5811359600	0.028558888000000001	0.0132930337999999995
5811364600	0.0262527795000000001	0.0173560183999999992
5811369600	0.0255533036999999984	0.0185537295000000012
5811374600	0.0224744285000000009	0.0171089079999999991
5811379600	0.0179116190000000002	0.0213288984999999987
5811384600	0.0160776436000000002	0.0238979442
5811389600	0.0153248842999999992	0.0258734127999999987
5811394600	0.0132281292000000009	0.0248100418000000017
5811399600	0.0109189553999999994	0.0265640748000000003
5811404600	0.0104292286999999994	0.0279884279999999992
5811409600	0.00484409469999999998	0.0314514201000000021
5811414600	0.00467838980000000008	0.0314506891999999996
5811419600	0.00347000469999999986	0.0346501020000000021
5811424600	0.0014272842999999999	0.0353458426000000034
5811429600	-0.00302990739999999979	0.0355902748000000019
5811434600	-0.00337356759999999983	0.0357837766999999987
5811439600	-0.00310212519999999992	0.0391918747999999983
5811444600	-0.00442098219999999958	0.0412028418000000007
5811449600	-0.00575797289999999996	0.0462873292999999991
5811454600	-0.00719186259999999959	0.0446262549999999966
5811459600	-0.0118782109999999996	0.0466288623999999985
5811464600	-0.0108203838999999993	0.0503474844999999976
5811469600	-0.0121026302000000006	0.0504887383999999967
5811474600	-0.0102483017999999999	0.0510863957000000021
5811479600	-0.0154918277000000004	0.0569763330999999984
5811484600	-0.0153128486999999994	0.0561519164000000015
5811489600	-0.0135243707999999994	0.0553105741000000026
5811494600	-0.0174348840000000012	0.0624542980999999997
5811499600	-0.0161437848999999994	0.0598419092000000014
5811504600	-0.0188404832000000008	0.0634640357000000044
5811509600	-0.0155111355999999999	0.0685090134999999933
5811514600	-0.0197520358000000014	0.0680408574000000016
5811519600	-0.019133635999999999	0.0695507481999999982
5811524600	-0.019083072999999999	0.0732401787999999998
5811529600	-0.0197394065000000007	0.0718721120999999963
5811534600	-0.0228638928000000005	0.0739109968000000034
5811539600	-0.0198270421999999988	0.074368153500000006
5811544600	-0.0227689410999999987	0.0787078855999999993
5811549600	-0.0224229079999999983	0.0795751739999999985
5811554600	-0.0205930591000000017	0.0813683007000000069
5811559600	-0.0230952957999999986	0.0848719970000000046
5811564600	-0.0244461244999999994	0.0836295469000000041
5811569600	-0.0231934841000000017	0.0869070764999999995
5811574600	-0.024410577499999999	0.0863539703999999936
5811579600	-0.0239091997999999993	0.0899627409000000045
5811584600	-0.0238288128999999994	0.0890121252999999946
5811589600	-0.0212311469999999988	0.0907479853000000003
5811594600	-0.0241260615999999983	0.0947365899000000011
5811599600	-0.0240792023999999993	0.0968186577999999992
5811604600	-0.0245594300000000001	0.0961750296999999976
5811609600	-0.0237170215000000011	0.0983359646000000059
5811614600	-0.0254474816999999999	0.0975445104000000063
5811619600	-0.0262858898000000001	0.0999098568999999964
5811624600	-0.023014839799999999	0.101966687
5811629600	-0.0245914035999999989	0.104987133600000004
5811634600	-0.0221220396999999985	0.103949443799999999
5811639600	-0.0255046002999999993	0.105489421599999994
5811644600	-0.0258402728999999991	0.107867450899999995
5811649600	-0.0231874021000000007	0.108205173700000004
5811654600	-0.0231287890000000003	0.111466941299999997
5811659600	-0.0238925863999999988	0.113169376700000004
5811664600	-0.0233905020000000005	0.1119602611
5811669600	-0.0257172539999999984	0.112375484299999995
5811674600	-0.0234151548000000008	0.114817671900000001
5811679600	-0.0208665365000000012	0.117472363699999999
5811684600	-0.0211649047999999985	0.118571679799999996
5811689600	-0.0229041424999999986	0.119225815700000001
5811694600	-0.0200335947999999986	0.120291276399999994
5811699600	-0.020565082299999999	0.120088087499999996
5811704600	-0.0207968531999999998	0.120746959299999998
5811709600	-0.0197442453000000011	0.117926353400000003
5811714600	-0.0201583533000000009	0.125126165300000008
5811719600	-0.0203689116999999989	0.123258470100000003
5811724600	-0.0197082397999999992	0.126993404899999995
5811729600	-0.0198133987999999997	0.125920571000000009
5811734600	-0.0203666330999999999	0.129424176499999988
5811739600	-0.0155956141999999999	0.129783565099999998
5811744600	-0.0203498598000000017	0.129258284599999995
5811749600	-0.0156255401999999995	0.134071506600000001
5811754600	-0.0188621775000000005	0.130087305799999997
5811759600	-0.0167517909000000007	0.133469707699999995
5811764600	-0.0175714845000000015	0.135965565099999991
5811769600	-0.0165220392999999993	0.134847598099999993
5811774600	-0.016114684399999999	0.134939554699999992
5811779600	-0.0148041162999999996	0.136262199800000011
5811784600	-0.0142046509000000008	0.133598842899999987
5811789600	-0.0144358669999999998	0.137902175500000002
5811794600	-0.0154077361999999992	0.139578750800000012
5811799600	-0.0144582179000000005	0.142402778600000002
5811804600	-0.0116152119000000002	0.139154472499999987
5811809600	-0.0107142976000000004	0.139796077299999988
5811814600	-0.0111018356999999998	0.142998768700000001
5811819600	-0.0118233768999999999	0.142734256000000004
5811824600	-0.0114551050999999997	0.143848685700000006
5811829600	-0.0105054537000000003	0.142942393499999987
5811834600	-0.0078412954999999996	0.144608334499999991
5811839600	-0.00927487129999999931	0.147389534500000002
5811844600	-0.00711630939999999962	0.146707624600000003
5811849600	-0.00887869110000000065	0.148733517499999995
5811854600	-0.00789208280000000019	0.146048484799999989
5811859600	-0.0107423181999999999	0.146297004600000002
5811864600	-0.00698828130000000037	0.147563421
5811869600	-0.00803802990000000023	0.147982791400000008
5811874600	-0.00658289130000000011	0.150753239499999997
5811879600	-0.00783400040000000082	0.150692723199999989
5811884600	-0.00669302280000000013	0.150781913600000012
5811889600	-0.00405839130000000027	0.150315372100000011
5811894600	-0.00593696600000000012	0.151419310400000007
5811899600	-0.00209440269999999979	0.152261390899999988
5811904600	-0.00474562270000000036	0.155029278200000009
5811909600	-0.00243295370000000009	0.152924637800000013
5811914600	-0.00278642270000000001	0.154648358000000014
5811919600	-0.0041938905999999998	0.156681194100000004
5811924600	-0.00383044410000000016	0.156194978600000006
5811929600	-0.0010000985	0.15672405310000001
5811934600	0.00218834440000000019	0.158888875000000013
5811939600	0.000967009599999999999	0.155278156899999992
5811944600	0.00178175370000000009	0.157742444300000006
5811949600	0.000655365700000000006	0.161364349200000007
5811954600	0.00349592000000000002	0.159379568999999999
5811959600	-0.000830669300000000019	0.160324568899999992
5811964600	0.000495286300000000049	0.160168180999999993
5811969600	0.00188815990000000002	0.1607630112
5811974600	0.00356743460000000017	0.15989688660000001
5811979600	0.00557723450000000009	0.161457272699999987
5811984600	0.00616362889999999986	0.159991654000000011
5811989600	0.00418321389999999974	0.162845480099999995
5811994600	0.00463550730000000018	0.159789700700000009
5811999600	0.00682337539999999972	0.164589073599999997
5812004600	0.00784036320000000043	0.161940533299999995
5812009600	0.00898998879999999938	0.164473182999999995
5812014600	0.00791183680000000049	0.162833836399999987
5812019600	0.0104700633000000005	0.163544205299999995
5812024600	0.00983372050000000039	0.163495779400000013
5812029600	0.00965372460000000002	0.167871508599999997
5812034600	0.0104470715000000002	0.164576656500000001
5812039600	0.0112891516999999997	0.167667745300000004
5812044600	0.0115205749999999999	0.164580317599999998
5812049600	0.0112384196000000006	0.165918874299999991
5812054600	0.0122454676000000005	0.167157416800000014
5812059600	0.0137498723000000003	0.1655674704
5812064600	0.0140914716000000006	0.166428732100000004
5812069600	0.0119864405000000007	0.167946754100000012
5812074600	0.0156502845000000002	0.1699367819
5812079600	0.0131406891999999997	0.170055617299999989
5812084600	0.0132442116999999995	0.16946752209999999
5812089600	0.0163485395999999998	0.168702620400000003
5812094600	0.0133403668999999992	0.17157397399999999
5812099600	0.0175735584000000014	0.17093019109999999
5812104600	0.0181156149000000002	0.167894817400000007
5812109600	0.0163810081000000003	0.172710340500000004
5812114600	0.0175402165000000006	0.172106910400000007
5812119600	0.0178927512999999989	0.170298985200000003
5812124600	0.0188585520999999985	0.171671966799999992
5812129600	0.020449685799999999	0.170936709800000003
5812134600	0.021333402500000001	0.172849910100000004
5812139600	0.0204387338000000009	0.170874796899999987
5812144600	0.0213568005999999998	0.172638386300000002
5812149600	0.0207363527999999998	0.173614430200000003
5812154600	0.024469196700000001	0.170448203200000009
5812159600	0.0238297537000000011	0.171557096200000009
5812164600	0.025141604599999999	0.172415767100000006
5812169600	0.0214976478999999998	0.170760178699999987
5812174600	0.0232810297999999985	0.174993113799999989
5812179600	0.0244457358	0.172855657899999987
5812184600	0.0250872640000000015	0.172711495800000003
5812189600	0.0260431763999999996	0.17378913909999999
5812194600	0.0236848844999999995	0.173283938199999987
5812199600	0.0272518851000000013	0.173705605000000013
5812204600	0.0266296814999999985	0.173253032499999987
5812209600	0.0272103292999999989	0.174315220699999995
5812214600	0.0287785238999999984	0.17413136500000001
5812219600	0.0291913372999999983	0.172630662299999987
5812224600	0.0292201188000000001	0.175372814200000005
5812229600	0.0316531638000000018	0.175954699500000006
5812234600	0.0301950877999999992	0.174142224300000009
5812239600	0.0278731361000000011	0.176514802299999995
5812244600	0.0322517521999999973	0.175096301600000004
5812249600	0.0330547257000000025	0.176596258400000011
5812254600	0.0313996204000000015	0.176295751599999995
5812259600	0.0339032701000000006	0.178604638099999991
5812264600	0.0333633580000000027	0.176494960899999997
5812269600	0.0318262902000000028	0.176075491400000006
5812274600	0.032943488299999997	0.179617576800000012
5812279600	0.0352807293000000008	0.176719396899999992
5812284600	0.0357879435999999967	0.17798578470000001
5812289600	0.0359568944000000015	0.177880466699999989
5812294600	0.0355208013000000017	0.178630022100000008
5812299600	0.0377770155999999982	0.177217733999999988
5812304600	0.0353404740999999981	0.17942461609999999
5812309600	0.0356066167999999975	0.17696451869999999
5812314600	0.0386624600999999971	0.177312043199999991
5812319600	0.0381470943999999978	0.17741898410000001
5812324600	0.0392399860999999989	0.180269180499999987
5812329600	0.0375928530999999969	0.178562033600000003
5812334600	0.0368697677000000001	0.176961995700000013
5812339600	0.0365733047000000033	0.178288469899999996
5812344600	0.0390727879999999972	0.178122299900000003
5812349600	0.0389065036000000031	0.176889183300000002
5812354600	0.037766216200000001	0.179706807400000002
5812359600	0.0434205741999999992	0.177990787300000008
5812364600	0.039282598600000003	0.179176596100000002
5812369600	0.0419499481000000021	0.182052280799999994
5812374600	0.0439790852999999982	0.179447919099999992
5812379600	0.0431883160999999988	0.181572217499999994
5812384600	0.0429648268000000014	0.176755917099999993
5812389600	0.0449350052000000028	0.178326098500000002
5812394600	0.0449946306000000018	0.183142475500000013
5812399600	0.0429228018000000003	0.176792303000000012
5812404600	0.0436476136000000028	0.17848079
5812409600	0.0462545063999999992	0.181736496299999994
5812414600	0.0467703133999999993	0.179564032300000009
5812419600	0.0435211355000000022	0.182317981299999987
5812424600	0.0460586990000000016	0.181989226599999998
5812429600	0.0485494049999999969	0.183414564499999988
5812434600	0.0475156634999999994	0.181196309899999991
5812439600	0.0481991384000000009	0.179918784800000009
5812444600	0.0474026128000000005	0.179822470799999995
5812449600	0.0476050807000000034	0.180705108100000011
5812454600	0.0507410266000000026	0.180607461500000011
5812459600	0.0511914112000000018	0.181643761300000012
5812464600	0.0503277601000000005	0.178868895199999989
5812469600	0.0495927086000000003	0.178966397100000008
5812474600	0.0498859347999999966	0.181258187200000004
5812479600	0.0516421904000000029	0.178456328400000003
5812484600	0.0520655263999999993	0.181568630499999994
5812489600	0.0531311535000000001	0.180707494100000005
5812494600	0.0546689463	0.180565675399999986
5812499600	0.0532489221999999998	0.17985809559999999
5812504600	0.0556778822000000007	0.179845604599999986
5812509600	0.0530345899999999995	0.183113312
5812514600	0.0555236858	0.17826242140000001
5812519600	0.056120261400000003	0.180959710299999993
5812524600	0.055471208000000001	0.178279500499999993
5812529600	0.0559699852000000025	0.180919640500000006
5812534600	0.0591497950999999994	0.183650957599999998
5812539600	0.0567124419000000005	0.179975723300000001
5812544600	0.0575060625000000034	0.180474728299999998
5812549600	0.0601798071999999976	0.179061231999999987
5812554600	0.0580124959000000023	0.183703076200000009
5812559600	0.0596273438999999975	0.180604104099999996
5812564600	0.0571013230999999968	0.180853066600000001
5812569600	0.0578323717000000029	0.181471793399999998
5812574600	0.0582659899000000023	0.18003458650000001
5812579600	0.0596899971000000029	0.181966769199999989
5812584600	0.0581580810000000004	0.182133455899999991
5812589600	0.0628062115000000004	0.179325904400000014
5812594600	0.0600213942000000014	0.178568920900000011
5812599600	0.0610253998999999991	0.182767525699999989
5812604600	0.0618068797999999989	0.17889986799999999
5812609600	0.0596872020000000017	0.179581563
5812614600	0.0616608810000000007	0.17919936680000001
5812619600	0.0617760291999999989	0.180913635500000003
5812624600	0.0618027417999999981	0.181077218099999993
5812629600	0.0612662288000000027	0.18065685540000001
5812634600	0.0632241914000000044	0.181610291899999998
5812639600	0.0650688776000000052	0.17823402129999999
5812644600	0.0630995398000000068	0.179057355700000004
5812649600	0.0652373477000000035	0.17997768950000001
5812654600	0.0655508476000000034	0.178603024299999996
5812659600	0.0641051715000000022	0.180200280299999988
5812664600	0.065737942399999999	0.179327304100000001
5812669600	0.0666166921999999939	0.181508361400000012
5812674600	0.0672434692000000028	0.18011053090000001
5812679600	0.0658516791000000046	0.180148009299999995
5812684600	0.0681451205000000032	0.181629933900000012
5812689600	0.0677919758999999955	0.178541388400000001
5812694600	0.0685896227000000053	0.17853262319999999
5812699600	0.0699044711000000041	0.181570152499999998
5812704600	0.0698173785999999935	0.18198925299999999
5812709600	0.0689265864999999978	0.178401921800000002
5812714600	0.0701029994000000045	0.179553523599999987
5812719600	0.0681459752000000002	0.182272257500000007
5812724600	0.070794613199999995	0.18019691060000001
5812729600	0.0715508836000000037	0.181115350499999994
5812734600	0.0698549749000000053	0.182037508200000003
5812739600	0.0725087697999999975	0.180038317400000009
5812744600	0.0733468092000000016	0.181896403499999998
5812749600	0.0709563024999999986	0.180995103200000007
5812754600	0.0724892646000000057	0.179893260700000002
5812759600	0.0742813248000000065	0.18262873830000001
5812764600	0.0733667989999999964	0.179285766000000013
5812769600	0.0712655885999999988	0.180003303599999998
5812774600	0.0751268810000000065	0.180554575299999992
5812779600	0.0724040578000000046	0.181079564100000007
5812784600	0.0754905007999999988	0.181889808699999989
5812789600	0.0734679101000000057	0.182989887600000012
5812794600	0.0756575000000000025	0.1808060732
5812799600	0.0742206016999999996	0.180706436199999987
5812804600	0.0760394756000000033	0.179514821600000013
5812809600	0.0780623678999999987	0.179974716000000007
5812814600	0.077132207800000005	0.179837642500000006
5812819600	0.0757563442000000059	0.178939061600000004
5812824600	0.0790123679000000051	0.178169356000000001
5812829600	0.0760287936000000053	0.179018943699999988
5812834600	0.0768146368000000024	0.177526568999999995
5812839600	0.0786892342999999939	0.178788211000000002
5812844600	0.0772306231000000065	0.178345144099999992
5812849600	0.0772929448999999935	0.180062298600000004
5812854600	0.0776113276000000019	0.177957812699999995
5812859600	0.0819245472999999974	0.178484274999999998
5812864600	0.0813760183000000054	0.179702564799999992
5812869600	0.0819971518999999954	0.176235195000000011
5812874600	0.0811245409999999945	0.176463479300000003
5812879600	0.0824825530999999945	0.18154720290000001
5812884600	0.082935313699999999	0.177810439399999992
5812889600	0.0843691357999999947	0.178253218600000013
5812894600	0.0835714275999999978	0.17900896790000001
5812899600	0.0796671592000000039	0.178634936599999988
5812904600	0.0825818415000000028	0.175846025999999989
5812909600	0.0855536811000000008	0.179407277899999995
5812914600	0.0837943136000000033	0.179993364099999997
5812919600	0.0859704000000000024	0.175766345500000004
5812924600	0.0841030158	0.178813289399999992
5812929600	0.0856460237000000041	0.178113656300000006
5812934600	0.0857021736000000006	0.177646255599999997
5812939600	0.0856413459999999932	0.176931524400000012
5812944600	0.0861555254999999964	0.179688613699999999
5812949600	0.0884109921999999965	0.177718403800000008
5812954600	0.0866876538000000002	0.180962614999999993
5812959600	0.0861747449000000026	0.177050137400000002
5812964600	0.0896944191000000057	0.176649350700000013
5812969600	0.0889291277999999935	0.176726281099999993
5812974600	0.0870220065999999931	0.176199323200000008
5812979600	0.0874262130000000026	0.178474818400000013
5812984600	0.0877437830000000057	0.176593971900000007
5812989600	0.0913023726000000008	0.173630372799999988
5812994600	0.0911387164	0.176570226999999996
5812999600	0.0900671891000000002	0.179526652000000009
5813004600	0.0930701768999999957	0.178717465500000006
5813009600	0.0889872384000000016	0.1767439596
5813014600	0.0919123582999999966	0.176790123299999991
5813019600	0.0920171136000000056	0.178106902099999992
5813024600	0.0926803853000000011	0.176970948999999989
5813029600	0.091171606500000002	0.177360547600000001
5813034600	0.0919589470999999936	0.174243069700000003
5813039600	0.0945760214000000016	0.175843773399999986
5813044600	0.0945252964000000001	0.174588477399999997
5813049600	0.0899303208000000048	0.175662966400000009
5813054600	0.0915688929999999984	0.175286954100000003
5813059600	0.0923684599999999995	0.176226626500000011
5813064600	0.0945618359000000019	0.177231409499999992
5813069600	0.0944504282000000056	0.173243329400000007
5813074600	0.0961522518000000048	0.175531719700000005
5813079600	0.0944117976999999942	0.175423473999999996
5813084600	0.0951672345000000031	0.173964331999999999
5813089600	0.0962697403000000035	0.175161044200000005
5813094600	0.0964356108999999961	0.175573517200000001
5813099600	0.0986366959000000015	0.175452138899999999
5813104600	0.0991625178999999968	0.173002758600000001
5813109600	0.0973529025000000048	0.173520971999999996
5813114600	0.0977519292999999984	0.175602025200000011
5813119600	0.0981287460999999972	0.174553538099999989
5813124600	0.0989663615000000024	0.172050033500000005
5813129600	0.0976020719999999981	0.173434300200000002
5813134600	0.0991407673000000017	0.176000355800000008
5813139600	0.0981977081999999973	0.173701809799999995
5813144600	0.101151614700000003	0.171016640500000011
5813149600	0.101027708899999999	0.174343000500000012
5813154600	0.101598457899999994	0.173236188099999994
5813159600	0.101319295000000004	0.172102254900000001
5813164600	0.0991416054999999935	0.172924103400000001
5813169600	0.100718801699999999	0.172587594000000011
5813174600	0.101161899599999994	0.173782272500000001
5813179600	0.101812009499999995	0.172670872400000008
5813184600	0.0994081584000000018	0.172810855799999996
5813189600	0.101003201099999995	0.17450513749999999
5813194600	0.102003824600000001	0.17068784079999999
5813199600	0.1056068062	0.17354918829999999
5813204600	0.104861319699999997	0.171332970899999992
5813209600	0.107241715700000004	0.170596021900000006
5813214600	0.105973855800000002	0.174360442700000007
5813219600	0.100434083800000004	0.170931518799999987
5813224600	0.104661097699999997	0.172377967399999998
5813229600	0.104494297700000002	0.171650626800000011
5813234600	0.1046173663	0.171212639700000002
5813239600	0.107241701800000006	0.169147446899999998
5813244600	0.106582508699999995	0.173181862800000003
5813249600	0.1080282407	0.171731960600000011
5813254600	0.107637962000000004	0.169532445400000009
5813259600	0.106832978300000006	0.171392266900000007
5813264600	0.104332986599999997	0.171603762800000004
5813269600	0.107875560800000006	0.170629231399999998
5813274600	0.105988457199999997	0.169290969600000007
5813279600	0.108163335299999996	0.170171579600000011
5813284600	0.108178072200000003	0.170338669199999987
5813289600	0.108669563400000002	0.167414814200000012
5813294600	0.109103238899999996	0.170948457899999989
5813299600	0.110565455699999995	0.169387883299999986
5813304600	0.110784319399999998	0.170448717599999994
5813309600	0.110506619200000003	0.17274184749999999
5813314600	0.109419458400000003	0.166676299800000011
5813319600	0.113245684799999996	0.168005863899999996
5813324600	0.111245957500000006	0.169829470600000004
5813329600	0.111426418499999999	0.1711512117
5813334600	0.112267922800000003	0.168458111100000002
5813339600	0.111831056600000006	0.168326495399999998
5813344600	0.113055847200000004	0.169762178300000011
5813349600	0.113798208799999995	0.167997902599999999
5813354600	0.112389383699999998	0.167785997399999998
5813359600	0.113373238200000004	0.167885207499999994
5813364600	0.112198165500000002	0.168347217500000007
5813369600	0.113343697300000004	0.171038618199999992
5813374600	0.112712426899999996	0.167232455599999996
5813379600	0.114339208799999995	0.168008711700000007
5813384600	0.114236077500000005	0.167600248000000007
5813389600	0.112797789900000001	0.167207618000000002
5813394600	0.113895474600000005	0.169333507500000008
5813399600	0.115652281100000004	0.167036780800000006
5813404600	0.114395031300000005	0.167430943299999996
5813409600	0.1165158991	0.166919793000000011
5813414600	0.116831193400000005	0.168989487299999991
5813419600	0.113929462800000006	0.16794083130000001
5813424600	0.115297302000000004	0.167192767900000011
5813429600	0.116199181200000001	0.165838211099999994
5813434600	0.117067462900000002	0.165965171999999994
5813439600	0.116759806199999996	0.167446686300000008
5813444600	0.114703464500000005	0.166281629900000005
5813449600	0.117320815300000006	0.164457524900000013
5813454600	0.117936598899999995	0.164769628000000001
5813459600	0.118192443499999994	0.164207599199999998
5813464600	0.118791511899999994	0.164812075700000005
5813469600	0.118164417199999996	0.161821398199999994
5813474600	0.118183152599999994	0.165086183500000011
5813479600	0.121747476100000002	0.164142524399999989
5813484600	0.117655125700000002	0.163808161799999991
5813489600	0.122146847899999994	0.162804683300000003
5813494600	0.122228066799999993	0.167569363500000013
5813499600	0.121837470500000003	0.16466471969999999
5813504600	0.118910028900000006	0.16466432680000001
5813509600	0.121460568899999996	0.163192618399999989
5813514600	0.120663882700000002	0.165046430599999988
5813519600	0.121449736599999997	0.163022022399999994
5813524600	0.122464679100000001	0.162930867899999998
5813529600	0.123264359300000001	0.163226728500000001
5813534600	0.121456516599999995	0.164782723200000009
5813539600	0.126231891900000004	0.164559985999999991
5813544600	0.123034504099999997	0.162515461199999989
5813549600	0.122311265700000005	0.161160556700000013
5813554600	0.121654505199999999	0.163331710200000008
5813559600	0.123351140900000003	0.159205440100000012
5813564600	0.126353825899999994	0.162182904099999997
5813569600	0.124817723500000005	0.162494432299999991
5813574600	0.125056069200000008	0.166000953899999998
5813579600	0.121908762099999998	0.161278295200000005
5813584600	0.125665999	0.161634220899999986
5813589600	0.122116587299999996	0.160910624000000002
5813594600	0.127860851599999992	0.161919003899999997
5813599600	0.126626010900000002	0.159908212999999993
5813604600	0.123862209599999995	0.161555844400000009
5813609600	0.128867426899999998	0.159733717899999988
5813614600	0.128050238700000013	0.159795178900000001
5813619600	0.127425205200000002	0.160350876700000006
5813624600	0.128029826399999991	0.158107120399999995
5813629600	0.127406884800000009	0.160467833799999987
5813634600	0.129648493300000001	0.161076416800000011
5813639600	0.128509960499999992	0.159940309199999992
5813644600	0.129391154799999991	0.160430134700000004
5813649600	0.127853784899999989	0.161600287499999995
5813654600	0.128509129400000005	0.161240472500000009
5813659600	0.129543349800000013	0.160218600200000005
5813664600	0.129463121300000011	0.156441483100000001
5813669600	0.132007717899999988	0.158174124599999993
5813674600	0.132629347799999991	0.160065873400000003
5813679600	0.128845239800000011	0.157137810200000005
5813684600	0.129949077999999996	0.155767621500000009
5813689600	0.128899009399999986	0.156805288300000012
5813694600	0.1300087043	0.160028703999999994
5813699600	0.131926414800000003	0.159553437500000006
5813704600	0.13434631159999999	0.155355329900000005
5813709600	0.130584516900000003	0.153913540600000009
5813714600	0.130695190399999994	0.156405298500000012
5813719600	0.131007791300000009	0.158241902699999992
5813724600	0.134347864099999992	0.156670403099999994
5813729600	0.132549115500000009	0.154676144300000012
5813734600	0.130121702300000003	0.155434462200000012
5813739600	0.13295816760000001	0.154592963899999991
5813744600	0.134400910000000012	0.154104311800000005
5813749600	0.134655264699999999	0.154076557000000003
5813754600	0.135965018900000012	0.156676528399999987
5813759600	0.133989151700000003	0.155522613199999993
5813764600	0.135236314699999999	0.156898136299999991
5813769600	0.13398648560000001	0.155635382699999991
5813774600	0.135986219600000013	0.156875502999999999
5813779600	0.133506383499999992	0.1566613486
5813784600	0.137110530600000002	0.154631940699999998
5813789600	0.135908303199999997	0.155725174999999993
5813794600	0.135972421900000001	0.153606936700000002
5813799600	0.137254399500000013	0.153981943199999999
5813804600	0.13770460109999999	0.153715845600000012
5813809600	0.137167066400000009	0.154919611900000004
5813814600	0.1371607309	0.153775088599999998
5813819600	0.134174017700000009	0.155073480200000002
5813824600	0.136037163500000002	0.153493954399999993
5813829600	0.137616405599999991	0.153151511900000009
5813834600	0.134260764000000005	0.154027253100000011
5813839600	0.137587100399999995	0.151336468299999999
5813844600	0.138903496900000006	0.151461433199999995
5813849600	0.138971240200000012	0.152687743799999998
5813854600	0.141040180500000001	0.149937960199999998
5813859600	0.139845637999999994	0.151227766300000011
5813864600	0.140707307799999987	0.153246912099999993
5813869600	0.139999156699999988	0.151019809799999988
5813874600	0.142819741700000002	0.150363524400000004
5813879600	0.139622519599999995	0.150120583499999988
5813884600	0.139886383400000008	0.149799111499999998
5813889600	0.140697034400000004	0.151316788600000002
