# freq, I e Q
6232771600	0.0353925343000000003	0.243647003899999992
6232776600	0.0345568954000000025	0.244379864700000005
6232781600	0.0365923052000000013	0.244827220699999987
6232786600	0.0359598253999999992	0.244716610299999998
6232791600	0.039013258000000002	0.241459020200000013
6232796600	0.0365074474999999982	0.242777507199999992
6232801600	0.039919598399999999	0.239795186100000002
6232806600	0.0389721464999999989	0.242668176099999994
6232811600	0.037896131999999999	0.243905286400000004
6232816600	0.0377572026999999991	0.241873516300000008
6232821600	0.0377602828000000029	0.243294920299999995
6232826600	0.039299796300000002	0.242009200899999999
6232831600	0.039944896700000003	0.243928211499999992
6232836600	0.0396631814999999985	0.243596964700000002
6232841600	0.0385943093999999987	0.242576846000000013
6232846600	0.0411734663999999972	0.245932773900000012
6232851600	0.0407205370000000011	0.24401170350000001
6232856600	0.0408355907000000004	0.243297368000000014
6232861600	0.0401133946999999991	0.242687318200000002
6232866600	0.0420561704999999966	0.243399164000000001
6232871600	0.0401901810999999998	0.24397416429999999
6232876600	0.0437308518999999993	0.242760437699999998
6232881600	0.0440228578999999967	0.240470975700000006
6232886600	0.0433450184999999988	0.24125945330000001
6232891600	0.041976387300000001	0.24305186270000001
6232896600	0.045008608399999997	0.241479050800000011
6232901600	0.0424503634000000032	0.243167043500000013
6232906600	0.045416547699999997	0.243992108000000013
6232911600	0.0448963594000000021	0.240226439000000014
6232916600	0.0453575238000000006	0.239954900999999998
6232921600	0.0463934516999999977	0.243008766600000009
6232926600	0.0477829114000000027	0.240414254699999996
6232931600	0.0453729719999999975	0.243347586799999988
6232936600	0.0472372894000000002	0.241794192399999996
6232941600	0.0475283956000000021	0.241831972099999987
6232946600	0.046040153200000003	0.241787570300000004
6232951600	0.0473315540999999992	0.241709630600000003
6232956600	0.0473138447999999975	0.239935665699999995
6232961600	0.0485103741999999977	0.243033052599999994
6232966600	0.0504517017999999984	0.239359899699999989
6232971600	0.0508642207999999985	0.243587859999999989
6232976600	0.0493643029999999983	0.242510090399999989
6232981600	0.0507396489999999978	0.243492084899999989
6232986600	0.0490535108999999997	0.242571831300000013
6232991600	0.049155872199999999	0.239657197399999994
6232996600	0.0513747026000000023	0.239471480600000008
6233001600	0.0528247874000000034	0.241611606600000001
6233006600	0.0512576620000000024	0.240850466900000004
6233011600	0.0511608669999999988	0.241525696499999998
6233016600	0.0525959889000000014	0.240984890199999996
6233021600	0.0519732004000000025	0.240718305500000007
6233026600	0.0535957178999999992	0.244245218200000003
6233031600	0.0530563002000000034	0.240640755699999986
6233036600	0.0549903641000000012	0.239603734000000013
6233041600	0.0514944006999999981	0.24032804490000001
6233046600	0.0553239551999999968	0.239678127099999999
6233051600	0.0571524214000000003	0.240597966899999988
6233056600	0.0544373364000000012	0.240000859099999991
6233061600	0.0535224492000000024	0.241700757900000007
6233066600	0.0585545941000000028	0.239517410900000005
6233071600	0.0573914583999999978	0.24127197680000001
6233076600	0.0569166709000000007	0.238295401299999987
6233081600	0.056467871900000001	0.241520971700000003
6233086600	0.0585078524999999988	0.241671353700000008
6233091600	0.0595187961000000001	0.241010341099999997
6233096600	0.0593630829000000027	0.240443480999999987
6233101600	0.0599420754000000028	0.240550757799999987
6233106600	0.0618805143000000016	0.24135202489999999
6233111600	0.0607696520000000004	0.2390584922
6233116600	0.0609493258999999968	0.241071374799999988
6233121600	0.0615495112999999983	0.241866509099999988
6233126600	0.0596553543999999991	0.238472560800000011
6233131600	0.0618018508999999966	0.2405631409
6233136600	0.0603280297000000007	0.239113543900000003
6233141600	0.0603931284000000027	0.236668042699999998
6233146600	0.0634757474000000044	0.238762470100000013
6233151600	0.0614220579000000003	0.238285514100000012
6233156600	0.0624600187000000015	0.239952517899999995
6233161600	0.063921162700000006	0.239353573900000005
6233166600	0.0652543991999999934	0.238345796999999998
6233171600	0.064629231800000006	0.242883592199999998
6233176600	0.0645102963000000057	0.238492384700000004
6233181600	0.0650027417000000052	0.239041083900000007
6233186600	0.0638075332999999967	0.237640975199999993
6233191600	0.0667130793000000055	0.239846289200000007
6233196600	0.0662044878000000031	0.238685973299999993
6233201600	0.0683086108000000025	0.238399222100000002
6233206600	0.0653136286000000066	0.237280584200000005
6233211600	0.070242301300000004	0.239266752500000013
6233216600	0.0673309188000000003	0.239496872899999991
6233221600	0.0701560932999999998	0.237170027499999991
6233226600	0.0683158011000000037	0.23846363570000001
6233231600	0.0684224583999999969	0.236715813800000008
6233236600	0.0694385334999999965	0.238877298200000004
6233241600	0.0703473072000000005	0.237982111699999999
6233246600	0.0712994145999999995	0.238645066399999994
6233251600	0.0702343670000000059	0.237041532400000005
6233256600	0.0703597812999999933	0.238199723899999993
6233261600	0.0731659196999999983	0.237502096400000001
6233266600	0.0689634858999999961	0.235296267000000003
6233271600	0.0719593825999999964	0.23782782990000001
6233276600	0.0728458413999999999	0.235775798399999986
6233281600	0.0732873359999999946	0.237743909599999997
6233286600	0.0713237023999999942	0.23580245050000001
6233291600	0.0743753983000000063	0.235553980400000001
6233296600	0.072086491399999994	0.237811432099999998
6233301600	0.0747377486000000008	0.238918247199999989
6233306600	0.0743369229000000048	0.234705464599999997
6233311600	0.0739525357000000022	0.236980948999999996
6233316600	0.0736678706000000044	0.235974877400000005
6233321600	0.0775376368000000038	0.235980460599999997
6233326600	0.0779448038000000037	0.238538622499999992
6233331600	0.0747182567999999936	0.23724296680000001
6233336600	0.0778125613999999938	0.236697860600000004
6233341600	0.079159831299999997	0.235854978200000009
6233346600	0.0793516551000000014	0.235005090100000008
6233351600	0.077582217600000003	0.238642801099999996
6233356600	0.0779664352000000033	0.236631989799999998
6233361600	0.0801555069000000064	0.235242642599999996
6233366600	0.0801067817999999987	0.235355085299999989
6233371600	0.0792218204999999981	0.237696867300000003
6233376600	0.0795900112000000048	0.235272445899999988
6233381600	0.0802199157999999996	0.23544740489999999
6233386600	0.0813907135999999976	0.235405109899999992
6233391600	0.0822179274999999959	0.234788463400000008
6233396600	0.0809803855000000017	0.233952955500000004
6233401600	0.082484621300000005	0.234694778699999995
6233406600	0.0852902294999999949	0.235938054799999991
6233411600	0.082767560300000001	0.234945285899999995
6233416600	0.0811171407000000066	0.235750490499999993
6233421600	0.0842223862999999934	0.236284604300000006
6233426600	0.0814424764999999995	0.233337831699999998
6233431600	0.0826708795000000024	0.235930025900000007
6233436600	0.0817149380999999952	0.234314024799999993
6233441600	0.0836336017000000043	0.232743706900000014
6233446600	0.0868359650000000011	0.235441841900000004
6233451600	0.0831119126000000041	0.2339227683
6233456600	0.0848638528999999947	0.234257699000000014
6233461600	0.0855279562999999993	0.233211310700000007
6233466600	0.0871959219999999952	0.23282516880000001
6233471600	0.0859174099999999996	0.231882053599999999
6233476600	0.0878650430000000038	0.231773494899999988
6233481600	0.0864929053000000059	0.23286798219999999
6233486600	0.0913326832999999949	0.23488107929999999
6233491600	0.0868297970000000002	0.231906938000000007
6233496600	0.0890974967000000007	0.231791526800000008
6233501600	0.0896905857000000056	0.233907174899999987
6233506600	0.0907101181000000006	0.231657406300000007
6233511600	0.0891516371999999946	0.231735270100000001
6233516600	0.0900080084000000058	0.235939604500000011
6233521600	0.090434944500000003	0.23207612050000001
6233526600	0.0927308745000000045	0.230156179699999991
6233531600	0.0913114131999999967	0.23200801330000001
6233536600	0.0929701718999999954	0.230643307200000008
6233541600	0.0924242487999999973	0.231695288100000008
6233546600	0.0900052969000000036	0.234035243300000001
6233551600	0.0957627436000000054	0.231326711500000004
6233556600	0.0952549050999999952	0.23194816439999999
6233561600	0.0971840548000000026	0.233546698100000005
6233566600	0.0948073331000000019	0.233528026
6233571600	0.0934531828000000064	0.229077174999999994
6233576600	0.0968151772999999993	0.231719232999999997
6233581600	0.0969383526999999939	0.231700808600000002
6233586600	0.0964620697999999943	0.230445203099999996
6233591600	0.0942868862999999974	0.230632853800000009
6233596600	0.0957770683999999983	0.22871281730000001
6233601600	0.0971267740999999935	0.231553170400000008
6233606600	0.0981541135000000009	0.230709911900000009
6233611600	0.0965896202000000037	0.22947108129999999
6233616600	0.0965633989999999942	0.228326923300000012
6233621600	0.097091661100000004	0.228056361699999988
6233626600	0.0992621659000000045	0.229869634399999995
6233631600	0.100449946100000007	0.227613352200000008
6233636600	0.102499105500000007	0.227561515299999989
6233641600	0.0992427520000000035	0.227548350900000002
6233646600	0.0998116644999999941	0.231586382600000001
6233651600	0.101815790399999995	0.229749190800000003
6233656600	0.103472300000000003	0.228818536500000003
6233661600	0.101864122400000007	0.227514487099999996
6233666600	0.101514827000000002	0.227950065600000001
6233671600	0.103465030099999994	0.227189181699999992
6233676600	0.102354247199999998	0.227517078499999997
6233681600	0.104658529799999997	0.22925429550000001
6233686600	0.104232777600000007	0.223314539499999992
6233691600	0.104593824700000004	0.225394934200000008
6233696600	0.104662062400000005	0.228635215599999997
6233701600	0.106107034200000006	0.227762782400000002
6233706600	0.107694393200000002	0.228252797300000004
6233711600	0.104141413799999999	0.226315012900000001
6233716600	0.105729613099999994	0.227184481399999999
6233721600	0.106613531799999994	0.22666967360000001
6233726600	0.106031024500000001	0.225577700299999989
6233731600	0.107880555099999997	0.226115470099999993
6233736600	0.107723572399999995	0.226634935300000007
6233741600	0.110125026700000003	0.221686465299999996
6233746600	0.106895943800000004	0.225182210900000013
6233751600	0.107059882999999995	0.226720480599999996
6233756600	0.109284816300000004	0.225052544599999987
6233761600	0.110695492100000001	0.224156152299999994
6233766600	0.114044696200000004	0.224972057100000011
6233771600	0.109865234899999997	0.223058449699999994
6233776600	0.110814448100000004	0.226647192299999994
6233781600	0.109051073400000004	0.224593490600000001
6233786600	0.111032272599999995	0.224064215900000002
6233791600	0.110167694400000002	0.227346615899999993
6233796600	0.113046500699999997	0.225945002000000006
6233801600	0.110469002100000005	0.219386604499999999
6233806600	0.114357376199999999	0.222144596400000005
6233811600	0.113997839300000001	0.222808108700000007
6233816600	0.114661142199999996	0.223942323999999998
6233821600	0.114880483300000003	0.222247797999999996
6233826600	0.1166107797	0.221806882600000005
6233831600	0.115967375299999995	0.222725744400000009
6233836600	0.115361239099999999	0.221996250899999997
6233841600	0.119375132100000003	0.223220691199999988
6233846600	0.116776935499999998	0.223493377699999995
6233851600	0.116285755500000004	0.21940395800000001
6233856600	0.1164106746	0.221906317699999994
6233861600	0.117797021000000002	0.223256650100000009
6233866600	0.119164848099999998	0.219836202000000008
6233871600	0.121969083699999994	0.221639666799999996
6233876600	0.119720968299999994	0.222198960400000006
6233881600	0.118939209200000007	0.221601048699999997
6233886600	0.119616360599999999	0.220500224800000005
6233891600	0.121185299999999996	0.222029208499999992
6233896600	0.120004216699999999	0.219032911200000013
6233901600	0.120748028600000001	0.219257845400000012
6233906600	0.123505392300000003	0.221613393500000005
6233911600	0.119449421	0.220307725499999996
6233916600	0.121552175200000001	0.22180444290000001
6233921600	0.125218810200000003	0.217987453800000008
6233926600	0.121204167900000007	0.219603424399999997
6233931600	0.12632626420000001	0.219534525600000002
6233936600	0.125716395499999994	0.219185175600000004
6233941600	0.123425793399999997	0.216337239999999986
6233946600	0.126869290500000009	0.216845702299999998
6233951600	0.124386112100000001	0.218756743799999986
6233956600	0.130644532000000008	0.215884692999999989
6233961600	0.127230156900000002	0.216281032300000009
6233966600	0.128815587600000003	0.217645778200000001
6233971600	0.1253013194	0.217392946300000001
6233976600	0.12696689080000001	0.217922085099999996
6233981600	0.128988954500000003	0.212714608599999994
6233986600	0.129602172999999987	0.216316558800000003
6233991600	0.12970073700000001	0.214854877500000013
6233996600	0.130451300999999992	0.216542099099999996
6234001600	0.129544892500000008	0.215611153500000013
6234006600	0.130392997099999991	0.215233634499999993
6234011600	0.132501361900000003	0.214860465700000003
6234016600	0.132949284800000012	0.214818536799999987
6234021600	0.1336104397	0.214512147399999992
6234026600	0.131543196599999995	0.213382221300000008
6234031600	0.134713851400000001	0.212572118599999998
6234036600	0.135193179599999991	0.213836687299999995
6234041600	0.134355616399999989	0.210922505300000007
6234046600	0.134642884099999999	0.211826844300000011
6234051600	0.133949944999999987	0.212289263300000003
6234056600	0.135868213099999996	0.211868056500000013
6234061600	0.134160717900000004	0.214435299400000001
6234066600	0.1376352562	0.210185131400000003
6234071600	0.138584260099999995	0.210953482999999997
6234076600	0.139238652600000012	0.211924465499999992
6234081600	0.137973248800000003	0.209946205400000002
6234086600	0.14068934520000001	0.210343134999999987
6234091600	0.138370230700000013	0.211700764600000008
6234096600	0.139806925299999996	0.208829027199999989
6234101600	0.141148651000000014	0.212830788999999992
6234106600	0.140715459200000004	0.214064895300000002
6234111600	0.140412707199999987	0.209336080899999999
6234116600	0.141584177199999994	0.207710681899999999
6234121600	0.141366167600000009	0.210601990600000011
6234126600	0.142494679000000013	0.209011333299999991
6234131600	0.14387047959999999	0.210352560399999999
6234136600	0.139661160899999998	0.20768467169999999
6234141600	0.145021861599999996	0.206658127299999994
6234146600	0.145473360899999987	0.208459348699999991
6234151600	0.144530604899999998	0.207408400200000009
6234156600	0.144966167000000007	0.206702584500000008
6234161600	0.144119421199999986	0.206863773400000006
6234166600	0.143424361599999994	0.205143315699999995
6234171600	0.146594572799999989	0.205586982400000007
6234176600	0.146680288200000009	0.205669296299999999
6234181600	0.147949503499999996	0.205311092199999989
6234186600	0.148992915799999986	0.203754090100000007
6234191600	0.146948294099999988	0.204859063799999991
6234196600	0.146456848199999989	0.206215030100000002
6234201600	0.147717156900000007	0.205608786200000004
6234206600	0.152127011700000009	0.204104233800000007
6234211600	0.146952662699999986	0.202738510900000002
6234216600	0.150038702699999998	0.201681398799999995
6234221600	0.153366168599999991	0.202113541899999999
6234226600	0.1514057184	0.203727861099999991
6234231600	0.150856997599999987	0.201738322100000006
6234236600	0.152766494000000003	0.202955572299999998
6234241600	0.152347288199999986	0.203506069699999986
6234246600	0.152652516699999991	0.201496795499999992
6234251600	0.157462812199999996	0.201163189900000011
6234256600	0.153734965700000004	0.200959424899999989
6234261600	0.152873387400000005	0.203010982899999998
6234266600	0.155814535700000006	0.20196892520000001
6234271600	0.153782851299999995	0.199282398999999999
6234276600	0.157247044899999994	0.198821301499999992
6234281600	0.156842124500000013	0.197689237299999987
6234286600	0.158292809000000007	0.198221249399999994
6234291600	0.157762277899999998	0.19519748440000001
6234296600	0.159009404500000007	0.19746378140000001
6234301600	0.157236260099999997	0.197112197200000006
6234306600	0.157605951900000013	0.197491768600000006
6234311600	0.161172184299999993	0.195178748499999999
6234316600	0.162768334799999997	0.198042361500000014
6234321600	0.1613066061	0.196700913899999996
6234326600	0.161850524200000012	0.196759530399999993
6234331600	0.164193274599999994	0.1943132266
6234336600	0.162792324399999994	0.195930618899999992
6234341600	0.162739207599999991	0.191441055500000012
6234346600	0.162210525100000003	0.193461025600000003
6234351600	0.164895031400000003	0.194425747700000012
6234356600	0.162888217400000007	0.192486067000000011
6234361600	0.165435912699999993	0.192022103100000008
6234366600	0.164014682500000009	0.192051247000000008
6234371600	0.166433138700000011	0.192734524099999999
6234376600	0.166650924799999989	0.19036463440000001
6234381600	0.166511284900000001	0.190517118900000004
6234386600	0.168534178700000009	0.190067664999999997
6234391600	0.168190776699999989	0.190507452800000004
6234396600	0.168852628700000007	0.187215611300000001
6234401600	0.17230319320000001	0.185806488999999991
6234406600	0.166890425399999986	0.186564038399999993
6234411600	0.172628639199999989	0.187091810100000006
6234416600	0.172194408900000012	0.18769118139999999
6234421600	0.170924839800000006	0.186670512700000013
6234426600	0.171337952999999987	0.186041935800000002
6234431600	0.17221602720000001	0.183930691400000013
6234436600	0.173392181300000003	0.182923264199999991
6234441600	0.17420357110000001	0.183255973900000008
6234446600	0.173137495100000011	0.186412977400000013
6234451600	0.17619159949999999	0.183476204199999993
6234456600	0.175155127500000007	0.183994724299999995
6234461600	0.17771419590000001	0.180527039100000009
6234466600	0.176843358199999995	0.180813861299999989
6234471600	0.1779458082	0.181515353099999999
6234476600	0.176862938299999994	0.178559480800000003
6234481600	0.179085458000000003	0.176191652599999998
6234486600	0.178680345900000009	0.179325041299999988
6234491600	0.178321720200000006	0.179484189300000013
6234496600	0.182282878000000009	0.175867201899999992
6234501600	0.181761368000000006	0.177674240399999989
6234506600	0.183585823300000006	0.174970905799999993
6234511600	0.183179768399999998	0.172635813299999996
6234516600	0.18099299390000001	0.17453500629999999
6234521600	0.181078091200000013	0.173976469200000011
6234526600	0.183949536599999991	0.172734297700000011
6234531600	0.182975104700000002	0.173460296399999991
6234536600	0.1867082937	0.17122687419999999
6234541600	0.184033743899999991	0.174751012900000002
6234546600	0.18541287749999999	0.170023052600000002
6234551600	0.185307134699999987	0.169519646699999998
6234556600	0.188318532600000005	0.168550637400000008
6234561600	0.187847708199999991	0.167111131800000007
6234566600	0.189107867600000007	0.167955726500000013
6234571600	0.191305763200000006	0.167262473200000011
6234576600	0.190327435900000008	0.165788908000000013
6234581600	0.190453887500000002	0.1665298734
6234586600	0.193690557099999994	0.164603564199999997
6234591600	0.188997635200000014	0.164344790099999999
6234596600	0.192712217200000008	0.16537202270000001
6234601600	0.193105538399999999	0.162542342199999995
6234606600	0.194907847599999989	0.1631821886
6234611600	0.194368848799999994	0.158967373299999992
6234616600	0.192707693200000002	0.159495896500000012
6234621600	0.192293180199999997	0.158227885799999995
6234626600	0.1948244066	0.158433465899999987
6234631600	0.194058708200000013	0.158019132899999998
6234636600	0.195011191	0.155324418500000005
6234641600	0.196614436799999986	0.157999313800000013
6234646600	0.197373185700000009	0.154383113500000002
6234651600	0.195639295600000013	0.1534741191
6234656600	0.198044240700000013	0.153191727199999989
6234661600	0.196715834799999989	0.153427891099999991
6234666600	0.197118085500000012	0.150985532099999986
6234671600	0.2000131889	0.1502790336
6234676600	0.200572924600000008	0.149225116299999988
6234681600	0.201501052600000008	0.145687427400000014
6234686600	0.201630531899999993	0.145679472300000001
6234691600	0.200500437100000012	0.146942202100000002
6234696600	0.203778407800000005	0.143950809499999999
6234701600	0.205095760900000007	0.142567611300000008
6234706600	0.204662383700000006	0.144060990299999997
6234711600	0.202201923000000006	0.141760691800000005
6234716600	0.203558411500000008	0.142151899500000012
6234721600	0.204951690200000008	0.139769875099999996
6234726600	0.203682212899999993	0.138179829599999998
6234731600	0.207366096700000002	0.136537528399999997
6234736600	0.207388230600000001	0.134513051900000014
6234741600	0.206573746199999991	0.132484764100000013
6234746600	0.206265252300000007	0.131512840600000014
6234751600	0.20775121760000001	0.129210082199999993
6234756600	0.210315478599999994	0.12994620770000001
6234761600	0.209023356299999991	0.128355531500000009
6234766600	0.208271963599999999	0.1241000882
6234771600	0.213024190800000013	0.125092048799999994
6234776600	0.207038827799999992	0.127064177499999986
6234781600	0.210156865800000009	0.123891298999999996
6234786600	0.211368550399999994	0.119430038000000002
6234791600	0.211893841100000008	0.119823774999999993
6234796600	0.214265011700000008	0.120123500699999997
6234801600	0.210359750300000009	0.114970824599999993
6234806600	0.210605043200000008	0.117894604599999994
6234811600	0.214470733999999996	0.114480872999999997
6234816600	0.213613426500000009	0.113342314599999994
6234821600	0.210673518199999993	0.110683844899999995
6234826600	0.214800954699999991	0.109019149999999995
6234831600	0.212425797599999994	0.1088196149
6234836600	0.215062791499999989	0.105368987100000006
6234841600	0.215206383700000004	0.104397236099999999
6234846600	0.212245185100000011	0.101478663600000005
6234851600	0.214001075799999996	0.0995521087999999971
6234856600	0.213549479799999997	0.0988759773999999952
6234861600	0.215438549199999996	0.0955088914999999983
6234866600	0.216130635399999993	0.0934101821999999971
6234871600	0.21680239309999999	0.0906179436000000005
6234876600	0.216089577700000007	0.0918477273999999955
6234881600	0.214206971699999998	0.0875546034000000001
6234886600	0.213966738399999995	0.0860467008999999949
6234891600	0.212790698299999997	0.0844674494000000053
6234896600	0.213583169500000003	0.0812789299999999992
6234901600	0.214792691400000013	0.0816350222999999986
6234906600	0.213541889699999987	0.0765958018000000018
6234911600	0.214682982800000005	0.0746439403999999973
6234916600	0.213848189599999988	0.0737164374000000011
6234921600	0.213372744899999994	0.068818846000000003
6234926600	0.210637314900000011	0.0683751462000000004
6234931600	0.21109415270000001	0.0673780895999999963
6234936600	0.211382304599999987	0.0650900182999999966
6234941600	0.212011688100000012	0.0610465035000000017
6234946600	0.2078931849	0.0601730290000000029
6234951600	0.206596196799999993	0.059727205999999998
6234956600	0.208772176899999995	0.0545350133999999986
6234961600	0.207280658899999998	0.0537216280000000004
6234966600	0.207808331200000002	0.0511840671000000011
6234971600	0.206726074499999996	0.0452133680999999982
6234976600	0.202075126999999993	0.0430904941000000014
6234981600	0.202627258799999987	0.0425328873000000024
6234986600	0.20064523070000001	0.039796602200000003
6234991600	0.198427230199999999	0.0382711796000000035
6234996600	0.199832100099999993	0.0337498197999999971
6235001600	0.196176248299999995	0.0329998769999999969
6235006600	0.19526853890000001	0.0301307419000000007
6235011600	0.193031155300000007	0.0292673949000000003
6235016600	0.191858601600000012	0.0243148881000000011
6235021600	0.191748986300000007	0.0223354911000000003
6235026600	0.18554389260000001	0.0211292122000000006
6235031600	0.185642920399999994	0.0168398122999999997
6235036600	0.183175659800000001	0.0136307005000000005
6235041600	0.179635669800000009	0.0133362801000000003
6235046600	0.179007116399999999	0.00817817199999999918
6235051600	0.175603961700000005	0.00866146020000000023
6235056600	0.173884951499999996	0.00569049449999999967
6235061600	0.169882287200000009	0.0062395284000000004
6235066600	0.166024799800000011	0.000958247900000000052
6235071600	0.162122026599999997	-0.000369542500000000001
6235076600	0.161044582800000002	0.000442280199999999987
6235081600	0.158360610699999987	-0.00201420169999999999
6235086600	0.155357478399999999	-0.0094883326999999993
6235091600	0.149843797800000011	-0.00830481559999999945
6235096600	0.147685411399999994	-0.00912972249999999957
6235101600	0.142995653899999992	-0.0112984382999999997
6235106600	0.139296860100000003	-0.0110989198000000008
6235111600	0.135404804200000006	-0.0110434706000000007
6235116600	0.130814259500000002	-0.0111305517999999992
6235121600	0.127806340200000007	-0.0139365941999999993
6235126600	0.122666879300000004	-0.0122806190999999992
6235131600	0.119802941999999996	-0.0162777739999999983
6235136600	0.115242927499999995	-0.0159466790999999997
6235141600	0.113132320199999997	-0.0150960134999999999
6235146600	0.110016635400000007	-0.0140797049000000001
6235151600	0.104344981099999998	-0.0156377922000000003
6235156600	0.101665640099999996	-0.0143720246999999995
6235161600	0.0934033031999999958	-0.0138439365000000009
6235166600	0.0933757062000000054	-0.0149367366000000001
6235171600	0.0883457671	-0.0127877289999999994
6235176600	0.0823727514999999938	-0.0119171517999999994
6235181600	0.0791553703999999941	-0.0117041118
6235186600	0.0737919687999999963	-0.00779616569999999967
6235191600	0.0730155187999999983	-0.00688545370000000038
6235196600	0.0666660815999999962	-0.00601294460000000031
6235201600	0.0639306188000000053	-0.00410011999999999963
6235206600	0.062776821999999996	-0.000221609200000000013
6235211600	0.057695909400000002	-0.0013526574999999999
6235216600	0.0554277112000000002	0.00311633719999999991
6235221600	0.0524719879999999972	0.00524592789999999993
6235226600	0.0492858971999999979	0.00794444470000000083
6235231600	0.0444800443000000004	0.00973793050000000028
6235236600	0.0438770041999999999	0.0135218660000000004
6235241600	0.0405414896000000011	0.0137903298000000007
6235246600	0.0373680342999999984	0.0201068954000000015
6235251600	0.0335939722000000024	0.0212626214000000008
6235256600	0.0338934862999999975	0.0225969342999999996
6235261600	0.0297128572000000014	0.0294446533000000017
6235266600	0.0265961411999999994	0.0312008762999999995
6235271600	0.0268994626000000001	0.0322739369000000012
6235276600	0.0250400045999999987	0.0351969125999999979
6235281600	0.0259922411999999985	0.0391418004999999972
6235286600	0.0201471709999999984	0.0402588555999999972
6235291600	0.0163538865999999991	0.0470692582999999998
6235296600	0.0152480945999999996	0.0494271584999999986
6235301600	0.0171763382999999999	0.0558968230999999996
6235306600	0.0151643921999999997	0.0528640502999999998
6235311600	0.0149064259000000008	0.0564133934999999989
6235316600	0.0129081942000000005	0.0592463590999999998
6235321600	0.0156207185999999998	0.0656689436000000015
6235326600	0.0130946086999999996	0.0671731861000000041
6235331600	0.0129482528000000006	0.071605336399999997
6235336600	0.0114856747999999998	0.0717225266999999972
6235341600	0.0126654507000000006	0.0767123517000000005
6235346600	0.0141930094999999992	0.0809911861999999955
6235351600	0.0107836505000000003	0.0807951893000000004
6235356600	0.0126616746000000006	0.0846379302000000028
6235361600	0.0129049779999999992	0.0890706581000000053
6235366600	0.0146606724999999993	0.0929276522000000021
6235371600	0.0105778033000000007	0.0924843540999999991
6235376600	0.0143801380000000006	0.0939810704999999996
6235381600	0.0124136091000000004	0.0988711533000000004
6235386600	0.0144693809999999999	0.101616479199999998
6235391600	0.0157213278000000005	0.103453682199999994
6235396600	0.0181650164999999988	0.107450831299999994
6235401600	0.0185421233000000012	0.1085785425
6235406600	0.0174864942000000009	0.109941605999999997
6235411600	0.0189041936999999986	0.112385273699999996
6235416600	0.0183957966000000001	0.114089888799999997
6235421600	0.0182061321999999991	0.115079479900000003
6235426600	0.0190109640999999996	0.119662204899999999
6235431600	0.0206286393999999991	0.121728497000000005
6235436600	0.0210711831000000016	0.123926175200000002
6235441600	0.0232563988000000013	0.123793666100000005
6235446600	0.0237158002000000014	0.127730416099999994
6235451600	0.0263022166000000009	0.129833942000000008
6235456600	0.0264346048999999986	0.130481125599999997
6235461600	0.0238684177999999997	0.131428969499999992
6235466600	0.0259735604000000016	0.134641839600000007
6235471600	0.0284670019000000003	0.135653779499999988
6235476600	0.0275748752000000014	0.138077061299999998
6235481600	0.0296757804000000007	0.138749673099999998
6235486600	0.031664587299999998	0.141694142999999995
6235491600	0.0321285983999999997	0.141745951499999995
6235496600	0.0342514987000000007	0.144597669799999995
6235501600	0.0360070834000000006	0.144452531299999992
6235506600	0.0376343603000000027	0.144819733400000011
6235511600	0.0370954936000000013	0.146675001500000013
6235516600	0.0394938038999999991	0.148162352899999988
6235521600	0.0372929670999999976	0.147064496999999988
6235526600	0.0394090558999999965	0.149078205200000008
6235531600	0.0430423426999999997	0.150777892999999996
6235536600	0.0430340185	0.153384680400000001
6235541600	0.0439071117000000011	0.153976106499999987
6235546600	0.046238742200000002	0.155834102000000002
6235551600	0.0471719806999999977	0.155195257199999992
6235556600	0.0430387293000000018	0.156244043400000004
6235561600	0.0512972172000000018	0.157035845899999998
6235566600	0.049658340799999999	0.15846152220000001
6235571600	0.0489940879999999981	0.158245086199999996
6235576600	0.0504139875000000001	0.160702642000000007
6235581600	0.0527455123999999997	0.159391049700000009
6235586600	0.0543105326000000027	0.164377732100000007
6235591600	0.0586656679000000028	0.1628229276
6235596600	0.0559205389999999983	0.1631129251
6235601600	0.0567469877000000011	0.162694096399999988
6235606600	0.0580700145000000029	0.1626022778
6235611600	0.0585657055000000024	0.164469853500000013
6235616600	0.0621810236999999974	0.16540716929999999
6235621600	0.0631500277999999943	0.165269757399999995
6235626600	0.0644463051000000037	0.16548192719999999
6235631600	0.0665777527000000063	0.167482282099999991
6235636600	0.0651305481000000047	0.168030576900000006
6235641600	0.0676579112999999982	0.170188203399999988
6235646600	0.0671432649999999936	0.167816944899999987
6235651600	0.0690520117999999933	0.170420778599999989
6235656600	0.0710000462999999943	0.169044427200000014
6235661600	0.0741345191000000042	0.170324077600000012
6235666600	0.0723748104000000031	0.165928989500000013
6235671600	0.0723480521999999987	0.171541895899999991
6235676600	0.0740438556999999942	0.16851197200000001
6235681600	0.0742255839000000028	0.170104865800000005
6235686600	0.0738580982999999941	0.170268509699999987
6235691600	0.0794470902999999951	0.172612604700000005
6235696600	0.076269497399999997	0.170909192099999996
6235701600	0.0785333290999999933	0.170380578000000005
6235706600	0.0800708957000000054	0.170498165600000001
6235711600	0.0815659640000000047	0.172131232299999992
6235716600	0.0829077468999999956	0.174972726699999998
6235721600	0.0821980427000000013	0.173229316100000003
6235726600	0.0852352200999999948	0.175303099800000001
6235731600	0.0838937424999999931	0.172430436800000003
6235736600	0.0831490421000000007	0.174420778700000001
6235741600	0.0843395693999999946	0.174217082200000012
6235746600	0.0854994669999999957	0.173441102900000005
6235751600	0.0866972069999999984	0.175866307899999991
6235756600	0.0898328537000000066	0.172207630400000006
6235761600	0.0901588774000000037	0.173825463699999988
6235766600	0.0912210831000000028	0.17529476799999999
6235771600	0.0894450648999999959	0.17456983949999999
6235776600	0.0909768824999999948	0.174228568299999997
6235781600	0.0898335982999999977	0.176382528199999999
6235786600	0.0921057779000000049	0.176380901600000001
6235791600	0.0941077020999999958	0.174200892200000013
6235796600	0.0944679073000000008	0.175163097900000009
6235801600	0.095536818699999998	0.17806832680000001
6235806600	0.0988799917000000028	0.17816370849999999
6235811600	0.0988930898999999947	0.175994062600000001
6235816600	0.0984413487000000004	0.176474351299999999
6235821600	0.0999663954000000049	0.173361697199999998
6235826600	0.100049659400000004	0.173291645500000008
6235831600	0.102285105500000001	0.173396039899999993
6235836600	0.100449231999999999	0.175631882099999997
6235841600	0.102001971299999994	0.175538394699999989
6235846600	0.106665187800000005	0.174850714600000012
6235851600	0.102999803799999998	0.176762706399999997
6235856600	0.105219169099999996	0.174640725800000007
6235861600	0.108194461699999994	0.173290546099999998
6235866600	0.105870863900000001	0.176010664300000008
6235871600	0.105928372800000004	0.175231698999999991
6235876600	0.109359971	0.173783847200000008
6235881600	0.110092119700000005	0.175069923699999991
6235886600	0.107892476900000006	0.175810888999999998
6235891600	0.108176594099999995	0.17237060709999999
6235896600	0.106562825	0.17626886080000001
6235901600	0.111387612799999994	0.174498484799999992
6235906600	0.110583880199999998	0.175548896600000004
6235911600	0.111668139	0.1780252165
6235916600	0.113133460199999994	0.175222085899999991
6235921600	0.114365225000000001	0.176805775400000004
6235926600	0.114579612100000006	0.177116946299999994
6235931600	0.113625430900000005	0.176953845999999998
6235936600	0.117670873300000006	0.175888509100000007
6235941600	0.116766028600000002	0.173686012700000003
6235946600	0.1151062905	0.174502847999999988
6235951600	0.118592498899999996	0.174368921300000007
6235956600	0.116991834500000003	0.174745077999999998
6235961600	0.116792891800000007	0.172339273099999996
6235966600	0.118286658899999994	0.1741543599
6235971600	0.121578388199999998	0.173075544299999995
6235976600	0.119838591300000005	0.173496381300000002
6235981600	0.118716060900000003	0.174356393400000004
6235986600	0.121640602299999998	0.173184552200000008
6235991600	0.123508434799999997	0.171042027399999991
6235996600	0.123465041900000003	0.175740188299999989
6236001600	0.122979985700000002	0.172659791400000012
6236006600	0.127064982699999995	0.170438555200000008
6236011600	0.125970292000000011	0.173317747299999991
6236016600	0.126283020299999993	0.174367006299999988
6236021600	0.124059436699999998	0.174579769800000006
6236026600	0.124674766300000003	0.170306576799999998
6236031600	0.12793959290000001	0.175100038399999991
6236036600	0.1280412457	0.173232725300000001
6236041600	0.129969320599999993	0.172379557999999988
6236046600	0.126741541799999996	0.174931979399999993
6236051600	0.130116859299999998	0.172813825000000004
6236056600	0.13385871869999999	0.173361411699999995
6236061600	0.129100890800000007	0.170586209799999999
6236066600	0.132433755200000003	0.172868886700000002
6236071600	0.134197904400000012	0.174190855100000014
6236076600	0.129518354800000013	0.172273951300000006
6236081600	0.133089382700000008	0.1739586454
6236086600	0.136738945899999992	0.171285684599999988
6236091600	0.136158483800000008	0.172479579599999988
6236096600	0.13520385230000001	0.170276685000000011
6236101600	0.136639344400000001	0.171478059500000002
6236106600	0.135962408700000009	0.171054348299999992
6236111600	0.135293250899999995	0.171192670699999994
6236116600	0.136617476900000007	0.168437502200000006
6236121600	0.137803862700000002	0.168194334599999995
6236126600	0.13761354919999999	0.1696601093
6236131600	0.142390210699999992	0.169456531100000002
6236136600	0.137625696699999994	0.169009909300000011
6236141600	0.139830284700000002	0.169596031400000014
6236146600	0.141266724700000013	0.16895807060000001
6236151600	0.141719878599999988	0.167469064000000001
6236156600	0.141487453799999996	0.169532015199999997
6236161600	0.144240931600000011	0.168189196099999994
6236166600	0.143328800300000003	0.169339947399999996
6236171600	0.141233251000000004	0.17012940800000001
6236176600	0.144448543200000001	0.166043083400000013
6236181600	0.142927119299999988	0.169451539600000006
6236186600	0.142772265799999992	0.168278639199999996
6236191600	0.142443771299999994	0.171321657900000007
6236196600	0.146990743700000009	0.166098349700000009
6236201600	0.143910256099999995	0.167796364899999995
6236206600	0.142618414500000013	0.167060608299999996
6236211600	0.144664044200000008	0.167533289700000004
6236216600	0.146085656899999999	0.166522983099999994
6236221600	0.148673104899999992	0.165428483399999993
6236226600	0.148504745399999999	0.167656331500000005
6236231600	0.14846667429999999	0.167252588099999988
6236236600	0.14963743169999999	0.166691442800000006
6236241600	0.148801952500000001	0.165832310000000011
6236246600	0.151802769799999987	0.164969002400000009
6236251600	0.147358450800000013	0.165397120199999997
6236256600	0.149125589499999989	0.163458578699999996
6236261600	0.147937658400000005	0.166104794199999989
6236266600	0.152539180699999999	0.16604227869999999
6236271600	0.151756547699999994	0.164028857899999991
6236276600	0.153219721199999992	0.163596952200000006
6236281600	0.15327838299999999	0.165934312499999986
6236286600	0.151477727400000012	0.1647336368
6236291600	0.153831754500000001	0.164964692400000001
6236296600	0.151379996300000014	0.163644589000000007
6236301600	0.154737337100000011	0.162150028000000002
6236306600	0.154120380599999995	0.163557778699999989
6236311600	0.1540727385	0.164719390399999999
6236316600	0.155032093900000001	0.163623689399999994
6236321600	0.154378835399999997	0.162346584500000002
6236326600	0.155077465800000008	0.161782670500000003
6236331600	0.156614445800000002	0.163645652199999991
6236336600	0.15812174200000001	0.161680823700000004
6236341600	0.155706938999999989	0.160852157100000004
6236346600	0.158096538399999986	0.160385578599999995
6236351600	0.156669820999999987	0.159645821399999999
6236356600	0.158191617099999987	0.160141908199999988
6236361600	0.163437239799999995	0.161203218499999995
6236366600	0.1550494392	0.158037553400000003
6236371600	0.160424792799999993	0.159121334000000003
6236376600	0.162329063999999995	0.15684133480000001
6236381600	0.161153485900000004	0.161619839500000001
6236386600	0.161082083699999989	0.159658549099999991
6236391600	0.160734076400000009	0.159611742499999987
6236396600	0.164101389900000005	0.158623802700000011
6236401600	0.159915545299999989	0.1577042793
6236406600	0.161410168800000003	0.158886707699999991
6236411600	0.164869721699999999	0.1589796406
6236416600	0.163482723899999988	0.160319097599999988
6236421600	0.163461724100000011	0.158451484199999992
6236426600	0.163000759699999997	0.156965800699999991
6236431600	0.164037284000000005	0.159084125200000009
6236436600	0.16579501490000001	0.155105594499999999
6236441600	0.166572610300000007	0.155950323700000004
6236446600	0.164614472699999986	0.158374989500000007
6236451600	0.166407731199999992	0.158035651599999993
6236456600	0.165841983199999987	0.154777668199999996
6236461600	0.166351346900000002	0.158526443200000006
6236466600	0.166813916799999989	0.155061064599999993
6236471600	0.171623255800000013	0.15460156450000001
6236476600	0.167802442899999987	0.155909341300000004
6236481600	0.165289091100000007	0.154211572399999997
6236486600	0.171541376200000012	0.153394302799999993
6236491600	0.16947714450000001	0.15276697580000001
6236496600	0.169361137100000003	0.153986827100000001
6236501600	0.170657942700000009	0.153679644599999998
6236506600	0.170540526999999997	0.154222787599999994
6236511600	0.170487678199999992	0.15308251710000001
6236516600	0.168197260999999987	0.152306292700000012
6236521600	0.172405790000000003	0.152254673099999988
6236526600	0.171288815099999991	0.154314273899999993
6236531600	0.171518083500000001	0.153093471300000006
6236536600	0.175692104200000004	0.150967522900000012
6236541600	0.173666127400000009	0.1491383919
6236546600	0.173968771299999991	0.151293752700000006
6236551600	0.171114703600000001	0.147909308200000006
6236556600	0.175455884600000001	0.1499557433
6236561600	0.175604928699999996	0.152181656800000009
6236566600	0.1691285015	0.151579579900000011
6236571600	0.176286044800000014	0.148666695900000007
6236576600	0.172782934400000004	0.149857872700000005
6236581600	0.175524790600000008	0.148902470300000006
6236586600	0.176234146700000011	0.150959677699999989
6236591600	0.175475848800000001	0.150316773900000006
6236596600	0.173534347899999997	0.149600944099999994
6236601600	0.176162394899999991	0.148018061799999989
6236606600	0.175992923999999995	0.148905296500000006
6236611600	0.177788241499999999	0.150816124200000012
6236616600	0.177985499399999997	0.147590987499999993
6236621600	0.178767603899999988	0.147994020199999993
6236626600	0.176682745499999988	0.148057408000000001
6236631600	0.17851963139999999	0.146751888400000002
6236636600	0.179355546100000013	0.145073749499999988
6236641600	0.17987969479999999	0.146976814900000002
6236646600	0.179131955900000001	0.146372270700000001
6236651600	0.179281073600000007	0.143688072299999997
6236656600	0.17977158809999999	0.146852409200000006
6236661600	0.180513917800000007	0.146127222599999995
6236666600	0.181284501699999989	0.144851330499999986
6236671600	0.181351355600000014	0.145525410500000008
6236676600	0.181556654699999986	0.146407420099999991
6236681600	0.181668020200000002	0.144159771999999992
6236686600	0.181838825000000009	0.1433232599
6236691600	0.18391906320000001	0.142802919
6236696600	0.183480106000000004	0.142892318500000004
6236701600	0.180227143899999998	0.145027217300000011
6236706600	0.182191669899999992	0.145961405300000013
6236711600	0.184918461799999989	0.143345069699999994
6236716600	0.183020924599999996	0.142385860199999992
6236721600	0.185186361699999996	0.142350308199999998
6236726600	0.183587207100000011	0.142601934600000008
6236731600	0.186120875699999994	0.141573948799999988
6236736600	0.185514409500000005	0.14301484410000001
6236741600	0.184661789599999987	0.141501399199999989
6236746600	0.188307943700000008	0.140928082600000004
6236751600	0.184194330299999987	0.138525607200000012
6236756600	0.184766067000000006	0.141076236900000013
6236761600	0.188263473099999995	0.139701619299999996
6236766600	0.18603722780000001	0.142624357499999993
6236771600	0.187838741400000009	0.138764702500000003
6236776600	0.18902585890000001	0.140656066800000007
6236781600	0.187106143400000008	0.140253357400000001
6236786600	0.190416877699999987	0.137715847299999999
6236791600	0.191307997199999996	0.139890436400000012
6236796600	0.18821893910000001	0.138707327299999988
6236801600	0.189383177000000014	0.139846637400000001
6236806600	0.190242423699999996	0.13799604909999999
6236811600	0.192071554700000008	0.137398557199999993
6236816600	0.19003303399999999	0.138218465900000004
6236821600	0.191578903800000006	0.138451906099999994
6236826600	0.1912551257	0.133389021299999994
6236831600	0.191898324700000011	0.137918739600000007
6236836600	0.18984116270000001	0.137806317399999989
6236841600	0.189263943399999995	0.1374876669
6236846600	0.187867528199999995	0.135525644400000006
6236851600	0.191531713200000009	0.13533547700000001
6236856600	0.190589580300000005	0.136465921800000001
6236861600	0.191532391699999999	0.135119635099999996
6236866600	0.192406171999999986	0.131725597199999989
6236871600	0.192322106399999998	0.132062432899999999
6236876600	0.193666745499999987	0.135211699800000001
6236881600	0.193386350699999987	0.136267081900000003
6236886600	0.193238366500000008	0.133142463999999988
6236891600	0.195577219699999999	0.132625192000000003
6236896600	0.194398632900000007	0.131426933800000006
6236901600	0.197438846100000009	0.132944540899999991
6236906600	0.194241718199999996	0.135395964899999999
6236911600	0.195204199599999989	0.134770017200000009
6236916600	0.192275508699999986	0.132153549700000011
6236921600	0.19651254239999999	0.1322742633
6236926600	0.196643263600000007	0.132820859099999994
6236931600	0.196277728600000007	0.128581245499999997
6236936600	0.196660076900000008	0.130754969400000004
6236941600	0.195357490100000003	0.130137440900000012
6236946600	0.1964683287	0.128347079100000011
6236951600	0.196277791899999998	0.130516765700000009
6236956600	0.196350778799999987	0.13061219830000001
6236961600	0.196787970099999987	0.129327158800000008
6236966600	0.198513879199999993	0.129367935200000006
6236971600	0.196662490500000009	0.130886290900000007
6236976600	0.196843681100000001	0.128170374100000012
6236981600	0.19733518450000001	0.129057139900000006
6236986600	0.198490833899999997	0.127922459900000007
6236991600	0.195720799000000001	0.128357184799999996
6236996600	0.198900916799999994	0.128004910599999994
6237001600	0.199985204599999994	0.125200178100000004
6237006600	0.200981937100000008	0.122887744800000004
6237011600	0.199449909300000006	0.130431099200000011
6237016600	0.200370799699999991	0.124815291199999998
6237021600	0.199597506899999999	0.126929656299999999
6237026600	0.200422026599999997	0.125860876499999996
6237031600	0.199370841699999995	0.126130455299999999
6237036600	0.197966615499999998	0.122131099500000007
6237041600	0.200284398000000002	0.124731086399999996
6237046600	0.202291457600000002	0.124492963499999998
6237051600	0.200985598099999996	0.123658972899999997
6237056600	0.199898909000000014	0.123551087500000004
6237061600	0.200951230400000014	0.123706318499999995
6237066600	0.20433363169999999	0.123618693799999999
6237071600	0.201110547299999998	0.124758981300000002
6237076600	0.203917529900000005	0.121133386400000001
6237081600	0.201277997200000003	0.122376636900000002
6237086600	0.202014913699999993	0.122975196100000003
6237091600	0.204004151999999994	0.119698024400000005
6237096600	0.202609783799999998	0.121691979800000002
6237101600	0.2046106496	0.120814748
6237106600	0.205146267999999993	0.122763553799999994
6237111600	0.202779219499999996	0.120971314199999999
6237116600	0.20579381229999999	0.117997554099999999
6237121600	0.204995830699999992	0.118663044999999995
6237126600	0.203225889500000007	0.119149586599999996
6237131600	0.2066151866	0.121674062900000005
6237136600	0.207756075699999987	0.118622403599999995
6237141600	0.205206594599999986	0.118821527400000002
6237146600	0.206430985700000014	0.117395590899999999
6237151600	0.205141261399999997	0.1175692713
6237156600	0.205551607299999994	0.117326100899999994
6237161600	0.205835219300000011	0.116701078499999999
6237166600	0.20685078409999999	0.1158386681
6237171600	0.208084833299999994	0.1174764945
6237176600	0.208998833200000012	0.115290908799999994
6237181600	0.206866633599999988	0.115759863099999999
6237186600	0.207460890600000003	0.114720809100000001
6237191600	0.208111236000000005	0.115778279400000003
6237196600	0.206919624299999994	0.115956508999999999
6237201600	0.20792340379999999	0.115123018600000002
6237206600	0.207312494200000003	0.115263003599999997
6237211600	0.205107487599999999	0.116198864599999993
6237216600	0.208447744099999999	0.114381782000000001
6237221600	0.206143518899999989	0.112553369799999997
6237226600	0.209396843999999999	0.114121036699999998
6237231600	0.208630090800000001	0.112961647200000001
6237236600	0.208683067700000002	0.1137427726
6237241600	0.209039785899999997	0.111925269999999993
6237246600	0.208614181300000007	0.110650754800000001
6237251600	0.210052436700000011	0.113670204799999994
6237256600	0.209751172900000005	0.109128793900000007
6237261600	0.209319993199999999	0.108683906999999996
6237266600	0.211208084600000012	0.109394729299999993
6237271600	0.211130398400000002	0.1109404799
6237276600	0.2123080668	0.112587829099999995
6237281600	0.211966488300000006	0.111014695499999996
6237286600	0.213962289100000008	0.111329801399999997
6237291600	0.211492385499999991	0.111452121000000001
6237296600	0.209941608000000002	0.110839811499999996
6237301600	0.210948299899999997	0.108592762400000001
6237306600	0.215165190400000012	0.105796805800000004
6237311600	0.213231979799999999	0.111072698400000003
6237316600	0.212022830100000004	0.107040467599999994
6237321600	0.21379347130000001	0.108312617599999994
6237326600	0.213655095900000008	0.108660272299999999
6237331600	0.211962354699999994	0.107347414899999993
6237336600	0.215335260400000006	0.104994204300000005
6237341600	0.211791454200000007	0.105912181499999994
6237346600	0.213815948400000011	0.108657648400000001
6237351600	0.212779474400000002	0.105091893899999997
6237356600	0.215808077200000004	0.105580503199999995
6237361600	0.214897421000000005	0.105331490599999994
6237366600	0.2137184627	0.102831796399999995
6237371600	0.214601935500000007	0.103162251699999999
6237376600	0.21324043379999999	0.103993491300000004
6237381600	0.213700610000000013	0.102498942499999995
6237386600	0.21520398260000001	0.105299425299999999
6237391600	0.214510223400000005	0.104487985399999997
6237396600	0.217326116099999994	0.102303528800000001
6237401600	0.217427984099999999	0.103494182000000004
6237406600	0.2186542712	0.104017873400000002
6237411600	0.21814555599999999	0.100534403899999999
6237416600	0.216256376500000014	0.101034507699999998
6237421600	0.217336179600000012	0.103628215800000006
6237426600	0.217984759599999994	0.100826907300000004
6237431600	0.217782502300000014	0.101907163600000003
6237436600	0.218701665600000011	0.1014218219
6237441600	0.21753952800000001	0.100696378500000003
6237446600	0.216020303599999991	0.0998633257999999996
6237451600	0.218071786699999992	0.102065597399999999
6237456600	0.217056955500000009	0.0999398268000000062
6237461600	0.218180810599999997	0.101412000799999999
6237466600	0.221373510500000009	0.0987270960999999947
6237471600	0.219583808299999989	0.0987855158000000011
6237476600	0.219497198700000007	0.099922105799999994
6237481600	0.216992960499999998	0.0982824444000000019
6237486600	0.218078472699999998	0.0986007373000000048
6237491600	0.219831120800000002	0.100757424600000006
6237496600	0.220218125799999997	0.0950029118000000061
6237501600	0.22071141259999999	0.095200469900000001
6237506600	0.217502864099999998	0.0982798708999999965
6237511600	0.21943669939999999	0.0953278453999999997
6237516600	0.219070593000000008	0.0959342028000000069
6237521600	0.221723168199999987	0.0953979486999999987
6237526600	0.221095223199999996	0.0967572049999999989
6237531600	0.221897457800000003	0.0963596386999999999
6237536600	0.221321126300000004	0.0941994772000000063
6237541600	0.221701181599999991	0.0900780245000000063
6237546600	0.221022972499999998	0.0966247045000000054
6237551600	0.216837722099999991	0.0950350031999999956
6237556600	0.222121893600000009	0.0938917472999999947
6237561600	0.221877899600000011	0.0928589147999999975
6237566600	0.220185995699999998	0.0921481630000000052
6237571600	0.222981417099999996	0.0946094066000000011
6237576600	0.222173455699999994	0.0927640680999999995
6237581600	0.220612607099999997	0.0923649391000000014
6237586600	0.220727285299999992	0.0908641956999999972
6237591600	0.220381948200000011	0.0920201390000000008
6237596600	0.224773400200000001	0.0907607004000000051
6237601600	0.224846917899999998	0.0900682970999999999
6237606600	0.22399444830000001	0.0900127641999999978
6237611600	0.22110060170000001	0.0912058577000000037
6237616600	0.222013008600000006	0.0916176328000000012
6237621600	0.222707207299999987	0.0909092338000000028
6237626600	0.222277750699999999	0.0898784522000000002
6237631600	0.224596320900000007	0.0925184240999999963
6237636600	0.224710322600000012	0.0887632376000000028
6237641600	0.22406204460000001	0.0859170986000000053
6237646600	0.223069964700000012	0.0879900319000000014
6237651600	0.225414484999999998	0.0875764960999999981
6237656600	0.223797777700000006	0.0891721359999999991
6237661600	0.227136027299999987	0.0864441744999999984
6237666600	0.224036103099999995	0.0874234185999999969
6237671600	0.223145353200000007	0.0844605687999999966
6237676600	0.225644731600000009	0.0867311822000000066
6237681600	0.225007333700000006	0.0862623542000000021
6237686600	0.227520599299999987	0.0862138610000000027
6237691600	0.225735823000000002	0.0833205048000000004
6237696600	0.224254123700000002	0.0864204908999999938
6237701600	0.228338831999999992	0.0846069685000000044
6237706600	0.225818914000000009	0.0855949473000000016
6237711600	0.225123697900000003	0.0835758001999999944
6237716600	0.223135729100000013	0.0859652810999999989
6237721600	0.226945584899999997	0.0849994901999999997
6237726600	0.226681261800000006	0.0838307919000000068
6237731600	0.226784325000000009	0.0813099525000000045
6237736600	0.22632580129999999	0.0839207891999999983
6237741600	0.228102469299999999	0.0816614694000000058
6237746600	0.226318605099999987	0.0807559196999999979
6237751600	0.226992701200000008	0.0784606986999999978
6237756600	0.22958125339999999	0.0802505765999999982
6237761600	0.225338082200000012	0.0819290052000000019
6237766600	0.22618355209999999	0.0812319125000000031
6237771600	0.227585656800000008	0.0793947861000000032
