# freq, I e Q
6210920000	0.0603457759999999968	-0.0241512037999999998
6210970000	0.0560365350999999998	-0.0279835701000000006
6211020000	0.0601068142999999985	-0.0308718377999999995
6211070000	0.0569552078999999989	-0.0329194833000000034
6211120000	0.0564022636999999966	-0.0329201104000000008
6211170000	0.0568884269999999984	-0.0279102949000000003
6211220000	0.0567050111000000009	-0.0325086361000000018
6211270000	0.0591328741000000033	-0.0324029892999999972
6211320000	0.0584151588999999999	-0.0287417605000000013
6211370000	0.0574764831999999976	-0.0332416854999999997
6211420000	0.0518115227000000012	-0.0355533851000000012
6211470000	0.056732240199999999	-0.0358632823000000003
6211520000	0.0532834031000000014	-0.0335930045999999968
6211570000	0.0518912086999999966	-0.0382738815999999968
6211620000	0.054600377399999997	-0.0370900802000000002
6211670000	0.0540273843000000017	-0.0423496963999999976
6211720000	0.0521723782000000011	-0.040827399200000003
6211770000	0.0533407397000000005	-0.0405713587999999986
6211820000	0.053311442700000003	-0.0383142061999999992
6211870000	0.055637651500000003	-0.0396145214999999995
6211920000	0.0457042302000000011	-0.0374175777000000029
6211970000	0.0493135196000000012	-0.0414755086999999967
6212020000	0.0498410784000000023	-0.0426267929000000018
6212070000	0.0481351179999999976	-0.0409051616000000035
6212120000	0.0488585351000000029	-0.043001062700000002
6212170000	0.0471013835999999977	-0.0417094864000000023
6212220000	0.0485847961000000009	-0.0488641114000000001
6212270000	0.0493038847000000016	-0.0435838060000000027
6212320000	0.0466506435999999997	-0.0456342146000000004
6212370000	0.0470342528000000024	-0.0450815910999999986
6212420000	0.0436203515000000014	-0.0448067945999999981
6212470000	0.0424240764999999978	-0.0460806093999999999
6212520000	0.0406652980999999969	-0.0477298097000000004
6212570000	0.0469362023000000003	-0.0478579207000000006
6212620000	0.0445690709000000004	-0.0486594888999999989
6212670000	0.0392674627999999998	-0.0505289896999999988
6212720000	0.0370499829000000003	-0.0479760383000000026
6212770000	0.0395147938999999976	-0.0495167317999999981
6212820000	0.0394423740999999967	-0.0553591130000000015
6212870000	0.0418126689999999968	-0.0494720217000000004
6212920000	0.0419765849999999968	-0.0536951661999999982
6212970000	0.033174051000000003	-0.0498827546000000024
6213020000	0.0358304086000000022	-0.054202723500000001
6213070000	0.0346022527999999968	-0.0521997038999999982
6213120000	0.0379856859999999977	-0.0589556237000000011
6213170000	0.0389281562000000012	-0.0543631239999999988
6213220000	0.036689270000000003	-0.0552942016999999966
6213270000	0.0360833916000000005	-0.0553715551999999986
6213320000	0.0356662964999999998	-0.0527252525
6213370000	0.0346139732000000019	-0.0552951281000000003
6213420000	0.0298524291000000011	-0.0598331177000000006
6213470000	0.0310601323999999991	-0.056036150899999998
6213520000	0.0273728407000000014	-0.055664538999999999
6213570000	0.0322956949999999993	-0.0578680379999999966
6213620000	0.0284891141999999986	-0.0584373643000000026
6213670000	0.0267541142999999995	-0.0573759276000000012
6213720000	0.0257135435999999995	-0.0612064083000000009
6213770000	0.0277094683999999994	-0.0581750628000000033
6213820000	0.0269477208999999995	-0.0565368654999999984
6213870000	0.0239269047000000012	-0.061906026599999997
6213920000	0.0262710024	-0.0603213359000000018
6213970000	0.0219347634000000014	-0.0609854312000000023
6214020000	0.0241006796999999988	-0.062507859900000004
6214070000	0.0216726916999999998	-0.0605368777999999996
6214120000	0.0233303428000000007	-0.0646640173000000013
6214170000	0.0190346025000000009	-0.0610594782999999974
6214220000	0.0186808512999999989	-0.062040919600000001
6214270000	0.0199427395000000007	-0.0594594510999999978
6214320000	0.0168715088000000006	-0.062191369500000003
6214370000	0.0185839876000000008	-0.062018640600000001
6214420000	0.0156880790000000006	-0.0621936655000000019
6214470000	0.0176829072000000004	-0.0651810560000000011
6214520000	0.0153866199000000006	-0.0623340028999999976
6214570000	0.0136753325999999995	-0.0657614195999999956
6214620000	0.0145201062000000006	-0.0633774592999999942
6214670000	0.0112372245000000003	-0.0628851202999999997
6214720000	0.0119704306	-0.0633788524999999991
6214770000	0.00989366700000000009	-0.0666373335000000067
6214820000	0.0108533883000000008	-0.0632181844000000021
6214870000	0.00824005730000000082	-0.0645487609999999962
6214920000	0.0129462494000000001	-0.0638698919000000032
6214970000	0.00425092260000000007	-0.066938708999999999
6215020000	0.00568078719999999971	-0.0638485193000000034
6215070000	0.00377328129999999996	-0.0656957076000000001
6215120000	0.00820751590000000017	-0.0621331380999999988
6215170000	0.0045215613999999996	-0.0654107537000000044
6215220000	0.00833574110000000028	-0.0645370326999999966
6215270000	0.00505631389999999965	-0.0599740619000000003
6215320000	-0.00114061060000000001	-0.0642273257000000042
6215370000	0.00293478120000000009	-0.0669974086000000024
6215420000	-0.000345127699999999999	-0.063649885500000003
6215470000	-0.000679053100000000026	-0.0653493448000000005
6215520000	-0.00109378030000000003	-0.0638662836999999983
6215570000	-0.00228182940000000011	-0.0642207251000000007
6215620000	-0.00301542310000000018	-0.0665750982000000019
6215670000	-0.00252132880000000004	-0.066156412100000006
6215720000	-0.00541610069999999989	-0.0626166737999999945
6215770000	-0.00529610360000000013	-0.0669056935999999963
6215820000	-0.00544025059999999998	-0.0654374870999999969
6215870000	-0.00905662699999999939	-0.0637474564999999938
6215920000	-0.00948081679999999982	-0.0637842166999999932
6215970000	-0.00898321030000000069	-0.0647911431999999982
6216020000	-0.00558926409999999964	-0.0650355623999999966
6216070000	-0.011283965	-0.0676468659999999999
6216120000	-0.00816527390000000054	-0.0648384436000000036
6216170000	-0.00897130219999999964	-0.0637503536000000037
6216220000	-0.0123469242999999992	-0.0631709200000000054
6216270000	-0.0113330796000000004	-0.0634451532000000068
6216320000	-0.0150886884999999991	-0.0652312844000000058
6216370000	-0.0142764782999999992	-0.0636369242000000002
6216420000	-0.0155501649999999995	-0.0659507289999999996
6216470000	-0.016036531100000001	-0.0640600468000000062
6216520000	-0.0136804966999999993	-0.0647798712000000054
6216570000	-0.0202336327000000003	-0.0635264031999999979
6216620000	-0.0194757964999999998	-0.0596701352000000018
6216670000	-0.0197018999	-0.0644113996000000022
6216720000	-0.0229423040000000002	-0.0609647010999999975
6216770000	-0.0195094102000000005	-0.0626101696000000013
6216820000	-0.0236485841000000016	-0.064205984100000002
6216870000	-0.0209616643999999998	-0.063158915600000004
6216920000	-0.020491302900000001	-0.0578757023999999995
6216970000	-0.0229261842999999993	-0.0585703202999999992
6217020000	-0.0225625302	-0.0624666741000000011
6217070000	-0.0269739685000000007	-0.0581849647000000011
6217120000	-0.0271213871999999995	-0.0593458084999999996
6217170000	-0.0251157065999999991	-0.0569345695999999984
6217220000	-0.0232349976000000014	-0.0583655885000000027
6217270000	-0.0244276310999999996	-0.061702648899999997
6217320000	-0.0269078271000000001	-0.0597724233000000021
6217370000	-0.0278947733000000017	-0.0581433955000000002
6217420000	-0.0277758295000000016	-0.0619956088999999988
6217470000	-0.0327841775999999988	-0.0590083200999999974
6217520000	-0.0291110213000000013	-0.0590020953000000015
6217570000	-0.0321442221000000014	-0.0577635456000000005
6217620000	-0.0316338774999999975	-0.0554133606000000029
6217670000	-0.0326334781000000018	-0.0551827386999999975
6217720000	-0.0333588859999999973	-0.0570932847999999979
6217770000	-0.0351613645000000002	-0.0522840934000000021
6217820000	-0.0356381023000000019	-0.0550917423999999975
6217870000	-0.0361063147000000029	-0.0529454384000000028
6217920000	-0.0394645018000000028	-0.0550041724000000024
6217970000	-0.0399173515000000034	-0.0564942600999999989
6218020000	-0.0371869047000000022	-0.0516390592999999981
6218070000	-0.0386511474000000022	-0.0539803082000000004
6218120000	-0.0399414723000000027	-0.0524401550999999966
6218170000	-0.0396541423000000004	-0.0507051189999999999
6218220000	-0.0425694305999999995	-0.055359092700000001
6218270000	-0.0402751481999999994	-0.0500074317000000004
6218320000	-0.0390133749000000016	-0.0489035879999999978
6218370000	-0.040632023500000003	-0.0504648700000000019
6218420000	-0.0428293048999999967	-0.0510875543999999987
6218470000	-0.0428263232000000021	-0.0512413125999999983
6218520000	-0.0467714976000000032	-0.0437074838000000021
6218570000	-0.0440040486999999994	-0.0456142686000000006
6218620000	-0.0469594355000000005	-0.0487864175999999997
6218670000	-0.0430114450999999967	-0.0479899423999999991
6218720000	-0.0457297908999999975	-0.0448094227999999983
6218770000	-0.0500172356000000012	-0.0458864140000000004
6218820000	-0.0489315840000000002	-0.0442571833000000026
6218870000	-0.0506477103000000026	-0.0425719401999999983
6218920000	-0.0451560843999999975	-0.0418028589000000034
6218970000	-0.0522084453999999976	-0.0410632286000000013
6219020000	-0.0504180795999999987	-0.0386847369000000024
6219070000	-0.0541171732000000003	-0.039984161499999997
6219120000	-0.053495479399999997	-0.0426122243000000012
6219170000	-0.0488228138999999978	-0.0407884963999999989
6219220000	-0.0535244101000000028	-0.0417938709000000019
6219270000	-0.056025103100000001	-0.0435876941999999989
6219320000	-0.0502142695999999999	-0.0392508525000000025
6219370000	-0.0547986085999999997	-0.0391006434999999972
6219420000	-0.0517848670999999997	-0.0371915176000000014
6219470000	-0.0557727525000000016	-0.0336055514000000027
6219520000	-0.0569473236999999965	-0.0346373494000000032
6219570000	-0.0538326449999999984	-0.0368574392000000015
6219620000	-0.0539514209999999994	-0.031996075899999997
6219670000	-0.0540107734000000034	-0.0325674281999999982
6219720000	-0.0583915152000000007	-0.0310200043000000009
6219770000	-0.0542018553999999986	-0.0327916952999999997
6219820000	-0.0574950654000000033	-0.0315689905999999992
6219870000	-0.0605549059999999986	-0.0315535462999999988
6219920000	-0.0581261646000000021	-0.029120881500000001
6219970000	-0.0577414317999999996	-0.0290918359000000015
6220020000	-0.0634596763000000036	-0.0294813859999999983
6220070000	-0.0601379197000000004	-0.0276381140999999997
6220120000	-0.0609250731999999989	-0.0251402816999999994
6220170000	-0.061131419200000002	-0.0248277743999999988
6220220000	-0.060482498099999997	-0.0224587018999999992
6220270000	-0.0616062601999999987	-0.0246255650999999999
6220320000	-0.0626855709000000011	-0.0239896902000000002
6220370000	-0.0589528309000000028	-0.0238586946000000008
6220420000	-0.0588605798	-0.0254268373000000013
6220470000	-0.061664297899999998	-0.0180264720999999996
6220520000	-0.0622123530999999994	-0.0201560011000000011
6220570000	-0.0612190105999999984	-0.0193160934000000013
6220620000	-0.0613215710999999997	-0.0226267669000000012
6220670000	-0.0627774012999999936	-0.019460184299999999
6220720000	-0.0638960521000000031	-0.0207231613000000009
6220770000	-0.0631924160000000013	-0.0199180265000000016
6220820000	-0.0653874581999999982	-0.0158628308999999995
6220870000	-0.0625455342999999969	-0.0137364865000000006
6220920000	-0.0607648011000000016	-0.0133372086000000008
6220970000	-0.0681209215999999951	-0.0126191350000000001
6221020000	-0.0618209642000000018	-0.0108324855000000008
6221070000	-0.0676288042000000034	-0.0135147180000000002
6221120000	-0.0681242667999999996	-0.0090729810000000008
6221170000	-0.0691275011000000023	-0.00958468590000000065
6221220000	-0.0642211525999999977	-0.00862012650000000026
6221270000	-0.0648640397999999951	-0.0109816900000000005
6221320000	-0.0640396272999999988	-0.00974058820000000061
6221370000	-0.0660126540999999983	-0.0119162671000000008
6221420000	-0.0631227765000000052	-0.00641240390000000042
6221470000	-0.0646208028000000018	-0.00942670359999999916
6221520000	-0.0679186860000000059	-0.00596690920000000034
6221570000	-0.0662047161999999995	-0.000487930000000000026
6221620000	-0.0643715292999999938	-0.00143896829999999999
6221670000	-0.0672263862000000018	-0.00308690650000000011
6221720000	-0.0667874519000000028	-0.000174197000000000013
6221770000	-0.0686359938000000031	-0.00109638440000000008
6221820000	-0.0653177716000000047	0.00105285269999999998
6221870000	-0.0654479743999999974	-0.000481449000000000005
6221920000	-0.0672641843999999961	0.00419850069999999978
6221970000	-0.0676963455999999991	0.00436994910000000018
6222020000	-0.0623968932999999989	0.00458005920000000011
6222070000	-0.0631450479999999953	0.00489811779999999985
6222120000	-0.0639865703000000036	0.00400504239999999959
6222170000	-0.0626921946999999952	0.00410060780000000031
6222220000	-0.0652917301999999949	0.00774105859999999965
6222270000	-0.0689684089999999944	0.0122059861999999995
6222320000	-0.0684655901000000011	0.00734866950000000012
6222370000	-0.062301811399999997	0.00970840620000000022
6222420000	-0.0675832194999999997	0.00895602319999999966
6222470000	-0.0646325635000000037	0.0110387494000000006
6222520000	-0.0673835948000000018	0.0120420809
6222570000	-0.0664441270000000056	0.0107020097000000008
6222620000	-0.0630884706000000017	0.0137692536999999993
6222670000	-0.0660977083999999965	0.0154470753999999995
6222720000	-0.0670275542000000057	0.0180925881999999989
6222770000	-0.0676467921000000055	0.0134122119000000001
6222820000	-0.0638038927999999977	0.0146297800000000002
6222870000	-0.0643697468999999967	0.0145449459
6222920000	-0.0640554425000000038	0.0166048885000000014
6222970000	-0.0641090106999999965	0.0202882232000000003
6223020000	-0.0656228415000000009	0.0207085735000000007
6223070000	-0.0620191561000000002	0.0204608598999999995
6223120000	-0.0638895986999999943	0.0232677831000000016
6223170000	-0.0652037434999999943	0.0231717170000000014
6223220000	-0.0612149038999999992	0.0249985676000000004
6223270000	-0.0592351453	0.0258880694000000015
6223320000	-0.0645652094000000037	0.0274979256999999984
6223370000	-0.0652206649999999971	0.0255474166000000009
6223420000	-0.0644826453999999966	0.025752742700000001
6223470000	-0.0627382503000000064	0.0287852278000000003
6223520000	-0.0613727458999999975	0.0303629191
6223570000	-0.0621365878999999982	0.0292111053000000016
6223620000	-0.0589648425000000032	0.0302647270999999995
6223670000	-0.0606651355000000017	0.0296419924999999987
6223720000	-0.0612578395000000012	0.0292972209000000004
6223770000	-0.0588791188999999993	0.0337792116999999989
6223820000	-0.0584596884000000011	0.0345702971000000012
6223870000	-0.0581796362999999969	0.0317712326999999989
6223920000	-0.0573172152000000004	0.0310310781999999993
6223970000	-0.0590834502999999997	0.0357880625000000022
6224020000	-0.0582463842000000009	0.0351346322000000016
6224070000	-0.0613709527000000019	0.0352372983999999986
6224120000	-0.0572204281999999995	0.0347915374000000027
6224170000	-0.0561399968000000013	0.0360755437999999984
6224220000	-0.0561689403999999989	0.0347367925000000022
6224270000	-0.054716974699999997	0.0422083343999999985
6224320000	-0.0565201134000000022	0.037122177800000003
6224370000	-0.0544465053999999976	0.0405386720999999992
6224420000	-0.0500140971000000017	0.0377100714000000031
6224470000	-0.0547891468000000006	0.0454620998000000026
6224520000	-0.0524207219000000016	0.0400748729000000026
6224570000	-0.0525878671999999991	0.0427133894999999972
6224620000	-0.0568379148000000001	0.0457458488000000024
6224670000	-0.0475204193999999996	0.0452298748
6224720000	-0.0492256608000000012	0.0466651198000000017
6224770000	-0.0456905911999999984	0.0451671406999999969
6224820000	-0.049939737900000003	0.0466557301000000008
6224870000	-0.0505668308999999983	0.048538929699999997
6224920000	-0.0472093953999999996	0.0455463878999999988
6224970000	-0.046919485599999998	0.0468487604000000016
6225020000	-0.0454479981999999991	0.0489967664999999969
6225070000	-0.0419568172000000031	0.050254018999999997
6225120000	-0.0429007163999999969	0.0533913100999999987
6225170000	-0.0488237268000000016	0.0477438592000000023
6225220000	-0.0418475909000000021	0.0522013450000000032
6225270000	-0.0466864562999999982	0.0504588124999999985
6225320000	-0.0462345918000000022	0.0523458459000000001
6225370000	-0.0426820406999999999	0.0496332071
6225420000	-0.0405673334000000024	0.0517963040000000013
6225470000	-0.0435952932000000029	0.0564528848999999999
6225520000	-0.0392548336999999983	0.0541398536000000027
6225570000	-0.0397895762000000028	0.0577690272999999976
6225620000	-0.0378275310999999989	0.0569114917999999984
6225670000	-0.0395162256000000031	0.0549199485000000029
6225720000	-0.0331523764000000026	0.0542224645999999991
6225770000	-0.0379844316000000001	0.0561367872000000032
6225820000	-0.0342892984000000012	0.0572713311999999974
6225870000	-0.0322425308999999966	0.0575825941999999966
6225920000	-0.0366289098999999993	0.0581669137999999974
6225970000	-0.0346064127999999999	0.0610345535999999994
6226020000	-0.0357162235999999994	0.0573460766999999982
6226070000	-0.032760814800000003	0.0596805574000000005
6226120000	-0.0294890109000000011	0.0596162308999999974
6226170000	-0.0278640206999999987	0.0636157843000000056
6226220000	-0.0347330762999999987	0.063253250600000005
6226270000	-0.0309417381999999991	0.0624597486999999979
6226320000	-0.0314409719999999976	0.0648712644000000033
6226370000	-0.0277362092999999983	0.0602156511000000033
6226420000	-0.0290723082999999986	0.0599032640999999991
6226470000	-0.0255778119999999984	0.0601344498999999977
6226520000	-0.0240554218000000007	0.0624518931999999971
6226570000	-0.0249201871999999991	0.062284164000000003
6226620000	-0.0253706318000000014	0.0631506079000000026
6226670000	-0.0248928708000000012	0.0646319699999999969
6226720000	-0.0240134647000000007	0.0673881744999999949
6226770000	-0.0215940911000000006	0.0656841534000000005
6226820000	-0.0210461039999999995	0.0647110159000000018
6226870000	-0.0178363113999999989	0.0645232745999999996
6226920000	-0.0200450172999999988	0.0657346728999999991
6226970000	-0.0186660777999999999	0.0649005182000000069
6227020000	-0.0160410429	0.0661280536999999946
6227070000	-0.0174741739999999986	0.0678362259999999995
6227120000	-0.016380727099999999	0.0671752032000000054
6227170000	-0.0147767442000000006	0.0683171209000000001
6227220000	-0.0138124654999999992	0.0655954373999999979
6227270000	-0.0115698328000000007	0.0657531714999999989
6227320000	-0.0140665392000000004	0.0667135360999999982
6227370000	-0.0116646830000000003	0.0713857774000000028
6227420000	-0.0115984211000000007	0.0682970351999999947
6227470000	-0.0105772754000000007	0.0663132230000000045
6227520000	-0.00915070349999999935	0.065996940300000001
6227570000	-0.0113325443000000005	0.0651041130999999995
6227620000	-0.0101008576000000006	0.0695489173999999932
6227670000	-0.00619829729999999985	0.0642227794999999935
6227720000	-0.00342991300000000015	0.0685917991999999976
6227770000	-0.0036138575	0.0670804765999999941
6227820000	-0.00334854959999999991	0.0637917342000000054
6227870000	-0.00662547720000000034	0.0706412886999999989
6227920000	-0.0039747163000000002	0.0697080516999999955
6227970000	-0.00496042800000000023	0.0701993147999999956
6228020000	0.000399227900000000027	0.0687952012999999973
6228070000	0.00175185860000000001	0.0681933170999999977
6228120000	0.00064382030000000002	0.0655030248000000037
6228170000	-0.00170627160000000008	0.0704385356000000046
6228220000	0.00423633300000000011	0.0675855786999999958
6228270000	-0.000125532400000000004	0.0705265550999999991
6228320000	-0.000541952600000000046	0.0704187403000000045
6228370000	0.00352440499999999999	0.0673055406999999994
6228420000	0.0074860765000000001	0.0694553873000000044
6228470000	0.00717492559999999974	0.0698959752999999961
6228520000	0.00921752770000000034	0.0697113689999999953
6228570000	0.00966610679999999924	0.0694829113000000054
6228620000	0.0053412535000000004	0.0709574059000000062
6228670000	0.0082427669999999998	0.0714956318999999951
6228720000	0.0100749041000000004	0.0663869299000000024
6228770000	0.0118421741000000001	0.0679173383000000047
6228820000	0.0152848735000000006	0.0654051856999999931
6228870000	0.0147809160999999994	0.0707678761000000017
6228920000	0.0163424447	0.064889863000000006
6228970000	0.0152756348	0.0672829533999999979
6229020000	0.0152263958000000005	0.0697831443000000023
6229070000	0.0157943491999999984	0.0674810041999999999
6229120000	0.0187947065999999989	0.0686026973000000012
6229170000	0.0218719232999999985	0.0682133079000000059
6229220000	0.0189068395999999993	0.0621369773
6229270000	0.0203700331000000005	0.0670149802999999988
6229320000	0.0233692703000000016	0.0659278694999999998
6229370000	0.0187899126	0.0621997187999999979
6229420000	0.0251841748999999983	0.0634150638000000044
6229470000	0.0251537575999999999	0.0651465314999999934
6229520000	0.0244414960000000001	0.0643586901000000045
6229570000	0.026510146200000001	0.066733832899999998
6229620000	0.0289010809999999986	0.0648697473000000024
6229670000	0.0317032842000000009	0.0634043459000000059
6229720000	0.0269568594000000016	0.0660347943999999992
6229770000	0.0287704028999999986	0.0597857597999999976
6229820000	0.0306867190000000012	0.0597336785999999995
6229870000	0.0304159571999999996	0.0641700280999999984
6229920000	0.0359797256999999995	0.0630892603000000052
6229970000	0.0302624561999999993	0.0608023571999999971
6230020000	0.0312640317000000001	0.0617511295000000016
6230070000	0.0365542900999999976	0.0634939984999999957
6230120000	0.0378379361999999983	0.0611675435999999989
6230170000	0.0361333299999999982	0.0577252179000000004
6230220000	0.0374110632999999984	0.0649279299999999948
6230270000	0.0376138110999999983	0.0619503184000000026
6230320000	0.0372655284999999989	0.0628690506000000038
6230370000	0.0349895711999999998	0.0602369129000000017
6230420000	0.0392495013999999975	0.0584585619999999986
6230470000	0.0403761623999999986	0.0585825977999999969
6230520000	0.0381870887000000034	0.055976926199999999
6230570000	0.0429374787999999979	0.0566235574999999977
6230620000	0.0394994135999999982	0.0536922446000000012
6230670000	0.0467753880000000011	0.0526966788000000005
6230720000	0.0436526526000000012	0.0534497411999999977
6230770000	0.0443600973999999995	0.0565665673000000022
6230820000	0.0475892762000000025	0.0530210574000000018
6230870000	0.0446120703000000007	0.0542202696000000026
6230920000	0.0475581254999999994	0.0511009047999999994
6230970000	0.0485898415000000014	0.0524523294999999987
6231020000	0.0496851209999999988	0.0530857290999999995
6231070000	0.0463580036999999973	0.0501904281999999979
6231120000	0.0525685572999999989	0.0511675169000000013
6231170000	0.0524366575999999987	0.0446915617000000001
6231220000	0.0486929118999999966	0.0478687678000000033
6231270000	0.053654417599999997	0.048410693400000003
6231320000	0.055158844999999998	0.0462996611000000002
6231370000	0.0543516023999999973	0.0428007627000000015
6231420000	0.0556655515000000004	0.0463396333000000021
6231470000	0.0518366964	0.0450017711999999986
6231520000	0.0532091567000000029	0.0466182452999999997
6231570000	0.0570750860999999984	0.0434521375000000015
6231620000	0.0541528833000000029	0.0428745477000000014
6231670000	0.0553089036000000006	0.0431017200999999975
6231720000	0.0558543531999999981	0.0404857900000000007
6231770000	0.0592306707000000016	0.0429591344000000014
6231820000	0.0600610093999999969	0.0391754822000000003
6231870000	0.0595763023000000017	0.0384940002999999975
6231920000	0.0598775018000000034	0.0387225232999999988
6231970000	0.0586148395000000016	0.0358962297999999985
6232020000	0.058231058799999999	0.0377944912000000022
6232070000	0.0577365687999999988	0.0386053894999999966
6232120000	0.0622650157000000024	0.0342760888
6232170000	0.060376753800000002	0.0345241062000000015
6232220000	0.0649512025999999937	0.0384361434999999987
6232270000	0.0639698625000000021	0.0329554947999999986
6232320000	0.0585207952999999975	0.0331726994999999997
6232370000	0.0637501634999999983	0.0359986366000000016
6232420000	0.0654443049999999943	0.0310977139999999985
6232470000	0.0665361316000000064	0.0319091958999999994
6232520000	0.0667100250000000061	0.0283210171999999996
6232570000	0.0636726375999999983	0.031349082200000003
6232620000	0.0667146118999999982	0.0255764812000000008
6232670000	0.0683836300999999952	0.0249061655000000007
6232720000	0.0640942357999999962	0.0278599798000000003
6232770000	0.0659748946999999947	0.0253275830999999986
6232820000	0.0646272724999999992	0.0244720470000000002
6232870000	0.0671705962999999961	0.0218579428999999999
6232920000	0.0668521096999999953	0.0189573295999999995
6232970000	0.0699608626000000067	0.0178544630999999988
6233020000	0.0696277477000000061	0.0207587322000000012
6233070000	0.0715600700999999978	0.0202398706000000012
6233120000	0.0685187493999999953	0.0139882748000000005
6233170000	0.0693570287999999979	0.0142562160000000004
6233220000	0.067266917999999995	0.013868455
6233270000	0.0732304354000000018	0.0153992151000000004
6233320000	0.0722389291000000017	0.0124329421000000002
6233370000	0.0731161639999999974	0.0126838009000000002
6233420000	0.0739627657000000022	0.00923891559999999966
6233470000	0.0701120878999999947	0.0129490869999999998
6233520000	0.0713061489999999992	0.0105357243999999999
6233570000	0.0702109233000000055	0.0075685033000000004
6233620000	0.0712452172999999966	0.0070589088000000003
6233670000	0.0728140699999999946	0.00839477379999999974
6233720000	0.0722296515000000056	0.0065117841999999997
6233770000	0.0709487605999999937	0.000908846200000000006
6233820000	0.0697654885999999946	0.00464058500000000002
6233870000	0.0737193668000000052	0.00496016120000000033
6233920000	0.0759072238000000066	0.00616909350000000023
6233970000	0.0715202867000000048	0.00419846399999999984
6234020000	0.0717584596999999991	0.00288980589999999994
6234070000	0.0717689745999999934	-0.0025803969999999999
6234120000	0.0723237832999999997	-0.0051105463999999998
6234170000	0.0759890814999999997	-0.00542273030000000027
6234220000	0.0733419996999999935	-0.00587828669999999973
6234270000	0.0758006388000000003	-0.00550144589999999965
6234320000	0.0724037191999999941	-0.00972489139999999953
6234370000	0.0733062758000000009	-0.00958613550000000057
6234420000	0.0749921038999999956	-0.0125730191000000008
6234470000	0.0724924249999999992	-0.0126632537999999996
6234520000	0.0739728038999999948	-0.0130368567000000001
6234570000	0.0744822470000000014	-0.0139669624999999992
6234620000	0.0760139098000000013	-0.0180485270000000017
6234670000	0.0692353923000000038	-0.0183218836999999996
6234720000	0.0727499833999999956	-0.0199872193999999989
6234770000	0.0671832240999999941	-0.0251722500000000002
6234820000	0.0703593421999999941	-0.0228492632999999987
6234870000	0.0728788576999999937	-0.0267778600000000006
6234920000	0.0686543678000000046	-0.0279409764000000012
6234970000	0.0686699491000000023	-0.0289671558000000016
6235020000	0.0678315188000000041	-0.0285097527999999996
6235070000	0.0645951688000000052	-0.0317200646000000003
6235120000	0.065876625499999994	-0.0354060392999999973
6235170000	0.0653020292000000002	-0.0335033695999999992
6235220000	0.0615735718999999987	-0.0408723164999999986
6235270000	0.0586203321999999999	-0.0391590137000000019
6235320000	0.0548252579000000004	-0.0460650130000000019
6235370000	0.0503895181999999969	-0.0487820096999999966
6235420000	0.0433979664000000015	-0.0490943416000000007
6235470000	0.0460898934999999996	-0.0486474302000000011
6235520000	0.0357185013999999981	-0.0505963299000000005
6235570000	0.0294317447999999995	-0.0459868764000000013
6235620000	0.0211398281000000007	-0.0451730222000000028
6235670000	0.0183149395999999999	-0.0391280301000000025
6235720000	0.0113663215000000001	-0.0277152287999999983
6235770000	0.0116757366999999997	-0.0194540258000000001
6235820000	0.0166017778999999997	-0.0083461904999999996
6235870000	0.0206959438000000016	-0.00296728120000000007
6235920000	0.0249575234000000007	0.00168910400000000008
6235970000	0.0334999814999999979	0.00176606240000000002
6236020000	0.0338494531999999973	0.00129917810000000004
6236070000	0.0429723820000000034	-0.000883242499999999965
6236120000	0.0435036795999999976	-2.87386999999999998e-05
6236170000	0.0518699337000000024	0.0024340045000000002
6236220000	0.0540318243000000031	-0.00537793039999999965
6236270000	0.0544644090999999997	-0.00817791110000000085
6236320000	0.0569480108999999984	-0.0102045296999999993
6236370000	0.0551438848000000009	-0.0116543571999999998
6236420000	0.0573119924999999988	-0.0120587856
6236470000	0.0594153685000000029	-0.0141521119000000001
6236520000	0.0549139727000000008	-0.0167791792000000009
6236570000	0.0574181108999999995	-0.0181891962000000004
6236620000	0.058242480499999999	-0.0177664686999999995
6236670000	0.062094638399999999	-0.0232425726000000006
6236720000	0.0614636323000000012	-0.0261647191000000008
6236770000	0.0608757142000000001	-0.0246839485999999983
6236820000	0.0576284728999999982	-0.026599488000000001
6236870000	0.0611493025000000023	-0.0287316734000000011
6236920000	0.0573150015999999984	-0.027583205999999999
6236970000	0.0565274148000000018	-0.0319877885999999972
6237020000	0.0616943100999999966	-0.0324476501000000028
6237070000	0.0587835660000000024	-0.0336245046000000006
6237120000	0.0569194963999999984	-0.0355409326999999997
6237170000	0.0596371891000000015	-0.0358359618999999976
6237220000	0.0599606828999999994	-0.0339233346000000005
6237270000	0.0568190319999999985	-0.0396958400000000031
6237320000	0.0554379701999999988	-0.0385218641999999986
6237370000	0.0554762182000000034	-0.0381790962999999997
6237420000	0.0544562144000000012	-0.040780677199999997
6237470000	0.0564218355999999976	-0.0398149017999999966
6237520000	0.0571568885000000027	-0.0421240724999999983
6237570000	0.0520793368000000007	-0.0421105380000000029
6237620000	0.0515644036000000028	-0.0427944701000000025
6237670000	0.0548476156999999978	-0.0467086655999999975
6237720000	0.054886442700000003	-0.0430425068999999993
6237770000	0.0525164082000000032	-0.0488165719000000012
6237820000	0.0526840605999999989	-0.0444048559999999995
6237870000	0.051792564800000003	-0.0441650140000000024
6237920000	0.0485343504000000023	-0.0506824748000000019
6237970000	0.0486649044000000003	-0.0524413234000000034
6238020000	0.048337110400000001	-0.0509354769999999998
6238070000	0.0467326781000000011	-0.0492494227999999978
6238120000	0.0492400611999999974	-0.0495641637999999982
6238170000	0.0463066701000000025	-0.0483930835999999975
6238220000	0.0474210888999999983	-0.0510764998000000012
6238270000	0.042964902499999999	-0.0530695195999999966
6238320000	0.0422829934999999976	-0.0565478643000000003
6238370000	0.0454309752000000011	-0.0586460432999999989
6238420000	0.0459600043999999971	-0.053746613700000001
6238470000	0.0439650534999999967	-0.0591387591000000004
6238520000	0.0434368288000000005	-0.0578760971999999971
6238570000	0.0394286708000000027	-0.0541393640000000023
6238620000	0.0426032621999999986	-0.0581730245999999979
6238670000	0.0351353754000000018	-0.0603310260999999973
6238720000	0.0412966515999999978	-0.059862794300000001
6238770000	0.0357346289000000025	-0.0601755583000000011
6238820000	0.0343640745000000011	-0.0652868773999999985
6238870000	0.0354128817000000026	-0.0610410216000000019
6238920000	0.0387043822999999995	-0.0580656453000000031
6238970000	0.0363131973999999969	-0.0630807317000000034
6239020000	0.0389971246000000021	-0.0622280927000000011
6239070000	0.0345422655000000023	-0.0635887170999999973
6239120000	0.0307897560000000015	-0.0656561610999999989
6239170000	0.0296156404999999984	-0.0646092303999999951
6239220000	0.0327414491000000002	-0.066740825099999998
6239270000	0.0268817629000000016	-0.0685026266999999994
6239320000	0.0294350194000000016	-0.0635829004000000031
6239370000	0.0261301469000000015	-0.0652862193000000035
6239420000	0.0254164997000000011	-0.0707287434999999964
6239470000	0.0233342797999999997	-0.0692498064999999968
6239520000	0.0226633476000000014	-0.0653311827999999983
6239570000	0.023362810500000001	-0.0658792764000000058
6239620000	0.0225327516000000012	-0.0671014988000000062
6239670000	0.0241684108000000016	-0.0694908842999999998
6239720000	0.0215852165000000006	-0.072159321999999998
6239770000	0.0181493001999999994	-0.0722934618999999945
6239820000	0.0209941153000000012	-0.0697792940000000056
6239870000	0.0171756430000000009	-0.0669934855000000051
6239920000	0.0158955030999999997	-0.0691676655999999973
6239970000	0.0154352229000000001	-0.0732486913999999961
6240020000	0.0127056374000000007	-0.0729052525999999979
6240070000	0.0155317813000000002	-0.072911520699999996
6240120000	0.0117928718999999998	-0.0692453274999999951
6240170000	0.0129429513999999996	-0.0715074690999999985
6240220000	0.0119054806000000006	-0.0727061940000000018
6240270000	0.00862418879999999992	-0.0742638411999999998
6240320000	0.00913164529999999953	-0.070438939300000003
6240370000	0.0102816664000000002	-0.0710576732999999988
6240420000	0.00714441059999999968	-0.0711513467000000066
6240470000	0.00430526730000000031	-0.0725289278000000037
6240520000	0.00584238689999999963	-0.0756665358000000038
6240570000	0.0033847720999999999	-0.0737968762
6240620000	0.0032073853000000002	-0.0725213999999999998
6240670000	0.00690954209999999989	-0.0739896434999999936
6240720000	0.000766520799999999974	-0.0748567918999999971
6240770000	0.00176933220000000005	-0.0733319738000000054
6240820000	-0.000754947500000000015	-0.075456774500000004
6240870000	-0.00154893499999999998	-0.0762258543000000066
6240920000	-0.00310586580000000003	-0.0731992659999999989
6240970000	-0.00229844569999999989	-0.0754625309999999994
6241020000	-0.00255307699999999995	-0.0737528729999999966
6241070000	-0.00617650739999999962	-0.0738431895999999977
6241120000	-0.0054174716000000003	-0.0754481228000000032
6241170000	-0.00953821839999999949	-0.0794976567000000023
6241220000	-0.00427828510000000019	-0.0728500593000000057
6241270000	-0.0117860518000000008	-0.0757232781999999938
6241320000	-0.0107499229999999998	-0.0739922100999999971
6241370000	-0.0126111061999999996	-0.0726737935000000002
6241420000	-0.0110345180000000001	-0.072211947999999998
6241470000	-0.0146355996999999998	-0.0711739546000000056
6241520000	-0.0146193474999999993	-0.072237140800000002
6241570000	-0.0145292713000000004	-0.0725505466999999959
6241620000	-0.0116538134000000008	-0.0687892868999999962
6241670000	-0.0163481831000000001	-0.0747931500000000027
6241720000	-0.0174773306000000003	-0.0744524383000000067
6241770000	-0.0188771343999999987	-0.0767518086999999932
6241820000	-0.0183318943999999998	-0.0708387671000000052
6241870000	-0.0193759543000000013	-0.069948074299999996
6241920000	-0.0218832004000000004	-0.0748096609999999995
6241970000	-0.0216213682000000011	-0.0717360172000000018
6242020000	-0.0232884039999999987	-0.0701574645999999968
6242070000	-0.0280629421999999996	-0.0747041776000000046
6242120000	-0.0280332338999999993	-0.0709364056999999965
6242170000	-0.0253742394999999996	-0.0737761303000000063
6242220000	-0.0277934804999999986	-0.0702345686000000052
6242270000	-0.0272622466000000015	-0.0684838987000000038
6242320000	-0.0272166637999999989	-0.0696964865999999961
6242370000	-0.0279396347000000003	-0.071085138000000006
6242420000	-0.0305140433000000016	-0.068035470400000006
6242470000	-0.0294132562000000014	-0.0686283844000000059
6242520000	-0.034468464499999997	-0.0685748216000000022
6242570000	-0.0345052091999999977	-0.0676567587999999942
6242620000	-0.0345958701000000021	-0.068343324600000005
6242670000	-0.0356973043000000032	-0.0660727177000000054
6242720000	-0.0343606717999999992	-0.0676057204999999939
6242770000	-0.0403779235000000028	-0.0631991140999999951
6242820000	-0.0372964894000000005	-0.0664140342999999939
6242870000	-0.037606993200000001	-0.0659936494000000068
6242920000	-0.0385708291000000023	-0.0634807376999999978
6242970000	-0.0381538742	-0.0665861576999999955
6243020000	-0.0425356555999999997	-0.0579447075999999991
6243070000	-0.0418172599000000006	-0.0650664382000000069
6243120000	-0.0428319055999999976	-0.0622514618999999991
6243170000	-0.0395495237999999999	-0.0619052100000000022
6243220000	-0.0451325361000000022	-0.0609309087000000013
6243270000	-0.0494794518999999988	-0.0621349402000000023
6243320000	-0.0433930984000000033	-0.0637342713000000061
6243370000	-0.0469489977000000017	-0.0587388424999999992
6243420000	-0.0491663993999999979	-0.0580366961000000001
6243470000	-0.0489133308000000017	-0.0622940453999999977
6243520000	-0.0471001490000000009	-0.0582142225999999971
6243570000	-0.0504988794000000019	-0.0581580287000000029
6243620000	-0.0508470722999999972	-0.0546343261999999996
6243670000	-0.0513578197000000014	-0.0538978440000000003
6243720000	-0.0517504855999999999	-0.056950432199999998
6243770000	-0.0551286065000000033	-0.0537221947000000033
6243820000	-0.0532286007999999977	-0.0553989131000000024
6243870000	-0.0544931071000000003	-0.0520229997000000027
6243920000	-0.057860782999999999	-0.0542750296999999979
6243970000	-0.0585868112999999996	-0.0538364628999999997
6244020000	-0.0562016113000000025	-0.0569913988000000024
6244070000	-0.0555098951999999993	-0.0495854327000000011
6244120000	-0.0581723825000000014	-0.0487202534000000034
6244170000	-0.0555148556999999973	-0.0506073901000000034
6244220000	-0.0607196690999999983	-0.0475681131999999979
6244270000	-0.0603944370000000022	-0.0463788120999999998
6244320000	-0.0566114711999999992	-0.0465579365000000009
6244370000	-0.0597090447999999996	-0.0427190721999999995
6244420000	-0.0625879909000000012	-0.0460285573000000017
6244470000	-0.0653298628999999936	-0.0459267996999999997
6244520000	-0.0660591102000000069	-0.0498616076000000033
6244570000	-0.0673215946000000065	-0.0391854400000000019
6244620000	-0.0661781038999999932	-0.0387853603000000019
6244670000	-0.0634643733000000015	-0.0412050817
6244720000	-0.0638366976000000058	-0.040831801899999999
6244770000	-0.0661586802000000002	-0.042503117
6244820000	-0.0662974516000000014	-0.036084233200000003
6244870000	-0.0690229760999999942	-0.0378434444000000023
6244920000	-0.0657702329999999974	-0.032685827100000002
6244970000	-0.0672967735000000039	-0.0367955172000000025
6245020000	-0.0654839898000000031	-0.0351862537999999975
6245070000	-0.0693885471000000031	-0.0318995180000000017
6245120000	-0.0670389681999999931	-0.0328967189999999979
6245170000	-0.0706730750000000019	-0.0347621061999999967
6245220000	-0.0667541501000000065	-0.0315914132000000014
6245270000	-0.0698127444000000014	-0.0286231724999999985
6245320000	-0.0706331555000000028	-0.0312925091999999988
6245370000	-0.0738888845000000016	-0.0266670593000000004
6245420000	-0.0690776463000000035	-0.0289465003000000005
6245470000	-0.0721896362000000041	-0.0321386502000000004
6245520000	-0.0698464030999999957	-0.0245073025000000014
6245570000	-0.0719465373000000019	-0.0253731246999999993
6245620000	-0.0761308219000000064	-0.0258111352999999995
6245670000	-0.0749637241999999981	-0.0226557083000000006
6245720000	-0.076370739300000004	-0.0187072863999999985
6245770000	-0.0747991701000000064	-0.0229720906000000016
6245820000	-0.0732131632999999948	-0.0197841201000000001
6245870000	-0.076425388900000002	-0.019801225799999999
6245920000	-0.0763007111000000016	-0.019152605100000001
6245970000	-0.0758093516999999995	-0.0183741130000000009
6246020000	-0.0779071132999999971	-0.0152707898000000002
6246070000	-0.0772178225999999995	-0.017961646500000001
6246120000	-0.0748855546000000011	-0.0168447374000000004
6246170000	-0.0768164508000000051	-0.0147576546999999992
6246220000	-0.0788067451000000058	-0.0111050851999999999
6246270000	-0.0767446891999999936	-0.0134206741000000001
6246320000	-0.0774395553000000042	-0.00795311850000000008
6246370000	-0.0755749976999999934	-0.00874997419999999984
6246420000	-0.0809821203999999961	-0.00881027359999999975
6246470000	-0.0773629041000000045	-0.00553753779999999977
6246520000	-0.077366862699999997	-0.00739213859999999969
6246570000	-0.076343246399999995	-0.00454029420000000034
6246620000	-0.077724967300000003	-0.00793211320000000025
6246670000	-0.0730554389999999998	-0.0074091599000000001
6246720000	-0.0783274065000000019	-0.00254145580000000003
6246770000	-0.0801889402999999973	-0.000820162099999999965
6246820000	-0.0755119538999999979	-0.000174487200000000012
6246870000	-0.0799053279999999977	0.000657292200000000036
6246920000	-0.0784836968000000024	0.00425030780000000032
6246970000	-0.0807069220000000004	-0.0024063178000000001
6247020000	-0.0763347003999999968	-0.000620747200000000012
6247070000	-0.0795974982000000053	0.00635905940000000038
6247120000	-0.0748903119000000062	0.00313733269999999986
6247170000	-0.0809722736999999998	0.0060948160999999999
6247220000	-0.0769582429000000012	0.0059600062000000004
6247270000	-0.0811536395999999938	0.00935167049999999916
6247320000	-0.0771336351000000003	0.0106648044999999997
6247370000	-0.0806102025000000055	0.00559380799999999959
6247420000	-0.0785124078000000031	0.0130475027999999993
6247470000	-0.0739701477000000024	0.0149684607000000001
6247520000	-0.0805602254000000045	0.0132878797999999992
6247570000	-0.0770949749999999961	0.0147995144999999995
6247620000	-0.0771829933000000024	0.0147834526000000001
6247670000	-0.0771084063000000014	0.0166119856000000003
6247720000	-0.0773600073000000055	0.0186317109999999987
6247770000	-0.0733627592999999967	0.0167297801999999989
6247820000	-0.0720897709999999969	0.0194090162000000004
6247870000	-0.0756185364000000054	0.0203231590000000004
6247920000	-0.076055002699999999	0.0213804123999999998
6247970000	-0.0738076938000000043	0.0226343370000000009
6248020000	-0.0781512837999999987	0.0223138961999999989
6248070000	-0.0772854798999999953	0.0235195504999999999
6248120000	-0.0768835736000000047	0.0261476291
6248170000	-0.0763516335999999962	0.0256930564000000007
6248220000	-0.0758065582999999932	0.0299998502000000007
6248270000	-0.0754515208000000048	0.029728005200000001
6248320000	-0.0752410327999999962	0.0312462189000000008
6248370000	-0.0757037472000000045	0.0280935489999999989
6248420000	-0.071986412700000002	0.0304561637000000003
6248470000	-0.072128634600000005	0.0345923550999999996
6248520000	-0.0745903514000000045	0.0347814965000000018
6248570000	-0.0665534156999999932	0.0381000924000000005
6248620000	-0.0715359361999999971	0.0358436604999999991
6248670000	-0.0673635441000000057	0.0348789129000000031
6248720000	-0.067914669900000002	0.0394248067999999965
6248770000	-0.070202781899999997	0.0380034008000000034
6248820000	-0.0704288470000000028	0.0400127047999999999
6248870000	-0.0690831897000000056	0.0426114169999999987
6248920000	-0.0663203846000000041	0.0385098353000000032
6248970000	-0.0674282650999999955	0.0437992825000000016
6249020000	-0.0681754750999999937	0.0420428631000000011
6249070000	-0.0684381735000000047	0.0410906139999999975
6249120000	-0.0677233693000000025	0.0453547633999999977
6249170000	-0.0697170807000000031	0.0458085951000000019
6249220000	-0.0649343230999999965	0.0465939530000000005
6249270000	-0.0634648807000000037	0.0470684642
6249320000	-0.0640553962999999976	0.0482973147999999977
6249370000	-0.0635223335999999944	0.0485626778999999967
6249420000	-0.0620494348999999987	0.0505983435999999981
6249470000	-0.0627600794000000017	0.0486423516000000014
6249520000	-0.0602507653000000018	0.0521622184000000017
6249570000	-0.0634230325000000039	0.053148804899999999
6249620000	-0.0607771973000000021	0.0518665644000000023
6249670000	-0.0581919705999999967	0.0541972571
6249720000	-0.0584448408000000016	0.0551034079999999996
6249770000	-0.0631086336999999997	0.0557172051000000002
6249820000	-0.0582668270000000002	0.0555987703000000028
6249870000	-0.0539629754000000017	0.0579378982999999986
6249920000	-0.0584151752999999968	0.0570469577999999991
6249970000	-0.0535799180999999985	0.058465139800000003
6250020000	-0.0561536217000000032	0.0586882161999999971
6250070000	-0.0505196320000000018	0.059688540800000002
6250120000	-0.0528892332000000034	0.0624002081
6250170000	-0.0537531289000000023	0.0601997765999999976
6250220000	-0.0507247201999999967	0.0632552490999999939
6250270000	-0.0507601391999999985	0.0606633749999999985
6250320000	-0.0506020405000000006	0.0637771384000000024
6250370000	-0.0500315829999999975	0.0632853679000000002
6250420000	-0.0485629484	0.0631548655999999986
6250470000	-0.0482809089999999969	0.0684506480999999972
6250520000	-0.0483378474000000016	0.0648455928000000043
6250570000	-0.0451354014999999983	0.0650355346999999945
6250620000	-0.0444227182000000026	0.0678789312000000061
6250670000	-0.0449106200999999997	0.0701101316999999946
6250720000	-0.042152267799999997	0.0687676826000000047
6250770000	-0.0412890330000000028	0.0660968071999999962
6250820000	-0.0389161485999999987	0.0708354593000000005
6250870000	-0.042537873599999998	0.0665922047999999989
6250920000	-0.0408458846	0.0688136418999999999
6250970000	-0.0379311729999999986	0.0726012533000000015
6251020000	-0.0368486910999999973	0.0697597296000000006
6251070000	-0.0386638265999999994	0.0747029411000000032
6251120000	-0.0368971844999999993	0.0730732620999999943
6251170000	-0.033597013000000002	0.074347522499999999
6251220000	-0.0332806968000000022	0.074045820499999998
6251270000	-0.0349012780000000009	0.0751178581999999984
6251320000	-0.0343005481000000015	0.0737741192999999962
6251370000	-0.0291242305000000007	0.0739003666999999975
6251420000	-0.0289916869000000008	0.0739081520000000047
6251470000	-0.0301735191000000007	0.0743710788000000039
6251520000	-0.0262374639000000007	0.0750232752999999974
6251570000	-0.0297470526000000006	0.0755378136999999977
6251620000	-0.0248068422999999996	0.0765441087999999964
6251670000	-0.0256274020999999984	0.074996144400000006
6251720000	-0.0248717500999999994	0.0763427696999999933
6251770000	-0.0262314277999999984	0.0782274215999999994
6251820000	-0.0184065446000000014	0.0780953422000000008
6251870000	-0.0185627426999999991	0.0798378916000000022
6251920000	-0.0215657237999999987	0.0814742997000000024
6251970000	-0.0178631263999999984	0.0808894923000000043
6252020000	-0.0186060964000000009	0.0807714912000000035
6252070000	-0.0188516084999999986	0.0823735584999999992
6252120000	-0.0186024096000000014	0.0789125018000000067
6252170000	-0.0166681737000000003	0.080388601000000004
6252220000	-0.0139713119999999996	0.0787873686000000045
6252270000	-0.0146255182999999993	0.0804799860999999978
6252320000	-0.0124075003000000007	0.0822378993000000003
6252370000	-0.0110091384	0.0809590877000000014
6252420000	-0.00816294969999999988	0.0820888069000000054
6252470000	-0.00908012350000000044	0.0797968569000000044
6252520000	-0.00862718460000000062	0.0798656343999999963
6252570000	-0.00506548120000000022	0.0807366456000000038
6252620000	-0.00722343180000000005	0.0808181448999999996
6252670000	-0.00221985240000000016	0.0841467464999999942
6252720000	-0.00451060690000000021	0.0810464300000000026
6252770000	-0.00664822609999999974	0.0826433968000000047
6252820000	-0.00406253540000000007	0.0802786137999999955
6252870000	-0.00103247879999999992	0.0840314815999999992
6252920000	0.0025495196999999999	0.0826725977999999972
6252970000	0.00413942660000000007	0.0817682958999999959
6253020000	0.00281554689999999981	0.0819575163000000051
6253070000	0.00573112399999999977	0.0798969565999999992
6253120000	0.00481835739999999981	0.0812914391000000014
6253170000	0.00342487209999999985	0.0824927279000000069
6253220000	0.00696490140000000004	0.0811396182999999938
6253270000	0.0107406033999999997	0.0808894361000000034
6253320000	0.00813728090000000008	0.0796241449999999934
6253370000	0.0123668787999999998	0.0833866233999999984
6253420000	0.0113845184999999995	0.0779256428999999945
6253470000	0.0106606778000000006	0.0805854684999999932
6253520000	0.0139394416999999993	0.0836458578999999952
6253570000	0.0135551826	0.0807591547999999965
6253620000	0.0155316620999999995	0.079221758500000003
6253670000	0.0174603047999999997	0.0801235861999999993
6253720000	0.0207003078999999993	0.0820628028000000009
6253770000	0.0215152457999999991	0.0791418116000000005
6253820000	0.0190496234	0.0768384092999999935
6253870000	0.0153600812999999999	0.0826725314999999933
6253920000	0.0204386335000000009	0.0759170445999999971
6253970000	0.0256312396000000012	0.082843337000000003
6254020000	0.0218968426000000008	0.0800339557000000063
6254070000	0.0255562075000000007	0.0792449067000000062
6254120000	0.0268950020999999991	0.0748431343999999971
6254170000	0.0260660927000000014	0.0785574217999999991
6254220000	0.0280194840000000008	0.0742105789999999987
6254270000	0.0284784023999999983	0.0788952031000000054
6254320000	0.0322146175000000007	0.0768705970999999932
6254370000	0.0287456284000000006	0.0749085092000000008
6254420000	0.0285230835000000009	0.0739174363999999945
6254470000	0.033819934599999997	0.0746884834000000053
6254520000	0.0339438566000000025	0.0741494607999999972
6254570000	0.036279640299999999	0.0776740058999999955
6254620000	0.0373308752999999965	0.0730142867999999945
6254670000	0.0408481942000000001	0.0696774056000000058
6254720000	0.0404166214999999995	0.0719604996999999996
6254770000	0.0399610634000000034	0.0731268905999999941
6254820000	0.0389925460999999973	0.0722457247999999941
6254870000	0.0422342046999999998	0.0703361739000000069
6254920000	0.0401905969000000002	0.0677074795999999951
6254970000	0.042860098499999999	0.0678933376000000061
6255020000	0.0419419352000000023	0.0689164077000000014
6255070000	0.0445959699999999987	0.071308638399999999
6255120000	0.0462178516999999997	0.0661549319000000052
6255170000	0.0478736210999999995	0.0703859294000000052
6255220000	0.0490602242000000022	0.0669529910000000034
6255270000	0.0499146502000000006	0.0667827066999999996
6255320000	0.0467244719000000017	0.0653370528000000034
6255370000	0.0506565409999999994	0.0680388734999999995
6255420000	0.0472307286000000007	0.0616674903000000024
6255470000	0.0540002837999999999	0.0605527475999999981
6255520000	0.0507145945000000015	0.0657449110000000031
6255570000	0.0526576757000000034	0.0616179353999999971
6255620000	0.0557723751000000004	0.0607564300000000002
6255670000	0.0544817849000000035	0.0633130437999999962
6255720000	0.0573762510000000031	0.0627287036999999992
6255770000	0.0560444318000000025	0.059526185199999998
6255820000	0.0552845452000000001	0.0623027490999999989
6255870000	0.0597833629999999991	0.0567647015000000005
6255920000	0.0561694365000000029	0.0566963854000000003
6255970000	0.0588363381999999976	0.056808655999999999
6256020000	0.0605065374999999989	0.0520173743999999966
6256070000	0.0653711263999999931	0.0563379868999999978
6256120000	0.0601982877999999999	0.0557681840999999998
6256170000	0.0627871026999999998	0.0532274426000000009
6256220000	0.0658611313000000004	0.0554324573000000015
6256270000	0.0635842164999999987	0.0540483693999999973
6256320000	0.0635224595000000031	0.0523357454000000014
6256370000	0.064065187400000001	0.0521894623999999974
6256420000	0.0633687203000000004	0.0477993186000000014
6256470000	0.068225545999999998	0.0495319284000000012
6256520000	0.0672284652000000038	0.0459523240999999971
6256570000	0.0697741201000000033	0.0475208971000000008
6256620000	0.0677062695999999936	0.0477407359999999989
6256670000	0.0691038150999999934	0.0483331944000000013
6256720000	0.0710773771000000054	0.0425037544000000031
6256770000	0.0738258276000000047	0.0417460575000000028
6256820000	0.0709475266000000049	0.0456836045000000024
6256870000	0.0681368856000000023	0.0430662881000000025
6256920000	0.0736498775000000022	0.039041540399999998
6256970000	0.0694589902999999953	0.0429939034999999997
6257020000	0.0738965498000000026	0.0405280573000000033
6257070000	0.0729322265999999969	0.0404674531000000018
6257120000	0.075034659700000006	0.0362824020999999997
6257170000	0.0779686039999999969	0.0367165532000000017
6257220000	0.0742019420000000068	0.0327496351000000005
6257270000	0.0753606898000000053	0.0343338965000000024
6257320000	0.079035577100000004	0.0354514925000000009
6257370000	0.0764293954000000025	0.0331469220999999967
6257420000	0.0762609020999999998	0.0268046472000000001
6257470000	0.0802043558999999961	0.0320151353999999985
6257520000	0.0791607678999999981	0.0270493059999999987
6257570000	0.0785330402000000011	0.0282940102000000006
6257620000	0.0783786218000000062	0.0268446237999999983
6257670000	0.0810257706999999994	0.0240042729000000017
6257720000	0.0809828382999999985	0.0251106484000000012
6257770000	0.0792729276999999954	0.0238270923000000016
6257820000	0.0836923762000000016	0.0245144342999999987
6257870000	0.0820706234999999951	0.0224737901999999996
6257920000	0.0836647462999999952	0.0214997409999999993
6257970000	0.0787685027000000065	0.0203258301000000009
6258020000	0.0786153066000000039	0.018852079800000001
6258070000	0.081820951599999997	0.0159295381999999992
6258120000	0.0821179417000000023	0.0164773336999999992
6258170000	0.0780073126999999977	0.0150945960999999997
6258220000	0.0793667858000000059	0.0145862686000000005
6258270000	0.082413426600000006	0.0116891211999999994
6258320000	0.084410057400000002	0.0112199559999999997
6258370000	0.0829578249000000045	0.0107940454000000005
6258420000	0.0828824628999999952	0.00863375400000000043
6258470000	0.0842925674000000041	0.0102525042999999996
6258520000	0.0833676233999999933	0.00945192509999999951
6258570000	0.0815624680999999935	0.00472939080000000026
6258620000	0.0826486258000000001	0.00448499209999999975
6258670000	0.0839863683000000028	0.00543279719999999969
6258720000	0.0869226468999999974	0.00533222619999999987
6258770000	0.0835125844000000062	0.00161713580000000007
6258820000	0.0859957749000000021	0.000434797299999999999
6258870000	0.0848200674999999987	0.00268884110000000001
6258920000	0.0846450383000000028	0.00194729509999999996
6258970000	0.085112103999999994	0.00240100999999999986
6259020000	0.0826873553000000011	-0.000505270799999999994
6259070000	0.0837948096000000059	-0.00402983360000000023
6259120000	0.0879750133000000017	-0.00370475510000000015
6259170000	0.0865564728000000061	-0.0073280350999999997
6259220000	0.0845634987000000032	-0.00670928129999999977
6259270000	0.0866587473999999996	-0.00910666180000000054
6259320000	0.0827748603000000027	-0.0100724100000000004
6259370000	0.084878567000000002	-0.00925190600000000071
6259420000	0.0817230547000000057	-0.0131710943
6259470000	0.0857658240000000044	-0.0118903946999999992
6259520000	0.0832023939000000046	-0.00868848300000000032
6259570000	0.0797313766000000007	-0.0135806778999999992
6259620000	0.0841131271000000041	-0.0162581704999999986
6259670000	0.0817617300000000047	-0.0178481763999999987
6259720000	0.0848542503000000031	-0.0183596151000000006
6259770000	0.0817047132999999953	-0.0172239419000000012
6259820000	0.0811887270999999966	-0.0244275561000000009
6259870000	0.0786352178999999984	-0.021899652700000001
6259920000	0.0799522128999999998	-0.0220970049000000016
6259970000	0.0810421659999999988	-0.0239722201000000003
6260020000	0.0827723132999999972	-0.0243181106000000015
6260070000	0.0808117146000000008	-0.0247141464999999991
6260120000	0.0808465579999999989	-0.0283936631999999987
6260170000	0.0801710583999999948	-0.0277434889999999997
6260220000	0.0778359332999999931	-0.0321098340999999982
6260270000	0.0770562278000000017	-0.0303375139000000016
6260320000	0.0799263637000000027	-0.0321585155999999997
6260370000	0.0766559244000000056	-0.0326611923000000026
6260420000	0.0724615633000000037	-0.0321993905000000011
6260470000	0.0814242735999999995	-0.0374079966
6260520000	0.0761094880999999973	-0.0347521468000000014
6260570000	0.0730371982999999947	-0.0356191331999999999
6260620000	0.0760865062999999953	-0.0348809481000000032
6260670000	0.0758293322999999964	-0.0362904164999999987
6260720000	0.0755485152999999937	-0.0403803114000000005
6260770000	0.0713341465999999952	-0.0380604604999999971
6260820000	0.0736125720000000011	-0.0397339420000000013
6260870000	0.0761106024000000048	-0.0402888590000000033
6260920000	0.0736957210000000057	-0.0409289821999999984
