# freq, I e Q
6210920000	0.125955386100000011	0.33174208329999999
6210970000	0.129652106500000003	0.330287120599999984
6211020000	0.1342154126	0.327219174800000012
6211070000	0.138768026200000005	0.327733483900000011
6211120000	0.143576299299999988	0.323773983499999973
6211170000	0.146667429099999996	0.322023058299999998
6211220000	0.15109049799999999	0.321464161400000004
6211270000	0.154123484499999991	0.318896415300000013
6211320000	0.159161332600000011	0.317300939299999973
6211370000	0.163623052800000002	0.317344951900000005
6211420000	0.166652170699999991	0.313885776200000022
6211470000	0.170397157900000012	0.311667078400000019
6211520000	0.173762719799999993	0.308834329500000004
6211570000	0.177018640300000002	0.306956349299999987
6211620000	0.181750863099999993	0.305314892399999982
6211670000	0.186004112100000008	0.302521655499999986
6211720000	0.189545421500000005	0.3002296827
6211770000	0.193991744399999999	0.297582635500000026
6211820000	0.195955268200000005	0.295330397700000025
6211870000	0.20049959240000001	0.293378809500000004
6211920000	0.2037217204	0.291261891900000014
6211970000	0.207565014699999995	0.287905676399999977
6212020000	0.210159080299999995	0.285681935599999992
6212070000	0.215319872299999993	0.283015370900000007
6212120000	0.219129775400000004	0.279949659100000026
6212170000	0.221166742599999994	0.277593083000000018
6212220000	0.225469998199999994	0.274926462199999999
6212270000	0.229442152099999991	0.272082951199999978
6212320000	0.232233515700000004	0.268895243999999978
6212370000	0.234404984000000011	0.26699907439999998
6212420000	0.239179224899999987	0.262616473700000019
6212470000	0.242217498100000012	0.259076194199999998
6212520000	0.245791123599999994	0.257437546399999995
6212570000	0.24777193010000001	0.253035153999999984
6212620000	0.252035448200000012	0.251316223200000022
6212670000	0.254917745400000006	0.247881712799999987
6212720000	0.258248884199999973	0.244128677699999991
6212770000	0.261392976100000007	0.241003694099999999
6212820000	0.263826116200000016	0.238375905400000004
6212870000	0.266873774000000008	0.235939193999999991
6212920000	0.270597812100000001	0.231752473399999992
6212970000	0.272668873899999997	0.228039526200000009
6213020000	0.275066592800000009	0.225984711000000005
6213070000	0.27853391420000001	0.221276803800000005
6213120000	0.280678157099999992	0.218100151999999992
6213170000	0.282933281300000006	0.214293472699999987
6213220000	0.285765432099999994	0.210776414999999995
6213270000	0.288128156899999988	0.208167600499999994
6213320000	0.291267572799999985	0.2034005069
6213370000	0.29421290659999999	0.20086032479999999
6213420000	0.296500209700000017	0.19722750289999999
6213470000	0.299885720299999992	0.193009927599999992
6213520000	0.300732274399999999	0.190046875899999995
6213570000	0.303965753599999999	0.185509394299999991
6213620000	0.306332691200000007	0.182071213199999998
6213670000	0.308010472500000021	0.1786495481
6213720000	0.310890909599999987	0.174247474099999994
6213770000	0.312089903599999996	0.172179943899999993
6213820000	0.315839963300000026	0.166016468499999986
6213870000	0.316617925299999992	0.164180823000000004
6213920000	0.31876377119999999	0.159174551599999992
6213970000	0.320230581100000022	0.154234237200000013
6214020000	0.322306339800000008	0.150621952799999986
6214070000	0.324931334700000019	0.146659311099999995
6214120000	0.326200378700000015	0.142095129099999995
6214170000	0.326350057299999996	0.139328909800000011
6214220000	0.329620853499999977	0.134651498000000008
6214270000	0.330541582499999986	0.131008980400000002
6214320000	0.332766021899999986	0.126493167999999989
6214370000	0.334692392299999975	0.122456411099999996
6214420000	0.336807141600000026	0.117978579700000002
6214470000	0.338512154499999995	0.1141961794
6214520000	0.340632111999999987	0.110970081100000006
6214570000	0.339813611199999976	0.106008039799999995
6214620000	0.34124758890000001	0.102527644799999998
6214670000	0.343191309	0.0969794162999999959
6214720000	0.344181693700000013	0.0933757719999999958
6214770000	0.345043900100000023	0.0889424023000000008
6214820000	0.346877074399999985	0.0852259023999999976
6214870000	0.348664236100000025	0.0794765508000000037
6214920000	0.348817088900000016	0.0765970319000000011
6214970000	0.34993756920000002	0.0718212203000000021
6215020000	0.349492936799999987	0.0671345792000000025
6215070000	0.352226545000000002	0.0621719941000000026
6215120000	0.352641268399999985	0.0584876271000000017
6215170000	0.35258143409999998	0.0535356926999999982
6215220000	0.354042455899999997	0.0505106745999999995
6215270000	0.353916910400000007	0.0450977400999999986
6215320000	0.355635830300000011	0.0412893346999999994
6215370000	0.355455218199999978	0.0376432697000000024
6215420000	0.355070340500000026	0.0325050999000000007
6215470000	0.356415524799999994	0.0285233808999999991
6215520000	0.356494987799999996	0.0226556055999999999
6215570000	0.355917868400000004	0.0199539328999999988
6215620000	0.357330204699999987	0.0144318521999999994
6215670000	0.357108651100000007	0.0120660275999999993
6215720000	0.357992844500000018	0.00561077910000000023
6215770000	0.358321041100000015	0.00140943550000000007
6215820000	0.357029957000000009	-0.00340534309999999995
6215870000	0.358064106400000026	-0.00728799280000000035
6215920000	0.357251900899999975	-0.0114306016999999992
6215970000	0.356833167499999993	-0.0167966909000000011
6216020000	0.357890983200000012	-0.0210661608000000007
6216070000	0.358696960000000009	-0.0250603806000000012
6216120000	0.357168206300000013	-0.0293494213000000011
6216170000	0.3558035799	-0.0336885338999999978
6216220000	0.357209270799999978	-0.0388645338999999979
6216270000	0.35576615239999998	-0.0442027819000000016
6216320000	0.355725230100000012	-0.0475062949000000026
6216370000	0.353706832000000027	-0.0512373501999999967
6216420000	0.353481794199999977	-0.0576982789999999982
6216470000	0.352429832499999984	-0.0608084923000000027
6216520000	0.353197061300000004	-0.0652025224000000042
6216570000	0.351780366899999974	-0.0693879882000000003
6216620000	0.35103972189999999	-0.0741627494999999998
6216670000	0.349602437900000007	-0.0781713589999999958
6216720000	0.350378032700000008	-0.0832222908999999955
6216770000	0.348526476600000024	-0.0877699604999999938
6216820000	0.348049833099999983	-0.0913476420000000067
6216870000	0.344818311400000022	-0.0958974167000000016
6216920000	0.344612762800000028	-0.100003901000000006
6216970000	0.344212808400000014	-0.104039552300000004
6217020000	0.341838379400000003	-0.107435399799999998
6217070000	0.343038536200000022	-0.114140436799999995
6217120000	0.34070987749999998	-0.117543514900000007
6217170000	0.338065889499999994	-0.121664613199999994
6217220000	0.335457118800000009	-0.125101143199999987
6217270000	0.334948018700000016	-0.130867502299999994
6217320000	0.333563147900000023	-0.133601913099999997
6217370000	0.332479356900000023	-0.137819170800000002
6217420000	0.329306871399999979	-0.143043122500000008
6217470000	0.328616561699999976	-0.145419567100000008
6217520000	0.326589980999999974	-0.149943380099999996
6217570000	0.324354453699999989	-0.154383641399999993
6217620000	0.323369444499999992	-0.157800571199999989
6217670000	0.320181671200000018	-0.16259251059999999
6217720000	0.318780642299999972	-0.167554063499999989
6217770000	0.317602680099999979	-0.169518465300000004
6217820000	0.314103606699999982	-0.174100774399999991
6217870000	0.312600425899999979	-0.178280160500000007
6217920000	0.3113216761	-0.182179914100000007
6217970000	0.307096648000000028	-0.186069138200000012
6218020000	0.304927467000000008	-0.19055573549999999
6218070000	0.304012343100000026	-0.193893197600000011
6218120000	0.300429680500000018	-0.198158497200000006
6218170000	0.297938629399999988	-0.200530263099999995
6218220000	0.294766621700000009	-0.20468440739999999
6218270000	0.293372738700000024	-0.209579491099999987
6218320000	0.29152419810000002	-0.211491719299999992
6218370000	0.288357328299999993	-0.216607456100000012
6218420000	0.285461417599999989	-0.219682218200000001
6218470000	0.282670700399999975	-0.222509712800000009
6218520000	0.280587229900000013	-0.227737512599999997
6218570000	0.277819982199999982	-0.2304077598
6218620000	0.275285486999999995	-0.232997281000000001
6218670000	0.270751504500000018	-0.235938665800000003
6218720000	0.269199006899999982	-0.240348605200000009
6218770000	0.265609662400000002	-0.24372459560000001
6218820000	0.262396988499999984	-0.247681044999999989
6218870000	0.260720917800000007	-0.250835634799999985
6218920000	0.256260196399999973	-0.253896996300000011
6218970000	0.254007719000000021	-0.256340859699999979
6219020000	0.249929053099999993	-0.26051930299999998
6219070000	0.248071951000000013	-0.26348035860000002
6219120000	0.244065579599999999	-0.267355704799999983
6219170000	0.241271626500000003	-0.269435999199999998
6219220000	0.236682494999999993	-0.273200817200000001
6219270000	0.234944380000000008	-0.276119103099999985
6219320000	0.230925338099999988	-0.277823781400000025
6219370000	0.225674173199999994	-0.280693122899999981
6219420000	0.223793692399999994	-0.284049920299999981
6219470000	0.220667515099999989	-0.286409789999999997
6219520000	0.217984813700000002	-0.291290507400000009
6219570000	0.213947177999999988	-0.292046632500000014
6219620000	0.210371042199999997	-0.295957650600000011
6219670000	0.206338859900000005	-0.298370332299999985
6219720000	0.202106969400000003	-0.299521911099999982
6219770000	0.198855060500000014	-0.303989917499999984
6219820000	0.194833628099999989	-0.305496957000000013
6219870000	0.190698639700000006	-0.307864209900000019
6219920000	0.185379796900000005	-0.31036814330000001
6219970000	0.183063417899999997	-0.31205084059999999
6220020000	0.179924466499999991	-0.314385784399999979
6220070000	0.174767111700000005	-0.316849743299999986
6220120000	0.1709983682	-0.320086773200000008
6220170000	0.167104401699999988	-0.322272786899999997
6220220000	0.163867228199999992	-0.324174505599999996
6220270000	0.159643096600000006	-0.326284158800000001
6220320000	0.155384712400000013	-0.328609420699999988
6220370000	0.152051286899999999	-0.330898613200000025
6220420000	0.1479125674	-0.331856390599999995
6220470000	0.142740648500000011	-0.333828762800000012
6220520000	0.138200503599999996	-0.333423991199999992
6220570000	0.134261539099999994	-0.336741992800000001
6220620000	0.130371373600000007	-0.338812291200000004
6220670000	0.125585250399999987	-0.340519534100000021
6220720000	0.121481124999999995	-0.341699957700000001
6220770000	0.117188021000000003	-0.345127579199999979
6220820000	0.113385198100000001	-0.344902422500000028
6220870000	0.108448888699999996	-0.347197049199999996
6220920000	0.104901775399999994	-0.349156423499999979
6220970000	0.100770518899999995	-0.348987195099999981
6221020000	0.0958239300000000016	-0.349192340900000009
6221070000	0.0917464610000000014	-0.351696882400000022
6221120000	0.0870873528000000036	-0.35392433470000001
6221170000	0.0834084607000000061	-0.354665581499999993
6221220000	0.0788956323999999987	-0.355788598600000006
6221270000	0.0736224243999999972	-0.356079670600000009
6221320000	0.0692157364999999997	-0.358169289800000012
6221370000	0.0660144663000000048	-0.359458056899999989
6221420000	0.060983858600000003	-0.358635744899999998
6221470000	0.0565025465000000005	-0.360731636799999977
6221520000	0.0543276940000000028	-0.360997600199999991
6221570000	0.0477188211999999973	-0.361405543499999982
6221620000	0.0430894923999999985	-0.362255934300000026
6221670000	0.0371741010000000011	-0.361365642300000012
6221720000	0.0333314980000000011	-0.362309452400000009
6221770000	0.0295416922000000005	-0.364334072000000009
6221820000	0.025541357399999999	-0.363784010699999993
6221870000	0.0199403850000000014	-0.3642727932
6221920000	0.0163796392000000006	-0.365063161400000002
6221970000	0.0123556458000000004	-0.364791992700000012
6222020000	0.0064295194999999996	-0.364408472099999992
6222070000	0.00229476029999999996	-0.36566993980000001
6222120000	-0.0026691979000000002	-0.366472695399999993
6222170000	-0.00662394600000000035	-0.365136433799999993
6222220000	-0.0109878866999999995	-0.36592707200000002
6222270000	-0.0168813017000000003	-0.365941663899999992
6222320000	-0.0219057266999999993	-0.36517089060000002
6222370000	-0.0247805743000000002	-0.365403381199999988
6222420000	-0.0282787575999999992	-0.365479088399999985
6222470000	-0.0340996709999999981	-0.366029455000000004
6222520000	-0.0384380647999999978	-0.365013911799999979
6222570000	-0.0434397553000000006	-0.364046743999999978
6222620000	-0.0478418462999999974	-0.362644170099999996
6222670000	-0.0519184935000000028	-0.36339555950000002
6222720000	-0.0574878791	-0.361663722700000023
6222770000	-0.0606420046000000004	-0.362014609300000012
6222820000	-0.0659742920999999982	-0.360987890899999997
6222870000	-0.0700828762999999993	-0.3603028868
6222920000	-0.0750525818999999983	-0.357617661099999984
6222970000	-0.0795375398000000011	-0.3581081458
6223020000	-0.0828766987000000011	-0.357404625500000017
6223070000	-0.0879712735999999967	-0.355279859799999986
6223120000	-0.0930873598000000052	-0.354669514100000027
6223170000	-0.0965988047999999933	-0.3532769563
6223220000	-0.101574334399999994	-0.352940727899999973
6223270000	-0.107047166099999994	-0.352041808399999989
6223320000	-0.110856134499999995	-0.350030813200000013
6223370000	-0.115660064100000001	-0.349106755400000024
6223420000	-0.119403562599999999	-0.348543400399999981
6223470000	-0.123095565200000007	-0.345465310000000025
6223520000	-0.127858042700000007	-0.346034229600000021
6223570000	-0.132853825300000006	-0.343131924899999996
6223620000	-0.136902432200000007	-0.342007390500000008
6223670000	-0.140980899999999992	-0.340148059100000011
6223720000	-0.144823691100000013	-0.337815570700000012
6223770000	-0.148701821000000012	-0.336274116899999975
6223820000	-0.154079423900000012	-0.333636048199999979
6223870000	-0.159037216700000011	-0.33259329310000002
6223920000	-0.161924646499999991	-0.330638634300000012
6223970000	-0.1654210864	-0.329104393900000014
6224020000	-0.170503165000000012	-0.326978145599999992
6224070000	-0.174798858599999996	-0.32448975419999998
6224120000	-0.179009474800000012	-0.322525880099999995
6224170000	-0.184081484500000003	-0.320042791699999996
6224220000	-0.187049364400000001	-0.318094319299999984
6224270000	-0.190959386199999998	-0.317029570199999999
6224320000	-0.194597249500000014	-0.312488431499999997
6224370000	-0.198507652700000009	-0.311475572599999972
6224420000	-0.202129566900000002	-0.308962848899999976
6224470000	-0.206560459700000004	-0.307533100100000012
6224520000	-0.21173628080000001	-0.302846008300000025
6224570000	-0.213421395200000003	-0.302132485999999978
6224620000	-0.216749949800000008	-0.298764964399999999
6224670000	-0.221476806500000012	-0.295330891599999978
6224720000	-0.225229995300000013	-0.294718209800000019
6224770000	-0.228597908200000005	-0.290890890700000015
6224820000	-0.233337854600000005	-0.287460311400000001
6224870000	-0.236262490900000011	-0.284851736700000024
6224920000	-0.239493920100000007	-0.282390920300000015
6224970000	-0.243916670400000007	-0.279440466800000009
6225020000	-0.247602773100000007	-0.276796516300000017
6225070000	-0.250016078600000025	-0.273924255700000008
6225120000	-0.254208118099999991	-0.270623797100000008
6225170000	-0.257510513900000015	-0.266052305099999997
6225220000	-0.260410752099999976	-0.262784005300000012
6225270000	-0.263732123500000026	-0.259861840899999974
6225320000	-0.266760880899999997	-0.2561241514
6225370000	-0.271540546900000013	-0.254197897399999984
6225420000	-0.274003046899999991	-0.250646627100000019
6225470000	-0.276102884800000004	-0.246071651000000002
6225520000	-0.280658295200000019	-0.243810602799999998
6225570000	-0.283773042500000017	-0.239513643299999995
6225620000	-0.286209174700000013	-0.236621486599999986
6225670000	-0.288991282299999985	-0.232394472299999988
6225720000	-0.29241688389999998	-0.229977986999999995
6225770000	-0.294632958200000017	-0.224716491299999988
6225820000	-0.298281514999999997	-0.221065269600000003
6225870000	-0.300866070900000004	-0.218909311100000004
6225920000	-0.304505929600000003	-0.213999790100000004
6225970000	-0.307567170800000012	-0.210384008499999997
6226020000	-0.309517935799999977	-0.207846006899999991
6226070000	-0.312570798300000008	-0.2030067022
6226120000	-0.314761740800000023	-0.198848516599999997
6226170000	-0.317628720500000017	-0.195268879199999995
6226220000	-0.320168563199999978	-0.190472862399999998
6226270000	-0.322134698599999991	-0.188326136100000013
6226320000	-0.324134686200000022	-0.18325760860000001
6226370000	-0.326605064800000011	-0.179639680999999996
6226420000	-0.329754054399999996	-0.17599853700000001
6226470000	-0.332020250399999994	-0.171869395700000011
6226520000	-0.334595702499999981	-0.167992244200000002
6226570000	-0.336027435500000027	-0.16356860270000001
6226620000	-0.337825799799999993	-0.158537364200000003
6226670000	-0.339936369000000016	-0.154452773399999993
6226720000	-0.342900999400000017	-0.151446218399999999
6226770000	-0.343319454099999977	-0.14616484099999999
6226820000	-0.346304963099999974	-0.14194794899999999
6226870000	-0.349016667000000003	-0.138003287400000008
6226920000	-0.349340985300000018	-0.133375188199999994
6226970000	-0.352549024900000008	-0.129324819099999988
6227020000	-0.35364384259999998	-0.125941260299999996
6227070000	-0.355940729999999983	-0.120625684699999999
6227120000	-0.357635523100000019	-0.115741503699999998
6227170000	-0.358060458000000026	-0.110618481899999996
6227220000	-0.359498637399999987	-0.1067847876
6227270000	-0.361073608599999984	-0.102902008700000006
6227320000	-0.363667402400000006	-0.0979868668000000026
6227370000	-0.363642271000000017	-0.0930376920999999996
6227420000	-0.365216081199999987	-0.0891165455000000051
6227470000	-0.36646980680000002	-0.0835875674000000068
6227520000	-0.368045577999999984	-0.0788366778000000046
6227570000	-0.369899509199999976	-0.0745784974999999933
6227620000	-0.369427702999999996	-0.0708290627000000006
6227670000	-0.37097948850000001	-0.0663441297000000041
6227720000	-0.372158452400000006	-0.0619812125000000005
6227770000	-0.373305096800000014	-0.0562181292000000013
6227820000	-0.373477663700000018	-0.0519395798999999977
6227870000	-0.373228421799999988	-0.0481788542999999972
6227920000	-0.373137465499999987	-0.0418424951000000017
6227970000	-0.375430113999999981	-0.0379690894000000029
6228020000	-0.374955759200000016	-0.0332978432000000032
6228070000	-0.376630641699999991	-0.028044869699999999
6228120000	-0.377137078700000017	-0.0230567139000000011
6228170000	-0.377612169599999992	-0.018021292500000001
6228220000	-0.377116340300000019	-0.0149378845999999996
6228270000	-0.378260325000000008	-0.00909114700000000081
6228320000	-0.377970724199999997	-0.0049303932999999996
6228370000	-0.378428222500000022	-4.14523000000000029e-05
6228420000	-0.378065566500000005	0.00527555480000000028
6228470000	-0.380597355099999979	0.00993925000000000017
6228520000	-0.378960736600000014	0.0155052491999999997
6228570000	-0.378111634899999993	0.0202448936999999989
6228620000	-0.378348070300000006	0.0249945142000000016
6228670000	-0.377250410400000014	0.0291185917999999995
6228720000	-0.377439879199999995	0.0339027412999999972
6228770000	-0.379224888900000001	0.0381461784000000012
6228820000	-0.376965115000000017	0.0431794731999999987
6228870000	-0.376433093499999982	0.0480460379999999992
6228920000	-0.376413584400000001	0.0544103881999999997
6228970000	-0.37669779510000001	0.0573199884000000007
6229020000	-0.375848057800000024	0.0618369563999999969
6229070000	-0.375214596999999983	0.0689397362999999985
6229120000	-0.373324841000000018	0.0723354940000000002
6229170000	-0.373425969299999994	0.0765132146000000041
6229220000	-0.3724241472	0.0832162407999999937
6229270000	-0.370878068999999977	0.0868154933000000045
6229320000	-0.371297284000000005	0.0912332049999999978
6229370000	-0.369427087099999996	0.0950647981000000003
6229420000	-0.367401272700000003	0.100499955899999993
6229470000	-0.368142355500000018	0.105690963999999998
6229520000	-0.365305440400000014	0.109838559599999996
6229570000	-0.364612660899999996	0.114795056500000006
6229620000	-0.362935616100000025	0.119335141199999994
6229670000	-0.362158032299999988	0.124763687499999998
6229720000	-0.360039661800000022	0.128867157900000001
6229770000	-0.358138323199999997	0.133867845000000013
6229820000	-0.357320771400000015	0.137069816399999989
6229870000	-0.355465990100000018	0.143497002499999998
6229920000	-0.35449653120000002	0.147112684399999999
6229970000	-0.351704681700000021	0.151314686400000009
6230020000	-0.34997750649999998	0.155723442299999987
6230070000	-0.348436685000000024	0.161259560299999993
6230120000	-0.346544323300000012	0.16479598279999999
6230170000	-0.344468581499999982	0.169654525700000003
6230220000	-0.343632480199999979	0.174333273900000002
6230270000	-0.339813322099999982	0.1788241733
6230320000	-0.338399677299999979	0.183807980700000012
6230370000	-0.335134489400000013	0.188179122899999995
6230420000	-0.332649601800000028	0.192790129100000013
6230470000	-0.330369557699999983	0.195639627399999988
6230520000	-0.328566593799999973	0.201495390200000013
6230570000	-0.325992365999999978	0.205341620599999997
6230620000	-0.324031143600000016	0.208474889599999991
6230670000	-0.320064927900000018	0.213843756200000013
6230720000	-0.318451979200000013	0.218226273999999998
6230770000	-0.315530383999999997	0.222074566899999992
6230820000	-0.311954081699999997	0.225708474699999995
6230870000	-0.310182876100000005	0.2321594347
6230920000	-0.307700324999999997	0.234577593299999998
6230970000	-0.304246997000000019	0.238689391400000006
6231020000	-0.300486587799999982	0.243039081399999995
6231070000	-0.297762253600000026	0.246550848900000008
6231120000	-0.295789513399999981	0.250482659300000021
6231170000	-0.292344995499999982	0.254470834300000004
6231220000	-0.288986224700000016	0.257681338799999993
6231270000	-0.286794022699999984	0.263086846500000027
6231320000	-0.282697230700000024	0.265733008300000018
6231370000	-0.279022225999999984	0.269917525300000016
6231420000	-0.275581448100000015	0.273865664200000025
6231470000	-0.273382471000000016	0.277048520799999975
6231520000	-0.268529879799999982	0.281838280399999974
6231570000	-0.265304353100000001	0.284755202599999979
6231620000	-0.261187275300000021	0.288668372999999978
6231670000	-0.257820039800000012	0.291389835699999988
6231720000	-0.254405266700000021	0.295847014600000013
6231770000	-0.250171228299999993	0.300705395099999995
6231820000	-0.246423954000000001	0.303530050399999973
6231870000	-0.242527781599999992	0.305866581299999996
6231920000	-0.23784229879999999	0.3093893895
6231970000	-0.235790369400000005	0.312216739399999998
6232020000	-0.23001331450000001	0.317517064000000016
6232070000	-0.226977171000000005	0.318776757899999985
6232120000	-0.222681728699999998	0.322461481200000011
6232170000	-0.218913036899999996	0.326393381300000007
6232220000	-0.213346067400000006	0.328484847199999985
6232270000	-0.209846650800000006	0.330278118000000009
6232320000	-0.205298652199999987	0.335075429099999988
6232370000	-0.200852366100000013	0.336934575100000022
6232420000	-0.196489930600000001	0.340500020800000025
6232470000	-0.191485713400000007	0.342702403599999983
6232520000	-0.187537234100000005	0.346353146599999995
6232570000	-0.181195885499999987	0.348015219599999981
6232620000	-0.178244938299999989	0.351890940200000002
6232670000	-0.174862587399999991	0.354545285900000007
6232720000	-0.168681076499999999	0.355651386399999991
6232770000	-0.162248127800000003	0.359658643
6232820000	-0.158166794400000005	0.361826552299999993
6232870000	-0.153954661800000003	0.364292578099999986
6232920000	-0.150086905500000006	0.366922513999999977
6232970000	-0.143418948600000012	0.367695917500000025
6233020000	-0.138744055100000013	0.37134138630000002
6233070000	-0.133510567100000005	0.372744925100000013
6233120000	-0.129116606699999997	0.375834553299999985
6233170000	-0.123360572799999998	0.376996802600000014
6233220000	-0.118675661900000007	0.379860061400000004
6233270000	-0.111952476400000001	0.380460493100000019
6233320000	-0.107421257800000003	0.383024770600000009
6233370000	-0.100961104999999995	0.385472781099999995
6233420000	-0.0965697274999999938	0.38777116020000002
6233470000	-0.0915334975999999995	0.388650945699999972
6233520000	-0.085036144300000005	0.389882854000000001
6233570000	-0.0787993374999999968	0.391918728300000019
6233620000	-0.0732712744000000027	0.392369547699999988
6233670000	-0.0680721403999999947	0.3940670852
6233720000	-0.0629887657000000045	0.396096772200000002
6233770000	-0.0554308880999999989	0.39502024619999998
6233820000	-0.0494251979000000022	0.398254822299999978
6233870000	-0.0440954465999999976	0.397842752799999977
6233920000	-0.0378823984999999974	0.401401472400000014
6233970000	-0.0310117500000000011	0.400700916600000012
6234020000	-0.0246266875999999989	0.402165149399999977
6234070000	-0.0179777002999999998	0.403551487099999995
6234120000	-0.0106085147999999997	0.403870550599999989
6234170000	-0.0046550026000000003	0.404564359599999979
6234220000	0.00167579220000000002	0.403879618900000015
6234270000	0.00827649029999999973	0.404632801699999989
6234320000	0.0169905176999999991	0.405422477000000003
6234370000	0.0233801980000000013	0.404843264099999989
6234420000	0.0321629244000000009	0.406125630600000009
6234470000	0.0389122746999999991	0.404476999900000023
6234520000	0.0462755207000000029	0.40493269580000002
6234570000	0.0546514832999999978	0.40229651449999998
6234620000	0.0634256807000000006	0.402405703399999981
6234670000	0.0727693509000000016	0.400985059799999988
6234720000	0.0817097809999999952	0.398964840799999998
6234770000	0.0894402170999999968	0.39777072229999999
6234820000	0.100243037300000004	0.396190939999999991
6234870000	0.108972488699999995	0.393453077300000009
6234920000	0.120388626200000001	0.38955941970000002
6234970000	0.13268052159999999	0.385603754000000021
6235020000	0.142333503599999994	0.381182861099999992
6235070000	0.155268107399999994	0.375459384600000001
6235120000	0.167976782099999999	0.369783854299999992
6235170000	0.18174544170000001	0.360696234700000007
6235220000	0.195291053200000009	0.34884538570000001
6235270000	0.211423365599999996	0.335895459399999985
6235320000	0.226179512599999993	0.3182624342
6235370000	0.24114311699999999	0.296344907300000016
6235420000	0.253302698300000018	0.268294238000000018
6235470000	0.263721659499999983	0.232400775599999998
6235520000	0.26375408509999998	0.189020320399999997
6235570000	0.24760501230000001	0.140019549599999987
6235620000	0.214264354099999998	0.0922360215000000011
6235670000	0.160517723100000009	0.0591145430999999999
6235720000	0.102115592399999996	0.0503933864999999981
6235770000	0.0466118820000000003	0.0636869795000000044
6235820000	0.00359628099999999978	0.0905321969999999948
6235870000	-0.0228690634000000004	0.126744634299999992
6235920000	-0.0351339898000000012	0.16264949649999999
6235970000	-0.0415841881000000024	0.195906271599999987
6236020000	-0.0385371891000000008	0.223114082800000002
6236070000	-0.0310141908999999986	0.247972979499999996
6236120000	-0.0214477790000000001	0.266744545100000008
6236170000	-0.0119131498999999995	0.282908908800000025
6236220000	-1.82477999999999983e-05	0.296198632299999987
6236270000	0.0126792154000000008	0.305718311199999981
6236320000	0.0223261047999999997	0.315701998599999978
6236370000	0.0335003526999999995	0.321239584500000008
6236420000	0.044407201200000003	0.32699873530000001
6236470000	0.0536248016000000008	0.331819972299999988
6236520000	0.0634843707999999951	0.334602656800000009
6236570000	0.0738237632999999976	0.336969929399999979
6236620000	0.081709811800000004	0.33781445240000002
6236670000	0.0913708916999999982	0.339891763399999991
6236720000	0.0992594668000000013	0.340793316100000021
6236770000	0.107632026800000002	0.340496654100000018
6236820000	0.115908825800000004	0.340723077699999988
6236870000	0.123927789600000005	0.340982033199999979
6236920000	0.131225468399999989	0.339383938300000021
6236970000	0.1405831726	0.338640490500000002
6237020000	0.146177231200000007	0.337442469500000009
6237070000	0.152826304800000007	0.336923065700000024
6237120000	0.158618880200000006	0.335973239599999973
6237170000	0.164966267700000002	0.334081576599999985
6237220000	0.171210784499999991	0.331304880999999996
6237270000	0.178280156200000012	0.330439215900000027
6237320000	0.184448352300000007	0.32854411280000001
6237370000	0.189738201800000006	0.325643516399999999
6237420000	0.1958018235	0.324961306900000024
6237470000	0.201406966900000012	0.321025321899999994
6237520000	0.207968153999999988	0.318406778200000018
6237570000	0.21238654500000001	0.316149894499999973
6237620000	0.218136571700000004	0.314737407199999986
6237670000	0.224205690200000002	0.310410819999999976
6237720000	0.228131295799999995	0.308352493900000024
6237770000	0.233624976300000009	0.304325984100000002
6237820000	0.239199686599999989	0.301080725499999979
6237870000	0.244230644400000002	0.29890145429999998
6237920000	0.248219547799999996	0.295446617700000025
6237970000	0.253318572700000022	0.291500434500000016
6238020000	0.257147639400000017	0.289439550599999984
6238070000	0.262119576000000021	0.285718408199999996
6238120000	0.267696543200000026	0.282127214399999993
6238170000	0.271321701500000012	0.278487832699999993
6238220000	0.274374379999999973	0.27494615
6238270000	0.278940960100000024	0.27108206629999998
6238320000	0.284373320500000026	0.2679305669
6238370000	0.289087923999999996	0.263236155299999997
6238420000	0.292108453200000007	0.26091735570000002
6238470000	0.295913428899999997	0.255776049200000022
6238520000	0.3005082382	0.252817381100000016
6238570000	0.30525014960000002	0.247758031600000012
6238620000	0.309848988400000025	0.245874788600000005
6238670000	0.311505367899999996	0.24029573030000001
6238720000	0.316099780699999999	0.235883248999999989
6238770000	0.319174672200000009	0.231782573999999991
6238820000	0.322534372700000016	0.228230955000000013
6238870000	0.326735635799999979	0.223748418599999999
6238920000	0.328444529599999979	0.219375426300000009
6238970000	0.33194315969999999	0.215758258000000008
6239020000	0.335076730300000014	0.211021558999999997
6239070000	0.337743113599999978	0.20678010229999999
6239120000	0.342968545999999985	0.201772485000000001
6239170000	0.345224718400000019	0.196183329600000012
6239220000	0.348297740799999977	0.193293078300000004
6239270000	0.351114314900000002	0.189021189199999995
6239320000	0.353553356699999988	0.183607429200000005
6239370000	0.356857099000000011	0.1785086491
6239420000	0.358066176899999977	0.17332215270000001
6239470000	0.361740717599999984	0.168746490199999988
6239520000	0.363749985800000009	0.165172899699999987
6239570000	0.36687048630000002	0.160084369799999987
6239620000	0.368592901899999992	0.155158610000000002
6239670000	0.370404871600000019	0.150664595600000006
6239720000	0.373405055200000002	0.146123592299999994
6239770000	0.37589829990000001	0.140485182699999989
6239820000	0.378023205400000006	0.136132862900000012
6239870000	0.3793923092	0.130123294499999986
6239920000	0.381972284599999989	0.12505577209999999
6239970000	0.38432173289999999	0.122239920000000002
6240020000	0.385744782399999986	0.114953676099999999
6240070000	0.387494285300000019	0.109551214499999994
6240120000	0.388405450799999996	0.105252962300000003
6240170000	0.389916776199999982	0.100098797000000003
6240220000	0.393072472800000017	0.094914370299999995
6240270000	0.393634433800000016	0.0902330365999999967
6240320000	0.394168058900000007	0.0845138985000000037
6240370000	0.397764780400000018	0.0786526969999999936
6240420000	0.397626198900000005	0.0748922483999999999
6240470000	0.400200719500000024	0.0677519515999999988
6240520000	0.400490858399999983	0.0636643360999999963
6240570000	0.401619824299999983	0.0595422625999999997
6240620000	0.40296893210000001	0.0533979075000000011
6240670000	0.402732491199999987	0.0481273397000000006
6240720000	0.403688687800000001	0.0426242441
6240770000	0.405343919300000022	0.0379223283999999966
6240820000	0.404339737099999985	0.0315946837000000008
6240870000	0.406266116399999988	0.0275796789999999993
6240920000	0.406847453000000026	0.0211742613000000003
6240970000	0.406001963700000024	0.0154211014999999993
6241020000	0.40644900249999999	0.0106451268999999994
6241070000	0.408309415700000011	0.0067658722999999997
6241120000	0.40713538199999999	0.00123753280000000001
6241170000	0.407487036000000025	-0.00507245150000000013
6241220000	0.4084798288	-0.0105245718000000002
6241270000	0.408697560100000024	-0.0158873061000000017
6241320000	0.408581035699999984	-0.021475610400000001
6241370000	0.408636115500000008	-0.0263897483000000016
6241420000	0.408449401499999976	-0.0319452212999999999
6241470000	0.407182882400000001	-0.0359249806999999977
6241520000	0.408202620000000016	-0.0431530275999999977
6241570000	0.407177975700000028	-0.0468570225999999992
6241620000	0.407622956199999997	-0.0537583676000000024
6241670000	0.406350365200000008	-0.057308126600000002
6241720000	0.405560361099999989	-0.0638745621000000041
6241770000	0.404623043500000001	-0.0704934940999999982
6241820000	0.404560038100000019	-0.0739785294000000065
6241870000	0.40240425019999998	-0.0801035340999999984
6241920000	0.402268708400000008	-0.0844424871999999993
6241970000	0.401900579300000005	-0.091192019799999996
6242020000	0.400932284999999999	-0.0956124769000000069
6242070000	0.399164737800000002	-0.100894216699999997
6242120000	0.398746282299999977	-0.1060989502
6242170000	0.397501063200000004	-0.110408647299999996
6242220000	0.397255565500000019	-0.117011949099999998
6242270000	0.394383634799999994	-0.121848684099999993
6242320000	0.395178924499999973	-0.126919487400000003
6242370000	0.393495774500000006	-0.133552044300000006
6242420000	0.390942563199999982	-0.138349975699999989
6242470000	0.389035287299999977	-0.143075499999999994
6242520000	0.387004328100000017	-0.148586558300000005
6242570000	0.385740325100000003	-0.152909757899999998
6242620000	0.38313483399999998	-0.1580312938
6242670000	0.382100974300000007	-0.163476296100000001
6242720000	0.380645956800000018	-0.168304442700000001
6242770000	0.378051323200000011	-0.172749466800000001
6242820000	0.375758313200000027	-0.178253718199999994
6242870000	0.374309257900000025	-0.182115446200000003
6242920000	0.371686027500000016	-0.189098729999999993
6242970000	0.368680607300000018	-0.19372063510000001
6243020000	0.367674832299999976	-0.198122386600000006
6243070000	0.364973898999999991	-0.202026029500000009
6243120000	0.361187120799999983	-0.208226595099999995
6243170000	0.359038374800000004	-0.211359200599999991
6243220000	0.356970213199999997	-0.217647615300000014
6243270000	0.353898591200000001	-0.221525327299999991
6243320000	0.353070574000000026	-0.226922738099999993
6243370000	0.348402351200000016	-0.232225092500000008
6243420000	0.345939269300000019	-0.23698967709999999
6243470000	0.343203951499999993	-0.2397982471
6243520000	0.339459558400000028	-0.245229640199999988
6243570000	0.337699525700000003	-0.249039977999999995
6243620000	0.333028154799999976	-0.254468919199999977
6243670000	0.330062216500000005	-0.256944614800000026
6243720000	0.326260722100000011	-0.262749445199999987
6243770000	0.3241048869	-0.2670012893
6243820000	0.320347082800000016	-0.271311190699999982
6243870000	0.317313196199999981	-0.275970172000000014
6243920000	0.313919949500000017	-0.279185735099999999
6243970000	0.310325205800000004	-0.283477113900000022
6244020000	0.306896890899999997	-0.288276371600000025
6244070000	0.302323778799999998	-0.29199077499999998
6244120000	0.300461528600000027	-0.29530815090000001
6244170000	0.295245286800000006	-0.300703854400000026
6244220000	0.292430097700000002	-0.303573856500000017
6244270000	0.288341007799999993	-0.308574284899999995
6244320000	0.285106667899999999	-0.312291088800000005
6244370000	0.280627382400000014	-0.31623008330000002
6244420000	0.277639960700000021	-0.320002983399999996
6244470000	0.272122615999999984	-0.322319219699999993
6244520000	0.26757495069999998	-0.327498853699999981
6244570000	0.264553528500000024	-0.32965173339999998
6244620000	0.260345595500000027	-0.333780140999999975
6244670000	0.25529954869999999	-0.338529420700000028
6244720000	0.251036276200000019	-0.341354530499999975
6244770000	0.246346702700000003	-0.344255089700000017
6244820000	0.242063400200000001	-0.347892644600000023
6244870000	0.238365956900000009	-0.351316300000000026
6244920000	0.232863322399999989	-0.353911640299999997
6244970000	0.229483463599999993	-0.357626719300000007
6245020000	0.225081579300000001	-0.361868235199999999
6245070000	0.220217885299999999	-0.363271556200000012
6245120000	0.215075542199999997	-0.365873445700000022
6245170000	0.211163489900000001	-0.36959097270000002
6245220000	0.205771043099999995	-0.372605187200000021
6245270000	0.201073405099999991	-0.375312449599999987
6245320000	0.195861560600000012	-0.377491562200000019
6245370000	0.190948486499999986	-0.381676355799999978
6245420000	0.186636878300000003	-0.38266138420000001
6245470000	0.181297311099999997	-0.385452463799999978
6245520000	0.177547186800000006	-0.388176676599999992
6245570000	0.17194869539999999	-0.390299387200000014
6245620000	0.166166027299999991	-0.392597577899999994
6245670000	0.162043134199999994	-0.394892032399999982
6245720000	0.155635869099999991	-0.396916822200000019
6245770000	0.150899208899999998	-0.399720958999999987
6245820000	0.146591543200000007	-0.401660497100000013
6245870000	0.139977493000000008	-0.404036263600000001
6245920000	0.137107197300000011	-0.406921335800000006
6245970000	0.130098508800000012	-0.407834873099999995
6246020000	0.126016962199999999	-0.409200496899999988
6246070000	0.121493110500000001	-0.411010517799999975
6246120000	0.114797622399999993	-0.412859919299999989
6246170000	0.108760272399999997	-0.416152375899999982
6246220000	0.103553022300000006	-0.417261065099999995
6246270000	0.0993637499000000063	-0.41776841050000002
6246320000	0.0933767370999999957	-0.418429439399999992
6246370000	0.0879173376000000062	-0.420403303399999984
6246420000	0.0825699096999999993	-0.421596588599999988
6246470000	0.0775982939999999982	-0.421369893499999981
6246520000	0.0703531035999999943	-0.424153135700000017
6246570000	0.0665499471000000065	-0.42590092089999998
6246620000	0.0609680084000000025	-0.427019774500000004
6246670000	0.0546425597000000027	-0.427125588399999978
6246720000	0.0499875690999999969	-0.427751117700000016
6246770000	0.043917656200000002	-0.4282272097
6246820000	0.0385682832999999989	-0.42924593929999999
6246870000	0.0323253568000000033	-0.43037637820000002
6246920000	0.0264525564999999983	-0.430366391299999984
6246970000	0.0214977629000000017	-0.430742290899999991
6247020000	0.0155977622000000003	-0.430468982
6247070000	0.0102536915999999999	-0.432343097499999995
6247120000	0.00411143849999999998	-0.4319439739
6247170000	-0.000965749499999999966	-0.433116230499999977
6247220000	-0.0053212101000000003	-0.433249902500000006
6247270000	-0.0110642336000000008	-0.432807214200000012
6247320000	-0.0180345251000000005	-0.432487544700000004
6247370000	-0.0237514518000000001	-0.432935622600000014
6247420000	-0.0283301408999999983	-0.432580690499999976
6247470000	-0.0349478168000000033	-0.43272305179999998
6247520000	-0.0408128879999999986	-0.431928525000000008
6247570000	-0.0460112110000000032	-0.431970581999999992
6247620000	-0.0515677277000000031	-0.432198761900000006
6247670000	-0.0575238298000000023	-0.431002344400000015
6247720000	-0.0625980148999999986	-0.431279755499999973
6247770000	-0.0687673369999999978	-0.428842636700000002
6247820000	-0.0735906137000000016	-0.427566541299999991
6247870000	-0.0797036339999999954	-0.426413533999999983
6247920000	-0.0851480854000000037	-0.425283781500000013
6247970000	-0.0904979441000000051	-0.425683155599999974
6248020000	-0.0966652494999999945	-0.424321831300000007
6248070000	-0.101667830799999998	-0.423649863000000015
6248120000	-0.107697593699999997	-0.422507044100000007
6248170000	-0.113476634300000004	-0.420757170899999977
6248220000	-0.119574658	-0.420542099000000003
6248270000	-0.123838462299999993	-0.417720976999999993
6248320000	-0.130650602100000013	-0.417194764699999998
6248370000	-0.134891114400000012	-0.41526404480000001
6248420000	-0.140563936899999992	-0.414170776600000012
6248470000	-0.146870650800000002	-0.412064295899999988
6248520000	-0.150945641699999994	-0.408636494800000027
6248570000	-0.155348044500000004	-0.407861100300000001
6248620000	-0.16301321290000001	-0.405687020299999979
6248670000	-0.167619079899999995	-0.404556710099999994
6248720000	-0.173434614200000004	-0.402133521599999988
6248770000	-0.178591257799999986	-0.400206084899999981
6248820000	-0.18379204469999999	-0.397882930999999995
6248870000	-0.187436705199999998	-0.395482106599999994
6248920000	-0.192740432600000011	-0.393091683400000003
6248970000	-0.198544788800000011	-0.391076779900000004
6249020000	-0.203867633599999987	-0.389693744700000011
6249070000	-0.208491143500000004	-0.38608582520000001
6249120000	-0.213318485599999996	-0.385061551999999974
6249170000	-0.218949411900000002	-0.380236221500000027
6249220000	-0.224387046000000007	-0.379157015300000011
6249270000	-0.229979507	-0.374902703700000006
6249320000	-0.234630939199999999	-0.372184095200000009
6249370000	-0.239535266299999994	-0.368852249399999998
6249420000	-0.243067309199999998	-0.366852680599999981
6249470000	-0.248043264099999994	-0.36288815860000001
6249520000	-0.252838586400000009	-0.35971693859999998
6249570000	-0.258283712599999993	-0.355983672299999998
6249620000	-0.264003441000000005	-0.352905460999999976
6249670000	-0.267597573600000027	-0.349830601600000013
6249720000	-0.272569830000000013	-0.347172525700000012
6249770000	-0.277401580099999989	-0.342649758500000012
6249820000	-0.282967602099999993	-0.341040917100000007
6249870000	-0.286765262799999976	-0.336561940700000006
6249920000	-0.290821503099999989	-0.331878882300000011
6249970000	-0.293851735000000003	-0.328078464100000022
6250020000	-0.299640284099999987	-0.325492890199999996
6250070000	-0.303460855400000007	-0.322796601100000025
6250120000	-0.307825346599999994	-0.318249188800000027
6250170000	-0.312566203599999981	-0.313517922900000023
6250220000	-0.315420148899999975	-0.310577906800000025
6250270000	-0.319497625100000016	-0.305059377700000023
6250320000	-0.324477880300000021	-0.301010544699999993
6250370000	-0.32785934379999998	-0.297495597800000011
6250420000	-0.332705520199999993	-0.293261719099999985
6250470000	-0.335748812999999979	-0.288941321299999998
6250520000	-0.339854542699999984	-0.284568819099999981
6250570000	-0.343954504200000011	-0.280636325799999975
6250620000	-0.347176027200000015	-0.275852569900000011
6250670000	-0.351286232099999984	-0.271911857699999981
6250720000	-0.353816519800000007	-0.266159245300000014
6250770000	-0.358462267100000009	-0.262367886599999989
6250820000	-0.362003998800000004	-0.257196501399999999
6250870000	-0.365202688399999975	-0.253028564399999989
6250920000	-0.36726596509999998	-0.247633066900000004
6250970000	-0.372144335100000001	-0.242683805599999997
6251020000	-0.374495444700000013	-0.238085633399999996
6251070000	-0.378560140599999984	-0.233879903199999989
6251120000	-0.382802762100000027	-0.229694700000000002
6251170000	-0.385217050100000014	-0.222837587000000004
6251220000	-0.388293413600000026	-0.219136070300000013
6251270000	-0.391705939999999975	-0.212698989499999991
6251320000	-0.393060403700000005	-0.208997310800000002
6251370000	-0.394770182899999988	-0.204262531299999994
6251420000	-0.399639822300000003	-0.198550750599999992
6251470000	-0.401540677999999984	-0.193294756499999998
6251520000	-0.404141753100000001	-0.1889227349
6251570000	-0.406843559399999999	-0.184141008800000006
6251620000	-0.408446759900000012	-0.177255171099999997
6251670000	-0.411551195799999991	-0.172044798999999998
6251720000	-0.414275589399999977	-0.16748650100000001
6251770000	-0.416122648699999986	-0.162126651799999993
6251820000	-0.418697007399999988	-0.156186313699999996
6251870000	-0.421828878100000026	-0.151518179199999992
6251920000	-0.423420404699999975	-0.145191718899999989
6251970000	-0.424093086000000008	-0.140586579999999989
6252020000	-0.426353201999999987	-0.134438770499999999
6252070000	-0.428296818000000024	-0.130602369200000012
6252120000	-0.42902680230000001	-0.122877560499999997
6252170000	-0.431197136699999983	-0.119178692599999997
6252220000	-0.433363071499999974	-0.112220659200000003
6252270000	-0.435707645199999993	-0.106194929399999999
6252320000	-0.436239514100000003	-0.101466914899999996
6252370000	-0.436423845600000027	-0.0946243464999999978
6252420000	-0.439506392899999987	-0.0903351430000000066
6252470000	-0.440814277899999996	-0.0843462732999999965
6252520000	-0.441792087499999986	-0.0783463766999999978
6252570000	-0.443425720999999995	-0.0723221381000000024
6252620000	-0.443667106899999997	-0.0673151017000000046
6252670000	-0.444242477899999988	-0.0613455489999999992
6252720000	-0.444883054399999978	-0.0547157371000000017
6252770000	-0.446481159800000027	-0.0493572638999999966
6252820000	-0.446691594899999989	-0.0439110579000000015
6252870000	-0.448103872000000014	-0.0372588033999999985
6252920000	-0.448738699700000021	-0.0323304042000000028
6252970000	-0.44901235220000002	-0.0257030838999999997
6253020000	-0.448001985400000025	-0.0198254178000000017
6253070000	-0.448743427400000006	-0.0135296689999999994
6253120000	-0.450005051200000006	-0.00805368599999999914
6253170000	-0.450556863899999993	-0.00250149249999999986
6253220000	-0.449609240099999974	0.00365398970000000009
6253270000	-0.450306174999999975	0.00950186519999999916
6253320000	-0.450184675300000003	0.0151706351999999992
6253370000	-0.450704516300000024	0.0206847230999999999
6253420000	-0.449827505299999986	0.0271364701999999985
6253470000	-0.44847820770000002	0.0324411380000000013
6253520000	-0.448351421899999991	0.0372629126000000033
6253570000	-0.448848460800000015	0.0447014364999999969
6253620000	-0.448221424699999982	0.0503005545999999984
6253670000	-0.446748802200000017	0.0562522374000000019
6253720000	-0.447751964499999988	0.0611913105999999998
6253770000	-0.445403211700000023	0.0677842933000000064
6253820000	-0.445239347800000018	0.0734136321999999952
6253870000	-0.443801926700000016	0.0799966995000000042
6253920000	-0.443772561399999987	0.0859873406000000035
6253970000	-0.442287697699999982	0.0919139546000000002
6254020000	-0.441397820499999982	0.0963716594999999981
6254070000	-0.439940869999999984	0.103130180200000005
6254120000	-0.438837274300000024	0.108952145700000003
6254170000	-0.436644499799999974	0.114509633200000002
6254220000	-0.435132704500000023	0.120499832400000007
6254270000	-0.435295429000000011	0.125982683600000006
6254320000	-0.434356303399999977	0.1314755544
6254370000	-0.431242619800000004	0.136974176499999989
6254420000	-0.429958463700000015	0.141940555800000007
6254470000	-0.427857852099999991	0.147735806299999994
6254520000	-0.425434637800000015	0.154273841500000009
6254570000	-0.424032026299999976	0.158765261699999993
6254620000	-0.423061420399999999	0.165818800500000002
6254670000	-0.419505295900000019	0.1710043329
6254720000	-0.417698795700000014	0.176296152600000006
6254770000	-0.415304614100000025	0.182074761000000002
6254820000	-0.412941438200000011	0.186996129399999989
6254870000	-0.411345444399999982	0.192810415600000007
6254920000	-0.408259395600000019	0.196931669499999989
6254970000	-0.405028198800000017	0.202345321200000011
6255020000	-0.404465470499999979	0.208890713000000006
6255070000	-0.400951436900000013	0.213898908199999988
6255120000	-0.397472265800000002	0.218820175199999994
6255170000	-0.395743299800000004	0.223960373399999996
6255220000	-0.392157515999999984	0.228258711599999997
6255270000	-0.389445794700000014	0.234341614000000004
6255320000	-0.386700621799999977	0.239608768899999991
6255370000	-0.383417505200000008	0.244596575000000011
6255420000	-0.378930935400000002	0.249795093899999987
6255470000	-0.376616577499999994	0.2559644217
6255520000	-0.373075439399999986	0.261597212099999976
6255570000	-0.369145157300000026	0.264589739699999993
6255620000	-0.366579061500000025	0.270297680699999987
6255670000	-0.363746323500000024	0.274884290400000009
6255720000	-0.357865261200000007	0.278813270200000018
6255770000	-0.355690257700000012	0.284243696499999976
6255820000	-0.352878296899999999	0.288322634299999991
6255870000	-0.348186644900000009	0.292670025
6255920000	-0.344977232999999994	0.297559522899999984
6255970000	-0.340585408899999997	0.30176686920000001
6256020000	-0.337488253999999988	0.306208689799999989
6256070000	-0.333979389800000026	0.311844832199999977
6256120000	-0.328604286299999993	0.315792077399999982
6256170000	-0.325481887600000019	0.320281357200000005
6256220000	-0.32096139429999998	0.323786017599999976
6256270000	-0.31701532659999998	0.329207797400000002
6256320000	-0.312252611600000007	0.331922039599999996
6256370000	-0.307628580400000018	0.335968202699999996
6256420000	-0.304090088500000022	0.341791573299999984
6256470000	-0.298707773600000004	0.345992789700000025
6256520000	-0.294633958500000015	0.348466566400000011
6256570000	-0.289823113000000021	0.353316643099999994
6256620000	-0.285330700300000017	0.356994055500000018
6256670000	-0.280469174599999982	0.360399607499999997
6256720000	-0.27623290490000002	0.364165579700000019
6256770000	-0.271736304300000009	0.367413426799999998
6256820000	-0.267404882899999974	0.371448715500000026
6256870000	-0.260783644099999989	0.375283225200000015
6256920000	-0.2571661435	0.378283528699999982
6256970000	-0.251153674499999979	0.380754287299999994
6257020000	-0.247005297900000004	0.384441556000000018
6257070000	-0.241989335299999997	0.388770769700000018
6257120000	-0.237139573399999998	0.390878919200000008
6257170000	-0.231264034000000007	0.394262271399999975
6257220000	-0.226746378599999993	0.397196633000000021
6257270000	-0.220079238199999999	0.400882896900000008
6257320000	-0.215710904600000003	0.404724851300000021
6257370000	-0.212131798799999993	0.406911056400000026
6257420000	-0.206230536999999992	0.410064703099999983
6257470000	-0.201007411200000013	0.411801673500000021
6257520000	-0.194891187699999996	0.41419555819999998
6257570000	-0.189559351300000012	0.418066055400000025
6257620000	-0.184285974299999988	0.418565259099999976
6257670000	-0.180015378199999992	0.4214494352
6257720000	-0.172394162399999995	0.425022110800000019
6257770000	-0.167303487899999992	0.427801304599999987
6257820000	-0.1625603095	0.429498656799999989
6257870000	-0.155541268099999991	0.430821680599999979
6257920000	-0.151640493600000009	0.433112397599999976
6257970000	-0.144727481399999997	0.434828573200000013
6258020000	-0.139036155100000003	0.437784568400000018
6258070000	-0.133317471500000007	0.439055147699999981
6258120000	-0.127134834700000005	0.440974842500000019
6258170000	-0.121915137399999998	0.441723606800000002
6258220000	-0.116300702000000006	0.44369893119999998
6258270000	-0.110545416100000002	0.445589908099999987
6258320000	-0.103815984299999997	0.4472095767
6258370000	-0.0990848864000000024	0.448979372400000021
6258420000	-0.0925162248999999992	0.450258182000000007
6258470000	-0.0869673732000000033	0.450374453299999977
6258520000	-0.0812357139000000061	0.452379481699999975
6258570000	-0.0744397059	0.452391598000000006
6258620000	-0.0697173799000000011	0.454541791400000006
6258670000	-0.0623805577999999999	0.455043843900000022
6258720000	-0.0574443728999999986	0.45569453900000001
6258770000	-0.0509653439000000014	0.457366601400000017
6258820000	-0.0448601915000000004	0.456790538000000024
6258870000	-0.0389442305999999974	0.458121095099999986
6258920000	-0.0336933842000000025	0.45834860249999998
6258970000	-0.0288274430999999991	0.457928069699999996
6259020000	-0.0210386514000000004	0.4593664623
6259070000	-0.0156870344000000009	0.459968320400000019
6259120000	-0.00898504919999999936	0.460691293399999979
6259170000	-0.00247277219999999989	0.459082957700000016
6259220000	0.00295225550000000015	0.460273845199999976
6259270000	0.00900295069999999982	0.458436745199999995
6259320000	0.0149585822000000007	0.460784857499999978
6259370000	0.020463352399999999	0.460343902799999982
6259420000	0.0256914783999999986	0.459682258800000021
6259470000	0.0321801429	0.460096177599999989
6259520000	0.0393352105000000021	0.4597302043
6259570000	0.0450484547999999985	0.457327087600000015
6259620000	0.0514048393999999992	0.457006685199999985
6259670000	0.0565361117000000024	0.457584323999999987
6259720000	0.0621601318999999986	0.455737054400000008
6259770000	0.0685063293999999962	0.454475996699999996
6259820000	0.0747188924999999948	0.453870588899999983
6259870000	0.0807853359999999993	0.453003132500000016
6259920000	0.0860068256999999975	0.452563379099999996
6259970000	0.0916569554000000036	0.451926117800000027
6260020000	0.0987823579000000063	0.450392885999999992
6260070000	0.105533211599999996	0.448489078099999994
6260120000	0.110103573600000004	0.447176715300000027
6260170000	0.115423905500000007	0.44607879960000002
6260220000	0.121170362399999995	0.443835546600000019
6260270000	0.12876777980000001	0.442407912600000008
6260320000	0.133842438000000008	0.440384888600000024
6260370000	0.139153459199999996	0.439418819800000027
6260420000	0.14445568310000001	0.438465534699999993
6260470000	0.150756513399999986	0.435289230699999974
6260520000	0.156339591400000005	0.434660307400000001
6260570000	0.16294715970000001	0.431227837599999997
6260620000	0.167840451599999996	0.428382099700000019
6260670000	0.173259350300000003	0.427224802700000017
6260720000	0.178347395699999994	0.425438279699999977
6260770000	0.185543209099999995	0.421954940300000025
6260820000	0.18986084210000001	0.420230388600000004
6260870000	0.194760385400000013	0.417685871799999997
6260920000	0.200796523899999996	0.414911952299999998
