# freq, I e Q
6147754582	-0.15463737159999999	-0.15573840080000001
6147756582	-0.153203416399999987	-0.156828845800000005
6147758582	-0.152761362499999997	-0.155457881599999986
6147760582	-0.154851230799999989	-0.155006622000000011
6147762582	-0.152956924699999997	-0.153433819599999993
6147764582	-0.152714312699999993	-0.156107305800000012
6147766582	-0.151337650900000009	-0.153979535899999992
6147768582	-0.158830588299999992	-0.152380857000000008
6147770582	-0.154214839599999987	-0.153499531200000011
6147772582	-0.155270368600000014	-0.153742012600000005
6147774582	-0.157855344600000003	-0.155258036500000002
6147776582	-0.155838214599999997	-0.152818832799999998
6147778582	-0.152057740299999994	-0.152507187099999997
6147780582	-0.153853564599999992	-0.155609839700000002
6147782582	-0.157490707499999993	-0.15513102279999999
6147784582	-0.159112346500000001	-0.149067581899999996
6147786582	-0.153090799599999994	-0.152886612000000005
6147788582	-0.156384017399999992	-0.151768323300000008
6147790582	-0.153310006700000001	-0.155491488399999989
6147792582	-0.154742697699999987	-0.149180750499999987
6147794582	-0.158125491000000007	-0.152424196000000012
6147796582	-0.154688422200000009	-0.150013141500000002
6147798582	-0.157181222399999987	-0.151197849500000009
6147800582	-0.155697602099999999	-0.151614487299999989
6147802582	-0.156843579600000005	-0.153095518200000003
6147804582	-0.162268272200000008	-0.153959306200000007
6147806582	-0.156446592100000004	-0.152419070299999987
6147808582	-0.158041713400000006	-0.1524367955
6147810582	-0.153504597399999998	-0.149913731100000003
6147812582	-0.155796438600000003	-0.152766128899999992
6147814582	-0.158173186399999999	-0.148569038099999995
6147816582	-0.158207130800000012	-0.149347013299999998
6147818582	-0.154733256499999999	-0.148663662800000013
6147820582	-0.159066879299999991	-0.150306189700000009
6147822582	-0.15469087749999999	-0.154076540699999986
6147824582	-0.153723502600000006	-0.151430653800000009
6147826582	-0.158472539999999995	-0.151578962099999992
6147828582	-0.153318101600000006	-0.150618401200000002
6147830582	-0.156707700499999991	-0.15248875449999999
6147832582	-0.159004920299999991	-0.146558897699999996
6147834582	-0.150802939999999996	-0.144284062600000013
6147836582	-0.157256565799999998	-0.151973935899999996
6147838582	-0.155789384499999989	-0.148925414799999989
6147840582	-0.157296611499999989	-0.148696206800000008
6147842582	-0.155544307900000012	-0.149171700200000007
6147844582	-0.157345287100000009	-0.148323082800000006
6147846582	-0.156166421100000008	-0.148474903800000002
6147848582	-0.159899637099999992	-0.149662252899999987
6147850582	-0.156849983800000009	-0.148096133800000002
6147852582	-0.158585499600000013	-0.148881815800000011
6147854582	-0.158786726900000008	-0.143975660799999988
6147856582	-0.157526437500000005	-0.14713603019999999
6147858582	-0.157845745499999995	-0.14583317970000001
6147860582	-0.157423812999999996	-0.146879611399999999
6147862582	-0.15770078970000001	-0.146911123899999996
6147864582	-0.157693758900000008	-0.146049742300000007
6147866582	-0.160222154899999997	-0.14739606059999999
6147868582	-0.155882503799999989	-0.146596231500000007
6147870582	-0.159847082499999987	-0.149269434300000003
6147872582	-0.159819535699999987	-0.147303330399999988
6147874582	-0.160818499300000001	-0.147391884299999998
6147876582	-0.159619466500000001	-0.145686171199999992
6147878582	-0.161249741499999988	-0.147796875599999988
6147880582	-0.161036173899999996	-0.145058918700000011
6147882582	-0.159184046999999995	-0.145933551699999997
6147884582	-0.159833566300000007	-0.147804793200000006
6147886582	-0.162678026000000003	-0.147202558300000008
6147888582	-0.158725883300000009	-0.146137819899999993
6147890582	-0.154909876000000002	-0.141278829699999997
6147892582	-0.159907490099999994	-0.14307234860000001
6147894582	-0.156612525400000008	-0.14029169259999999
6147896582	-0.160503300900000007	-0.142065232099999994
6147898582	-0.158733808799999987	-0.144793653900000013
6147900582	-0.159206323199999999	-0.143647708799999996
6147902582	-0.159577189799999991	-0.142254922400000011
6147904582	-0.164365809299999999	-0.140360450400000003
6147906582	-0.158338323899999994	-0.144221190400000004
6147908582	-0.155660792900000011	-0.142497778699999994
6147910582	-0.159423033200000008	-0.142345674700000008
6147912582	-0.16148210469999999	-0.141768660699999993
6147914582	-0.161789628600000013	-0.140197460899999987
6147916582	-0.1594344751	-0.144002239599999998
6147918582	-0.161605701500000004	-0.138926597499999999
6147920582	-0.159463536200000006	-0.141849464600000003
6147922582	-0.1584990909	-0.143993218899999997
6147924582	-0.16009819019999999	-0.141461833700000011
6147926582	-0.158075547799999994	-0.14141049
6147928582	-0.164174850900000002	-0.142210152799999989
6147930582	-0.159044545300000006	-0.142247955399999987
6147932582	-0.161880090700000007	-0.141133540199999991
6147934582	-0.161676331000000006	-0.138586701000000007
6147936582	-0.16191051749999999	-0.136825312599999999
6147938582	-0.158362637199999989	-0.140577929399999996
6147940582	-0.159737897099999998	-0.14208883080000001
6147942582	-0.1596212303	-0.140501806199999996
6147944582	-0.162439194099999989	-0.142648343399999988
6147946582	-0.16205467870000001	-0.142183427599999995
6147948582	-0.159667956599999994	-0.142000151299999988
6147950582	-0.161924970499999987	-0.13874645599999999
6147952582	-0.159920200799999995	-0.141312151899999988
6147954582	-0.159449286999999995	-0.140423068300000009
6147956582	-0.165175074300000002	-0.140276524600000008
6147958582	-0.16039284370000001	-0.139629359600000003
6147960582	-0.16175269980000001	-0.140609813299999997
6147962582	-0.167263127499999997	-0.141455579500000012
6147964582	-0.166977949399999992	-0.137293228099999998
6147966582	-0.16614771410000001	-0.136176695699999989
6147968582	-0.16232936819999999	-0.138607827600000011
6147970582	-0.162262845099999997	-0.134628183799999995
6147972582	-0.16251322809999999	-0.1410125458
6147974582	-0.160957346299999998	-0.136165773699999992
6147976582	-0.162238086899999995	-0.13839484299999999
6147978582	-0.16384341429999999	-0.136016155700000002
6147980582	-0.163739357199999991	-0.139917527600000008
6147982582	-0.163382257199999992	-0.140100118200000012
6147984582	-0.160444188500000001	-0.134344047699999997
6147986582	-0.163452651000000004	-0.135457819400000012
6147988582	-0.163686700699999993	-0.135723530199999998
6147990582	-0.159391320599999997	-0.134805260300000007
6147992582	-0.165825377899999987	-0.134883986799999994
6147994582	-0.163336153000000012	-0.136706905999999989
6147996582	-0.164286432099999991	-0.13645270679999999
6147998582	-0.162852986799999988	-0.1356591402
6148000582	-0.163808186900000013	-0.132251364199999999
6148002582	-0.162171654400000004	-0.133327159800000011
6148004582	-0.160531281199999987	-0.13235671730000001
6148006582	-0.163638849700000005	-0.133885079099999998
6148008582	-0.162458018600000004	-0.135192060499999989
6148010582	-0.163912221400000002	-0.135268328500000007
6148012582	-0.163615232599999993	-0.131449960599999999
6148014582	-0.163123847500000002	-0.134588613400000001
6148016582	-0.165143011000000006	-0.128911146100000013
6148018582	-0.164396603499999988	-0.136031700799999988
6148020582	-0.161867270400000013	-0.131220607099999997
6148022582	-0.164483264900000009	-0.131443200300000007
6148024582	-0.163521187600000006	-0.130968300300000007
6148026582	-0.164298236300000011	-0.131593863000000005
6148028582	-0.163509233899999995	-0.132657236699999986
6148030582	-0.161170277700000003	-0.134439795899999992
6148032582	-0.162501485499999987	-0.134450263399999992
6148034582	-0.166594176900000002	-0.131362434299999997
6148036582	-0.162394664800000005	-0.128936052899999987
6148038582	-0.162439658999999986	-0.128452973800000009
6148040582	-0.164801448399999995	-0.133181953999999991
6148042582	-0.162315777900000013	-0.129084934799999995
6148044582	-0.162894062400000011	-0.1297159752
6148046582	-0.163416014599999992	-0.129524294200000001
6148048582	-0.163454550400000009	-0.125524077799999995
6148050582	-0.163177979100000009	-0.125351932599999993
6148052582	-0.16144532780000001	-0.131453730399999996
6148054582	-0.161333032300000012	-0.131692179599999987
6148056582	-0.165436951800000009	-0.130630970200000002
6148058582	-0.163899705400000012	-0.130863968200000014
6148060582	-0.167044446200000002	-0.13186801540000001
6148062582	-0.167726657299999998	-0.128799489900000008
6148064582	-0.161831269299999997	-0.128211527399999997
6148066582	-0.166090188999999999	-0.125916737299999998
6148068582	-0.162216522299999999	-0.127819990500000008
6148070582	-0.162266529900000012	-0.128157934800000012
6148072582	-0.164990102400000005	-0.126137429299999992
6148074582	-0.165032746000000008	-0.126112681100000013
6148076582	-0.165392576200000002	-0.128104396700000012
6148078582	-0.159820333199999998	-0.126935375299999986
6148080582	-0.166584599400000005	-0.124459086900000002
6148082582	-0.162520546500000002	-0.127568278400000013
6148084582	-0.1617916509	-0.128712280200000001
6148086582	-0.165324847500000011	-0.123757535900000007
6148088582	-0.161234472900000009	-0.124881430500000001
6148090582	-0.165560890099999997	-0.125815954499999993
6148092582	-0.165707726199999988	-0.125074733699999996
6148094582	-0.167470831399999992	-0.125619879099999998
6148096582	-0.163979322499999997	-0.122858135300000004
6148098582	-0.166828019500000008	-0.122745199700000002
6148100582	-0.164060531499999995	-0.125373987299999989
6148102582	-0.164864796499999994	-0.121406907999999994
6148104582	-0.161597115099999994	-0.123408006799999997
6148106582	-0.163136189200000004	-0.120760698299999997
6148108582	-0.166630208299999999	-0.123826231100000003
6148110582	-0.163437138900000001	-0.125513685699999988
6148112582	-0.168842622999999997	-0.120790393600000004
6148114582	-0.165920604599999993	-0.122840518300000007
6148116582	-0.1638885229	-0.121338214999999999
6148118582	-0.164476965400000008	-0.121831794899999998
6148120582	-0.161698884099999995	-0.120157586499999997
6148122582	-0.167855677399999986	-0.117120355199999998
6148124582	-0.167720048199999999	-0.121428085000000005
6148126582	-0.163122450000000002	-0.122021425399999994
6148128582	-0.16349988800000001	-0.120690053399999997
6148130582	-0.166900668700000004	-0.116984305799999994
6148132582	-0.165430207299999993	-0.121102039300000006
6148134582	-0.168597651600000009	-0.123089883400000003
6148136582	-0.1642148249	-0.120736285600000007
6148138582	-0.165269816200000003	-0.120656557999999997
6148140582	-0.167540472699999998	-0.116977586300000005
6148142582	-0.165335628499999998	-0.1220976478
6148144582	-0.165675739300000013	-0.117875085700000007
6148146582	-0.166415687400000012	-0.118595110300000001
6148148582	-0.16291622380000001	-0.1176898579
6148150582	-0.164633273800000007	-0.118556259100000005
6148152582	-0.166553027900000011	-0.121319283799999997
6148154582	-0.166593626500000008	-0.121245160500000004
6148156582	-0.166187871799999998	-0.123282164
6148158582	-0.166980057200000004	-0.119329819899999995
6148160582	-0.166997007800000014	-0.119246979599999997
6148162582	-0.16718392600000001	-0.114554485600000006
6148164582	-0.163847549199999998	-0.118649667200000003
6148166582	-0.165298794100000007	-0.117175673699999996
6148168582	-0.168349031600000004	-0.115419754099999994
6148170582	-0.164480993599999986	-0.117052468699999995
6148172582	-0.164745007100000007	-0.113243649399999993
6148174582	-0.164806086500000004	-0.116904878599999998
6148176582	-0.166985901200000009	-0.116266774899999994
6148178582	-0.166443755400000004	-0.115330953900000005
6148180582	-0.165907134300000009	-0.113440872799999995
6148182582	-0.165530743000000008	-0.111786193199999995
6148184582	-0.166886146099999993	-0.116386315899999995
6148186582	-0.165832048799999993	-0.113783523900000003
6148188582	-0.166811967400000011	-0.109673141299999999
6148190582	-0.164568010799999997	-0.1074295262
6148192582	-0.168167285899999991	-0.112203460300000002
6148194582	-0.165903606499999995	-0.111222647199999997
6148196582	-0.165709543200000003	-0.109515504700000002
6148198582	-0.166377499900000003	-0.114879948800000006
6148200582	-0.164721991499999998	-0.108284049300000004
6148202582	-0.164816891500000007	-0.112165648399999998
6148204582	-0.1666871714	-0.1138259982
6148206582	-0.163129781700000004	-0.109790921799999996
6148208582	-0.164932931100000013	-0.112262620100000002
6148210582	-0.165053088600000009	-0.111365634199999994
6148212582	-0.163819417200000012	-0.1117036208
6148214582	-0.169155836899999995	-0.111273754000000002
6148216582	-0.167995175999999996	-0.109366484700000002
6148218582	-0.166480617299999994	-0.107924227299999995
6148220582	-0.162000857199999987	-0.107940545299999996
6148222582	-0.166313825800000009	-0.110892232899999998
6148224582	-0.164050674600000002	-0.109344566700000007
6148226582	-0.165748906899999993	-0.110004175400000001
6148228582	-0.164377038899999994	-0.107105829200000002
6148230582	-0.167498576900000001	-0.1094387691
6148232582	-0.16757909800000001	-0.107553556300000006
6148234582	-0.163138431599999995	-0.106342808799999994
6148236582	-0.166348224099999997	-0.104938567100000005
6148238582	-0.167979770800000011	-0.107744963700000002
6148240582	-0.168720888799999996	-0.107413757100000007
6148242582	-0.167172911899999999	-0.106859599700000002
6148244582	-0.1664875418	-0.103066700600000005
6148246582	-0.164449367699999988	-0.105248637300000003
6148248582	-0.165235540600000008	-0.101135374799999997
6148250582	-0.168007384700000012	-0.102202899
6148252582	-0.164535868599999996	-0.104920881199999996
6148254582	-0.165689422899999994	-0.102339854499999994
6148256582	-0.163728025700000002	-0.100657677000000001
6148258582	-0.164168794499999993	-0.102381513499999993
6148260582	-0.162085962599999994	-0.103588594899999997
6148262582	-0.165286897500000002	-0.1018706006
6148264582	-0.162199366099999992	-0.104451942000000006
6148266582	-0.167619695699999988	-0.1030307632
6148268582	-0.167471655299999994	-0.102497145799999995
6148270582	-0.165585849099999988	-0.1017714698
6148272582	-0.162150485000000011	-0.099664501099999997
6148274582	-0.165202529999999986	-0.1036389853
6148276582	-0.161266793900000011	-0.101199798999999993
6148278582	-0.162501344800000003	-0.102661060700000001
6148280582	-0.166361052300000006	-0.100992985100000002
6148282582	-0.166572199899999995	-0.101731565400000001
6148284582	-0.165121853000000013	-0.0979933273000000021
6148286582	-0.161839945799999996	-0.0980748106000000064
6148288582	-0.166573013900000011	-0.0975255414999999931
6148290582	-0.164645495100000011	-0.1002611588
6148292582	-0.164491105700000001	-0.101796759299999998
6148294582	-0.161662217500000011	-0.0985156903999999944
6148296582	-0.163969889600000002	-0.0991995123000000006
6148298582	-0.16353456890000001	-0.0962713161999999983
6148300582	-0.163124153999999993	-0.0978788040999999942
6148302582	-0.165777686099999988	-0.0961661716999999971
6148304582	-0.164553865599999988	-0.0961155912999999973
6148306582	-0.1653321237	-0.096891882400000004
6148308582	-0.160551907299999991	-0.0961394215999999968
6148310582	-0.16507917250000001	-0.0981760106000000021
6148312582	-0.163810259399999991	-0.0953072283999999992
6148314582	-0.15876142330000001	-0.0912214419000000054
6148316582	-0.162086071199999987	-0.0950646958000000014
6148318582	-0.162951392400000006	-0.0910897424000000067
6148320582	-0.165820064399999995	-0.0938234307000000017
6148322582	-0.161208327900000004	-0.0945737516000000056
6148324582	-0.1648095168	-0.093376513800000005
6148326582	-0.16481552020000001	-0.095154563999999997
6148328582	-0.160135168900000013	-0.0953981017000000014
6148330582	-0.168595524599999991	-0.0933662558000000059
6148332582	-0.16139095349999999	-0.0929140556000000034
6148334582	-0.163726981800000004	-0.0907169629000000033
6148336582	-0.164122479799999998	-0.0915457015000000068
6148338582	-0.162101712799999992	-0.088688636500000001
6148340582	-0.164534320300000009	-0.0906896412999999985
6148342582	-0.164879494200000004	-0.0888418093000000048
6148344582	-0.161237492199999999	-0.0874385478000000022
6148346582	-0.162673900700000013	-0.0872410406999999943
6148348582	-0.159629211699999995	-0.0872262574000000068
6148350582	-0.16082031329999999	-0.0873721697000000019
6148352582	-0.164065636600000009	-0.0846969615000000009
6148354582	-0.16214780379999999	-0.0904409097000000023
6148356582	-0.162285909199999995	-0.0903959649999999948
6148358582	-0.159775638800000008	-0.0924658681999999954
6148360582	-0.161923910300000001	-0.0896610193999999999
6148362582	-0.160122500700000003	-0.0909282577000000009
6148364582	-0.160854194400000011	-0.0869473837000000055
6148366582	-0.16178100849999999	-0.0855707467000000055
6148368582	-0.159061684600000003	-0.084313943500000002
6148370582	-0.16570260710000001	-0.0915455275999999957
6148372582	-0.160560947300000006	-0.0860431202999999978
6148374582	-0.156919488800000007	-0.0856500411000000045
6148376582	-0.159415166599999991	-0.0843577469000000024
6148378582	-0.158772789299999995	-0.0896225694999999989
6148380582	-0.159246514400000011	-0.0877660573999999999
6148382582	-0.158565851300000005	-0.0862024244999999995
6148384582	-0.15875004949999999	-0.0847353549000000039
6148386582	-0.158391284699999996	-0.0865710747000000003
6148388582	-0.162862748299999999	-0.0863792166999999972
6148390582	-0.160301881300000004	-0.0879374361000000021
6148392582	-0.158104532800000003	-0.0832721522999999991
6148394582	-0.157980447200000013	-0.0799511968999999934
6148396582	-0.157490835100000004	-0.0823623210999999966
6148398582	-0.155544611199999988	-0.0820855203000000061
6148400582	-0.154716703399999989	-0.0804092888000000061
6148402582	-0.154508856	-0.0823990844999999972
6148404582	-0.155729113000000002	-0.0791047450000000041
6148406582	-0.157361397799999997	-0.0801775792000000015
6148408582	-0.156468580100000004	-0.0755436490999999988
6148410582	-0.157291337700000006	-0.0791560278000000006
6148412582	-0.151593394500000006	-0.0767350516000000066
6148414582	-0.157219399600000004	-0.0762030214000000011
6148416582	-0.155354638500000003	-0.0782976083000000017
6148418582	-0.1575671763	-0.0791963698999999938
6148420582	-0.15642631039999999	-0.0826435115000000026
6148422582	-0.157144812999999994	-0.0743208221999999974
6148424582	-0.153037377400000008	-0.0762290065000000017
6148426582	-0.151578301299999996	-0.0787017326000000045
6148428582	-0.151544241200000013	-0.0776467244000000056
6148430582	-0.156110697200000009	-0.0759629244000000065
6148432582	-0.152486092299999987	-0.0758600184000000066
6148434582	-0.15638580090000001	-0.0752332220999999968
6148436582	-0.1525149435	-0.072907182299999998
6148438582	-0.150525694900000007	-0.0751447085999999986
6148440582	-0.151659160799999998	-0.0742388261999999965
6148442582	-0.15064543720000001	-0.0754697327999999945
6148444582	-0.150688761000000004	-0.071606825299999996
6148446582	-0.153778790400000004	-0.0731377307000000004
6148448582	-0.153368025699999994	-0.0757298740000000026
6148450582	-0.151412980499999988	-0.0728623278999999957
6148452582	-0.147052264999999988	-0.0731678065000000016
6148454582	-0.148656840699999987	-0.0741425041000000062
6148456582	-0.149154025100000004	-0.0711038075000000047
6148458582	-0.149652071100000006	-0.0696915461999999958
6148460582	-0.152316043300000009	-0.0743410124000000033
6148462582	-0.1482371881	-0.0715324268000000069
6148464582	-0.149465092399999999	-0.0697447939999999988
6148466582	-0.151092850599999995	-0.0729833096999999986
6148468582	-0.148525924499999989	-0.069966104799999998
6148470582	-0.151015402999999993	-0.0689165461999999979
6148472582	-0.149573726900000009	-0.0699263244000000034
6148474582	-0.146311508300000004	-0.0690191435000000048
6148476582	-0.14627038249999999	-0.0672858741000000038
6148478582	-0.14476342980000001	-0.0679836375999999937
6148480582	-0.147412364200000007	-0.0681272019000000034
6148482582	-0.150129814400000006	-0.0659866213000000063
6148484582	-0.146069234800000003	-0.0682996569000000053
6148486582	-0.145143493099999993	-0.0671774447999999996
6148488582	-0.148409988900000012	-0.0656297975999999977
6148490582	-0.141757986700000005	-0.0648514347999999963
6148492582	-0.143219578399999992	-0.0668798126999999992
6148494582	-0.145541902599999995	-0.0652410632000000046
6148496582	-0.141409651200000014	-0.0599862123000000011
6148498582	-0.141255436900000003	-0.0631566206999999991
6148500582	-0.143681342900000009	-0.0637089353999999997
6148502582	-0.141073545599999989	-0.0636754347000000054
6148504582	-0.138526372700000011	-0.0638052563000000017
6148506582	-0.142511547999999988	-0.0626952124999999999
6148508582	-0.140677049400000004	-0.0617301264000000016
6148510582	-0.139333088900000013	-0.0617047592000000006
6148512582	-0.137014054800000007	-0.0589851779999999992
6148514582	-0.137942611500000006	-0.0610424238999999966
6148516582	-0.138423998900000012	-0.0626878312000000021
6148518582	-0.137984085300000003	-0.0613069544000000022
6148520582	-0.1359707795	-0.0594460932000000011
6148522582	-0.134501249200000006	-0.0600561901999999981
6148524582	-0.140641166799999995	-0.0656784245999999933
6148526582	-0.135073138199999998	-0.058318977000000001
6148528582	-0.135524975800000003	-0.0574026357000000029
6148530582	-0.137273743400000009	-0.0609552527999999982
6148532582	-0.135477856400000013	-0.0595018267000000031
6148534582	-0.131095574999999992	-0.0578663984999999992
6148536582	-0.131942683799999988	-0.0596597000999999974
6148538582	-0.129772152499999988	-0.0585442411999999995
6148540582	-0.132014068600000006	-0.0555080475999999989
6148542582	-0.127381274200000005	-0.0551553399000000028
6148544582	-0.135575384900000012	-0.0585664603999999991
6148546582	-0.130748027699999991	-0.0571395622000000006
6148548582	-0.132913030900000007	-0.0603838922999999986
6148550582	-0.126908238799999989	-0.0589045483999999994
6148552582	-0.127962938199999987	-0.0560885881000000031
6148554582	-0.126923618300000013	-0.0581590176000000014
6148556582	-0.122523727700000001	-0.0559765816999999999
6148558582	-0.128886815500000002	-0.055537090800000001
6148560582	-0.124700073600000003	-0.0533486523000000004
6148562582	-0.122379925000000001	-0.0574784465999999966
6148564582	-0.122752978999999998	-0.0520456343999999987
6148566582	-0.125476107499999989	-0.0567093948
6148568582	-0.123483534300000003	-0.0524194326999999974
6148570582	-0.121710584999999996	-0.0577220311000000014
6148572582	-0.124050532399999996	-0.0576322524000000003
6148574582	-0.123337286500000004	-0.053870008300000001
6148576582	-0.121173286099999999	-0.0557897374999999987
6148578582	-0.121511996400000002	-0.0518774759999999988
6148580582	-0.119251443100000007	-0.0519867316999999968
6148582582	-0.115229299199999996	-0.0521516422000000007
6148584582	-0.117897641999999997	-0.0508901982000000003
6148586582	-0.117476670000000005	-0.0525962848999999982
6148588582	-0.1185884787	-0.0499714999000000007
6148590582	-0.116042424000000005	-0.0477440551000000019
6148592582	-0.109898243699999995	-0.0499928872999999968
6148594582	-0.109140058100000006	-0.0524680422000000021
6148596582	-0.116394478400000001	-0.0519948969999999983
6148598582	-0.115561187699999998	-0.055029463100000002
6148600582	-0.111785672700000005	-0.0515675626999999998
6148602582	-0.114276497199999993	-0.0494474827999999977
6148604582	-0.109628967999999993	-0.0515847579000000001
6148606582	-0.110160279299999997	-0.0503173849999999992
6148608582	-0.110161740199999997	-0.0519284510000000005
6148610582	-0.109240032799999998	-0.0500316472000000012
6148612582	-0.106187720299999996	-0.0511381805999999994
6148614582	-0.105158261399999994	-0.0528200320999999973
6148616582	-0.103196494700000002	-0.0568727828000000005
6148618582	-0.105238358399999996	-0.0492319359000000026
6148620582	-0.102016165899999997	-0.0503039368999999986
6148622582	-0.100876229799999995	-0.052433664599999999
6148624582	-0.104132159299999999	-0.0483141105000000001
6148626582	-0.102702363599999999	-0.0480391467000000003
6148628582	-0.103480550000000004	-0.0545431149000000018
6148630582	-0.0966450526000000032	-0.0507541837999999981
6148632582	-0.0995712009999999981	-0.0504805413000000008
6148634582	-0.0964512711999999939	-0.053468579799999999
6148636582	-0.0958324732999999984	-0.0505306418999999993
6148638582	-0.100042288199999996	-0.0529486990000000018
6148640582	-0.0938514658000000057	-0.0475021268000000024
6148642582	-0.0934804077999999983	-0.0539425429000000012
6148644582	-0.0951993352999999931	-0.0534761096000000019
6148646582	-0.0957774207999999988	-0.0557703598000000023
6148648582	-0.0935060954999999971	-0.0510698017000000004
6148650582	-0.090470030600000001	-0.0528957840000000012
6148652582	-0.0915781476000000066	-0.0544997222999999975
6148654582	-0.0927026254000000022	-0.0507843710000000018
6148656582	-0.0900783644999999938	-0.0548500363000000019
6148658582	-0.0860631713000000048	-0.0537912742999999971
6148660582	-0.0887930625000000057	-0.0567259477000000012
6148662582	-0.087052807600000004	-0.0529877776000000009
6148664582	-0.0856001212000000039	-0.0561732699999999974
6148666582	-0.0804082044000000024	-0.057502848199999998
6148668582	-0.0838193061999999989	-0.0522681367000000022
6148670582	-0.0799180491999999937	-0.0539535926000000027
6148672582	-0.0834098228000000053	-0.0594696856999999968
6148674582	-0.0786696805999999998	-0.0554754412999999974
6148676582	-0.0800197923999999977	-0.0569584911000000013
6148678582	-0.0817258854000000035	-0.0589394754999999979
6148680582	-0.0819421642000000006	-0.0552338630000000011
6148682582	-0.0753029427999999945	-0.061705511400000003
6148684582	-0.0798374711000000015	-0.0582010312999999974
6148686582	-0.0774880723000000021	-0.0619113339999999984
6148688582	-0.0744888605999999981	-0.058852212600000002
6148690582	-0.0757804725000000012	-0.0551132579999999983
6148692582	-0.0728520802999999967	-0.0595400360999999989
6148694582	-0.0715350914999999948	-0.0585399088999999997
6148696582	-0.0706257178999999957	-0.0647987711999999938
6148698582	-0.0727305990000000069	-0.0565355631999999997
6148700582	-0.0643484272000000024	-0.0638149452000000006
6148702582	-0.0691622890000000018	-0.0589769347999999985
6148704582	-0.0652550452999999947	-0.0636961939999999976
6148706582	-0.069411385000000006	-0.0651610663000000007
6148708582	-0.065815846499999997	-0.0660811002000000064
6148710582	-0.0633123874000000031	-0.0651843042999999955
6148712582	-0.0639944915999999947	-0.0622885342000000022
6148714582	-0.062964236899999998	-0.0710447446999999954
6148716582	-0.0628517199000000054	-0.0619263648000000014
6148718582	-0.060196124400000002	-0.0626322640000000069
6148720582	-0.0652193293000000035	-0.0688805574999999948
6148722582	-0.0580179321000000026	-0.0677977711999999955
6148724582	-0.0565445835000000022	-0.0716466530000000046
6148726582	-0.0602085229999999999	-0.0664424497000000031
6148728582	-0.0550380525999999981	-0.0653368908000000054
6148730582	-0.0600854488000000034	-0.0733892017999999979
6148732582	-0.0558746514000000027	-0.0707065602999999987
6148734582	-0.0566949158999999966	-0.0778337553000000015
6148736582	-0.056228163099999999	-0.0723035724000000019
6148738582	-0.0522104699000000005	-0.0776468200000000053
6148740582	-0.0550428688999999999	-0.0749594881999999935
6148742582	-0.0534890709999999991	-0.0756755023999999971
6148744582	-0.0526035587999999985	-0.0752174062000000032
6148746582	-0.0554507139999999982	-0.0731954942000000025
6148748582	-0.0551858163000000027	-0.0782076658000000063
6148750582	-0.0502661146000000017	-0.0822109577000000036
6148752582	-0.0504949311000000012	-0.0828188095000000069
6148754582	-0.0481493778999999983	-0.0839396045999999951
6148756582	-0.0498748820999999967	-0.0791040685999999937
6148758582	-0.0479326299999999969	-0.0777096746999999949
6148760582	-0.0504845063999999968	-0.0848171310999999983
6148762582	-0.0496448337000000017	-0.0802298654999999972
6148764582	-0.0494548925	-0.0829264620000000063
6148766582	-0.0461341008000000011	-0.0843101425999999987
6148768582	-0.0463982481999999988	-0.0906145470000000036
6148770582	-0.0491077056000000026	-0.0902188580999999934
6148772582	-0.0430474144999999989	-0.0871621597999999997
6148774582	-0.0448062742999999972	-0.0875024608999999953
6148776582	-0.0438380337000000009	-0.0943320061000000043
6148778582	-0.0452370232999999983	-0.0918895774999999998
6148780582	-0.0432319742000000021	-0.0968054356999999976
6148782582	-0.0453385466000000015	-0.0942733374999999985
6148784582	-0.0387326206999999978	-0.0980397888999999939
6148786582	-0.0439404285999999977	-0.0936573187000000057
6148788582	-0.0415843660999999989	-0.0988113921000000062
6148790582	-0.0418470380999999975	-0.0963450529999999999
6148792582	-0.0432370316999999976	-0.0961557393999999954
6148794582	-0.0402146649999999967	-0.100948089000000005
6148796582	-0.0403645501000000004	-0.105992197699999999
6148798582	-0.0400610978000000006	-0.104977792900000005
6148800582	-0.0399057335999999999	-0.104311780199999996
6148802582	-0.0369196970000000013	-0.101522477599999994
6148804582	-0.0393058666000000029	-0.1095021994
6148806582	-0.0339472585000000007	-0.109191348499999993
6148808582	-0.0381497675000000008	-0.104347640800000002
6148810582	-0.040364473900000003	-0.114303498399999995
6148812582	-0.0428581898000000017	-0.106817068799999998
6148814582	-0.0359569203000000004	-0.116086801599999997
6148816582	-0.0392221674000000006	-0.108034421800000002
6148818582	-0.0394194725999999981	-0.119399331299999995
6148820582	-0.0412894202999999974	-0.118075790999999999
6148822582	-0.036475949399999999	-0.111332241900000004
6148824582	-0.0414093322000000028	-0.120340202899999998
6148826582	-0.0383317364999999979	-0.121245892499999994
6148828582	-0.036853878100000001	-0.117882904699999999
6148830582	-0.0432484851999999989	-0.127087253000000011
6148832582	-0.037744637999999997	-0.120226152500000003
6148834582	-0.0411959513999999999	-0.123985714900000002
6148836582	-0.0411795068000000014	-0.126371731900000006
6148838582	-0.0390044867000000003	-0.121226745100000005
6148840582	-0.0410066224999999993	-0.125965190799999988
6148842582	-0.0375220480000000023	-0.127119220700000007
6148844582	-0.0388863876000000025	-0.125896811800000008
6148846582	-0.0386098283000000028	-0.134356785899999998
6148848582	-0.0403733002999999979	-0.127316224700000008
6148850582	-0.0391145279000000012	-0.136474751499999991
6148852582	-0.0407693006000000024	-0.133922202299999987
6148854582	-0.0419828750999999972	-0.130446148300000009
6148856582	-0.0424715899999999966	-0.137814178199999998
6148858582	-0.0387094196999999973	-0.137711239600000007
6148860582	-0.0431541479000000019	-0.140698505499999987
6148862582	-0.0434422169999999983	-0.141161069599999994
6148864582	-0.0412377335999999997	-0.136634417799999991
6148866582	-0.0419522131000000034	-0.141686986699999989
6148868582	-0.043421848300000003	-0.143364754700000013
6148870582	-0.0462946693000000006	-0.1453107025
6148872582	-0.0420786744000000018	-0.144846037799999994
6148874582	-0.0458050948000000013	-0.141956011699999995
6148876582	-0.0437812839000000023	-0.142954959699999995
6148878582	-0.0481274599999999969	-0.148505984000000008
6148880582	-0.044533458300000002	-0.14848030940000001
6148882582	-0.0486059813999999979	-0.146966334000000004
6148884582	-0.0455735362000000005	-0.14443263449999999
6148886582	-0.0493106291999999974	-0.151405027400000003
6148888582	-0.0490239070999999998	-0.148243340700000004
6148890582	-0.048428638000000003	-0.152111611499999994
6148892582	-0.050979868099999999	-0.153213811100000014
6148894582	-0.047431815799999999	-0.154009242099999999
6148896582	-0.0518372553999999972	-0.156500982600000005
6148898582	-0.0532209096999999992	-0.155466880800000012
6148900582	-0.0491350673000000016	-0.155462354100000005
6148902582	-0.0539662456999999984	-0.1546770955
6148904582	-0.0499488983000000025	-0.158817256800000001
6148906582	-0.0540253303000000004	-0.158557492599999988
6148908582	-0.0494361907000000003	-0.15717267800000001
6148910582	-0.0553779291000000007	-0.15708460660000001
6148912582	-0.0574285994000000022	-0.156484986399999998
6148914582	-0.0567988836999999969	-0.163365170599999998
6148916582	-0.0561350399000000028	-0.162140362300000007
6148918582	-0.0554011802999999983	-0.158392350900000006
6148920582	-0.0560816988999999974	-0.163710836800000009
6148922582	-0.0540670191000000022	-0.161556437299999994
6148924582	-0.0627511030999999969	-0.166869400400000006
6148926582	-0.0558281877999999981	-0.163957323799999999
6148928582	-0.059616717399999998	-0.167165235999999995
6148930582	-0.0581910475000000024	-0.166689067699999999
6148932582	-0.0590353278000000023	-0.166661659900000009
6148934582	-0.0606238648000000033	-0.166652059399999997
6148936582	-0.0681662482999999958	-0.170719133800000006
6148938582	-0.0618267741000000023	-0.168340278600000004
6148940582	-0.0666889249999999961	-0.171066814099999992
6148942582	-0.0626622477000000067	-0.170760885499999987
6148944582	-0.0650197403999999979	-0.172421647300000008
6148946582	-0.0656992943999999968	-0.169857857100000009
6148948582	-0.0670221981999999938	-0.1710039431
6148950582	-0.0619951948000000003	-0.170089783200000011
6148952582	-0.0702329775999999961	-0.174277700099999988
6148954582	-0.0696266663000000008	-0.174177667600000002
6148956582	-0.0712909174999999951	-0.172633724900000007
6148958582	-0.0677781840000000052	-0.172233210100000006
6148960582	-0.0667064896000000018	-0.17610204539999999
6148962582	-0.0685538304000000015	-0.175696388399999986
6148964582	-0.071390078100000004	-0.170812543799999994
6148966582	-0.0735384245000000047	-0.1759248162
6148968582	-0.0728903223999999988	-0.175111475900000008
6148970582	-0.0686689001999999937	-0.178356429099999991
6148972582	-0.0740840432000000049	-0.181037643899999989
6148974582	-0.0754125595999999981	-0.178193269300000012
6148976582	-0.0760594381999999958	-0.175099210700000008
6148978582	-0.0774548377999999954	-0.177729377500000008
6148980582	-0.0764532076000000033	-0.181409828299999992
6148982582	-0.0774868892000000059	-0.176870425100000006
6148984582	-0.0795368441000000037	-0.181599707999999999
6148986582	-0.0778731688000000033	-0.180526100200000011
6148988582	-0.0785068815000000003	-0.182329643399999991
6148990582	-0.0785623000000000016	-0.18327205969999999
6148992582	-0.0842301300000000003	-0.182537564499999999
6148994582	-0.0838181154000000039	-0.183076720800000009
6148996582	-0.0826409032999999987	-0.180548674200000009
6148998582	-0.0827435462999999982	-0.180503941599999995
6149000582	-0.0838321845000000038	-0.185314941600000005
6149002582	-0.0840027715000000036	-0.181752883599999998
6149004582	-0.0872769786999999936	-0.181903548400000004
6149006582	-0.0871556953000000023	-0.182997674400000004
6149008582	-0.0884570690999999937	-0.181487952499999994
6149010582	-0.0835736032999999934	-0.18396960100000001
6149012582	-0.0862902945999999976	-0.185603698700000014
6149014582	-0.0896977790999999997	-0.185019021199999995
6149016582	-0.0896562060999999966	-0.188148001300000006
6149018582	-0.0913207164000000016	-0.182923904999999998
6149020582	-0.0888181135000000038	-0.184125075599999993
6149022582	-0.0934668914000000017	-0.187676228499999986
6149024582	-0.096764691900000005	-0.183430134299999992
6149026582	-0.0921921710000000033	-0.188662581500000009
6149028582	-0.0923939243999999937	-0.184175431599999995
6149030582	-0.0972386830000000063	-0.184026680599999992
6149032582	-0.0995851435000000007	-0.188279679199999994
6149034582	-0.0945022920000000016	-0.187856297400000011
6149036582	-0.0971843316000000068	-0.186722870200000002
6149038582	-0.101101450800000006	-0.189121886900000008
6149040582	-0.0957766364000000037	-0.182209744499999993
6149042582	-0.0937005563000000014	-0.187858674499999989
6149044582	-0.0973450289999999996	-0.190267533900000008
6149046582	-0.0983498418000000041	-0.189924552400000002
6149048582	-0.101731206199999993	-0.185524119799999998
6149050582	-0.0999232448000000051	-0.190974255700000012
6149052582	-0.103165520999999996	-0.18667309909999999
6149054582	-0.101385708699999993	-0.188109782100000011
6149056582	-0.101729972799999999	-0.189863630799999988
6149058582	-0.104183461800000002	-0.188411817600000003
6149060582	-0.103577829100000005	-0.187193424400000002
6149062582	-0.103693743899999996	-0.187483699199999992
6149064582	-0.108559164599999994	-0.187846404999999994
6149066582	-0.107195554799999995	-0.1895293901
6149068582	-0.106735095200000005	-0.189291932200000013
6149070582	-0.106791618099999999	-0.188703706700000001
6149072582	-0.108589203800000006	-0.189136518100000012
6149074582	-0.107753874900000005	-0.187675942200000001
6149076582	-0.107639404100000002	-0.190046456100000011
6149078582	-0.110897522499999998	-0.190924255099999995
6149080582	-0.112442413699999993	-0.189038073400000006
6149082582	-0.110662008500000006	-0.1878726436
6149084582	-0.114536103400000006	-0.188726852400000006
6149086582	-0.113565175300000001	-0.189178087599999989
6149088582	-0.113421862900000003	-0.18843164979999999
6149090582	-0.110001019000000005	-0.18779931620000001
6149092582	-0.116130473100000006	-0.187467712199999997
6149094582	-0.116644753500000004	-0.189633088599999999
6149096582	-0.111508695000000005	-0.188156970099999987
6149098582	-0.113259932499999993	-0.1870422947
6149100582	-0.119278812100000006	-0.188362667000000011
6149102582	-0.115030299099999997	-0.187848468600000013
6149104582	-0.120220881799999998	-0.189590644499999988
6149106582	-0.117951831600000001	-0.190601861799999994
6149108582	-0.117366872799999994	-0.185826324300000012
6149110582	-0.120388276899999994	-0.186959436199999995
6149112582	-0.122510417999999996	-0.189128605700000008
6149114582	-0.121769443000000005	-0.186099230799999987
6149116582	-0.119821514800000001	-0.190148272400000012
6149118582	-0.124242451300000001	-0.191853731400000005
6149120582	-0.122764199399999996	-0.189046555100000013
6149122582	-0.1186562231	-0.188279828199999999
6149124582	-0.124405452400000005	-0.187588812999999993
6149126582	-0.122840300499999999	-0.188068445499999987
6149128582	-0.126730529600000003	-0.189819630600000011
6149130582	-0.122313588900000006	-0.189470629299999999
6149132582	-0.121930790600000005	-0.188245987599999998
6149134582	-0.127940776700000008	-0.18559542309999999
6149136582	-0.12559653400000001	-0.188545250400000003
6149138582	-0.124576919899999999	-0.184809445999999988
6149140582	-0.125212529900000008	-0.185630678599999988
6149142582	-0.130663372999999999	-0.187616411499999997
6149144582	-0.129725121500000012	-0.186573547700000009
6149146582	-0.128914532299999995	-0.187431140400000001
6149148582	-0.132084105400000013	-0.184549053200000007
6149150582	-0.130309475600000002	-0.185740346499999986
6149152582	-0.129036612200000012	-0.190213787200000012
6149154582	-0.130516925300000003	-0.18726076450000001
6149156582	-0.129676579200000003	-0.185457728099999997
6149158582	-0.129117572000000014	-0.190799827199999994
6149160582	-0.133409917399999994	-0.18592131440000001
6149162582	-0.133569563100000011	-0.184553440799999996
6149164582	-0.131963575	-0.187572239599999996
6149166582	-0.132582715099999998	-0.189538370300000009
6149168582	-0.133471089099999995	-0.187056111400000002
6149170582	-0.135047312599999997	-0.186396796799999986
6149172582	-0.134800502300000014	-0.183893889300000002
6149174582	-0.135293159999999996	-0.187441090199999993
6149176582	-0.136465572400000013	-0.187326049699999997
6149178582	-0.133062052799999997	-0.183830373800000002
6149180582	-0.138335667999999995	-0.185837020699999994
6149182582	-0.139062077000000006	-0.18340573730000001
6149184582	-0.135166442100000006	-0.185980204499999996
6149186582	-0.13907490119999999	-0.187265600700000007
6149188582	-0.139100064100000004	-0.185123439299999998
6149190582	-0.140340669899999992	-0.188431501299999998
6149192582	-0.138737452099999992	-0.181529434399999995
6149194582	-0.1433138833	-0.185782228299999991
6149196582	-0.143614952900000009	-0.184543956300000006
6149198582	-0.139782612000000001	-0.184304242600000001
6149200582	-0.140837646499999997	-0.180163108300000013
6149202582	-0.140102439299999992	-0.186953143500000002
6149204582	-0.140568611499999996	-0.18378058559999999
6149206582	-0.143867946800000007	-0.181316068699999999
6149208582	-0.145382069199999991	-0.1818729704
6149210582	-0.144501654000000007	-0.183176412199999999
6149212582	-0.141681306700000009	-0.18489379319999999
6149214582	-0.149252028000000009	-0.180318392800000005
6149216582	-0.141772354200000006	-0.18163328849999999
6149218582	-0.14472948229999999	-0.184823128899999994
6149220582	-0.144772501800000009	-0.180496876599999995
6149222582	-0.143493241399999999	-0.183652921800000007
6149224582	-0.141203289300000007	-0.183883072700000011
6149226582	-0.145934040600000009	-0.181183632799999994
6149228582	-0.145840447200000001	-0.180783635599999992
6149230582	-0.148944018499999997	-0.185119074699999997
6149232582	-0.146226730199999988	-0.181918284699999988
6149234582	-0.147694909200000002	-0.18241227539999999
6149236582	-0.1470938148	-0.182819799700000007
6149238582	-0.146846529700000006	-0.182241860799999988
6149240582	-0.1484369096	-0.178364542600000009
6149242582	-0.14879023999999999	-0.183383834999999995
6149244582	-0.14905035820000001	-0.183447762200000003
6149246582	-0.152770037400000003	-0.180985157799999991
6149248582	-0.153720580100000004	-0.185827595499999998
6149250582	-0.15082596479999999	-0.181254497399999992
6149252582	-0.149870206300000003	-0.178673885599999999
6149254582	-0.152739513100000002	-0.178485898599999998
6149256582	-0.152080067900000004	-0.180697772000000006
6149258582	-0.152445828899999997	-0.179539485599999993
6149260582	-0.150295424600000005	-0.17768023429999999
6149262582	-0.151509292399999995	-0.180877490899999993
6149264582	-0.151346460200000005	-0.177021971299999997
6149266582	-0.150932396899999988	-0.179848269799999988
6149268582	-0.153945179900000007	-0.179448877400000012
6149270582	-0.154381793500000003	-0.182246473800000003
6149272582	-0.153221133000000009	-0.177894734199999988
6149274582	-0.156980778999999987	-0.179832400700000006
6149276582	-0.152816513799999998	-0.181025005500000002
6149278582	-0.155426230700000001	-0.17648415440000001
6149280582	-0.1600735925	-0.17720142350000001
6149282582	-0.152609692399999997	-0.177965116199999995
6149284582	-0.156180824100000004	-0.179538623199999997
6149286582	-0.157627485499999997	-0.17528832720000001
6149288582	-0.154599869100000009	-0.177327030299999994
6149290582	-0.16000949049999999	-0.17759255639999999
6149292582	-0.158554312599999997	-0.176461715200000008
6149294582	-0.158661347899999999	-0.179948695900000011
6149296582	-0.162150860799999991	-0.175764256000000008
6149298582	-0.160141142099999995	-0.177151671700000013
6149300582	-0.15596618470000001	-0.1806289539
6149302582	-0.161364227599999993	-0.176832399299999998
6149304582	-0.156727971800000004	-0.176949331500000001
6149306582	-0.159351028000000006	-0.177910706199999991
6149308582	-0.16106632709999999	-0.177251911000000012
6149310582	-0.158601266600000013	-0.171888263600000007
6149312582	-0.164964594399999998	-0.173736631000000002
6149314582	-0.1599120386	-0.17458416630000001
6149316582	-0.1575761101	-0.175597577100000013
6149318582	-0.159709457299999996	-0.174958367400000009
6149320582	-0.161418087300000013	-0.173238852100000007
6149322582	-0.160836953499999991	-0.175754973499999995
6149324582	-0.162460842599999988	-0.169524926999999992
6149326582	-0.164214061500000008	-0.173015900800000011
6149328582	-0.163767977499999995	-0.172988872099999996
6149330582	-0.163811822400000001	-0.167927683699999997
6149332582	-0.166843741999999989	-0.174589124900000003
6149334582	-0.162615135100000002	-0.173100952899999994
6149336582	-0.164819763499999994	-0.173098381699999998
6149338582	-0.165735747600000011	-0.174916892600000012
6149340582	-0.163491652300000012	-0.173707788299999999
6149342582	-0.163850095299999998	-0.170484175999999987
6149344582	-0.16654948750000001	-0.169591645000000013
6149346582	-0.166023950799999986	-0.172323507600000009
6149348582	-0.165041592799999998	-0.173772111499999993
6149350582	-0.166011209900000012	-0.169423729200000012
6149352582	-0.166686165299999994	-0.171975812199999994
6149354582	-0.166513060900000009	-0.175150945000000002
6149356582	-0.165893707800000012	-0.173164763299999996
6149358582	-0.166271288099999998	-0.171795391600000014
6149360582	-0.167131874099999994	-0.173650468599999996
6149362582	-0.172591881499999988	-0.171894610700000006
6149364582	-0.168935428299999996	-0.173191987800000002
6149366582	-0.167586036999999993	-0.17285654319999999
6149368582	-0.1655967941	-0.173964684199999997
6149370582	-0.169269923799999999	-0.171782583099999997
6149372582	-0.167927294199999994	-0.170994960499999987
6149374582	-0.170419199599999988	-0.175001975700000006
6149376582	-0.170133392699999997	-0.170064404700000005
6149378582	-0.170020165599999995	-0.16989060680000001
6149380582	-0.171939785499999997	-0.167707863900000004
6149382582	-0.168789698099999996	-0.167044199799999987
6149384582	-0.169070464499999989	-0.168213822600000007
6149386582	-0.1705258526	-0.169272112299999999
6149388582	-0.171046451699999991	-0.168440768200000007
6149390582	-0.169247978100000002	-0.167410614000000013
6149392582	-0.16817148400000001	-0.168889297100000002
6149394582	-0.170481366100000004	-0.171452767000000006
6149396582	-0.174516192300000011	-0.169776852499999992
6149398582	-0.172648808900000006	-0.16791308290000001
6149400582	-0.171405214700000003	-0.168834673200000007
6149402582	-0.172592711799999993	-0.169595312100000006
6149404582	-0.169730021199999997	-0.16542159540000001
6149406582	-0.174100236200000008	-0.166687282999999992
6149408582	-0.172265103899999994	-0.166002948499999997
6149410582	-0.173264178099999999	-0.165353384900000011
6149412582	-0.17555266650000001	-0.161757256200000005
6149414582	-0.173074984900000006	-0.167699002300000011
6149416582	-0.171538767199999997	-0.169437350600000008
6149418582	-0.171888271700000012	-0.164314795399999991
6149420582	-0.176659985699999994	-0.162955054399999993
6149422582	-0.176227230799999995	-0.164371104699999993
6149424582	-0.177141133799999989	-0.168312450700000005
6149426582	-0.178783485699999994	-0.1655493153
6149428582	-0.177578270199999999	-0.167258408200000014
6149430582	-0.174839523400000002	-0.166223917999999998
6149432582	-0.172794596299999992	-0.16456051590000001
6149434582	-0.172614250899999988	-0.163392837499999999
6149436582	-0.177953601300000014	-0.164695420199999998
6149438582	-0.174570614900000004	-0.166353593299999991
6149440582	-0.177447559899999996	-0.163962416999999999
6149442582	-0.176423466499999987	-0.1635472543
6149444582	-0.17676787229999999	-0.16111616270000001
6149446582	-0.173780955200000004	-0.165916155700000012
6149448582	-0.17739557110000001	-0.163223032900000009
6149450582	-0.181477548500000002	-0.163662428800000009
6149452582	-0.173933075100000001	-0.162530160000000007
6149454582	-0.182894805500000007	-0.164263719199999991
6149456582	-0.179656722600000013	-0.159558496200000011
6149458582	-0.179049343400000005	-0.164213395600000006
6149460582	-0.1780059004	-0.164370919000000004
6149462582	-0.1827245968	-0.1618652488
6149464582	-0.179189007399999989	-0.1645520704
6149466582	-0.179739387800000011	-0.160659718899999998
6149468582	-0.180581472599999987	-0.162001630199999996
6149470582	-0.181695682299999994	-0.159023465499999989
6149472582	-0.176750273200000002	-0.160567110499999999
6149474582	-0.180836279500000002	-0.161600139599999998
6149476582	-0.182395832799999991	-0.162632004299999994
6149478582	-0.182347163899999998	-0.162420329299999999
6149480582	-0.180841144799999992	-0.158328964799999999
6149482582	-0.178859187899999994	-0.156558194900000003
6149484582	-0.178134536600000004	-0.160090034299999989
6149486582	-0.179616568599999998	-0.160358630000000002
6149488582	-0.180123584499999989	-0.159413855699999996
6149490582	-0.181708302300000013	-0.162380155500000012
6149492582	-0.180768236599999993	-0.159195271899999991
6149494582	-0.181878906000000007	-0.161682496399999986
6149496582	-0.178203678700000007	-0.154912221500000002
6149498582	-0.178866145100000012	-0.156430618900000012
6149500582	-0.181483252600000006	-0.159233622500000005
6149502582	-0.1838406504	-0.157559315700000008
6149504582	-0.183792428499999994	-0.156724276500000009
6149506582	-0.183774497199999998	-0.157393063299999997
6149508582	-0.178882241500000011	-0.159352710400000014
6149510582	-0.185750166800000005	-0.160394764800000006
6149512582	-0.183024886500000011	-0.155567563500000006
6149514582	-0.18446635489999999	-0.157287393299999995
6149516582	-0.182844980099999999	-0.159321632800000001
6149518582	-0.18088250589999999	-0.159562728999999986
6149520582	-0.184120699500000012	-0.154813355200000002
6149522582	-0.184328857900000004	-0.155806314299999998
6149524582	-0.189814179100000008	-0.153458885900000008
6149526582	-0.184577933899999991	-0.154391214400000004
6149528582	-0.186609352799999989	-0.156357167800000002
6149530582	-0.184395121999999995	-0.153741667299999996
6149532582	-0.18586372109999999	-0.157506112899999995
6149534582	-0.187641080099999996	-0.154274527100000003
6149536582	-0.18292650869999999	-0.158246016299999986
6149538582	-0.183587555399999991	-0.153532329899999986
6149540582	-0.1876081899	-0.15487280610000001
6149542582	-0.186857731599999993	-0.154161560499999989
6149544582	-0.186815990799999998	-0.15315084100000001
6149546582	-0.186975841799999987	-0.154139142000000007
6149548582	-0.183415785500000011	-0.154814572000000011
6149550582	-0.188094479300000006	-0.152187527299999986
6149552582	-0.183669367299999997	-0.15455701429999999
6149554582	-0.188222856399999999	-0.150677013299999996
6149556582	-0.187236227300000002	-0.157587802199999988
6149558582	-0.187461576399999996	-0.155330919499999998
6149560582	-0.187891948800000014	-0.152956003600000001
6149562582	-0.186899498100000006	-0.155001284600000011
6149564582	-0.187717482600000013	-0.154823664500000013
6149566582	-0.181155185999999996	-0.151945988899999995
6149568582	-0.187833755299999988	-0.15671183520000001
6149570582	-0.185499543900000008	-0.153372175199999988
6149572582	-0.191316321099999992	-0.153099389700000005
6149574582	-0.185997754500000001	-0.157508366399999988
6149576582	-0.186247856200000006	-0.150751564700000007
6149578582	-0.190145636300000004	-0.150301652400000013
6149580582	-0.187384040199999991	-0.150567134299999988
6149582582	-0.190243108599999988	-0.151914762300000006
6149584582	-0.191282908400000007	-0.149483046400000014
6149586582	-0.188770546600000005	-0.153326631600000013
6149588582	-0.190617977299999991	-0.148549545000000005
6149590582	-0.189690510400000012	-0.149593326700000001
6149592582	-0.190473844700000006	-0.148477984199999996
6149594582	-0.187252806999999993	-0.151969722400000007
6149596582	-0.19284335829999999	-0.1514030455
6149598582	-0.190814673200000007	-0.151427348299999986
6149600582	-0.19569362500000001	-0.145967901799999994
6149602582	-0.187709115300000007	-0.150265430799999988
6149604582	-0.190665376299999995	-0.147207585800000013
6149606582	-0.191338218199999993	-0.150739272899999999
6149608582	-0.191831402000000012	-0.147624157400000011
6149610582	-0.190638344799999998	-0.149313088099999991
6149612582	-0.190605081399999987	-0.150036899700000004
6149614582	-0.191707296199999988	-0.14938022740000001
6149616582	-0.189199345800000002	-0.146872457799999995
6149618582	-0.193060395500000009	-0.143642167799999998
6149620582	-0.192567701499999994	-0.150611300899999995
6149622582	-0.192122290400000006	-0.151143712799999996
6149624582	-0.192229998699999988	-0.149445766600000002
6149626582	-0.191947891300000006	-0.146087949900000014
6149628582	-0.195327406099999989	-0.145008145499999991
6149630582	-0.195286438499999992	-0.147266179500000011
6149632582	-0.192480898499999997	-0.147526186599999998
6149634582	-0.192357497500000002	-0.145370850400000001
6149636582	-0.19141532759999999	-0.147417648799999995
6149638582	-0.192418084299999986	-0.144589710799999993
6149640582	-0.194556012499999986	-0.144602211099999989
6149642582	-0.194376772100000011	-0.14334352119999999
6149644582	-0.198519311000000004	-0.144648048899999992
6149646582	-0.193352127099999993	-0.142996046999999987
6149648582	-0.193847807499999997	-0.144009158299999995
6149650582	-0.192661861099999998	-0.147465043800000001
6149652582	-0.196867393000000002	-0.144523055300000008
6149654582	-0.198421938200000009	-0.148182238699999996
6149656582	-0.195238853299999987	-0.145245256699999992
6149658582	-0.195874955699999992	-0.144132320799999991
6149660582	-0.196884848400000007	-0.145632584600000003
6149662582	-0.192829859699999995	-0.141082634600000006
6149664582	-0.19804042220000001	-0.143186759299999994
6149666582	-0.19715173929999999	-0.143682852500000013
6149668582	-0.194258318900000004	-0.143668426500000002
6149670582	-0.192190609000000012	-0.145140706499999994
6149672582	-0.196897548300000003	-0.142337703199999999
6149674582	-0.196501722099999998	-0.148644994499999988
6149676582	-0.192582127399999997	-0.143287788199999988
6149678582	-0.199095072399999989	-0.1437575663
6149680582	-0.1966634944	-0.143772929800000004
6149682582	-0.198287274099999994	-0.141644350000000002
6149684582	-0.195985706900000001	-0.145416394899999996
6149686582	-0.19965701520000001	-0.142214338200000012
6149688582	-0.197411375299999997	-0.142256665700000007
6149690582	-0.196489494300000012	-0.142434779499999997
6149692582	-0.201004890800000002	-0.143087244299999999
6149694582	-0.196639033099999999	-0.142246121599999997
6149696582	-0.19809673550000001	-0.138592197499999986
6149698582	-0.201011400899999998	-0.140802410699999991
6149700582	-0.197278495299999995	-0.141704058699999996
6149702582	-0.19687272950000001	-0.13870755139999999
6149704582	-0.198587774999999994	-0.140745984699999993
6149706582	-0.197950182499999988	-0.142872975499999999
6149708582	-0.196396204200000007	-0.143492488400000007
6149710582	-0.200308211300000011	-0.143213138399999995
6149712582	-0.193512890500000007	-0.139893631800000001
6149714582	-0.200907532400000005	-0.138771277599999993
6149716582	-0.197116947300000012	-0.140693634200000001
6149718582	-0.198492536599999991	-0.138362224400000011
6149720582	-0.19711426130000001	-0.137922041500000009
6149722582	-0.202523884799999998	-0.141406440800000005
6149724582	-0.197337874299999994	-0.139129851599999993
6149726582	-0.200294819799999996	-0.135548098499999992
6149728582	-0.198603215500000013	-0.139302284999999998
6149730582	-0.202041424500000011	-0.138488990700000009
6149732582	-0.199927922899999999	-0.137479187499999989
6149734582	-0.202270060299999999	-0.1395249291
6149736582	-0.200172732399999997	-0.138462432999999996
6149738582	-0.2000502854	-0.13551004450000001
6149740582	-0.200952617400000005	-0.13664429019999999
6149742582	-0.202837385199999998	-0.136213408400000013
6149744582	-0.199392545799999987	-0.139006659100000013
6149746582	-0.200540902800000004	-0.133667103399999987
6149748582	-0.201451542900000002	-0.140604991000000012
6149750582	-0.199696843799999996	-0.135650360599999992
6149752582	-0.201398456199999992	-0.136979157399999996
6149754582	-0.200930843400000003	-0.140277954099999991
