# freq, I e Q
6201299025	-0.22392718880000001	0.0701478393000000006
6201301025	-0.223863119400000005	0.0705722403999999998
6201303025	-0.22248415869999999	0.069055304900000003
6201305025	-0.218134963099999996	0.0715896126000000049
6201307025	-0.223569849600000009	0.0684777562000000034
6201309025	-0.222346734800000001	0.0710710434000000058
6201311025	-0.224127667599999997	0.0717779256999999948
6201313025	-0.220984193999999995	0.068926996500000004
6201315025	-0.220688056599999988	0.0730910931000000041
6201317025	-0.222736691900000006	0.0690201500999999967
6201319025	-0.220132433999999988	0.0692806923999999963
6201321025	-0.221593772100000003	0.0708269188999999938
6201323025	-0.219974751400000001	0.0691610143000000038
6201325025	-0.221283411399999991	0.0735907985999999931
6201327025	-0.222651248899999987	0.0715495562999999973
6201329025	-0.22348236660000001	0.0741894825999999952
6201331025	-0.218807247600000004	0.0715125340000000026
6201333025	-0.221023678800000012	0.0725163706999999991
6201335025	-0.220690498099999993	0.0676516219000000002
6201337025	-0.224011163499999999	0.0731113889000000045
6201339025	-0.218499744999999995	0.0688310408000000068
6201341025	-0.216658952399999993	0.0715867963000000052
6201343025	-0.221996442099999997	0.0740668089999999973
6201345025	-0.220964192599999998	0.0739080183000000029
6201347025	-0.220986138800000009	0.0747753475000000056
6201349025	-0.219730176999999999	0.0744409060999999955
6201351025	-0.217690691600000014	0.072183146399999995
6201353025	-0.219636605600000007	0.0750901035999999994
6201355025	-0.221495809099999996	0.0736814798000000049
6201357025	-0.223161011200000009	0.0735856210999999982
6201359025	-0.22317440790000001	0.076056890000000002
6201361025	-0.21576723040000001	0.074418061100000002
6201363025	-0.221454401800000006	0.074993434100000006
6201365025	-0.218495675100000009	0.0745012963000000056
6201367025	-0.217062233800000004	0.0745801197000000027
6201369025	-0.213765295800000005	0.0737718926999999941
6201371025	-0.220400811899999993	0.0807148525000000033
6201373025	-0.222050295300000006	0.0777471945999999997
6201375025	-0.218901951499999997	0.0766968920000000026
6201377025	-0.218516373000000014	0.0763029976999999998
6201379025	-0.218445258700000006	0.078866293000000004
6201381025	-0.221722820099999995	0.0775570859999999973
6201383025	-0.221888900100000008	0.0755452486999999978
6201385025	-0.220683194400000005	0.0751970131000000014
6201387025	-0.218716976300000004	0.0785219404000000037
6201389025	-0.219282033500000001	0.0765192590000000061
6201391025	-0.2182076352	0.0791417016000000029
6201393025	-0.219188938999999999	0.0802096942999999951
6201395025	-0.220058511600000006	0.0782385168999999991
6201397025	-0.221008509999999991	0.0773210827000000017
6201399025	-0.217574155399999997	0.0820336826999999991
6201401025	-0.214187042800000005	0.0795630610000000044
6201403025	-0.2204874899	0.0830228853999999961
6201405025	-0.214219121799999995	0.0772087411000000057
6201407025	-0.214315417400000013	0.0804901695
6201409025	-0.220983635900000003	0.0836067788000000034
6201411025	-0.219073685699999993	0.0824973296000000023
6201413025	-0.215483453600000013	0.0792723443000000055
6201415025	-0.215673960100000006	0.079512660299999996
6201417025	-0.217420959500000011	0.0822184308000000058
6201419025	-0.218104534300000014	0.0823483713000000006
6201421025	-0.216946235999999987	0.084759751800000005
6201423025	-0.21635632560000001	0.086031550200000001
6201425025	-0.216554882599999998	0.079294468899999998
6201427025	-0.214044757599999996	0.0844460303000000023
6201429025	-0.21503273249999999	0.0851427830999999941
6201431025	-0.218951431599999996	0.0825058117000000008
6201433025	-0.217841850400000009	0.0810417244000000009
6201435025	-0.218048865300000005	0.078772529899999999
6201437025	-0.215611368199999986	0.0849497668000000067
6201439025	-0.217888337500000001	0.0807244728999999966
6201441025	-0.214661470399999998	0.0826343278000000042
6201443025	-0.215990900900000005	0.0822326228999999964
6201445025	-0.218483072599999995	0.0850628781999999972
6201447025	-0.216644788700000007	0.0869855400000000001
6201449025	-0.211801794500000001	0.0820218018000000021
6201451025	-0.217980896400000013	0.0849331007999999943
6201453025	-0.216130775899999988	0.0861972725999999995
6201455025	-0.214463650400000011	0.0861480706999999957
6201457025	-0.216244678999999995	0.0842018665999999943
6201459025	-0.217391969699999993	0.0855771802000000054
6201461025	-0.214320480799999991	0.0837525223000000069
6201463025	-0.21423150760000001	0.0916189188999999987
6201465025	-0.214348982800000004	0.0844380958000000015
6201467025	-0.212433352399999997	0.0869940847000000017
6201469025	-0.212654785900000004	0.087822712499999997
6201471025	-0.217007216599999997	0.0894824112000000005
6201473025	-0.211954750200000014	0.0903844466000000013
6201475025	-0.215198114699999998	0.0876068371000000012
6201477025	-0.215520702199999997	0.0878835114999999972
6201479025	-0.215532504900000005	0.0850613419000000037
6201481025	-0.215063064999999998	0.0873374487000000005
6201483025	-0.213572499400000004	0.0876563518000000041
6201485025	-0.216976679700000008	0.0872975985000000038
6201487025	-0.213260664900000008	0.0901177253000000067
6201489025	-0.213889600799999996	0.087900673700000001
6201491025	-0.21694817059999999	0.0895143877000000032
6201493025	-0.216571545599999998	0.0955179530999999971
6201495025	-0.209436513399999996	0.0886039826000000058
6201497025	-0.212411858000000009	0.0869065574999999951
6201499025	-0.212130403599999989	0.0902976924000000042
6201501025	-0.213258014800000006	0.0926899666000000066
6201503025	-0.214506625700000009	0.0910450393999999996
6201505025	-0.209185060300000003	0.0909984655999999947
6201507025	-0.212692628500000008	0.0934417426999999967
6201509025	-0.217022619999999999	0.0920947458000000024
6201511025	-0.209323689099999988	0.0932858176999999955
6201513025	-0.2118704119	0.0931989431000000007
6201515025	-0.210549617100000003	0.0908094579000000013
6201517025	-0.217363333600000014	0.0880574905999999963
6201519025	-0.212583815799999992	0.0905159464999999996
6201521025	-0.208594041600000002	0.0947574090000000008
6201523025	-0.212241923500000013	0.0975699805999999947
6201525025	-0.211817088799999997	0.0937265743999999984
6201527025	-0.209390492399999989	0.0913185831000000031
6201529025	-0.213539621699999987	0.0899581995000000023
6201531025	-0.206874501200000005	0.0954188056999999978
6201533025	-0.211412442799999989	0.0964897673000000011
6201535025	-0.20693232210000001	0.0988991347999999965
6201537025	-0.211378204399999992	0.0993790543000000054
6201539025	-0.211546314499999999	0.0904965667999999973
6201541025	-0.212408166900000001	0.0950971196999999963
6201543025	-0.210564853400000002	0.0966832707000000041
6201545025	-0.212457737499999993	0.0936661134000000006
6201547025	-0.211707842000000007	0.0948737025999999983
6201549025	-0.210436982100000003	0.0976269084000000037
6201551025	-0.209529389099999991	0.0948032984999999939
6201553025	-0.207810176600000007	0.0951296425999999945
6201555025	-0.20979939219999999	0.0961942293999999976
6201557025	-0.207045191200000006	0.093213932200000002
6201559025	-0.206247578500000001	0.0967806982999999954
6201561025	-0.212557448700000012	0.0959160557000000025
6201563025	-0.213430655200000013	0.100113563200000005
6201565025	-0.211171395300000009	0.0995692053999999993
6201567025	-0.211954487100000005	0.0993184498999999943
6201569025	-0.206739658999999992	0.100231603000000002
6201571025	-0.206297902599999999	0.100501061799999999
6201573025	-0.206025624500000004	0.0965490031000000026
6201575025	-0.208438630399999991	0.100223339300000006
6201577025	-0.206584712400000009	0.0966600053000000042
6201579025	-0.206112237899999995	0.0988168563999999999
6201581025	-0.207125724000000011	0.104794027999999997
6201583025	-0.206546252499999999	0.105376318999999996
6201585025	-0.202340979199999993	0.0993137639000000044
6201587025	-0.206352790400000013	0.0990420407000000003
6201589025	-0.204220466699999992	0.105679668700000007
6201591025	-0.206824784699999986	0.106335484699999996
6201593025	-0.203428254199999992	0.0988961443000000023
6201595025	-0.206542702100000003	0.103422056999999998
6201597025	-0.202923163099999998	0.102952746600000006
6201599025	-0.204617265500000006	0.103303279799999995
6201601025	-0.201406804500000008	0.102965968800000002
6201603025	-0.209089657200000001	0.104349119700000006
6201605025	-0.204107551599999992	0.106017397400000005
6201607025	-0.205075010199999991	0.105606872199999993
6201609025	-0.204805601899999995	0.102588906699999996
6201611025	-0.201875376999999995	0.105434661700000001
6201613025	-0.203728610700000007	0.1054175641
6201615025	-0.202579935300000014	0.1015027441
6201617025	-0.203116993899999987	0.104138795000000006
6201619025	-0.208767239500000007	0.103564048300000003
6201621025	-0.205229481200000008	0.108519933700000001
6201623025	-0.200292041000000004	0.103679707600000004
6201625025	-0.20652994790000001	0.109017884699999998
6201627025	-0.2019791316	0.104162830900000003
6201629025	-0.203694809100000013	0.107779870999999999
6201631025	-0.202442164400000013	0.1071199132
6201633025	-0.201985247199999995	0.109166790200000002
6201635025	-0.204285149500000013	0.103326618100000003
6201637025	-0.200322349799999994	0.109690104199999999
6201639025	-0.202613735600000011	0.110946843000000003
6201641025	-0.204516674799999992	0.108076410900000003
6201643025	-0.202320474400000005	0.108069212499999998
6201645025	-0.19776359830000001	0.110282778999999997
6201647025	-0.200105941399999987	0.111910780500000001
6201649025	-0.198865047900000008	0.110254119400000003
6201651025	-0.203860057499999997	0.109526548900000006
6201653025	-0.200709987799999989	0.110794576899999997
6201655025	-0.198078174500000009	0.108277515300000002
6201657025	-0.19801051950000001	0.111727854500000001
6201659025	-0.197329304099999991	0.111746523299999997
6201661025	-0.195655910099999997	0.109858571200000005
6201663025	-0.196884332299999992	0.109008690399999997
6201665025	-0.198049160199999991	0.112327222099999999
6201667025	-0.198440248000000014	0.110499084999999997
6201669025	-0.199010824100000011	0.113208532700000003
6201671025	-0.196287737699999992	0.114178709099999998
6201673025	-0.19845009890000001	0.113939387899999994
6201675025	-0.196649991699999999	0.113170836600000005
6201677025	-0.194520830199999994	0.111646403699999994
6201679025	-0.198629401300000008	0.116521835599999998
6201681025	-0.199178217699999993	0.114745824499999996
6201683025	-0.194904112800000001	0.115310500199999999
6201685025	-0.198187447600000011	0.113820325799999997
6201687025	-0.1937797661	0.112226415400000001
6201689025	-0.194135953299999997	0.115721299200000002
6201691025	-0.194685782800000012	0.115364656499999996
6201693025	-0.191994519599999997	0.112084510299999995
6201695025	-0.192939302400000012	0.118943077100000003
6201697025	-0.191370336299999999	0.118794862200000004
6201699025	-0.192672589199999994	0.117428999699999995
6201701025	-0.192747796700000001	0.112968764599999993
6201703025	-0.190316310099999997	0.119117593499999994
6201705025	-0.195503885900000007	0.118441721799999997
6201707025	-0.190431606799999986	0.118821131799999993
6201709025	-0.194580698400000002	0.116345506599999995
6201711025	-0.1899540334	0.117045407300000001
6201713025	-0.191453386199999992	0.120124657800000006
6201715025	-0.191962707199999999	0.118548711500000001
6201717025	-0.185639326100000002	0.1197177455
6201719025	-0.191714019499999999	0.120902010099999999
6201721025	-0.188943010500000008	0.119675347299999998
6201723025	-0.19014408129999999	0.121962547800000001
6201725025	-0.186962794399999993	0.121424885799999993
6201727025	-0.189148684700000014	0.123183625199999994
6201729025	-0.191159929099999987	0.123853828599999993
6201731025	-0.186401453999999994	0.119309475999999998
6201733025	-0.186995006399999997	0.1204527601
6201735025	-0.189118691899999997	0.123591503300000002
6201737025	-0.187662306499999987	0.122762243100000001
6201739025	-0.185927861	0.124798069900000003
6201741025	-0.183773941800000007	0.123963396500000003
6201743025	-0.185409154599999987	0.125454281700000003
6201745025	-0.18385760570000001	0.125309635899999994
6201747025	-0.184394557600000009	0.120108628699999997
6201749025	-0.186700831399999989	0.125494004200000009
6201751025	-0.18896507970000001	0.123796314500000004
6201753025	-0.182313872300000013	0.123884215899999997
6201755025	-0.186598435600000001	0.1243222296
6201757025	-0.185952544599999992	0.124349882999999994
6201759025	-0.183171712600000008	0.126096701199999994
6201761025	-0.185516998900000007	0.130836417199999999
6201763025	-0.180944704799999995	0.130676691300000009
6201765025	-0.180691601600000001	0.124726342700000006
6201767025	-0.184890726199999994	0.125893535100000009
6201769025	-0.181964104799999998	0.13204902369999999
6201771025	-0.180710146999999988	0.128732443599999996
6201773025	-0.178594186099999996	0.12959411970000001
6201775025	-0.180110786500000009	0.127929370999999986
6201777025	-0.181443535699999992	0.125386899699999999
6201779025	-0.179944202599999992	0.128881234799999994
6201781025	-0.178875240399999996	0.131180262600000014
6201783025	-0.17627819119999999	0.1288047571
6201785025	-0.178117356000000004	0.129136425100000007
6201787025	-0.179329578099999998	0.126304236600000008
6201789025	-0.175295860100000006	0.130434871799999991
6201791025	-0.176953791999999999	0.134193026800000004
6201793025	-0.1786986827	0.134638024599999989
6201795025	-0.175510624199999993	0.132251619500000001
6201797025	-0.171244137099999999	0.131131681299999997
6201799025	-0.170430184099999993	0.131935650399999993
6201801025	-0.175129257900000002	0.133828420199999992
6201803025	-0.173128207899999997	0.129562873200000012
6201805025	-0.172572493800000004	0.1272351974
6201807025	-0.172635913899999993	0.132257710700000003
6201809025	-0.175629764599999988	0.132894390800000012
6201811025	-0.172194702199999994	0.132500395800000004
6201813025	-0.172477780200000014	0.130400820499999986
6201815025	-0.172451146100000008	0.138076509300000011
6201817025	-0.171804982699999997	0.135011166900000007
6201819025	-0.170948074899999997	0.134895334700000008
6201821025	-0.17031077	0.133074545200000005
6201823025	-0.168420148699999994	0.135978660299999998
6201825025	-0.169706283499999999	0.136977792200000004
6201827025	-0.163653626999999996	0.136239394600000008
6201829025	-0.165252082900000014	0.134287244100000008
6201831025	-0.166195134800000005	0.134814049699999994
6201833025	-0.168639869800000008	0.138382790499999991
6201835025	-0.164136194600000007	0.135875070699999989
6201837025	-0.163909105500000013	0.139682516600000001
6201839025	-0.166461357899999995	0.136033649099999987
6201841025	-0.165332237100000001	0.137931607300000009
6201843025	-0.165895070700000008	0.131714061599999988
6201845025	-0.1625096553	0.137792366999999999
6201847025	-0.162228108600000004	0.136405735299999997
6201849025	-0.163175496100000011	0.136453880199999988
6201851025	-0.160273625199999992	0.136857678300000007
6201853025	-0.160984659000000002	0.136157049800000013
6201855025	-0.159624029899999992	0.143033770300000002
6201857025	-0.162605237799999996	0.1393028023
6201859025	-0.158823701000000012	0.140209086600000005
6201861025	-0.158745744900000013	0.138415558399999999
6201863025	-0.16029387719999999	0.141785049100000005
6201865025	-0.156119955499999991	0.142890398400000007
6201867025	-0.159795844200000009	0.142401673099999987
6201869025	-0.15817619899999999	0.140018020699999995
6201871025	-0.158957467500000005	0.141651980600000005
6201873025	-0.155535084399999995	0.141217757500000013
6201875025	-0.156214464500000011	0.142099186799999999
6201877025	-0.154622320300000005	0.141188673300000012
6201879025	-0.152471674000000001	0.139765926600000007
6201881025	-0.1544079233	0.141385241900000014
6201883025	-0.149765645700000005	0.139707194400000012
6201885025	-0.153495892599999989	0.139115229400000012
6201887025	-0.149457126200000012	0.143039705900000008
6201889025	-0.14813570379999999	0.146761816099999998
6201891025	-0.145511714200000003	0.143013595500000007
6201893025	-0.147099309399999989	0.142003788999999991
6201895025	-0.148970269999999988	0.144698430200000006
6201897025	-0.147990284500000013	0.143877723799999996
6201899025	-0.143859063399999987	0.142139054200000003
6201901025	-0.145847104300000002	0.143787344600000006
6201903025	-0.140346360599999997	0.142106479300000005
6201905025	-0.14197789320000001	0.141981873600000003
6201907025	-0.145399846400000005	0.1438808429
6201909025	-0.145817901899999991	0.143816455300000007
6201911025	-0.140490228900000014	0.143190077199999988
6201913025	-0.142639479600000008	0.144144562799999987
6201915025	-0.139255565100000006	0.145946931700000004
6201917025	-0.13974953209999999	0.142618749600000011
6201919025	-0.137765824099999989	0.146202105100000007
6201921025	-0.137525117800000013	0.143322741799999986
6201923025	-0.139204834400000005	0.144393955099999999
6201925025	-0.135621866300000005	0.147124166599999995
6201927025	-0.138279029299999995	0.145395711300000008
6201929025	-0.137114115600000003	0.145397072500000002
6201931025	-0.134355033699999987	0.140344212800000007
6201933025	-0.132966131600000009	0.147390129499999994
6201935025	-0.133600348300000005	0.144105278000000003
6201937025	-0.132087485799999987	0.141740783799999992
6201939025	-0.131886579400000009	0.142104701400000005
6201941025	-0.131083963500000011	0.142456496999999987
6201943025	-0.131362361799999994	0.145231115399999999
6201945025	-0.127284338400000002	0.144419086800000013
6201947025	-0.128059926099999999	0.144140403
6201949025	-0.125743129799999992	0.143915398199999989
6201951025	-0.121677279799999996	0.144225175900000002
6201953025	-0.122363901499999997	0.142817286099999996
6201955025	-0.129099277200000001	0.141518860400000002
6201957025	-0.121795998700000005	0.144864937999999999
6201959025	-0.124254483900000004	0.143180296000000012
6201961025	-0.117383443000000004	0.145641804399999991
6201963025	-0.118441156199999995	0.141322720699999987
6201965025	-0.121902227200000005	0.144428549600000011
6201967025	-0.115443410100000005	0.14556592430000001
6201969025	-0.115222413900000001	0.143451948500000009
6201971025	-0.117510616700000001	0.14635045020000001
6201973025	-0.114652386300000006	0.143026092599999988
6201975025	-0.112928437800000003	0.143469714599999992
6201977025	-0.115828278100000001	0.143632076199999986
6201979025	-0.113117655900000003	0.141839870099999987
6201981025	-0.113424901800000005	0.145054516200000011
6201983025	-0.112479367699999999	0.139352731099999988
6201985025	-0.112194844599999996	0.141168680600000013
6201987025	-0.111235688799999996	0.143306651099999988
6201989025	-0.108329205900000003	0.142995851600000001
6201991025	-0.105255105599999996	0.139950347800000013
6201993025	-0.0998426387999999942	0.141363836900000012
6201995025	-0.104268229200000007	0.144075772299999988
6201997025	-0.102033896999999998	0.141392950399999995
6201999025	-0.100305903700000004	0.139250898099999992
6202001025	-0.103747550800000005	0.140610935599999987
6202003025	-0.0996576663000000029	0.136997166700000006
6202005025	-0.102494004700000002	0.138727975499999989
6202007025	-0.100513426000000003	0.140974583699999989
6202009025	-0.096389522199999994	0.137516607600000007
6202011025	-0.0974079317000000056	0.139988552699999991
6202013025	-0.0944944045000000038	0.139600802299999993
6202015025	-0.0945971572000000038	0.140269103300000003
6202017025	-0.0933822824999999967	0.134357446299999989
6202019025	-0.0892640561000000027	0.134691113800000012
6202021025	-0.0903138574000000027	0.133899809600000003
6202023025	-0.0857373040999999947	0.132284733900000007
6202025025	-0.0914882627000000032	0.135396912099999989
6202027025	-0.0887437313000000033	0.135549958299999995
6202029025	-0.0852379882000000033	0.132478288999999999
6202031025	-0.087034234000000002	0.135951085599999993
6202033025	-0.0888562303000000053	0.133900512999999999
6202035025	-0.0829231876999999978	0.131696476000000007
6202037025	-0.0860352528999999977	0.131755844700000013
6202039025	-0.0827144051999999935	0.129211036499999987
6202041025	-0.0770512663999999986	0.130914743500000014
6202043025	-0.0785943080000000016	0.128231227899999994
6202045025	-0.0779784951000000032	0.127833370599999996
6202047025	-0.078472962800000004	0.129186530900000013
6202049025	-0.078368448800000004	0.122201560799999998
6202051025	-0.073983802200000004	0.122396505599999997
6202053025	-0.0795377184999999931	0.126657341199999995
6202055025	-0.0801362085000000002	0.121640179000000001
6202057025	-0.0780487571000000047	0.120907142300000006
6202059025	-0.0763478746999999985	0.119093900899999994
6202061025	-0.0714968703999999955	0.119750841699999999
6202063025	-0.0703399967999999987	0.121090028899999994
6202065025	-0.0654045483999999983	0.121094555199999995
6202067025	-0.0698932461999999949	0.120774641200000005
6202069025	-0.0705381187999999937	0.117628609600000003
6202071025	-0.0688820680000000046	0.117928021600000002
6202073025	-0.0666449233000000058	0.118824283000000003
6202075025	-0.0682500194000000004	0.112022575400000005
6202077025	-0.0640135173999999973	0.1111387764
6202079025	-0.0610657396000000019	0.1139929254
6202081025	-0.0627348090999999969	0.108483025600000005
6202083025	-0.0615360174999999981	0.1085632869
6202085025	-0.0624815255000000028	0.110789375999999995
6202087025	-0.0594970862000000003	0.104367925700000003
6202089025	-0.0588790246999999975	0.105022242700000004
6202091025	-0.056958908699999998	0.105930010399999996
6202093025	-0.0586254022999999971	0.102699562300000005
6202095025	-0.0597637436000000022	0.107169325199999999
6202097025	-0.0576626646000000034	0.102779841900000002
6202099025	-0.0590339972000000004	0.1036283115
6202101025	-0.0552171776000000003	0.101152881700000002
6202103025	-0.0565246890999999974	0.102524870399999996
6202105025	-0.0525777371000000007	0.0930232383000000052
6202107025	-0.0530005595000000024	0.092296437300000006
6202109025	-0.0532804950999999985	0.092606508000000004
6202111025	-0.0542098604999999983	0.0925935247999999933
6202113025	-0.0505606231000000003	0.088523597999999995
6202115025	-0.055160722500000002	0.0859177837999999944
6202117025	-0.0520154067999999969	0.0902249108999999966
6202119025	-0.0503422962999999987	0.0890425920000000037
6202121025	-0.048182847899999999	0.0897900935000000011
6202123025	-0.0545812665999999974	0.0832845170999999967
6202125025	-0.0511961527999999985	0.0846465586000000048
6202127025	-0.0521222640000000015	0.0855650708000000038
6202129025	-0.0489067120999999994	0.0795737214999999998
6202131025	-0.0481491253999999994	0.0757186455999999952
6202133025	-0.0480798184000000017	0.0775554655000000037
6202135025	-0.0491859806999999996	0.0776988869999999943
6202137025	-0.0463575394000000016	0.075430673700000006
6202139025	-0.0494497417000000009	0.0724807234000000022
6202141025	-0.0488967141999999966	0.0691764287000000005
6202143025	-0.0509274155000000034	0.0714626101999999985
6202145025	-0.046569255599999998	0.070201979400000003
6202147025	-0.051558098099999998	0.0640765046999999949
6202149025	-0.0490804037999999984	0.0609922348999999975
6202151025	-0.0485070854999999981	0.0641510943999999972
6202153025	-0.0479318992000000027	0.0647575767999999941
6202155025	-0.0470588367000000021	0.0623089239000000003
6202157025	-0.0508069426000000018	0.0633960020000000068
6202159025	-0.0507294187000000008	0.0594569075999999974
6202161025	-0.0494866945999999988	0.0567053021000000004
6202163025	-0.0546554054000000025	0.0522243493000000003
6202165025	-0.0457064945	0.0606622206999999983
6202167025	-0.0519261833999999992	0.0523069092000000013
6202169025	-0.0512711497999999988	0.0529269933000000026
6202171025	-0.0493362122	0.0543109730999999998
6202173025	-0.0526131155000000017	0.0484004911999999995
6202175025	-0.0498863169999999995	0.0460729655000000002
6202177025	-0.0511904035000000021	0.0446899879999999999
6202179025	-0.0496298051000000004	0.0481334906000000021
6202181025	-0.0563736069999999992	0.0380673362999999973
6202183025	-0.052061716299999998	0.0396568784999999993
6202185025	-0.0530733081000000009	0.0403272002999999976
6202187025	-0.0537202482000000009	0.0411341714999999969
6202189025	-0.0541432879999999978	0.0382528434000000001
6202191025	-0.0525145831999999993	0.043388083899999999
6202193025	-0.0547577657999999967	0.0355103858000000022
6202195025	-0.0532216510000000018	0.0338641240000000024
6202197025	-0.0575252959999999966	0.0378685107000000035
6202199025	-0.0573111713999999994	0.0318400506999999972
6202201025	-0.0588320704999999999	0.0298105697999999988
6202203025	-0.0575589713999999988	0.0316729385999999988
6202205025	-0.0595523035000000006	0.0304906188999999987
6202207025	-0.0613407752000000028	0.0245527165999999998
6202209025	-0.0545998477000000024	0.0310589027999999996
6202211025	-0.0634572932000000006	0.0266628182999999984
6202213025	-0.0603088778000000006	0.0270808064999999987
6202215025	-0.0640919575000000047	0.0208859436000000016
6202217025	-0.0647381598999999947	0.019366829700000001
6202219025	-0.0615642507000000033	0.0259362919999999997
6202221025	-0.0632495148000000035	0.0240160363999999994
6202223025	-0.0650833767999999951	0.0169567117000000017
6202225025	-0.0683618802999999969	0.017271548099999999
6202227025	-0.0692795598999999956	0.0168270982999999992
6202229025	-0.0691981801000000063	0.0166883952999999988
6202231025	-0.0672691358999999989	0.0138062007
6202233025	-0.068532459300000001	0.0142834467000000007
6202235025	-0.0713664576000000023	0.0158482612999999994
6202237025	-0.0690210059000000015	0.0125948412999999995
6202239025	-0.0708349778999999985	0.0112929458000000007
6202241025	-0.0770575658000000052	0.0109665496999999997
6202243025	-0.0705072008999999972	0.00974062109999999926
6202245025	-0.0753247590999999994	0.0120527455999999995
6202247025	-0.0772132762999999944	0.00934236769999999966
6202249025	-0.0718641319000000028	0.0123635127000000008
6202251025	-0.0793966155000000035	0.00810548760000000083
6202253025	-0.0767198248999999971	0.00673804719999999968
6202255025	-0.0786253568000000042	0.00726234210000000022
6202257025	-0.0793746924999999964	0.00959948830000000031
6202259025	-0.0790553947000000035	0.00642386380000000042
6202261025	-0.0837882957000000012	0.00255990729999999982
6202263025	-0.0876898968000000001	0.00408504450000000009
6202265025	-0.0861847032999999985	0.00242713609999999991
6202267025	-0.0868580959999999958	0.00339094180000000002
6202269025	-0.0829982843000000026	0.0015055362000000001
6202271025	-0.088968868699999995	-0.00060293209999999996
6202273025	-0.087006769400000003	0.00201905750000000005
6202275025	-0.0903617124000000022	0.00100702809999999991
6202277025	-0.088238440200000004	0.000140605999999999988
6202279025	-0.0924211400999999932	-0.00244401869999999986
6202281025	-0.0924226353999999944	-0.00185174269999999999
6202283025	-0.0936099185	-0.00244885960000000005
6202285025	-0.0941927084999999997	0.000344515599999999978
6202287025	-0.093104195400000006	-0.00171397660000000007
6202289025	-0.0995864756000000018	-0.00388455640000000008
6202291025	-0.0949177919000000064	-0.00402402429999999985
6202293025	-0.0961743624999999991	-0.00319394149999999979
6202295025	-0.0969431751000000008	-0.00343490769999999987
6202297025	-0.106375417	-0.00235313189999999993
6202299025	-0.0980660181999999936	-0.0037810481
6202301025	-0.104863835799999999	-0.00731180110000000019
6202303025	-0.100033646300000001	-0.0053371766999999997
6202305025	-0.103313020899999997	-0.00766513719999999989
6202307025	-0.105915790400000001	-0.00573139700000000005
6202309025	-0.109967915499999999	-0.00717806580000000024
6202311025	-0.105463193600000005	-0.00905543500000000057
6202313025	-0.104011623900000003	-0.00515131509999999966
6202315025	-0.108410872699999994	-0.00666137550000000037
6202317025	-0.109065698399999994	-0.00491517129999999997
6202319025	-0.111748079200000003	-0.00520890369999999978
6202321025	-0.1113967181	-0.00450643740000000043
6202323025	-0.114021498200000002	-0.0079810933000000004
6202325025	-0.116681210100000002	-0.00870704220000000084
6202327025	-0.111534076100000004	-0.0111664754000000005
6202329025	-0.115914440899999999	-0.00845177520000000085
6202331025	-0.116130828699999994	-0.00539082800000000029
6202333025	-0.114301780500000005	-0.00566598610000000006
6202335025	-0.122833188600000004	-0.00807121950000000074
6202337025	-0.123333555400000003	-0.00493008549999999959
6202339025	-0.122159098499999993	-0.00773868790000000004
6202341025	-0.120723552100000006	-0.00759167560000000019
6202343025	-0.122658613499999999	-0.00838487360000000036
6202345025	-0.119722437599999995	-0.00945952450000000014
6202347025	-0.125708633699999989	-0.00936827600000000003
6202349025	-0.122157461999999994	-0.00747210310000000037
6202351025	-0.125815610999999994	-0.00762256510000000002
6202353025	-0.1224708672	-0.00787751010000000036
6202355025	-0.128944749899999989	-0.00656847750000000025
6202357025	-0.122996232299999994	-0.0100493956999999998
6202359025	-0.128206750400000014	-0.00905156220000000004
6202361025	-0.128625529300000013	-0.00794778850000000051
6202363025	-0.13109364300000001	-0.0076422542000000003
6202365025	-0.132234854000000013	-0.00746644090000000028
6202367025	-0.132479758700000005	-0.00601608150000000012
6202369025	-0.133742230099999998	-0.0103584617
6202371025	-0.131549216999999996	-0.00595853540000000018
6202373025	-0.132914103899999997	-0.00723536380000000014
6202375025	-0.131369520500000003	-0.00582272640000000043
6202377025	-0.134222955199999994	-0.00738753039999999993
6202379025	-0.134194027699999996	-0.00565789330000000031
6202381025	-0.138296076299999987	-0.00502588419999999963
6202383025	-0.1373699736	-0.0049883808999999996
6202385025	-0.132917946300000006	-0.00818469099999999915
6202387025	-0.139023511399999994	-0.00555490349999999966
6202389025	-0.139122130499999996	-0.00733792310000000014
6202391025	-0.140407250600000005	-0.00297114039999999986
6202393025	-0.139419613500000011	-0.00585330839999999991
6202395025	-0.140557060300000009	-0.00379982529999999983
6202397025	-0.144426128200000004	-0.00728721169999999984
6202399025	-0.141769893000000008	-0.00627258329999999965
6202401025	-0.147482685199999991	-0.00563734960000000004
6202403025	-0.144723390899999999	-0.0050654204000000003
6202405025	-0.143193638099999992	-0.00459323760000000022
6202407025	-0.144885573500000003	-0.00561460219999999986
6202409025	-0.148517491599999996	-0.00182518120000000001
6202411025	-0.146847125299999992	-0.00615054920000000001
6202413025	-0.146859054099999997	-0.00198426430000000001
6202415025	-0.148081384300000007	-0.00142391239999999997
6202417025	-0.149431163300000003	-0.00384880550000000002
6202419025	-0.143422749300000013	-0.00240159109999999983
6202421025	-0.146427184999999987	0.000895712000000000006
6202423025	-0.147547730999999988	-0.00535637130000000006
6202425025	-0.152780835000000004	-0.00456972960000000001
6202427025	-0.152900922299999992	-0.000721014200000000033
6202429025	-0.153433204999999989	0.000661540900000000048
6202431025	-0.1503530535	0.00105212649999999997
6202433025	-0.152847945900000004	-0.00474639099999999998
6202435025	-0.153171903500000012	-0.000884127200000000028
6202437025	-0.153631394000000004	0.00210452670000000003
6202439025	-0.154143938600000002	-0.00108395629999999995
6202441025	-0.154039783300000011	-0.000995710900000000001
6202443025	-0.155493834199999986	0.00298885229999999984
6202445025	-0.155667981600000005	0.00102850110000000006
6202447025	-0.156100690200000003	-0.00389904170000000003
6202449025	-0.155356333000000013	-0.00250292439999999982
6202451025	-0.157978403099999998	-0.000637688299999999964
6202453025	-0.161924066000000005	0.000906581399999999973
6202455025	-0.157646574399999989	-0.00162725260000000003
6202457025	-0.153540300399999996	-0.00104183040000000002
6202459025	-0.159587479300000001	0.00200951359999999987
6202461025	-0.158567309500000003	0.00105063969999999994
6202463025	-0.160218499300000011	0.00340107300000000012
6202465025	-0.159003840600000002	0.00137029360000000006
6202467025	-0.159887153000000004	0.00353893920000000013
6202469025	-0.160608714900000005	0.00225176350000000011
6202471025	-0.164024208599999999	0.00325229780000000019
6202473025	-0.165260999900000011	0.00210676930000000019
6202475025	-0.162122777800000006	0.0034318796999999999
6202477025	-0.164531114899999997	0.00395797109999999983
6202479025	-0.166561402200000014	0.0033543370000000002
6202481025	-0.164268113699999996	0.00615733609999999983
6202483025	-0.164618658700000003	0.00664448269999999997
6202485025	-0.165753296699999997	0.00551802980000000009
6202487025	-0.164765116299999986	0.0040381506999999997
6202489025	-0.162797080300000008	0.00845551339999999971
6202491025	-0.166973096999999987	0.0063527745
6202493025	-0.167242909200000012	0.0057920443000000002
6202495025	-0.171156774600000006	0.00754004149999999967
6202497025	-0.164934292399999988	0.00529914239999999988
6202499025	-0.166603285299999987	0.00643241449999999975
6202501025	-0.168257244100000009	0.00654483429999999991
6202503025	-0.166451439400000012	0.00965871769999999963
6202505025	-0.173039328299999989	0.0125706325999999993
6202507025	-0.16863708429999999	0.0079733849999999995
6202509025	-0.169930096100000011	0.00945095339999999992
6202511025	-0.165722285999999996	0.00851958889999999969
6202513025	-0.169792496900000006	0.0109918757000000006
6202515025	-0.168435443299999987	0.0105016881999999995
6202517025	-0.171143585699999989	0.0123792046000000006
6202519025	-0.166470746100000011	0.0123877081000000003
6202521025	-0.170258603499999994	0.0107199680999999995
6202523025	-0.172280655199999994	0.00966860530000000079
6202525025	-0.170260517400000005	0.0128658799999999997
6202527025	-0.170455695600000012	0.0110707754999999994
6202529025	-0.173607450100000005	0.0111570958000000008
6202531025	-0.170418555500000013	0.00858260670000000024
6202533025	-0.173184037499999999	0.0164602639000000009
6202535025	-0.170657126800000003	0.0116021392000000001
6202537025	-0.175271853700000008	0.0129328308999999992
6202539025	-0.175313758099999994	0.0139306155000000001
6202541025	-0.177206118100000004	0.0126446282000000007
6202543025	-0.176147033300000005	0.0118332409999999996
6202545025	-0.174216617699999993	0.0155293493999999997
6202547025	-0.174281132599999999	0.0148785998999999992
6202549025	-0.176633777600000014	0.0199207594000000016
6202551025	-0.175692535099999991	0.018740564500000001
6202553025	-0.175177173999999991	0.0126199202000000007
6202555025	-0.177008240000000011	0.0134197507000000001
6202557025	-0.177132502200000014	0.0181232222999999984
6202559025	-0.175431722200000001	0.017601868100000001
6202561025	-0.180679917800000006	0.0167506558
6202563025	-0.178200263500000011	0.0201423917999999993
6202565025	-0.178240011000000004	0.0181815809999999987
6202567025	-0.180894248499999993	0.0200253358999999999
6202569025	-0.174709120100000004	0.0181806865000000012
6202571025	-0.179102990600000012	0.0198298342000000002
6202573025	-0.18230928099999999	0.0220285271000000005
6202575025	-0.181425899899999993	0.0225088771000000014
6202577025	-0.179641896400000001	0.0164017540999999989
6202579025	-0.175549738700000013	0.0218166160999999983
6202581025	-0.183593573300000007	0.023252097900000001
6202583025	-0.178386507999999999	0.0214088950000000007
6202585025	-0.176856080100000007	0.0206298601000000012
6202587025	-0.179337939400000007	0.0229295389000000009
6202589025	-0.183403034399999998	0.0240210572000000011
6202591025	-0.178225823199999994	0.021288965600000001
6202593025	-0.181447432399999997	0.0244469245999999994
6202595025	-0.180416451300000003	0.0237732907999999993
6202597025	-0.180363510700000007	0.0239643951000000008
6202599025	-0.181261342500000006	0.0214670225999999999
6202601025	-0.180875341200000012	0.0230565530999999983
6202603025	-0.184707042799999999	0.0198389126999999992
6202605025	-0.182389311199999987	0.0242200423000000012
6202607025	-0.178470032299999998	0.0278703107000000012
6202609025	-0.185316268000000006	0.0235712816999999984
6202611025	-0.185793381600000002	0.0231696777999999999
6202613025	-0.182110628200000013	0.0239545151999999983
6202615025	-0.184739944999999989	0.0271325864999999999
6202617025	-0.18552734709999999	0.0262218981999999996
6202619025	-0.18298405949999999	0.028184231399999999
6202621025	-0.184481209199999996	0.0297915451999999983
6202623025	-0.18345210540000001	0.0261877091000000013
6202625025	-0.188477073100000003	0.0277614428999999989
6202627025	-0.181175616900000003	0.0292172586999999984
6202629025	-0.181245139100000008	0.0285364424000000005
6202631025	-0.186809328400000002	0.028581134099999999
6202633025	-0.182526882000000001	0.0267853307999999998
6202635025	-0.182200879499999996	0.0294067879999999997
6202637025	-0.185190440600000006	0.0287619159000000006
6202639025	-0.186928529300000007	0.0322097428000000033
6202641025	-0.184529553699999987	0.0304021618999999986
6202643025	-0.1905867282	0.029871160800000001
6202645025	-0.188663173299999987	0.0305423735999999987
6202647025	-0.189111051299999999	0.0270029728000000004
6202649025	-0.184590769500000002	0.0304268221999999984
6202651025	-0.187298867899999999	0.0300182615999999985
6202653025	-0.186060752800000007	0.0339463382999999966
6202655025	-0.187014164000000011	0.0310597828999999992
6202657025	-0.185566577300000007	0.0294047703000000007
6202659025	-0.186413913600000009	0.0327832232999999973
6202661025	-0.18671630689999999	0.0348242625000000014
6202663025	-0.187969677899999993	0.0317595220999999997
6202665025	-0.189142203199999998	0.0356658097000000021
6202667025	-0.183285827000000012	0.0348155881000000028
6202669025	-0.189761868599999994	0.0341891096000000033
6202671025	-0.185307639999999996	0.0333735073000000007
6202673025	-0.18832883780000001	0.0330748317000000014
6202675025	-0.188572516999999995	0.0341418191999999995
6202677025	-0.184472846400000001	0.0363741272000000018
6202679025	-0.187970140499999994	0.0393087205999999995
6202681025	-0.188277525499999987	0.0342852485999999984
6202683025	-0.185510703999999998	0.0330519597000000012
6202685025	-0.191219387699999993	0.0317771553999999998
6202687025	-0.189209205299999988	0.0359684409999999968
6202689025	-0.190230749300000002	0.0358740150999999965
6202691025	-0.189384323699999996	0.0406123728999999989
6202693025	-0.188018427300000013	0.0354906940000000032
6202695025	-0.187872371900000001	0.0361780749000000026
6202697025	-0.189421371599999999	0.0372544549999999988
6202699025	-0.188145912599999993	0.0402014637000000022
6202701025	-0.189755677900000003	0.0391657775999999999
6202703025	-0.18582184530000001	0.0398064545999999991
6202705025	-0.19085707469999999	0.0390918681999999976
6202707025	-0.189461689099999997	0.0369654666000000034
6202709025	-0.190495049500000013	0.0379680545000000008
6202711025	-0.190256386599999994	0.040505653400000001
6202713025	-0.1891018847	0.0400283613999999968
6202715025	-0.19170304560000001	0.0399166363000000024
6202717025	-0.190114934799999996	0.0388590934999999971
6202719025	-0.191163030499999997	0.0421022077999999994
6202721025	-0.194457195500000013	0.0402072787000000015
6202723025	-0.191160128900000004	0.0431583282999999998
6202725025	-0.192347212999999989	0.0423385629000000013
6202727025	-0.189957546300000002	0.0424378456999999973
6202729025	-0.187401026299999995	0.0418012043999999999
6202731025	-0.194809829099999998	0.0436137395999999997
6202733025	-0.191542332600000004	0.042416761800000001
6202735025	-0.190211195599999994	0.0425687621999999988
6202737025	-0.191863133999999991	0.0426896379000000006
6202739025	-0.190421693199999992	0.0416077624999999993
6202741025	-0.190733703700000007	0.0417660338999999992
6202743025	-0.192450506800000004	0.0434138643000000005
6202745025	-0.191730064499999991	0.0436316606999999981
6202747025	-0.188955312300000011	0.0431368219999999983
6202749025	-0.192369713299999995	0.0439281793000000018
6202751025	-0.191959185000000004	0.0445004773000000006
6202753025	-0.192926723800000005	0.0454653640000000012
6202755025	-0.190562738799999992	0.0468920068999999981
6202757025	-0.193301047700000006	0.0444428196000000025
6202759025	-0.192843774100000004	0.0448124936000000029
6202761025	-0.189789023700000004	0.0463280282999999973
6202763025	-0.190763802900000001	0.0454339625000000011
6202765025	-0.191864474400000012	0.045559145500000002
6202767025	-0.191476381599999995	0.044927179400000003
6202769025	-0.194398210300000013	0.0464929098999999971
6202771025	-0.191509637900000002	0.0489742832999999975
6202773025	-0.194056137699999992	0.0457932983000000002
6202775025	-0.193461306	0.0496275559000000019
6202777025	-0.193462857099999996	0.0457007217000000021
6202779025	-0.190205671699999995	0.0484543170999999981
6202781025	-0.191979757599999995	0.0497762084000000007
6202783025	-0.192778132699999993	0.047200686399999997
6202785025	-0.192843441599999998	0.0489311923000000024
6202787025	-0.192746635100000008	0.0446745152000000006
6202789025	-0.192663644299999992	0.0499307697999999966
6202791025	-0.193137237999999989	0.0503746336999999975
6202793025	-0.194007170099999987	0.051619531500000003
6202795025	-0.193550055100000007	0.0513890633000000027
6202797025	-0.194051806599999987	0.0492255836999999988
6202799025	-0.19187591570000001	0.0471555968999999991
6202801025	-0.193617264499999997	0.0517623841000000029
6202803025	-0.1925952373	0.0509785794000000014
6202805025	-0.193423770100000003	0.0492310743999999981
6202807025	-0.195045928099999988	0.0503795485999999973
6202809025	-0.196201784299999987	0.0497992766999999989
6202811025	-0.192278841099999986	0.0545144299000000013
6202813025	-0.189088325599999996	0.0515329677000000014
6202815025	-0.195571254400000005	0.0526685191999999996
6202817025	-0.193775130299999987	0.0501520841000000009
6202819025	-0.193206233499999991	0.0531016549000000032
6202821025	-0.190910388900000005	0.0536204859000000006
6202823025	-0.197287118499999997	0.0543751551000000027
6202825025	-0.191538539600000002	0.0573805091999999989
6202827025	-0.193082867399999997	0.050375089900000003
6202829025	-0.196483837500000008	0.0541988701999999989
6202831025	-0.196016893999999997	0.0550335666000000001
6202833025	-0.196048239699999988	0.0531545461999999996
6202835025	-0.19367497589999999	0.0550969976999999972
6202837025	-0.196572993000000001	0.0537041735000000006
6202839025	-0.19685672500000001	0.0557500298999999977
6202841025	-0.194436133300000008	0.0549453179999999999
6202843025	-0.19351931	0.0571597027000000021
6202845025	-0.19853588250000001	0.0557782018000000032
6202847025	-0.19681886870000001	0.0579574860999999969
6202849025	-0.195102702500000003	0.0579237084999999971
6202851025	-0.192596476699999991	0.0580432946000000033
6202853025	-0.193409955100000003	0.0577778924999999971
6202855025	-0.193905461000000001	0.0620695143000000032
6202857025	-0.191840102000000012	0.0607970254000000029
6202859025	-0.190592627600000009	0.0591323909999999994
6202861025	-0.192757542000000004	0.0561658665000000015
6202863025	-0.194156198400000007	0.0563656247999999999
6202865025	-0.193239506300000002	0.0559286224000000026
6202867025	-0.190545853799999998	0.0570416028000000006
6202869025	-0.194605839000000003	0.0593985801000000008
6202871025	-0.19650468069999999	0.0600699740999999995
6202873025	-0.197300555399999994	0.0585840309000000004
6202875025	-0.193511715899999992	0.0597914758000000005
6202877025	-0.193898637600000007	0.0584001030000000018
6202879025	-0.195087458600000013	0.0619684352999999993
6202881025	-0.194947854000000004	0.0595512062999999994
6202883025	-0.194219166400000004	0.0613308269000000031
6202885025	-0.196076402000000011	0.0601093587999999984
6202887025	-0.193371855199999998	0.0589986416999999999
6202889025	-0.193325119600000012	0.0603700973000000016
6202891025	-0.194483046399999998	0.0582952664999999981
6202893025	-0.193690214999999999	0.0618187103999999973
6202895025	-0.188926439599999996	0.0609737725999999966
6202897025	-0.193705785500000005	0.0617957130000000021
6202899025	-0.19219949959999999	0.0607331861999999972
6202901025	-0.196015650300000011	0.0589706840999999968
6202903025	-0.193013286199999995	0.0646549842999999957
6202905025	-0.188930803799999991	0.0630378825000000031
6202907025	-0.194466360300000002	0.0589108461999999986
6202909025	-0.193756627300000012	0.060290449900000001
6202911025	-0.195746323500000013	0.0643119057000000049
6202913025	-0.1937714465	0.0669661260000000008
6202915025	-0.195637154499999993	0.062640298600000005
6202917025	-0.194573011600000012	0.0616447649000000028
6202919025	-0.195326225500000006	0.0620988944000000001
6202921025	-0.196360607900000012	0.0615362548999999967
6202923025	-0.196053217700000004	0.0661835130999999938
6202925025	-0.195887563900000006	0.0645726045000000054
6202927025	-0.191314175599999997	0.0665129297000000008
6202929025	-0.196928409999999998	0.0642728701000000041
6202931025	-0.197730335099999988	0.065197355999999998
6202933025	-0.192327868699999988	0.0655135750999999988
6202935025	-0.194341156099999995	0.067282826300000001
6202937025	-0.197001651500000013	0.0655833056999999969
6202939025	-0.195824837000000002	0.0636275582999999978
6202941025	-0.197745663200000005	0.0665605635999999973
6202943025	-0.191672667500000005	0.0626485157999999986
6202945025	-0.193337842799999993	0.0716350917999999948
6202947025	-0.190991241799999989	0.0671083742999999955
6202949025	-0.196061175199999993	0.068076062100000001
6202951025	-0.193964217299999991	0.0645198916000000039
6202953025	-0.194911190200000001	0.0668198118000000035
6202955025	-0.195181399700000008	0.0672994633999999953
6202957025	-0.195877341199999999	0.0663711750000000045
6202959025	-0.197262523899999986	0.0641543038000000065
6202961025	-0.194633020699999992	0.066571379900000005
6202963025	-0.197786325000000013	0.0687922745000000002
6202965025	-0.194641760999999996	0.0691986267000000016
6202967025	-0.1935945258	0.0719973064000000024
6202969025	-0.192269840999999997	0.0725233146999999939
6202971025	-0.197676232099999988	0.0682020574000000018
6202973025	-0.196517126699999989	0.0745762214000000034
6202975025	-0.197147630600000012	0.0708514960999999943
6202977025	-0.194685876899999999	0.0709352937999999933
6202979025	-0.195911061899999989	0.0730645171000000038
6202981025	-0.195563940600000014	0.0710618882000000063
6202983025	-0.193562887300000014	0.071645208599999996
6202985025	-0.195302721200000001	0.0706935196000000043
6202987025	-0.19441332280000001	0.0717529623000000005
6202989025	-0.196444258300000008	0.0717319611999999995
6202991025	-0.194253525900000001	0.0709140647000000013
6202993025	-0.1941390375	0.0704810951999999963
6202995025	-0.194881898500000011	0.0691851371999999964
6202997025	-0.193953771200000014	0.0704670109000000017
6202999025	-0.19559756410000001	0.0706011572999999948
6203001025	-0.1950508091	0.0716226194000000038
6203003025	-0.19235760360000001	0.0709873864999999993
6203005025	-0.192249179299999989	0.0733088335000000035
6203007025	-0.194607984099999992	0.0748169786000000003
6203009025	-0.19761846529999999	0.0703445490000000062
6203011025	-0.195133530299999997	0.0687412366000000052
6203013025	-0.192856411100000014	0.0699086995999999988
6203015025	-0.194185133600000004	0.0716275266999999993
6203017025	-0.195157297099999988	0.078366554300000002
6203019025	-0.199437648999999995	0.0761344672
6203021025	-0.197707691500000005	0.0704544928999999986
6203023025	-0.193515513199999989	0.0751663494999999932
6203025025	-0.196018343099999992	0.0732349842000000056
6203027025	-0.194815668199999986	0.0755405913999999956
6203029025	-0.197500402999999991	0.0717804429999999993
6203031025	-0.194035665999999996	0.0748220086999999978
6203033025	-0.193240725700000004	0.0720121063000000033
6203035025	-0.194558195999999989	0.0736198151999999939
6203037025	-0.192917477899999995	0.0814943627999999975
6203039025	-0.194868370600000007	0.0751289502000000026
6203041025	-0.193597989999999998	0.0770847895000000005
6203043025	-0.194885154799999988	0.0786918533999999975
6203045025	-0.196272412300000004	0.0760865260999999959
6203047025	-0.197372199899999989	0.0789934380999999936
6203049025	-0.196491406000000007	0.0765548810000000052
6203051025	-0.194797269999999995	0.0789559610999999995
6203053025	-0.196258585399999991	0.0747697944000000059
6203055025	-0.193095934999999996	0.077513425299999994
6203057025	-0.197026125200000013	0.0750970482000000022
6203059025	-0.1963348865	0.0768426690000000023
6203061025	-0.196138001300000003	0.0761976087000000024
6203063025	-0.193529534400000008	0.0758657754000000017
6203065025	-0.193771898500000012	0.0764881169999999944
6203067025	-0.195714875099999991	0.0786738176999999955
6203069025	-0.191179569100000002	0.0794156359999999978
6203071025	-0.194932926300000003	0.0765896638999999935
6203073025	-0.194281113300000002	0.0758831519999999954
6203075025	-0.194299493699999992	0.0777716038999999998
6203077025	-0.193210723499999987	0.0774061104999999999
6203079025	-0.194866600299999998	0.081028107000000002
6203081025	-0.194933947800000007	0.0776996149000000053
6203083025	-0.194659833700000007	0.0802140249999999944
6203085025	-0.193978408299999988	0.0803047402999999965
6203087025	-0.191915708399999996	0.0786436503000000064
6203089025	-0.194911802899999986	0.0822789963000000041
6203091025	-0.194833333800000008	0.0775780100000000028
6203093025	-0.19482938050000001	0.0775093114999999971
6203095025	-0.195332271899999993	0.0817080017999999991
6203097025	-0.197125809600000007	0.0777007450000000016
6203099025	-0.194807643000000003	0.0809264553999999997
6203101025	-0.192550175800000001	0.0790516889999999944
6203103025	-0.196393809599999997	0.0815307702999999995
6203105025	-0.195964837199999992	0.079315044799999998
6203107025	-0.191848157600000013	0.0808137505000000034
6203109025	-0.195339004900000002	0.0814832523999999975
6203111025	-0.192182221399999992	0.0822190451999999933
6203113025	-0.19564737430000001	0.0815994565000000005
6203115025	-0.19291640530000001	0.0829175568999999946
6203117025	-0.193216925000000012	0.0863685750999999974
6203119025	-0.193216513000000006	0.083678773299999995
6203121025	-0.192325795800000005	0.0821652801000000016
6203123025	-0.19277597560000001	0.0798070213999999972
6203125025	-0.190093769800000006	0.0821151930999999974
6203127025	-0.19264611470000001	0.0880389258000000008
6203129025	-0.191923196500000004	0.0829638431999999981
6203131025	-0.194300189000000012	0.0822660783999999978
6203133025	-0.194844151800000004	0.0804336734000000025
6203135025	-0.192762672699999998	0.0840085651999999961
6203137025	-0.194889477400000011	0.0850718998999999976
6203139025	-0.192994076699999989	0.0844536310000000012
6203141025	-0.189560132699999995	0.0800392607000000034
6203143025	-0.194745075699999992	0.0836273695000000067
6203145025	-0.191780646999999999	0.0885045467000000058
6203147025	-0.191590413200000004	0.0826237100999999974
6203149025	-0.193879866099999992	0.0808750884999999975
6203151025	-0.191793289199999994	0.0884062322000000039
6203153025	-0.192394855400000009	0.0833445272000000043
6203155025	-0.190531711200000009	0.0874041715999999969
6203157025	-0.191454851700000012	0.0878531205000000065
6203159025	-0.196677936299999995	0.0826710640000000024
6203161025	-0.193987821300000002	0.0824680651999999959
6203163025	-0.19155776120000001	0.0885565756000000065
6203165025	-0.193931370600000014	0.0846519299000000058
6203167025	-0.190596972499999989	0.0851196520999999984
6203169025	-0.192335181699999996	0.0862481113999999938
6203171025	-0.192744736	0.0855782632000000043
6203173025	-0.192364210499999994	0.0875711656999999949
6203175025	-0.192784681699999988	0.0896492418000000013
6203177025	-0.193405437699999988	0.0891390902000000068
6203179025	-0.189026047400000008	0.0866741466000000016
6203181025	-0.194720841700000008	0.0892778654999999977
6203183025	-0.195890413399999991	0.0860313043
6203185025	-0.194453117499999995	0.0876842260999999984
6203187025	-0.194559457399999997	0.0866981676000000007
6203189025	-0.192855315100000008	0.0871394667000000012
6203191025	-0.195148729500000007	0.0895557673999999998
6203193025	-0.195952235000000002	0.0892799543000000057
6203195025	-0.190636611499999997	0.0851304935999999957
6203197025	-0.188733776299999989	0.0869879976999999999
6203199025	-0.187111305199999994	0.0894102165999999948
6203201025	-0.194431725100000008	0.0876506965999999943
6203203025	-0.190070838999999991	0.0904452438000000053
6203205025	-0.192601516599999995	0.0905843407000000017
6203207025	-0.192350897900000012	0.0881249991999999982
6203209025	-0.189394624099999992	0.0922276880000000021
6203211025	-0.189792378099999992	0.0904508930000000044
6203213025	-0.192430813300000003	0.0882150096999999994
6203215025	-0.192973704400000001	0.0890215637999999948
6203217025	-0.193199923400000001	0.0910924530999999982
6203219025	-0.192765577800000004	0.0916910239000000016
6203221025	-0.190660446000000011	0.0893489336999999939
6203223025	-0.1919989275	0.0913552524999999976
6203225025	-0.192024208299999999	0.0909123783999999935
6203227025	-0.192375912900000001	0.0939931756000000063
6203229025	-0.190279778900000002	0.0906253184999999961
6203231025	-0.196982026300000002	0.0892407137999999961
6203233025	-0.18982963189999999	0.0929614928000000035
6203235025	-0.193662339200000005	0.0908797390999999954
6203237025	-0.192232531300000009	0.0913313906000000064
6203239025	-0.193826610600000004	0.094347936800000004
6203241025	-0.191019128300000007	0.0919881661000000045
6203243025	-0.1909210821	0.0953954729000000001
6203245025	-0.195095332199999999	0.0925731994999999946
6203247025	-0.190624909199999998	0.0924606543999999947
6203249025	-0.192034419200000001	0.093159925399999996
6203251025	-0.196662986699999986	0.0938611988000000036
6203253025	-0.191415022900000009	0.0945595022000000063
6203255025	-0.186269856499999997	0.0917840912000000009
6203257025	-0.194640978299999989	0.0941769511000000031
6203259025	-0.192300042199999993	0.0947845996999999996
6203261025	-0.188607506099999989	0.0943066954000000013
6203263025	-0.19442959239999999	0.089369341300000002
6203265025	-0.189950850700000007	0.0925607908000000007
6203267025	-0.188144076999999993	0.0964308108999999969
6203269025	-0.188961622800000006	0.0967771711000000034
6203271025	-0.193514568800000009	0.0991309563999999976
6203273025	-0.192726341800000006	0.0958715841000000041
6203275025	-0.191465267900000014	0.0951543038000000063
6203277025	-0.185315992900000004	0.094078170099999997
6203279025	-0.192703541300000003	0.0958092588000000051
6203281025	-0.191515768700000005	0.0952572487000000051
6203283025	-0.188678662599999991	0.0961857634999999933
6203285025	-0.190337434100000008	0.0947588285999999974
6203287025	-0.190612750100000006	0.0937566799000000006
6203289025	-0.191031388699999999	0.0957968327999999952
6203291025	-0.190251530599999996	0.0959441035000000025
6203293025	-0.192557067800000009	0.0977720490999999942
6203295025	-0.188774424699999999	0.0945050199999999951
6203297025	-0.188606704099999994	0.0960301357999999994
6203299025	-0.189516759300000004	0.0989450020999999985
