# freq, I e Q
4385670000	0.360769535400000008	-0.401539313100000017
4385690000	0.357250642299999976	-0.404391792799999983
4385710000	0.356607151399999989	-0.405779599300000016
4385730000	0.354106162999999974	-0.408802619699999981
4385750000	0.352158019200000005	-0.410086319199999993
4385770000	0.350928575700000023	-0.41181670279999999
4385790000	0.347341958499999992	-0.412807142199999977
4385810000	0.346217446400000017	-0.415894834400000024
4385830000	0.343881917400000015	-0.416527223300000027
4385850000	0.34166881939999999	-0.419236321999999995
4385870000	0.340566252199999975	-0.420424423699999994
4385890000	0.3375838216	-0.422014669600000003
4385910000	0.334712243500000006	-0.423881514999999987
4385930000	0.333934002900000027	-0.4264416184
4385950000	0.332259710099999994	-0.428452203799999987
4385970000	0.329333149200000008	-0.429313233399999994
4385990000	0.326293457700000011	-0.430792885100000023
4386010000	0.324550186199999979	-0.432748299399999981
4386030000	0.321592294399999978	-0.433092362499999994
4386050000	0.3203652783	-0.436566369100000018
4386070000	0.318037749400000014	-0.437491830699999973
4386090000	0.316157413399999976	-0.440155097699999998
4386110000	0.315212806000000012	-0.441165778100000017
4386130000	0.312031678599999973	-0.442717090500000021
4386150000	0.309458144099999999	-0.444248457400000019
4386170000	0.306227531900000016	-0.446516638500000007
4386190000	0.304833380599999981	-0.447601328799999976
4386210000	0.301641131499999993	-0.449007592000000011
4386230000	0.300585329499999998	-0.45051791699999999
4386250000	0.297406289499999976	-0.451370514499999986
4386270000	0.295929654499999972	-0.453562214299999988
4386290000	0.293917542300000001	-0.455038534800000005
4386310000	0.291152755900000004	-0.456538885000000005
4386330000	0.288071723200000018	-0.45727377159999999
4386350000	0.287011870900000021	-0.459445853100000023
4386370000	0.284596863300000003	-0.462567312700000011
4386390000	0.281898930300000017	-0.461870198600000004
4386410000	0.27820598940000002	-0.463227997999999974
4386430000	0.276960625299999985	-0.464745223599999979
4386450000	0.273866259599999995	-0.467223529500000012
4386470000	0.272653697899999992	-0.468466934599999996
4386490000	0.269555351399999976	-0.470140751999999995
4386510000	0.267272570200000004	-0.470651762299999998
4386530000	0.264139235099999981	-0.473192419099999984
4386550000	0.262027285200000015	-0.473788334799999988
4386570000	0.259730443899999996	-0.475929691900000007
4386590000	0.257784097099999998	-0.475890106300000004
4386610000	0.256069026899999996	-0.4777715139
4386630000	0.253512291100000009	-0.479663803300000025
4386650000	0.251136636000000024	-0.47941122730000002
4386670000	0.248736877999999995	-0.482873359300000027
4386690000	0.245867972600000012	-0.482193847399999986
4386710000	0.243347852599999998	-0.485276514499999978
4386730000	0.24099598450000001	-0.486036405299999974
4386750000	0.238479347099999989	-0.487225304299999995
4386770000	0.236330117400000012	-0.488605255299999985
4386790000	0.233971930800000005	-0.490376100300000006
4386810000	0.232414725200000005	-0.489946183099999988
4386830000	0.229970553200000011	-0.49175534500000001
4386850000	0.226822880100000013	-0.493337498200000002
4386870000	0.224255212900000001	-0.494500430400000024
4386890000	0.221300335500000001	-0.495105196899999989
4386910000	0.218603825299999999	-0.496408894900000008
4386930000	0.216873618200000007	-0.498255708000000019
4386950000	0.214265694899999998	-0.499929362900000007
4386970000	0.211360458299999998	-0.499301225800000026
4386990000	0.209090373299999993	-0.500869693900000024
4387010000	0.20594690269999999	-0.502393701899999989
4387030000	0.203124040000000006	-0.503031681900000027
4387050000	0.201825717900000007	-0.504835485700000031
4387070000	0.19907757479999999	-0.505013669100000007
4387090000	0.196692842899999998	-0.507333762300000046
4387110000	0.1937800576	-0.50757623009999997
4387130000	0.191727866299999994	-0.507905145599999996
4387150000	0.188314143699999992	-0.510050041299999979
4387170000	0.186593606200000012	-0.511427147599999965
4387190000	0.183615461000000008	-0.511593365500000008
4387210000	0.180366515300000002	-0.512610402700000023
4387230000	0.178399249199999999	-0.513566768599999945
4387250000	0.175790746899999989	-0.513313595299999981
4387270000	0.172491107899999996	-0.515435178599999988
4387290000	0.170742447900000011	-0.516683971700000022
4387310000	0.167105924300000014	-0.517527426500000054
4387330000	0.164860866100000003	-0.518730612699999982
4387350000	0.161870785900000008	-0.519474909299999954
4387370000	0.15812755349999999	-0.519506185500000051
4387390000	0.156641536599999992	-0.521461390499999955
4387410000	0.154243023199999996	-0.522419727499999986
4387430000	0.151546411600000014	-0.522087192500000019
4387450000	0.14900331289999999	-0.523516742300000004
4387470000	0.147377421700000011	-0.524895406600000003
4387490000	0.144294286999999993	-0.524330331000000038
4387510000	0.140081515399999995	-0.525253327699999994
4387530000	0.137419874800000008	-0.526453830200000028
4387550000	0.136313625500000007	-0.528196877700000011
4387570000	0.132763872199999994	-0.52787971119999999
4387590000	0.130235429000000014	-0.528467037900000047
4387610000	0.128227252099999994	-0.528231082300000043
4387630000	0.124263700099999999	-0.528835088100000017
4387650000	0.120705940499999997	-0.530394454500000001
4387670000	0.120045971200000004	-0.531606664000000007
4387690000	0.117693573600000004	-0.530703457999999961
4387710000	0.113436773000000005	-0.532842232100000035
4387730000	0.111780133500000003	-0.533120123000000001
4387750000	0.108714167	-0.534289432599999947
4387770000	0.105938043900000001	-0.534088281599999992
4387790000	0.103942338999999995	-0.534710318300000043
4387810000	0.1002937146	-0.534495925500000024
4387830000	0.0987255422999999965	-0.536644572799999997
4387850000	0.0941950518999999931	-0.535424453299999992
4387870000	0.0931369694000000053	-0.538311052800000023
4387890000	0.0905245025000000064	-0.538415664199999977
4387910000	0.0869840169000000024	-0.538103501399999962
4387930000	0.0833751083999999948	-0.539377308900000019
4387950000	0.0825967982999999961	-0.539365690799999964
4387970000	0.0792634229000000051	-0.53943677329999995
4387990000	0.0753344799999999953	-0.539894331599999999
4388010000	0.0734203546000000012	-0.540905181299999982
4388030000	0.0703698068999999982	-0.541198364700000045
4388050000	0.0679408746000000063	-0.541586714200000041
4388070000	0.0656069497000000001	-0.54081900549999995
4388090000	0.0631774053999999974	-0.54212939800000004
4388110000	0.0588062208000000031	-0.542432303699999951
4388130000	0.0561488917000000018	-0.543302578699999983
4388150000	0.0544868338999999965	-0.542934210199999989
4388170000	0.0512034653000000006	-0.542682836899999965
4388190000	0.0474861331000000012	-0.54404429310000002
4388210000	0.0451544123000000019	-0.543126317899999989
4388230000	0.0417424414999999979	-0.544472439900000049
4388250000	0.040721847999999998	-0.543955819999999979
4388270000	0.0375323113999999972	-0.545534943399999972
4388290000	0.0350232058999999998	-0.544106648400000004
4388310000	0.0316507628999999971	-0.545726728100000003
4388330000	0.0291373197999999986	-0.545537374699999966
4388350000	0.0276002623000000009	-0.545227240200000018
4388370000	0.0235214098000000003	-0.546006082600000053
4388390000	0.0209418243999999996	-0.545686969300000047
4388410000	0.0177186808000000008	-0.545299080900000011
4388430000	0.0155878830999999999	-0.546291591999999993
4388450000	0.0127304774000000006	-0.546778195400000055
4388470000	0.00991793569999999992	-0.546997783599999954
4388490000	0.00600001739999999999	-0.547000709099999982
4388510000	0.00384040070000000013	-0.546089546499999967
4388530000	0.00117647499999999996	-0.547769046300000007
4388550000	-0.00203933830000000002	-0.545771768399999968
4388570000	-0.00429763249999999975	-0.546782002499999975
4388590000	-0.0063513097999999997	-0.546359176299999971
4388610000	-0.0089429100999999997	-0.546906129400000052
4388630000	-0.0120371307000000007	-0.547647808400000047
4388650000	-0.0145477443000000001	-0.547851730899999945
4388670000	-0.0177869382999999992	-0.548729033700000035
4388690000	-0.0214745829999999985	-0.548858171600000055
4388710000	-0.0253524767999999991	-0.545709530899999962
4388730000	-0.0272612539999999987	-0.546052617800000029
4388750000	-0.0298982986000000013	-0.547733932800000045
4388770000	-0.032596359200000001	-0.546615473799999974
4388790000	-0.0352753786999999985	-0.54591576180000001
4388810000	-0.0372479017999999967	-0.546346486899999983
4388830000	-0.0407421889999999981	-0.545159095100000046
4388850000	-0.0428435288000000025	-0.546385287799999952
4388870000	-0.0463295929000000009	-0.545400922799999965
4388890000	-0.0491890872000000021	-0.544640994500000031
4388910000	-0.0537245215999999984	-0.545762962199999979
4388930000	-0.0547848297000000026	-0.545444224399999955
4388950000	-0.0574230951000000017	-0.543789411899999964
4388970000	-0.0600474871999999993	-0.54480388319999995
4388990000	-0.0622949735000000032	-0.544635805700000031
4389010000	-0.0653653305999999934	-0.544680001599999963
4389030000	-0.0682823473999999986	-0.543794193500000023
4389050000	-0.0716625112000000009	-0.543533312999999962
4389070000	-0.0739955001999999945	-0.542967726600000034
4389090000	-0.0770757323999999994	-0.541604160500000043
4389110000	-0.0798656908999999943	-0.542069199900000021
4389130000	-0.0829123546000000017	-0.542523905100000037
4389150000	-0.0863179924000000015	-0.542301757399999973
4389170000	-0.0880563386000000059	-0.540671496299999998
4389190000	-0.0911939291999999957	-0.541536869199999993
4389210000	-0.0941855771000000008	-0.540246873299999986
4389230000	-0.0972728917000000026	-0.540081008699999976
4389250000	-0.0988537783999999947	-0.539075837700000005
4389270000	-0.102559266699999999	-0.53973026759999998
4389290000	-0.104423270200000001	-0.538936206699999976
4389310000	-0.108155955600000006	-0.538663453600000008
4389330000	-0.111796517200000001	-0.537373515400000001
4389350000	-0.112824866999999995	-0.536391137800000029
4389370000	-0.115641259299999993	-0.535018005800000029
4389390000	-0.119356655899999997	-0.535584829299999954
4389410000	-0.1213354564	-0.534175650799999957
4389430000	-0.124508828799999999	-0.535193482900000017
4389450000	-0.126260938399999995	-0.534396692600000001
4389470000	-0.129636817900000006	-0.532471475100000036
4389490000	-0.131360136200000005	-0.533222725100000017
4389510000	-0.136487056100000004	-0.531385793600000045
4389530000	-0.13751673989999999	-0.531997941500000016
4389550000	-0.140136073999999999	-0.529905940100000028
4389570000	-0.143031386399999988	-0.529431977699999945
4389590000	-0.145609928400000005	-0.529524459999999975
4389610000	-0.148856799099999992	-0.528815430199999992
4389630000	-0.1511718695	-0.527302152199999985
4389650000	-0.154276698999999989	-0.52711971940000002
4389670000	-0.156640576700000006	-0.524882463099999974
4389690000	-0.160023069299999987	-0.525731416900000026
4389710000	-0.161877138400000009	-0.525160126499999991
4389730000	-0.165334467900000004	-0.525132835199999981
4389750000	-0.168258123900000001	-0.52355312679999999
4389770000	-0.170622244799999989	-0.522791319999999948
4389790000	-0.173985879300000007	-0.521815227199999954
4389810000	-0.176504605000000009	-0.52025509670000003
4389830000	-0.179505254700000005	-0.521035931599999946
4389850000	-0.181417688800000004	-0.52011070540000004
4389870000	-0.183183295899999987	-0.518291635299999998
4389890000	-0.186814430499999989	-0.516848715199999975
4389910000	-0.188297257200000012	-0.51608008729999999
4389930000	-0.191772566499999991	-0.516650081400000016
4389950000	-0.193213460799999986	-0.514188650499999955
4389970000	-0.197353883000000008	-0.512547992899999971
4389990000	-0.200248008199999994	-0.512994825100000051
4390010000	-0.202183122200000009	-0.51134009250000001
4390030000	-0.205172989199999989	-0.510951270299999982
4390050000	-0.207843916900000009	-0.50952177139999999
4390070000	-0.211492765299999996	-0.509383909500000009
4390090000	-0.213308160699999999	-0.507123950500000031
4390110000	-0.216289401800000003	-0.50620328130000003
4390130000	-0.217743138499999989	-0.503924192499999979
4390150000	-0.222330069500000005	-0.504077623499999961
4390170000	-0.223633527400000004	-0.50302768539999998
4390190000	-0.227462424899999988	-0.502163061900000041
4390210000	-0.228241838599999997	-0.501403296899999962
4390230000	-0.232674649499999997	-0.499528104299999998
4390250000	-0.233371603300000008	-0.498153276400000011
4390270000	-0.237232692200000012	-0.497107808699999987
4390290000	-0.238874571600000002	-0.495809566599999973
4390310000	-0.241851361600000009	-0.495292449000000023
4390330000	-0.243795001099999992	-0.494032607100000021
4390350000	-0.246033004400000005	-0.492916351799999986
4390370000	-0.248930918599999995	-0.492215430200000026
4390390000	-0.252451252700000017	-0.489137730100000001
4390410000	-0.255047157299999994	-0.489427362699999979
4390430000	-0.256370438099999987	-0.487475509400000007
4390450000	-0.260507339800000015	-0.486630121799999982
4390470000	-0.261955485400000021	-0.484509487700000019
4390490000	-0.264897372700000022	-0.483275412500000001
4390510000	-0.266571001099999982	-0.482649170000000016
4390530000	-0.270849569600000006	-0.481573381899999986
4390550000	-0.272637289800000016	-0.478529699699999977
4390570000	-0.275101604200000016	-0.477813137599999993
4390590000	-0.27768285669999998	-0.476205268800000026
4390610000	-0.279143187000000015	-0.475865242000000022
4390630000	-0.281606059799999975	-0.474545419600000018
4390650000	-0.284496561099999989	-0.473494181000000014
4390670000	-0.287678869000000004	-0.470156196199999987
4390690000	-0.290906439299999986	-0.468639397499999999
4390710000	-0.291907676200000021	-0.469449940399999988
4390730000	-0.294194320000000009	-0.467081866199999973
4390750000	-0.296530769699999974	-0.465244685200000008
4390770000	-0.298535414399999977	-0.463226863799999999
4390790000	-0.301911423999999984	-0.461780004000000022
4390810000	-0.303310886599999996	-0.460586253000000001
4390830000	-0.30563718849999999	-0.459262934199999973
4390850000	-0.309468613299999973	-0.456934122399999976
4390870000	-0.311726107799999985	-0.455425873699999983
4390890000	-0.312911274700000019	-0.455036408399999981
4390910000	-0.314955762099999981	-0.453108602400000005
4390930000	-0.318955045300000017	-0.45048178630000002
4390950000	-0.321616030499999983	-0.449472698999999976
4390970000	-0.323051439100000004	-0.447314025399999982
4390990000	-0.323882183099999998	-0.446301016599999989
4391010000	-0.326807525799999998	-0.444789172100000019
4391030000	-0.32892174070000002	-0.443940216100000007
4391050000	-0.332917441199999997	-0.442208598100000017
4391070000	-0.334655976600000016	-0.439565469900000005
4391090000	-0.3374270828	-0.438716699300000013
4391110000	-0.339254594199999981	-0.436763433199999995
4391130000	-0.340323131300000026	-0.434695892899999992
4391150000	-0.343410078200000024	-0.431678615400000021
4391170000	-0.346024103600000021	-0.430330984500000013
4391190000	-0.347690302100000015	-0.427803791499999975
4391210000	-0.349942875799999997	-0.426404096200000027
4391230000	-0.352423903500000024	-0.425374431399999975
4391250000	-0.35406631890000001	-0.423703172100000025
4391270000	-0.357198764900000021	-0.422110702700000007
4391290000	-0.359316678300000025	-0.420527993300000014
4391310000	-0.361792623099999988	-0.417694605599999991
4391330000	-0.364587210900000014	-0.416807614599999987
4391350000	-0.365877351799999972	-0.415546084599999976
4391370000	-0.367149353999999983	-0.411887862400000027
4391390000	-0.369652886600000008	-0.410651838599999985
4391410000	-0.3722316772	-0.410536719400000027
4391430000	-0.374165085600000002	-0.407819305399999998
4391450000	-0.377735080999999973	-0.4051767919
4391470000	-0.377637360500000019	-0.403494128499999993
4391490000	-0.380220562900000003	-0.401197147699999979
4391510000	-0.383218164199999989	-0.399030340099999992
4391530000	-0.384927998599999988	-0.397401927099999996
4391550000	-0.387456293299999976	-0.394037448299999982
4391570000	-0.388726104199999978	-0.39330500639999999
4391590000	-0.391788659500000025	-0.392073367800000017
4391610000	-0.392638908600000003	-0.390317601999999986
4391630000	-0.395983999799999986	-0.387459419999999999
4391650000	-0.398322718199999981	-0.384223546699999974
4391670000	-0.399069852700000005	-0.384329962700000027
4391690000	-0.402093350000000016	-0.381900585299999984
4391710000	-0.403555828100000014	-0.377417698700000026
4391730000	-0.405735811200000018	-0.378166319299999998
4391750000	-0.408000504699999988	-0.375008685900000027
4391770000	-0.410399262499999973	-0.373154237700000002
4391790000	-0.410578880099999988	-0.370146623100000016
4391810000	-0.413536348100000006	-0.367415443600000002
4391830000	-0.414759282100000015	-0.365061440500000001
4391850000	-0.41861374039999999	-0.365311674400000008
4391870000	-0.419008733199999983	-0.36302494930000001
4391890000	-0.421455561400000012	-0.359564616700000006
4391910000	-0.423443912099999986	-0.357860845300000008
4391930000	-0.42415110239999998	-0.355073002500000012
4391950000	-0.425693941099999973	-0.353806824099999973
4391970000	-0.427743208900000005	-0.352008331600000002
4391990000	-0.430366216400000001	-0.348513866200000022
4392010000	-0.433306803199999979	-0.345133568900000021
4392030000	-0.433374524699999986	-0.345312880099999997
4392050000	-0.435501324400000001	-0.343230610599999986
4392070000	-0.437230716799999974	-0.338591649599999989
4392090000	-0.439344046499999974	-0.337919810499999973
4392110000	-0.441035231000000028	-0.334552622999999993
4392130000	-0.442168483200000018	-0.334147541300000017
4392150000	-0.445077076700000018	-0.330957605300000013
4392170000	-0.447350648799999973	-0.328868310599999991
4392190000	-0.44806673629999999	-0.325721976000000024
4392210000	-0.450429660200000026	-0.323835859599999998
4392230000	-0.451900630600000019	-0.320322546799999996
4392250000	-0.453991981400000022	-0.317283665800000003
4392270000	-0.454746509999999993	-0.315242549099999991
4392290000	-0.457597972700000022	-0.31374039469999998
4392310000	-0.459028910600000006	-0.312579044400000006
4392330000	-0.461205189800000026	-0.308817433600000024
4392350000	-0.461953823099999994	-0.308615344199999975
4392370000	-0.463420942800000013	-0.304059733200000015
4392390000	-0.465819352399999997	-0.302943370900000009
4392410000	-0.465854495500000021	-0.299237296099999994
4392430000	-0.468813079700000024	-0.298093878099999987
4392450000	-0.470134775700000007	-0.293673108700000018
4392470000	-0.471863262200000022	-0.292280078599999993
4392490000	-0.473853660899999973	-0.289955887099999976
4392510000	-0.475091623000000018	-0.287154910200000002
4392530000	-0.477295109200000012	-0.284731491299999973
4392550000	-0.47808980299999998	-0.282157517299999994
4392570000	-0.478632719300000009	-0.279515233400000007
4392590000	-0.480500179400000005	-0.277722868700000014
4392610000	-0.48092397050000002	-0.275646523500000018
4392630000	-0.484826523700000012	-0.271325211700000013
4392650000	-0.486138883199999983	-0.270197203800000008
4392670000	-0.486835031099999982	-0.266182609299999984
4392690000	-0.487534488099999996	-0.264262550900000004
4392710000	-0.488567960799999979	-0.261780684300000011
4392730000	-0.491158521600000009	-0.259495114699999974
4392750000	-0.491836639799999975	-0.256929986599999993
4392770000	-0.493726791900000017	-0.253399409600000014
4392790000	-0.493784779600000001	-0.251852524999999994
4392810000	-0.496017274100000016	-0.248425282899999988
4392830000	-0.498656142700000027	-0.247395517399999987
4392850000	-0.498441276599999983	-0.243072341899999989
4392870000	-0.500952745600000027	-0.242072757
4392890000	-0.500753703999999966	-0.238548781300000012
4392910000	-0.502340236799999951	-0.235630348299999987
4392930000	-0.503908002199999983	-0.232487224299999989
4392950000	-0.505188159899999989	-0.23162282549999999
4392970000	-0.505905998799999979	-0.228316665000000002
4392990000	-0.508688661300000011	-0.224579825700000013
4393010000	-0.509696561900000011	-0.22230092030000001
4393030000	-0.511883003300000028	-0.219650077100000007
4393050000	-0.511613315299999982	-0.21823622170000001
4393070000	-0.512744752100000034	-0.215711652400000009
4393090000	-0.513310993900000012	-0.211725080399999988
4393110000	-0.514016082599999979	-0.208980272299999992
4393130000	-0.517201677800000037	-0.206493998000000012
4393150000	-0.516451109000000019	-0.203297897300000002
4393170000	-0.518158016100000007	-0.200492048700000008
4393190000	-0.519894293200000024	-0.198477480799999995
4393210000	-0.520651965999999966	-0.195360212000000005
4393230000	-0.521209098399999959	-0.192332287299999988
4393250000	-0.522564703899999983	-0.189509697100000013
4393270000	-0.523551227899999971	-0.186377294599999993
4393290000	-0.524411048399999968	-0.182915781400000005
4393310000	-0.526850241300000022	-0.182435934100000002
4393330000	-0.527625185799999952	-0.17743223050000001
4393350000	-0.526349076000000027	-0.176539912500000007
4393370000	-0.528478719999999957	-0.172269078999999992
4393390000	-0.529683558799999954	-0.170653216400000002
4393410000	-0.530325131999999977	-0.166538645499999999
4393430000	-0.530355687799999975	-0.163509571500000006
4393450000	-0.532385686100000033	-0.159798326500000004
4393470000	-0.532730311799999967	-0.158691167599999988
4393490000	-0.535005845499999966	-0.155802971900000004
4393510000	-0.533793660499999989	-0.1531641953
4393530000	-0.536032654300000022	-0.148785877499999997
4393550000	-0.535672328800000042	-0.146438032400000001
4393570000	-0.537883532900000016	-0.143831230000000004
4393590000	-0.53686340730000004	-0.140919196800000007
4393610000	-0.538721886699999986	-0.138389818999999997
4393630000	-0.539091588599999949	-0.135250789600000004
4393650000	-0.540090843600000037	-0.131669921599999989
4393670000	-0.540936947299999971	-0.128313546899999992
4393690000	-0.542413858900000045	-0.125228932999999987
4393710000	-0.542619948100000027	-0.122797378900000004
4393730000	-0.54281236580000003	-0.119954619999999998
4393750000	-0.543574429800000036	-0.116948713400000001
4393770000	-0.544270138899999978	-0.115297966599999996
4393790000	-0.545393906100000048	-0.112168026899999995
4393810000	-0.546067501500000052	-0.107392495700000007
4393830000	-0.547210241399999964	-0.104204518100000004
4393850000	-0.546949977200000048	-0.100975841100000005
4393870000	-0.548521099899999975	-0.0991883370999999958
4393890000	-0.547946177699999981	-0.0966018413000000048
4393910000	-0.549085166100000022	-0.0924192055999999984
4393930000	-0.549374960299999993	-0.0908991271000000045
4393950000	-0.548793008700000029	-0.0862284252999999945
4393970000	-0.550316057500000011	-0.0835462604000000025
4393990000	-0.551431396300000043	-0.0800351802999999945
4394010000	-0.54942206140000005	-0.0777230106999999976
4394030000	-0.550708385299999992	-0.0744195951999999938
4394050000	-0.552730666199999998	-0.0717780613999999956
4394070000	-0.552129206599999978	-0.0676856458999999938
4394090000	-0.552547399399999972	-0.0640909726999999985
4394110000	-0.553392679300000023	-0.0617836968999999972
4394130000	-0.552590246800000018	-0.0571946176999999986
4394150000	-0.554137872800000042	-0.0553880376999999965
4394170000	-0.554027088400000034	-0.0526412746999999973
4394190000	-0.555128330299999972	-0.0489568064999999983
4394210000	-0.554133261399999966	-0.0457366208000000024
4394230000	-0.554900025000000019	-0.0427258000000000013
4394250000	-0.554561424600000019	-0.0392116300999999987
4394270000	-0.554575523000000015	-0.0364403137999999988
4394290000	-0.554850627200000002	-0.0326859540999999976
4394310000	-0.556178927100000053	-0.0290260651000000015
4394330000	-0.556480101699999952	-0.0269004553000000007
4394350000	-0.555845837599999948	-0.0222568834
4394370000	-0.55433262459999999	-0.0195826550000000009
4394390000	-0.556101614499999952	-0.0170629958000000012
4394410000	-0.556759538100000007	-0.0122894196000000004
4394430000	-0.556394578799999984	-0.0098669316
4394450000	-0.556079846900000008	-0.00732491209999999986
4394470000	-0.555283891700000032	-0.00326605349999999984
4394490000	-0.555538986299999982	-8.40741999999999954e-05
4394510000	-0.55555926659999999	0.00344716229999999981
4394530000	-0.55622467149999999	0.00737077850000000031
4394550000	-0.557865098299999973	0.0107515375
4394570000	-0.556366861400000023	0.0139806123000000004
4394590000	-0.554934624100000051	0.0163613927999999992
4394610000	-0.555860346100000013	0.0208200951999999995
4394630000	-0.55532756569999997	0.0237585352
4394650000	-0.555554513499999958	0.0288423348999999989
4394670000	-0.554768542499999961	0.0306859724999999986
4394690000	-0.553609174600000031	0.0353970699000000014
4394710000	-0.553321342000000049	0.0389666816999999985
4394730000	-0.552975332799999997	0.042480435599999998
4394750000	-0.552900491800000005	0.0460390803000000001
4394770000	-0.554227746799999976	0.0497867390999999979
4394790000	-0.552892928600000055	0.054316819199999998
4394810000	-0.552587874900000053	0.0567602378000000019
4394830000	-0.551798535600000029	0.0607757324999999987
4394850000	-0.550241868700000025	0.0650473582999999966
4394870000	-0.550412097100000053	0.0666084165999999978
4394890000	-0.550541335100000029	0.0712763294999999991
4394910000	-0.550508098899999965	0.0755330854999999995
4394930000	-0.549001835400000027	0.0793078511000000069
4394950000	-0.548000978200000044	0.0838997504999999949
4394970000	-0.546844338400000018	0.0872218913000000068
4394990000	-0.546799796900000024	0.0909093665999999995
4395010000	-0.545419288299999971	0.0965656156999999959
4395030000	-0.543900878099999985	0.101109976899999995
4395050000	-0.544671844499999946	0.103993451700000003
4395070000	-0.541110347499999977	0.107546680899999997
4395090000	-0.541720987799999998	0.112985891800000002
4395110000	-0.540937144399999958	0.117418871199999997
4395130000	-0.538311703099999983	0.121683165400000001
4395150000	-0.536746618599999947	0.12743398689999999
4395170000	-0.535627595400000045	0.13168684759999999
4395190000	-0.534114043500000024	0.1356705359
4395210000	-0.531932004299999983	0.139909217599999997
4395230000	-0.529275680599999965	0.146627954300000002
4395250000	-0.527897898300000001	0.151266416699999989
4395270000	-0.525312830199999969	0.157649180899999991
4395290000	-0.522958837899999973	0.162091773999999994
4395310000	-0.519130321400000039	0.167740101400000008
4395330000	-0.517912428000000036	0.173491602299999992
4395350000	-0.514873230199999976	0.178947966799999997
4395370000	-0.510404763000000039	0.186048680900000013
4395390000	-0.505973832500000054	0.193222842099999986
4395410000	-0.501402115199999998	0.199886885900000005
4395430000	-0.495322739399999989	0.205369924799999992
4395450000	-0.489808473799999977	0.214605333399999987
4395470000	-0.482906996600000027	0.220242101800000006
4395490000	-0.4749866861	0.230126794899999987
4395510000	-0.465512809400000005	0.238235802100000005
4395530000	-0.453840556100000014	0.248424737400000012
4395550000	-0.439620600400000006	0.256700617600000014
4395570000	-0.421704748399999996	0.268130845600000001
4395590000	-0.397863893899999987	0.277165064800000027
4395610000	-0.360348706899999982	0.284096014100000016
4395630000	-0.288523708400000023	0.278726588800000008
4395650000	-0.14916477010000001	0.139736937499999991
4395670000	-0.148015113400000009	0.0507670125
4395690000	-0.166819139899999996	-0.00102821069999999991
4395710000	-0.193332815999999991	-0.0353482020000000022
4395730000	-0.21986637140000001	-0.0593959022000000031
4395750000	-0.249172701299999994	-0.0758670584000000064
4395770000	-0.276245928299999999	-0.085953225499999994
4395790000	-0.303830125600000001	-0.0924884356000000019
4395810000	-0.328759140900000024	-0.0919207576999999942
4395830000	-0.352304550200000011	-0.0907772151000000027
4395850000	-0.374331036800000017	-0.0842953914000000026
4395870000	-0.395835466899999988	-0.0768872257000000059
4395890000	-0.413621748700000014	-0.0715288688000000061
4395910000	-0.430646166399999974	-0.0593872090000000033
4395930000	-0.446303609099999998	-0.0483903686999999985
4395950000	-0.459532696799999973	-0.0365966290999999999
4395970000	-0.469671406999999985	-0.0262436277999999988
4395990000	-0.479892253699999993	-0.0138747731999999992
4396010000	-0.488297473599999976	-0.00238342440000000001
4396030000	-0.494345219200000019	0.0110990354000000003
4396050000	-0.501080540899999982	0.0211031334000000015
4396070000	-0.506978879800000004	0.0316655195999999972
4396090000	-0.510843160600000012	0.042204073100000003
4396110000	-0.513392568300000018	0.0527420903000000024
4396130000	-0.516281471899999955	0.0605380394000000002
4396150000	-0.519079659900000046	0.0692147129999999972
4396170000	-0.521389214900000009	0.0792039758000000066
4396190000	-0.521486208799999962	0.085239661199999997
4396210000	-0.522638224699999987	0.0945858101999999951
4396230000	-0.522440537299999952	0.100417432599999995
4396250000	-0.523444116500000001	0.108098322299999994
4396270000	-0.524428525599999973	0.115018726500000001
4396290000	-0.523517990099999997	0.121210859099999999
4396310000	-0.523502611600000001	0.127369474700000013
4396330000	-0.522793743000000033	0.134134316799999986
4396350000	-0.522728077100000021	0.139435345699999991
4396370000	-0.521489900099999959	0.144355378400000012
4396390000	-0.521789394100000026	0.150491085899999988
4396410000	-0.520871161199999988	0.1557283468
4396430000	-0.5206682319	0.159949800499999989
4396450000	-0.520279473500000034	0.165817083400000009
4396470000	-0.518392973999999951	0.169313458199999989
4396490000	-0.518030669399999977	0.174720966199999994
4396510000	-0.517387440799999987	0.179100913700000003
4396530000	-0.515547863999999967	0.184174225899999988
4396550000	-0.513837611399999949	0.187154233400000009
4396570000	-0.514390936700000023	0.192299504799999993
4396590000	-0.513059735699999964	0.196466387800000003
4396610000	-0.510455025299999976	0.200389866299999997
4396630000	-0.5104801162	0.204921133899999997
4396650000	-0.509909871399999992	0.208505173399999993
4396670000	-0.509125267499999978	0.212541716600000014
4396690000	-0.506756624700000047	0.216398247099999996
4396710000	-0.504456285900000023	0.219567437799999987
4396730000	-0.503524066799999948	0.222625356299999994
4396750000	-0.503068369099999968	0.226907814000000013
4396770000	-0.502335808500000036	0.231212755299999989
4396790000	-0.500179137800000007	0.234070250899999999
4396810000	-0.498001570399999982	0.238347002299999999
4396830000	-0.497532550000000018	0.2411916271
4396850000	-0.496351350700000027	0.244741004099999993
4396870000	-0.493498516200000015	0.247777447900000003
4396890000	-0.493228966400000024	0.250775942699999976
4396910000	-0.491071849700000007	0.253333497799999974
4396930000	-0.489417735600000015	0.257888472099999988
4396950000	-0.487255964300000011	0.260714367100000011
4396970000	-0.48682358069999998	0.263775882199999978
4396990000	-0.484741521399999986	0.266732898800000007
4397010000	-0.483141246400000002	0.270567755600000015
4397030000	-0.481890675400000024	0.274418993499999986
4397050000	-0.480314438700000013	0.276110105699999997
4397070000	-0.478156419700000002	0.278576031800000012
4397090000	-0.476484476200000007	0.28123289880000002
4397110000	-0.474809942200000001	0.283887367800000012
4397130000	-0.473415146499999995	0.288454041900000013
4397150000	-0.470270163000000019	0.291103969299999987
4397170000	-0.469392448500000004	0.293754459400000001
4397190000	-0.468918997800000015	0.296107815200000013
4397210000	-0.466858315999999995	0.300169254399999974
4397230000	-0.465493907599999979	0.302181697600000021
4397250000	-0.462603989599999987	0.307097532399999984
4397270000	-0.460487692100000012	0.307286040400000016
4397290000	-0.460155094599999981	0.312130418999999992
4397310000	-0.458339535700000023	0.313799955000000019
4397330000	-0.456912734200000004	0.316332795800000011
4397350000	-0.453618917600000005	0.32003219300000002
4397370000	-0.452014200199999994	0.322288711900000024
4397390000	-0.45025183299999999	0.325042266299999993
4397410000	-0.449315558800000014	0.3273038962
4397430000	-0.447562373399999991	0.329532237800000016
4397450000	-0.44542230960000001	0.33335245899999999
4397470000	-0.444220404199999974	0.334407494600000021
4397490000	-0.441503840400000014	0.336995085799999983
4397510000	-0.439624927300000024	0.340101068600000001
4397530000	-0.437589638999999975	0.341943195899999997
4397550000	-0.435244175000000011	0.344720580499999985
4397570000	-0.434065100199999998	0.347749116600000019
4397590000	-0.431954447100000027	0.351107200299999977
4397610000	-0.430050961000000009	0.352309998299999982
4397630000	-0.427415386800000019	0.354097506700000009
4397650000	-0.425909983400000025	0.357143941600000014
4397670000	-0.423613213400000022	0.361413648799999987
4397690000	-0.423227873899999996	0.361256652199999972
4397710000	-0.420893701700000011	0.363966155000000013
4397730000	-0.418021202699999983	0.366235968799999978
4397750000	-0.416211879700000009	0.368882086399999976
4397770000	-0.413810985099999973	0.372324932599999991
4397790000	-0.411274704599999985	0.373728980300000013
4397810000	-0.410475920699999997	0.376499191800000022
4397830000	-0.407334861400000026	0.378609168300000021
4397850000	-0.405855174699999988	0.380049565600000028
4397870000	-0.403798284800000018	0.382767383500000002
4397890000	-0.401342618200000001	0.384759017099999989
4397910000	-0.398929735000000008	0.387373604500000024
4397930000	-0.398755179899999979	0.38926006270000002
4397950000	-0.393842448299999981	0.392632383799999984
4397970000	-0.394164562399999974	0.39511926679999998
4397990000	-0.391984315600000022	0.397383280999999977
4398010000	-0.387029495499999987	0.397261979900000006
4398030000	-0.386448433300000005	0.400482749799999982
4398050000	-0.384893020299999999	0.402184285600000024
4398070000	-0.382491293600000004	0.404937034600000023
4398090000	-0.380124388099999988	0.40725434960000001
4398110000	-0.378602340699999984	0.408563705100000008
4398130000	-0.375410611299999974	0.411429213299999985
4398150000	-0.373774746300000016	0.413277447999999992
4398170000	-0.369857252700000028	0.415305087399999995
4398190000	-0.370139073900000004	0.416673505700000002
4398210000	-0.366815445600000012	0.417945866100000007
4398230000	-0.364727350999999977	0.420799221599999995
4398250000	-0.362876600100000002	0.423765498600000012
4398270000	-0.359812341400000013	0.425277022000000005
4398290000	-0.358163108800000018	0.426730802799999975
4398310000	-0.35604504079999999	0.429366597600000011
4398330000	-0.353584193200000008	0.4311812639
4398350000	-0.350819490600000006	0.432609498400000014
4398370000	-0.349284533700000011	0.433711813200000018
4398390000	-0.347084999900000024	0.435639585699999998
4398410000	-0.343803681299999997	0.437336752399999973
4398430000	-0.34257706160000001	0.440947187899999982
4398450000	-0.337743549099999985	0.440966199700000006
4398470000	-0.33766258640000002	0.443491057999999994
4398490000	-0.334589660499999997	0.444141834399999991
4398510000	-0.332341202300000027	0.446744592900000015
4398530000	-0.32976409750000002	0.448039134299999975
4398550000	-0.327464057099999983	0.451653911899999982
4398570000	-0.324218171300000024	0.452218447299999993
4398590000	-0.323344236399999985	0.45377060159999999
4398610000	-0.319089504700000026	0.456279532300000013
4398630000	-0.317145381200000021	0.457863394099999987
4398650000	-0.316183032500000016	0.459757691899999987
4398670000	-0.313481190199999982	0.461162612199999988
4398690000	-0.310171678999999978	0.462222571000000026
4398710000	-0.307291376000000005	0.463941825500000016
4398730000	-0.305156322199999996	0.46612854749999999
4398750000	-0.302568089500000026	0.467413836500000013
4398770000	-0.300309149200000014	0.467987632799999997
4398790000	-0.298176118499999976	0.472184606900000026
4398810000	-0.295506055200000006	0.472789299100000004
4398830000	-0.293364302999999993	0.474285132100000006
4398850000	-0.291507082600000023	0.475336461499999974
4398870000	-0.288735281899999974	0.477442331499999983
4398890000	-0.28511982990000001	0.479136123000000025
4398910000	-0.283477050800000019	0.478850431199999982
4398930000	-0.282488529400000021	0.481794610600000006
4398950000	-0.278688334699999984	0.482264817199999973
4398970000	-0.275999245200000021	0.483626363700000006
4398990000	-0.273252850200000008	0.484628980499999973
4399010000	-0.270870529699999973	0.486885745599999975
4399030000	-0.267154554599999983	0.488945306099999977
4399050000	-0.263746692000000005	0.489551830399999999
4399070000	-0.261392298600000017	0.49216524690000002
4399090000	-0.25971264799999999	0.493267428399999985
4399110000	-0.257598487599999981	0.494622053100000014
4399130000	-0.254647711399999976	0.495800958100000022
4399150000	-0.251353688099999972	0.497204073799999979
4399170000	-0.250354695899999979	0.49900391999999999
4399190000	-0.247128500599999995	0.500095403500000035
4399210000	-0.244973519599999995	0.501176525300000009
4399230000	-0.241376677900000003	0.502861533399999949
4399250000	-0.239416680500000006	0.503371713800000009
4399270000	-0.236220390100000011	0.503507946399999962
4399290000	-0.234324399399999994	0.505194568099999963
4399310000	-0.231239912999999991	0.507449494599999995
4399330000	-0.22904720549999999	0.508570070099999993
4399350000	-0.226600974600000005	0.509544012300000015
4399370000	-0.224100188799999989	0.510027702399999949
4399390000	-0.221143502399999997	0.511140449300000022
4399410000	-0.217492796699999991	0.513422878400000005
4399430000	-0.21500665229999999	0.512739284200000034
4399450000	-0.212780607799999993	0.516764644200000012
4399470000	-0.210494494599999998	0.515610656899999964
4399490000	-0.207163952200000001	0.518243295200000009
4399510000	-0.20618983099999999	0.519037875300000007
4399530000	-0.202056523200000004	0.519676317900000018
4399550000	-0.200394593900000001	0.520457183799999945
4399570000	-0.196422118499999993	0.522111785899999958
4399590000	-0.193217160299999996	0.522583174300000008
4399610000	-0.1915152782	0.524761099300000033
4399630000	-0.188690088899999997	0.524915883799999983
4399650000	-0.185247658399999987	0.526084360599999967
4399670000	-0.183609815700000012	0.526921061000000024
4399690000	-0.179533289200000001	0.528354995099999947
4399710000	-0.177278209299999989	0.528897436000000054
4399730000	-0.174903402799999996	0.528874446400000031
4399750000	-0.173365677200000012	0.531973636499999958
4399770000	-0.168738114999999994	0.53127768750000004
4399790000	-0.165740136900000001	0.531448224200000041
4399810000	-0.163566404800000009	0.533865567600000035
4399830000	-0.160766655799999991	0.533856685599999992
4399850000	-0.159206375600000005	0.534760969599999969
4399870000	-0.154572381300000006	0.535320401600000051
4399890000	-0.153121610699999994	0.536464312899999962
4399910000	-0.148670239900000001	0.537227110400000041
4399930000	-0.147525157600000012	0.537144193800000003
4399950000	-0.143673982700000008	0.538728014399999955
4399970000	-0.141387209600000008	0.538860123199999985
4399990000	-0.138294456300000007	0.539498559400000022
4400010000	-0.135782497299999999	0.540160574099999957
4400030000	-0.132223526499999994	0.542582406399999995
4400050000	-0.130268271600000013	0.542759080700000007
4400070000	-0.126695766200000004	0.543571466199999964
4400090000	-0.125731287599999991	0.543540802500000031
4400110000	-0.120995005700000005	0.545413389100000034
4400130000	-0.117635688200000005	0.544755366099999971
4400150000	-0.116062171500000005	0.546263227600000012
4400170000	-0.111947298099999995	0.545856951400000012
4400190000	-0.110940959800000002	0.54816294320000003
4400210000	-0.107478018600000003	0.547275589600000001
4400230000	-0.104316592999999999	0.548339836699999972
4400250000	-0.102438856199999997	0.54936807809999999
4400270000	-0.100061759299999997	0.550002710600000055
4400290000	-0.0963187853999999954	0.549784636800000004
4400310000	-0.0940521457000000061	0.549751469599999987
4400330000	-0.0906670393000000019	0.549588714700000036
4400350000	-0.0876998791999999971	0.550269442499999983
4400370000	-0.0847838181999999996	0.550895148599999995
4400390000	-0.0817155179000000065	0.550552646099999987
4400410000	-0.0792115139999999968	0.552086444299999979
4400430000	-0.0757359444999999992	0.553628688300000005
4400450000	-0.0753249185999999987	0.553170844299999964
4400470000	-0.0705665059000000067	0.552936790099999964
4400490000	-0.0678273575000000045	0.554723761500000023
4400510000	-0.0652077696000000068	0.553620328199999956
4400530000	-0.0620177160000000005	0.553935360099999996
4400550000	-0.0602396240999999999	0.554171029000000037
4400570000	-0.0550555375000000013	0.554916727000000054
4400590000	-0.0532407977000000018	0.556959675500000029
4400610000	-0.0507392928000000021	0.55500088329999997
4400630000	-0.047542187100000001	0.554985522700000011
4400650000	-0.0459837135999999966	0.556550019300000032
4400670000	-0.042321062700000002	0.556716529200000032
4400690000	-0.0388962860000000021	0.556533839600000024
4400710000	-0.0365414978000000029	0.558504352900000001
4400730000	-0.033774330499999998	0.556051612400000006
4400750000	-0.0309135369	0.557461584300000035
4400770000	-0.0280910642000000016	0.559372463099999995
4400790000	-0.0244471251000000014	0.557815830599999951
4400810000	-0.0226145662999999997	0.557840423300000054
4400830000	-0.0183643993999999984	0.556946323699999968
4400850000	-0.0164728406000000001	0.558637109600000015
4400870000	-0.0143703223000000001	0.558651800699999979
4400890000	-0.00980456090000000023	0.558503797900000043
4400910000	-0.00742629749999999984	0.558226861600000013
4400930000	-0.00424769639999999973	0.557702837599999945
4400950000	-0.00172292270000000002	0.558673290300000014
4400970000	0.0010516716000000001	0.557554581600000043
4400990000	0.00378650479999999984	0.55905556320000005
4401010000	0.006756822	0.558221122299999983
4401030000	0.00986831020000000086	0.557871762700000051
4401050000	0.0136186168999999999	0.557443545199999946
4401070000	0.0160685697000000002	0.558270015499999994
4401090000	0.0193286099999999995	0.556730694199999987
4401110000	0.0209465159999999984	0.558323967999999948
4401130000	0.0241478603000000007	0.557129909699999981
4401150000	0.0277227375000000005	0.557584468900000019
4401170000	0.0302606571000000012	0.556634657399999955
4401190000	0.0322688605999999975	0.558092547700000052
4401210000	0.035580728300000003	0.55670863650000002
4401230000	0.0369883375999999972	0.556246564399999976
4401250000	0.0422738953999999972	0.556753437699999965
4401270000	0.0441650545000000019	0.555160912399999984
4401290000	0.0462134306000000009	0.55653895369999995
4401310000	0.0499324261000000033	0.556259161499999988
4401330000	0.0520520084000000022	0.556419011300000044
4401350000	0.0562037608999999966	0.555539154999999951
4401370000	0.059573739700000003	0.554410130499999987
4401390000	0.0605802485000000029	0.555917104900000014
4401410000	0.0644576409999999961	0.554231787700000034
4401430000	0.0670360916999999945	0.554132111299999952
4401450000	0.0697393112999999953	0.553836082599999946
4401470000	0.0725639265999999949	0.553885410699999969
4401490000	0.0755518582000000022	0.553484819699999964
4401510000	0.0788726237999999996	0.552167169700000016
4401530000	0.0808937831000000052	0.550935229999999998
4401550000	0.0839334969999999958	0.551528689500000002
4401570000	0.0857544850000000053	0.550429742599999994
4401590000	0.0889617230000000064	0.551402613000000041
4401610000	0.0926994477000000067	0.549863924700000006
4401630000	0.0956918256000000023	0.549162354200000036
4401650000	0.0988227673999999973	0.549032651999999954
4401670000	0.100499032200000005	0.548074758299999965
4401690000	0.104042275599999998	0.548635098999999959
4401710000	0.106142993500000005	0.547425307100000036
4401730000	0.109558493600000001	0.54650057129999996
4401750000	0.112757375000000007	0.548265646699999998
4401770000	0.115630023600000006	0.545582940099999969
4401790000	0.118091630500000003	0.545913955800000017
4401810000	0.121225033999999995	0.545275352200000007
4401830000	0.123363470000000003	0.543619766299999974
4401850000	0.126270629200000012	0.543265893000000055
4401870000	0.129608790899999993	0.543324506499999971
4401890000	0.131367215600000004	0.542665568899999951
4401910000	0.134421224099999986	0.540770152799999959
4401930000	0.137164693700000007	0.541331826399999994
4401950000	0.139811968700000011	0.541747964399999948
4401970000	0.143287127799999997	0.539350907799999946
4401990000	0.14653494210000001	0.538870445000000031
4402010000	0.148986308900000003	0.538518606899999974
4402030000	0.151210484700000009	0.536904091200000044
4402050000	0.154054168600000013	0.536824177399999991
4402070000	0.1570889023	0.535407013399999965
4402090000	0.159690773199999997	0.533879623399999947
4402110000	0.162762931	0.535998150099999959
4402130000	0.16456585130000001	0.532800538699999993
4402150000	0.168378801599999989	0.532481916499999985
4402170000	0.170709948199999989	0.530642925300000012
4402190000	0.173088264699999994	0.530112198400000012
4402210000	0.175948129499999995	0.52976640620000004
4402230000	0.179004098199999989	0.528843155999999981
4402250000	0.179952107800000011	0.527709344100000033
4402270000	0.183923527799999986	0.528255555899999951
4402290000	0.185453982099999998	0.524884003299999957
4402310000	0.188097452100000007	0.525291282099999979
4402330000	0.191094097099999999	0.522750188399999982
4402350000	0.1950534394	0.522689380300000006
4402370000	0.197941003799999987	0.523048337600000024
4402390000	0.200816437300000011	0.521797046300000011
4402410000	0.202465929600000011	0.519581344200000017
4402430000	0.205204072399999993	0.518944104300000042
4402450000	0.207610087700000001	0.517515347400000048
4402470000	0.210775290199999993	0.517552070100000039
4402490000	0.213956564900000007	0.515786989600000023
4402510000	0.216266450100000007	0.514981919799999965
4402530000	0.217537618200000005	0.514833397900000045
4402550000	0.221929117300000006	0.512042024800000051
4402570000	0.224351724199999991	0.51025780409999999
4402590000	0.226033696199999995	0.510031455499999953
4402610000	0.227672859199999994	0.509717363100000043
4402630000	0.231204844699999995	0.507517968499999972
4402650000	0.234896147599999994	0.506031054100000044
4402670000	0.236686785900000002	0.505879079299999979
4402690000	0.239525017099999987	0.503770592299999986
4402710000	0.242035721799999992	0.503349947699999967
4402730000	0.244389145199999991	0.502097648899999971
4402750000	0.247267193699999999	0.500846502100000035
4402770000	0.250255867999999992	0.498790599399999979
4402790000	0.252557355900000002	0.498106464600000021
4402810000	0.254382844399999974	0.495970229900000004
4402830000	0.257896442999999975	0.496100918800000013
4402850000	0.259942099400000015	0.493266091399999995
4402870000	0.261870013600000007	0.492273298899999989
4402890000	0.264807644100000017	0.490691379500000024
4402910000	0.267330777500000005	0.489355849000000009
4402930000	0.271702940999999976	0.487879876900000009
4402950000	0.272666693800000026	0.487965172700000005
4402970000	0.275351026300000024	0.48595853
4402990000	0.277897919499999979	0.484635778500000003
4403010000	0.279840990999999983	0.483290138500000022
4403030000	0.281300524300000021	0.480981940399999974
4403050000	0.285479239300000021	0.481538132100000016
4403070000	0.287277861999999995	0.479283559299999995
4403090000	0.290525831299999981	0.477486484699999991
4403110000	0.291873473800000005	0.4757052846
4403130000	0.294433373900000017	0.47446492039999999
4403150000	0.297754739599999985	0.473463486400000022
4403170000	0.298139613199999987	0.471008366399999989
4403190000	0.301147900299999993	0.469819050000000016
4403210000	0.304383718700000028	0.469058129200000007
4403230000	0.306025701900000002	0.467505861199999984
4403250000	0.3074467964	0.464261162499999991
4403270000	0.310941087399999982	0.463596596799999983
4403290000	0.312590273899999993	0.461218671199999986
4403310000	0.316319336900000025	0.461321491400000006
4403330000	0.316607163199999986	0.459495658400000007
4403350000	0.320385297000000013	0.457162899899999975
4403370000	0.323354227100000002	0.455666798799999995
4403390000	0.323694678899999977	0.454394934099999981
4403410000	0.327931521999999975	0.452597789199999989
4403430000	0.330465383800000012	0.450946704600000026
4403450000	0.332482144300000004	0.448693253199999975
4403470000	0.334447859299999983	0.446681109000000021
4403490000	0.337134394100000012	0.445725754199999991
4403510000	0.33799623099999998	0.443119950699999987
4403530000	0.340974456400000014	0.442121790199999976
4403550000	0.34356899270000002	0.440412423599999991
4403570000	0.346760182199999989	0.439341734900000003
4403590000	0.347684941500000011	0.437163198699999977
4403610000	0.350265647499999999	0.43557720459999999
4403630000	0.352207345000000005	0.433325764200000019
4403650000	0.353986798499999977	0.431057511200000021
4403670000	0.357099567999999978	0.428924591399999999
4403690000	0.359593870599999976	0.428085557800000016
4403710000	0.359506566500000013	0.424788933199999996
4403730000	0.362854681299999982	0.423290412700000007
4403750000	0.365546493899999991	0.422369967199999974
4403770000	0.368319023999999995	0.419815302399999979
4403790000	0.370045968800000014	0.416892841800000025
4403810000	0.371375518500000001	0.417186064700000026
4403830000	0.374492585900000008	0.414038025400000009
4403850000	0.374460093599999988	0.412905908499999974
4403870000	0.377177671300000017	0.410544056300000015
4403890000	0.380453296399999974	0.408196131799999973
4403910000	0.382414829999999983	0.406829043700000004
4403930000	0.382596558600000025	0.404666776999999978
4403950000	0.386431416000000028	0.402209092499999976
4403970000	0.388505049699999994	0.400992513100000003
4403990000	0.390395645600000007	0.398143494900000006
4404010000	0.391437957599999997	0.397981115200000013
4404030000	0.394781227600000006	0.395970058199999975
4404050000	0.397015721300000013	0.391570260700000006
4404070000	0.398099409700000018	0.392223040999999994
4404090000	0.400413911800000022	0.389120982100000012
4404110000	0.401756450799999998	0.387641532000000011
4404130000	0.404406977000000001	0.385374412300000024
4404150000	0.405724155600000025	0.383403321000000019
4404170000	0.407976933099999994	0.382263408699999974
4404190000	0.409568955499999998	0.378834789399999983
4404210000	0.412594814199999993	0.376736459799999979
4404230000	0.41407359869999999	0.374338683900000024
4404250000	0.415930849499999977	0.372124818000000024
4404270000	0.419276650299999998	0.370405348099999976
4404290000	0.418355521499999994	0.367828050000000017
4404310000	0.421744579600000002	0.365664252799999978
4404330000	0.423076341299999992	0.364606001000000013
4404350000	0.42524227240000001	0.361302975699999973
4404370000	0.42648945119999998	0.359962392500000006
4404390000	0.429092831000000008	0.356421364100000027
4404410000	0.43199682519999999	0.354777783899999977
4404430000	0.432675095600000004	0.353345715900000024
4404450000	0.434388759700000016	0.351402388499999996
4404470000	0.437275973500000026	0.347874846899999979
4404490000	0.437358669400000011	0.346654613900000019
4404510000	0.439348214299999984	0.342442603700000014
4404530000	0.441340703499999987	0.342622288900000016
4404550000	0.443250181999999993	0.339205176900000016
4404570000	0.446185906700000023	0.337964174900000025
4404590000	0.446621498700000008	0.335323374800000018
4404610000	0.447807461199999979	0.332923120000000017
4404630000	0.449907954800000009	0.330627758599999988
4404650000	0.451679142400000011	0.328884575899999976
4404670000	0.452918625600000013	0.325257954700000018
4404690000	0.454613069300000006	0.323194723399999995
4404710000	0.456684633000000006	0.321381705500000003
4404730000	0.457780495600000004	0.31898368869999999
4404750000	0.459283732900000019	0.316984670199999985
4404770000	0.4624969565	0.315396377499999991
4404790000	0.463695481500000006	0.311430595600000026
4404810000	0.464554739599999988	0.30863200759999998
4404830000	0.465818661999999994	0.307289068700000001
4404850000	0.467182350000000024	0.304391543699999989
4404870000	0.469269498200000024	0.300994770999999994
4404890000	0.470672055500000019	0.300133649499999988
4404910000	0.472380877500000018	0.298605205099999993
4404930000	0.47384630849999998	0.295810889500000007
4404950000	0.475497341399999995	0.293065066400000018
4404970000	0.475736290200000023	0.290595576099999975
4404990000	0.478121754800000021	0.287804594700000027
4405010000	0.479212350399999987	0.286357809500000005
4405030000	0.481486116999999991	0.281844967499999988
4405050000	0.481594592400000021	0.280230811299999993
4405070000	0.484116549100000015	0.278919576599999997
4405090000	0.485616515299999996	0.276763696399999981
4405110000	0.485555916699999979	0.273270617499999979
4405130000	0.487038884200000022	0.272129125899999991
4405150000	0.48947984360000002	0.268119435199999978
4405170000	0.490758603199999976	0.26606831110000001
4405190000	0.491711833599999981	0.263340317599999985
4405210000	0.495036778700000013	0.260696686200000027
4405230000	0.496201603200000008	0.257796203599999996
4405250000	0.495900689900000025	0.255406180199999999
4405270000	0.49794703680000002	0.253115444500000009
4405290000	0.4980537612	0.251476663200000006
4405310000	0.500716429100000027	0.248296950300000013
4405330000	0.502033339799999978	0.24545563279999999
4405350000	0.503395657500000038	0.243664897800000002
4405370000	0.503081641900000043	0.241323317199999998
4405390000	0.50422623600000005	0.238982910500000006
4405410000	0.505705638300000038	0.235388937100000001
4405430000	0.507010361399999998	0.234662047499999998
4405450000	0.507911688800000038	0.229884580300000002
4405470000	0.509585440599999995	0.228551591999999998
4405490000	0.511257286099999986	0.225085150699999986
4405510000	0.512643764699999949	0.222652229400000012
4405530000	0.512917046500000029	0.219885429500000007
4405550000	0.513760738300000019	0.217267125799999988
4405570000	0.51517498110000004	0.214761997199999999
4405590000	0.517022887600000036	0.212244907399999988
4405610000	0.516965542100000008	0.209572683900000001
4405630000	0.51820138189999998	0.207615440099999993
4405650000	0.51935067300000004	0.205146786800000008
4405670000	0.520566932100000046	0.201825744499999987
