# freq, I e Q
5256100000	-0.135804910800000012	-0.410690027100000021
5256102000	-0.136216378500000013	-0.414313623500000006
5256104000	-0.137479513800000008	-0.409645647800000012
5256106000	-0.136424180300000003	-0.409540958899999974
5256108000	-0.137941204499999998	-0.406623781000000017
5256110000	-0.138876788299999998	-0.408172446600000016
5256112000	-0.138620402700000006	-0.410602119099999996
5256114000	-0.139875853500000008	-0.407467400300000004
5256116000	-0.141421356500000012	-0.405441790600000018
5256118000	-0.139373781000000002	-0.404290113499999992
5256120000	-0.142153905800000008	-0.405742176499999996
5256122000	-0.140318542099999999	-0.407219153200000017
5256124000	-0.142790132900000005	-0.405428624700000018
5256126000	-0.141206529800000008	-0.406270258900000014
5256128000	-0.141683015999999995	-0.405576456099999982
5256130000	-0.139561365999999992	-0.408084350200000001
5256132000	-0.14063986140000001	-0.408372424899999975
5256134000	-0.143381032699999994	-0.408870862499999987
5256136000	-0.140363076899999994	-0.408944882200000026
5256138000	-0.142316370500000011	-0.403913015099999995
5256140000	-0.14244319829999999	-0.406132257499999982
5256142000	-0.142839559100000013	-0.404157487500000023
5256144000	-0.141176896100000004	-0.404952590599999995
5256146000	-0.144059829100000009	-0.405009294799999975
5256148000	-0.14613358609999999	-0.406293171000000009
5256150000	-0.148063297399999988	-0.405948662999999987
5256152000	-0.1451865611	-0.404343187499999979
5256154000	-0.143869737400000003	-0.403880857900000001
5256156000	-0.146022947099999995	-0.406493744400000023
5256158000	-0.147403622499999998	-0.405558542399999999
5256160000	-0.146504587900000011	-0.407725953199999991
5256162000	-0.145285916200000004	-0.408340749000000003
5256164000	-0.145667479300000013	-0.402528265699999999
5256166000	-0.146904897099999987	-0.403057712199999973
5256168000	-0.147324050099999992	-0.403898293299999989
5256170000	-0.148596669900000006	-0.404709599099999984
5256172000	-0.146884932200000012	-0.403448992399999984
5256174000	-0.146480866600000009	-0.405859284599999981
5256176000	-0.147684636600000002	-0.404331225500000002
5256178000	-0.153149234599999989	-0.401484302999999987
5256180000	-0.149942972099999988	-0.404425124299999994
5256182000	-0.150772658599999998	-0.40222131550000001
5256184000	-0.147146390399999993	-0.404417996599999996
5256186000	-0.149709017899999991	-0.402720981099999986
5256188000	-0.151261802400000006	-0.403136293599999973
5256190000	-0.150420242499999995	-0.400839714499999999
5256192000	-0.147850850899999997	-0.401153649100000009
5256194000	-0.152003054400000004	-0.403346781599999982
5256196000	-0.144259544500000003	-0.401934491100000013
5256198000	-0.151164429099999997	-0.402452933899999976
5256200000	-0.148507403799999993	-0.404977108699999977
5256202000	-0.157143677900000001	-0.399350474600000005
5256204000	-0.154854774899999992	-0.401948046999999975
5256206000	-0.152212924899999991	-0.402751013499999977
5256208000	-0.153929654500000013	-0.401792776700000021
5256210000	-0.154065283899999989	-0.400060860199999979
5256212000	-0.154877631399999993	-0.400647378399999976
5256214000	-0.15777823199999999	-0.395269347599999987
5256216000	-0.155114076900000009	-0.39961857810000001
5256218000	-0.1563118862	-0.397334291399999984
5256220000	-0.153423461099999991	-0.399545336400000006
5256222000	-0.15693008189999999	-0.399454748799999981
5256224000	-0.158586965699999999	-0.397962385899999993
5256226000	-0.153658222399999989	-0.398247433500000025
5256228000	-0.153971914099999996	-0.398952678200000022
5256230000	-0.154645751400000003	-0.403609144500000017
5256232000	-0.152289525700000011	-0.398730452600000007
5256234000	-0.153758450099999999	-0.398581050499999978
5256236000	-0.161377447400000013	-0.39701745989999998
5256238000	-0.156914744299999992	-0.399100903900000026
5256240000	-0.157176485700000007	-0.399910615199999986
5256242000	-0.155676928800000003	-0.399754513300000003
5256244000	-0.159660147499999988	-0.394303609900000018
5256246000	-0.160235404899999989	-0.398108802300000009
5256248000	-0.154151594000000003	-0.401300882699999972
5256250000	-0.157704340700000001	-0.398995775699999999
5256252000	-0.161233308999999991	-0.397285653700000019
5256254000	-0.159326788200000014	-0.397655262499999995
5256256000	-0.159513852499999997	-0.396035100500000015
5256258000	-0.159834271199999989	-0.395730508799999992
5256260000	-0.160511517599999987	-0.401083091000000003
5256262000	-0.16111105810000001	-0.393119157100000005
5256264000	-0.165509590300000009	-0.397869962099999974
5256266000	-0.15942607780000001	-0.397317829700000014
5256268000	-0.164384229200000009	-0.395095654799999974
5256270000	-0.16374262819999999	-0.394600938899999976
5256272000	-0.166188717300000011	-0.398079418899999982
5256274000	-0.164326862699999993	-0.395118533599999988
5256276000	-0.165094403899999992	-0.395196985000000001
5256278000	-0.164055235299999991	-0.395760542900000012
5256280000	-0.161780634499999992	-0.394279155100000001
5256282000	-0.163924508100000005	-0.396566528400000007
5256284000	-0.168160454799999998	-0.395949985700000007
5256286000	-0.163611814699999997	-0.393728875099999986
5256288000	-0.164637664099999997	-0.397377296099999999
5256290000	-0.166475915400000007	-0.393040677700000007
5256292000	-0.165250658599999989	-0.391984546900000008
5256294000	-0.166834945600000006	-0.392893521899999987
5256296000	-0.167566833700000001	-0.394643112100000026
5256298000	-0.165088531399999988	-0.39201473520000002
5256300000	-0.169536528699999994	-0.394491748699999978
5256302000	-0.167818297000000005	-0.393201945100000005
5256304000	-0.169240285900000009	-0.39400576100000001
5256306000	-0.168711840800000012	-0.395172793099999975
5256308000	-0.16843776760000001	-0.393955622499999991
5256310000	-0.170973295500000011	-0.394007212800000006
5256312000	-0.170087500700000005	-0.394399584299999995
5256314000	-0.168595593099999996	-0.394575882499999975
5256316000	-0.171113185599999995	-0.392525165600000003
5256318000	-0.170431851699999998	-0.392025300700000023
5256320000	-0.172702381699999991	-0.390385532099999988
5256322000	-0.169719630700000013	-0.392139357199999983
5256324000	-0.171370433799999999	-0.386404393499999999
5256326000	-0.169529374399999988	-0.389089680800000004
5256328000	-0.169106837600000004	-0.390500086700000026
5256330000	-0.172011695900000011	-0.393700534099999999
5256332000	-0.170915481499999994	-0.392315708099999993
5256334000	-0.170285711199999995	-0.388822886300000004
5256336000	-0.172282855699999987	-0.387938591300000024
5256338000	-0.171885392299999995	-0.390912420300000008
5256340000	-0.173685848700000006	-0.393215896299999979
5256342000	-0.172611823400000003	-0.387144583300000011
5256344000	-0.173734945599999996	-0.387283119499999995
5256346000	-0.174252578200000008	-0.391043342999999988
5256348000	-0.176415039299999993	-0.389458857499999977
5256350000	-0.171931999499999988	-0.385858112199999992
5256352000	-0.17560695979999999	-0.389937015499999984
5256354000	-0.176437278000000003	-0.388764750300000017
5256356000	-0.180163582699999991	-0.3865730624
5256358000	-0.175538503200000001	-0.388129652300000016
5256360000	-0.175313481800000004	-0.386427968100000019
5256362000	-0.177499280399999987	-0.391338487899999976
5256364000	-0.177239466000000012	-0.386879263099999982
5256366000	-0.1771725512	-0.387470299199999979
5256368000	-0.174965503299999992	-0.384422294900000017
5256370000	-0.179155069700000003	-0.388547753900000015
5256372000	-0.176905634099999987	-0.388364802999999981
5256374000	-0.178145850299999992	-0.385551391999999993
5256376000	-0.181826287700000006	-0.387222359500000002
5256378000	-0.176779964499999998	-0.386542488600000012
5256380000	-0.179160627900000008	-0.385366549700000005
5256382000	-0.180695075199999999	-0.381719595500000008
5256384000	-0.179322750400000008	-0.386278611800000005
5256386000	-0.177248439400000013	-0.383641602500000012
5256388000	-0.181194131400000014	-0.386020835299999976
5256390000	-0.17934859680000001	-0.382393030999999994
5256392000	-0.182056490200000004	-0.385259941300000019
5256394000	-0.183913394199999997	-0.384755742600000006
5256396000	-0.184506903199999989	-0.384020103999999973
5256398000	-0.180245833900000013	-0.385358339900000013
5256400000	-0.182317240399999997	-0.387250303000000018
5256402000	-0.180561072900000008	-0.382309507100000001
5256404000	-0.182437765800000012	-0.382440485200000013
5256406000	-0.186009078999999994	-0.383610752399999977
5256408000	-0.181141362599999994	-0.383266346199999997
5256410000	-0.183678315099999989	-0.383281024699999973
5256412000	-0.184332183000000011	-0.380381428600000016
5256414000	-0.180449483599999988	-0.379925604500000014
5256416000	-0.18375705819999999	-0.378653537200000001
5256418000	-0.185834316999999999	-0.380930477599999984
5256420000	-0.184654562299999991	-0.378267128299999977
5256422000	-0.185511891300000009	-0.384328852700000001
5256424000	-0.189840441299999996	-0.382601356599999998
5256426000	-0.188806919099999998	-0.377619719600000014
5256428000	-0.185060327599999991	-0.375614644800000008
5256430000	-0.187178045300000012	-0.377232770599999989
5256432000	-0.188088827300000011	-0.381643925800000006
5256434000	-0.186239195800000007	-0.381337193299999988
5256436000	-0.185743242499999989	-0.378123743999999984
5256438000	-0.19458204979999999	-0.37824728660000001
5256440000	-0.190333158700000005	-0.377327775600000026
5256442000	-0.19321312160000001	-0.378724301200000002
5256444000	-0.185399188900000012	-0.380477117500000017
5256446000	-0.18954932129999999	-0.376980617799999973
5256448000	-0.1926919775	-0.378713105200000011
5256450000	-0.189029665099999994	-0.379605479500000009
5256452000	-0.190375727500000008	-0.376957589400000015
5256454000	-0.191881831100000011	-0.380280061499999988
5256456000	-0.193466109400000003	-0.377668994500000021
5256458000	-0.191222313700000007	-0.377404462699999999
5256460000	-0.191460104999999992	-0.375852393399999984
5256462000	-0.194801009999999997	-0.377742956000000019
5256464000	-0.190973928999999987	-0.375832649899999982
5256466000	-0.194002010000000003	-0.375931693399999989
5256468000	-0.194794795100000001	-0.377161966500000001
5256470000	-0.192841439899999995	-0.374649263700000013
5256472000	-0.194196950499999993	-0.373959941500000004
5256474000	-0.194425137999999997	-0.372840203699999984
5256476000	-0.196792182799999993	-0.373343284200000014
5256478000	-0.196931833800000011	-0.367666729699999972
5256480000	-0.193706703099999988	-0.372268635700000017
5256482000	-0.199052343999999992	-0.370212274000000008
5256484000	-0.196210479100000001	-0.374193764200000001
5256486000	-0.195884366199999993	-0.368611002799999976
5256488000	-0.196134732899999997	-0.370722519500000014
5256490000	-0.199553086299999988	-0.374758594599999995
5256492000	-0.2007507657	-0.369228777299999977
5256494000	-0.196249853899999993	-0.366633979499999985
5256496000	-0.201038874700000009	-0.367547939900000009
5256498000	-0.196531212399999988	-0.368209757299999996
5256500000	-0.199265517599999997	-0.372044077500000014
5256502000	-0.1990769285	-0.369989268799999993
5256504000	-0.199643116399999987	-0.371887287200000027
5256506000	-0.198666427000000007	-0.370351636500000025
5256508000	-0.203041366700000003	-0.367226828900000024
5256510000	-0.202116308200000011	-0.368197178399999991
5256512000	-0.200803717599999987	-0.364237887099999991
5256514000	-0.201183289200000004	-0.364956719200000002
5256516000	-0.203665078999999999	-0.368875428599999999
5256518000	-0.201201921499999992	-0.363565267899999989
5256520000	-0.204106945200000001	-0.36677612129999998
5256522000	-0.205833676900000012	-0.365490507600000014
5256524000	-0.20085391050000001	-0.363236655999999991
5256526000	-0.202165323899999999	-0.369284903399999975
5256528000	-0.202932016900000012	-0.365526467500000007
5256530000	-0.204767395699999993	-0.364507067100000026
5256532000	-0.205345179300000014	-0.363988506200000006
5256534000	-0.206355586000000008	-0.365394726000000003
5256536000	-0.2043866456	-0.364662455100000005
5256538000	-0.2070772736	-0.363880639000000006
5256540000	-0.204143232400000013	-0.365435950200000026
5256542000	-0.209593109899999991	-0.36360419519999998
5256544000	-0.2071346835	-0.3655191156
5256546000	-0.207262713600000009	-0.362290891599999998
5256548000	-0.20816191810000001	-0.362953599999999987
5256550000	-0.2105466956	-0.364864418600000018
5256552000	-0.21051743140000001	-0.359715633300000004
5256554000	-0.210403875800000001	-0.362367170800000027
5256556000	-0.209268421900000001	-0.360266175299999991
5256558000	-0.206447555599999999	-0.362522029500000009
5256560000	-0.210180234399999999	-0.364247663100000008
5256562000	-0.209426939300000003	-0.359635412499999974
5256564000	-0.211446001100000003	-0.359425742400000026
5256566000	-0.212117637899999989	-0.356957356000000003
5256568000	-0.211359023499999993	-0.356142765400000005
5256570000	-0.215639684999999998	-0.356356219099999982
5256572000	-0.215315042799999995	-0.357493236599999986
5256574000	-0.210881980800000007	-0.357451089100000008
5256576000	-0.212282419700000002	-0.357718762600000018
5256578000	-0.212490980200000013	-0.356285605800000016
5256580000	-0.214243813199999994	-0.361111226100000016
5256582000	-0.216864357600000002	-0.355909870000000017
5256584000	-0.2124175378	-0.355302259399999987
5256586000	-0.216787245399999995	-0.351505446300000024
5256588000	-0.211969088899999991	-0.354398890299999991
5256590000	-0.216785379599999994	-0.354656659400000018
5256592000	-0.217657912700000011	-0.356518723400000015
5256594000	-0.218183633999999987	-0.358688765899999984
5256596000	-0.216076856499999997	-0.353149737399999997
5256598000	-0.212496168900000004	-0.352943505400000024
5256600000	-0.217206651000000001	-0.349642692300000002
5256602000	-0.219998770900000001	-0.352888507399999996
5256604000	-0.217252060200000013	-0.349984479700000017
5256606000	-0.215418557600000005	-0.348190329600000015
5256608000	-0.218989284099999987	-0.349964163800000005
5256610000	-0.218772431200000006	-0.345628987100000007
5256612000	-0.218449001899999995	-0.351754522800000025
5256614000	-0.219656591900000003	-0.350578865999999989
5256616000	-0.218929541899999996	-0.348175200199999979
5256618000	-0.2206502776	-0.350859996999999979
5256620000	-0.219977207799999991	-0.349325522499999985
5256622000	-0.21922421210000001	-0.345528559800000024
5256624000	-0.218098775999999994	-0.344920468099999988
5256626000	-0.22059997910000001	-0.347079248900000026
5256628000	-0.224851354700000006	-0.346473889099999988
5256630000	-0.223099960600000008	-0.347968318800000009
5256632000	-0.224614752800000012	-0.344708826700000026
5256634000	-0.221517897500000005	-0.345128489400000016
5256636000	-0.220803260100000009	-0.341584779800000016
5256638000	-0.224065031500000011	-0.3443440626
5256640000	-0.221820777699999999	-0.347112583400000008
5256642000	-0.223696002899999996	-0.341074905799999994
5256644000	-0.224127561599999997	-0.342102276699999985
5256646000	-0.224707369500000004	-0.342262974599999992
5256648000	-0.226373270399999993	-0.342218763599999976
5256650000	-0.227725545000000001	-0.339639474900000016
5256652000	-0.224364721600000011	-0.341924604899999984
5256654000	-0.228867172400000013	-0.342067290799999979
5256656000	-0.228690551900000011	-0.340643083499999999
5256658000	-0.224553124999999992	-0.336145959900000013
5256660000	-0.231853822999999987	-0.337461709100000007
5256662000	-0.228817570800000009	-0.33863118120000002
5256664000	-0.226904748699999992	-0.340709132400000003
5256666000	-0.229459229999999986	-0.334704563399999988
5256668000	-0.229504450800000009	-0.333018675400000019
5256670000	-0.229572644500000006	-0.334757326700000024
5256672000	-0.224034596400000008	-0.334044994799999995
5256674000	-0.230355709299999989	-0.332666905499999999
5256676000	-0.232016570100000014	-0.338415226700000016
5256678000	-0.22926029819999999	-0.334405410600000008
5256680000	-0.230694863700000002	-0.333350856500000015
5256682000	-0.230765508199999997	-0.334591869900000005
5256684000	-0.2306458381	-0.330921462300000024
5256686000	-0.228416735700000012	-0.333994870100000008
5256688000	-0.230505186499999987	-0.334294233499999982
5256690000	-0.233539908299999988	-0.332634037300000018
5256692000	-0.232907954899999992	-0.330763856099999976
5256694000	-0.233194275199999995	-0.33205329309999998
5256696000	-0.235639961199999998	-0.328645012399999992
5256698000	-0.235413841200000001	-0.328309767400000008
5256700000	-0.231860846700000012	-0.329882447799999978
5256702000	-0.238536333200000006	-0.331022435000000004
5256704000	-0.233861973400000006	-0.3271499665
5256706000	-0.234972768999999998	-0.326638737299999982
5256708000	-0.233016601399999995	-0.325125936599999998
5256710000	-0.236035467800000009	-0.329989837399999986
5256712000	-0.237120042800000014	-0.320587254400000021
5256714000	-0.237278248200000014	-0.324271575300000003
5256716000	-0.240176975900000006	-0.325103410300000006
5256718000	-0.23589682079999999	-0.31958484949999999
5256720000	-0.23553637899999999	-0.322311430399999987
5256722000	-0.23944651119999999	-0.316639820000000016
5256724000	-0.238301684200000002	-0.320860907299999998
5256726000	-0.241407282400000006	-0.320073263900000016
5256728000	-0.239361795099999997	-0.318712728599999995
5256730000	-0.240455763500000003	-0.318192682100000013
5256732000	-0.241264990600000007	-0.313969695499999979
5256734000	-0.241706650599999989	-0.311546765700000006
5256736000	-0.241714002000000011	-0.314089590099999982
5256738000	-0.241028005999999989	-0.315693657500000002
5256740000	-0.243724208299999995	-0.316077918000000013
5256742000	-0.244740825699999998	-0.309465065900000003
5256744000	-0.240815739499999987	-0.312765396600000023
5256746000	-0.244001293600000002	-0.31370958240000002
5256748000	-0.243215629300000014	-0.3128865126
5256750000	-0.244874116800000013	-0.310526759400000019
5256752000	-0.245615792999999999	-0.309453041799999995
5256754000	-0.243786198799999992	-0.310561651300000019
5256756000	-0.244528805999999987	-0.307826198599999989
5256758000	-0.246269892600000012	-0.3077418247
5256760000	-0.245746681800000005	-0.307751831500000017
5256762000	-0.242188642399999987	-0.30492967809999999
5256764000	-0.241655134800000004	-0.305446449000000009
5256766000	-0.245480658800000001	-0.304650441900000013
5256768000	-0.24458348190000001	-0.302811028300000007
5256770000	-0.24316009420000001	-0.303069472499999992
5256772000	-0.248812530300000001	-0.300316852700000025
5256774000	-0.2479748269	-0.297124895700000002
5256776000	-0.246938755600000004	-0.296558900299999983
5256778000	-0.248431884500000005	-0.299986238100000024
5256780000	-0.250399214699999983	-0.300134134300000022
5256782000	-0.249002532599999993	-0.299146293299999977
5256784000	-0.248483497500000011	-0.301678701699999996
5256786000	-0.251030231300000017	-0.29355558100000001
5256788000	-0.252261790099999994	-0.296636829099999999
5256790000	-0.250696440399999998	-0.295732137800000017
5256792000	-0.251223407299999979	-0.290665500799999976
5256794000	-0.250425016	-0.2921230997
5256796000	-0.252677050299999983	-0.294365444699999979
5256798000	-0.249594615800000003	-0.290846732800000007
5256800000	-0.249115361099999988	-0.295019580999999975
5256802000	-0.250607631900000016	-0.288413501199999978
5256804000	-0.253542520499999979	-0.28723469610000002
5256806000	-0.252486099600000014	-0.285409150800000011
5256808000	-0.253134539499999978	-0.287739294300000004
5256810000	-0.252815930799999977	-0.287880712699999985
5256812000	-0.252116334599999992	-0.283756649199999988
5256814000	-0.251711214100000025	-0.284226303999999985
5256816000	-0.251469941600000024	-0.28383061209999999
5256818000	-0.251641129600000013	-0.279136738200000012
5256820000	-0.254280463899999976	-0.2803558726
5256822000	-0.252068232299999972	-0.278288060800000014
5256824000	-0.253157090500000015	-0.278069369600000005
5256826000	-0.256502329299999998	-0.275087930799999991
5256828000	-0.255340635099999991	-0.27699472460000002
5256830000	-0.255987712099999987	-0.27458959220000001
5256832000	-0.255792428399999994	-0.275216081800000012
5256834000	-0.258456310700000025	-0.270990787399999988
5256836000	-0.255290475700000019	-0.26950299929999999
5256838000	-0.251903231999999977	-0.268281813899999999
5256840000	-0.253435479700000021	-0.270054542299999978
5256842000	-0.255065532099999992	-0.262905897599999994
5256844000	-0.251986806000000008	-0.267530101399999998
5256846000	-0.252748283600000012	-0.262521502999999989
5256848000	-0.259548741400000005	-0.261836209699999989
5256850000	-0.257787812499999991	-0.262352700599999988
5256852000	-0.2536049004	-0.261406240700000014
5256854000	-0.258397502100000009	-0.257290861199999998
5256856000	-0.259644501199999989	-0.259209431300000015
5256858000	-0.257622696699999987	-0.259075926800000023
5256860000	-0.258841770099999979	-0.254374662899999993
5256862000	-0.25415889920000001	-0.252129889399999974
5256864000	-0.255340313099999994	-0.256189540400000026
5256866000	-0.257923184400000005	-0.250205987100000027
5256868000	-0.255083309199999997	-0.251246641900000012
5256870000	-0.256372938599999989	-0.245914830700000003
5256872000	-0.254959262500000006	-0.249497083000000008
5256874000	-0.254441300199999998	-0.249036553699999996
5256876000	-0.256968059699999973	-0.246326820599999996
5256878000	-0.255429682499999977	-0.24415510230000001
5256880000	-0.258996467900000027	-0.243841249600000004
5256882000	-0.25796197329999998	-0.240671700799999999
5256884000	-0.256501575400000015	-0.242811155299999998
5256886000	-0.254108800799999979	-0.241282627100000008
5256888000	-0.257689400000000013	-0.237583956600000007
5256890000	-0.258852198099999986	-0.234911946499999996
5256892000	-0.256195560099999997	-0.233277399400000002
5256894000	-0.25654530980000001	-0.232033913400000014
5256896000	-0.258588712499999984	-0.231967139900000008
5256898000	-0.258161363300000002	-0.23216055490000001
5256900000	-0.253996393799999998	-0.229513220800000001
5256902000	-0.251389874899999977	-0.228412084799999998
5256904000	-0.256550868200000004	-0.226342227899999998
5256906000	-0.254604177699999989	-0.224734270099999994
5256908000	-0.25589004780000002	-0.221730671699999993
5256910000	-0.256035767099999978	-0.219902069199999994
5256912000	-0.253777590499999983	-0.21589694479999999
5256914000	-0.254612293900000008	-0.2157719887
5256916000	-0.256916001900000024	-0.215194436699999991
5256918000	-0.252476075600000016	-0.211215312799999999
5256920000	-0.254338759199999986	-0.2136230623
5256922000	-0.252806414300000004	-0.209935431000000006
5256924000	-0.251534549300000021	-0.2053744713
5256926000	-0.252756457599999984	-0.207247148900000011
5256928000	-0.249337790100000012	-0.207215056099999989
5256930000	-0.248385394199999998	-0.205096421299999998
5256932000	-0.249306875900000002	-0.203920891999999992
5256934000	-0.250170376999999999	-0.199963330100000003
5256936000	-0.246448602399999994	-0.201310417500000005
5256938000	-0.246666769000000008	-0.192156549300000007
5256940000	-0.246134396899999996	-0.194374541099999992
5256942000	-0.243675399600000009	-0.190823567299999997
5256944000	-0.244658458100000004	-0.191776260899999995
5256946000	-0.245287605999999991	-0.189637799500000009
5256948000	-0.245405767299999994	-0.184363326800000005
5256950000	-0.241484498299999989	-0.18618475009999999
5256952000	-0.240275394199999992	-0.183286376599999995
5256954000	-0.242389217500000004	-0.184533293900000006
5256956000	-0.237679292300000011	-0.179731236500000002
5256958000	-0.240090798900000013	-0.176818803800000007
5256960000	-0.235038502600000004	-0.174370680500000014
5256962000	-0.238950074000000012	-0.171867895800000003
5256964000	-0.237964603899999988	-0.171023025999999995
5256966000	-0.2313129461	-0.174242138800000002
5256968000	-0.232611729099999998	-0.169698455899999989
5256970000	-0.231168631000000013	-0.167745045700000012
5256972000	-0.230282012799999991	-0.164736984000000003
5256974000	-0.226920763100000006	-0.162450121499999989
5256976000	-0.2240488276	-0.163601832700000005
5256978000	-0.225543145400000006	-0.162241758200000002
5256980000	-0.227196399699999996	-0.155025498699999986
5256982000	-0.223409088300000003	-0.155395814699999996
5256984000	-0.222764171099999991	-0.157675816899999988
5256986000	-0.222208174799999991	-0.150264204000000012
5256988000	-0.220899955499999995	-0.148956468199999997
5256990000	-0.216770705400000013	-0.149094605399999997
5256992000	-0.215254010800000006	-0.142949838699999998
5256994000	-0.2141654962	-0.143487055700000005
5256996000	-0.213902763699999998	-0.141293038199999998
5256998000	-0.204662760599999993	-0.140258452000000006
5257000000	-0.206687524600000005	-0.137206311899999989
5257002000	-0.207038395699999989	-0.136942994300000009
5257004000	-0.201176498499999995	-0.135552062400000006
5257006000	-0.202301517399999992	-0.12989158549999999
5257008000	-0.200724614800000006	-0.132109225999999996
5257010000	-0.196260371500000003	-0.128633921600000006
5257012000	-0.193837129800000008	-0.124866820700000006
5257014000	-0.191234240999999999	-0.127569922100000011
5257016000	-0.189546432500000001	-0.123527137199999998
5257018000	-0.186087861999999993	-0.1198575744
5257020000	-0.184693966799999998	-0.121297773299999995
5257022000	-0.180490112199999997	-0.120267799499999994
5257024000	-0.178124684000000005	-0.120039877500000003
5257026000	-0.17615533550000001	-0.114902245700000002
5257028000	-0.172358153600000008	-0.1154057057
5257030000	-0.167934209899999992	-0.116141999800000006
5257032000	-0.16624077009999999	-0.111726173299999995
5257034000	-0.165225576099999993	-0.110445494800000002
5257036000	-0.158063530799999991	-0.109647497499999996
5257038000	-0.155363938000000007	-0.1055239226
5257040000	-0.153004846700000002	-0.109849655199999993
5257042000	-0.148877895199999999	-0.104591564400000003
5257044000	-0.147381414300000013	-0.110033854400000006
5257046000	-0.147040961299999995	-0.105060216999999997
5257048000	-0.14140743850000001	-0.106186790200000006
5257050000	-0.135243273200000014	-0.105542553299999994
5257052000	-0.136523236900000011	-0.102628108900000001
5257054000	-0.130427954799999996	-0.0999695191000000011
5257056000	-0.127678417300000013	-0.101940652199999995
5257058000	-0.124495954800000003	-0.107768852700000001
5257060000	-0.12113264	-0.1018560206
5257062000	-0.116843149199999996	-0.102425192200000001
5257064000	-0.113524824799999993	-0.103859623400000003
5257066000	-0.111171554899999997	-0.103990858399999997
5257068000	-0.105624730400000005	-0.103320337299999995
5257070000	-0.105487814700000002	-0.0986811573000000025
5257072000	-0.0960333777000000055	-0.1014592624
5257074000	-0.0966038121999999999	-0.103088547399999994
5257076000	-0.089718480500000003	-0.104212163199999999
5257078000	-0.087713494000000003	-0.104698611299999994
5257080000	-0.0876606075000000012	-0.105475188299999995
5257082000	-0.0814921833000000068	-0.108999060300000006
5257084000	-0.0793759517000000026	-0.110331049599999995
5257086000	-0.0738034320000000021	-0.1072659314
5257088000	-0.0681017898000000066	-0.108552557399999999
5257090000	-0.069554028599999998	-0.107932908600000002
5257092000	-0.0611944047000000033	-0.113830289900000006
5257094000	-0.0558982797999999989	-0.114822964
5257096000	-0.0542247933999999987	-0.114862108199999993
5257098000	-0.0518511637000000011	-0.115481370700000002
5257100000	-0.048764097499999999	-0.117133134999999999
5257102000	-0.0428736519999999982	-0.120362147200000005
5257104000	-0.045600309399999997	-0.125649290699999999
5257106000	-0.0351171138999999966	-0.1223739524
5257108000	-0.0361042107000000001	-0.126869169599999998
5257110000	-0.0288249954999999988	-0.128610363400000011
5257112000	-0.0273495509999999997	-0.129198999499999995
5257114000	-0.0247286845999999984	-0.129974874900000009
5257116000	-0.0236650480999999989	-0.135362053499999996
5257118000	-0.0154027547999999997	-0.137434780300000003
5257120000	-0.0176819538999999984	-0.139912924900000013
5257122000	-0.0130777242999999994	-0.140904514700000011
5257124000	-0.0126361609000000003	-0.143828006700000011
5257126000	-0.0112332818999999993	-0.146447052200000011
5257128000	-0.00534450099999999977	-0.153028619899999996
5257130000	-0.00479894069999999961	-0.152891581100000007
5257132000	-0.00245644659999999992	-0.155782146399999988
5257134000	0.00115017869999999999	-0.16037220960000001
5257136000	0.00376711569999999994	-0.163253058300000004
5257138000	0.00619126810000000024	-0.16357780420000001
5257140000	0.00863345920000000051	-0.167919035500000008
5257142000	0.00841654480000000003	-0.174517829799999996
5257144000	0.00616374089999999989	-0.17122809180000001
5257146000	0.00986063029999999924	-0.176191857400000013
5257148000	0.0107415866000000002	-0.177777739900000009
5257150000	0.0168985647000000003	-0.184774172600000008
5257152000	0.0174391555000000011	-0.186442951800000006
5257154000	0.0203551060000000013	-0.188977929699999991
5257156000	0.0194656464999999994	-0.189109522899999993
5257158000	0.0213982698999999991	-0.195670074100000008
5257160000	0.0236220325000000009	-0.197328070200000011
5257162000	0.0247766232000000003	-0.204300987900000008
5257164000	0.0234060024000000005	-0.20482882220000001
5257166000	0.0245346546999999984	-0.210769654100000009
5257168000	0.0279752607999999986	-0.206831190100000006
5257170000	0.0288425034000000004	-0.213432993600000009
5257172000	0.0286262847999999986	-0.218163298100000014
5257174000	0.0272225855000000003	-0.223009518900000009
5257176000	0.0282150499999999985	-0.225178787800000002
5257178000	0.0266380722000000014	-0.226576729300000002
5257180000	0.030499888499999999	-0.230304863599999993
5257182000	0.0309418631000000013	-0.231165402999999992
5257184000	0.0301510458000000016	-0.237745732200000004
5257186000	0.0298286222999999996	-0.240628168199999992
5257188000	0.0313118478000000006	-0.243241776800000004
5257190000	0.0306889228999999986	-0.249748055200000013
5257192000	0.0294569221999999992	-0.246615020800000001
5257194000	0.0291995859999999996	-0.254033790400000015
5257196000	0.0343140475	-0.258773353799999994
5257198000	0.0291228543999999985	-0.255940844399999978
5257200000	0.0277423561999999985	-0.258554722800000025
5257202000	0.0303363510999999988	-0.258531669700000022
5257204000	0.0288305490000000005	-0.264318002900000015
5257206000	0.0304610252999999997	-0.265987345300000011
5257208000	0.0276155605000000005	-0.267088310900000014
5257210000	0.0258198902000000008	-0.273128401700000023
5257212000	0.0221456650999999997	-0.274055342099999988
5257214000	0.0231972535999999986	-0.277310373700000001
5257216000	0.0232829581999999986	-0.282115484600000022
5257218000	0.0237805412000000015	-0.285266121599999978
5257220000	0.0263641610999999984	-0.287116193799999975
5257222000	0.0184579079999999986	-0.287176554500000014
5257224000	0.0213774046000000002	-0.288828913600000015
5257226000	0.0223509331000000012	-0.291367052700000018
5257228000	0.0229947479999999989	-0.294281201300000017
5257230000	0.0244215139999999983	-0.302760623800000017
5257232000	0.0211821835	-0.295895947200000009
5257234000	0.0203426466	-0.299462744300000028
5257236000	0.0212137168000000008	-0.303941401100000008
5257238000	0.0177465816999999998	-0.306420180799999997
5257240000	0.0150889179999999998	-0.310977982200000003
5257242000	0.0122738593999999999	-0.308136936099999981
5257244000	0.0118223909999999998	-0.312234951099999991
5257246000	0.0145505116999999993	-0.315836880300000011
5257248000	0.0119922972999999995	-0.319013830399999976
5257250000	0.0112100836000000002	-0.322135674599999977
5257252000	0.0108588020000000007	-0.324543042800000014
5257254000	0.00804519220000000056	-0.320927771500000014
5257256000	0.00813124559999999982	-0.325498181599999992
5257258000	0.00802978990000000059	-0.325164272899999995
5257260000	0.0029101677000000002	-0.328648617500000018
5257262000	0.00373079050000000006	-0.329948061100000023
5257264000	-0.00234031899999999999	-0.332271998299999982
5257266000	0.00245299160000000006	-0.332104594799999986
5257268000	-0.00287191770000000011	-0.334203788900000021
5257270000	-0.00153666219999999991	-0.339380030700000002
5257272000	0.000347613700000000002	-0.339489592600000001
5257274000	-0.00380387430000000016	-0.337471089000000002
5257276000	0.0014645979999999999	-0.343908317799999974
5257278000	-0.00470658619999999965	-0.34147519300000001
5257280000	-0.00231485120000000022	-0.341030285900000008
5257282000	-0.00965308670000000063	-0.345703787900000004
5257284000	-0.00721521059999999988	-0.342461355299999992
5257286000	-0.00986871540000000026	-0.348915019900000012
5257288000	-0.0112272129999999998	-0.350228468600000009
5257290000	-0.0125320846	-0.353480682900000009
5257292000	-0.0129000622999999991	-0.3505748796
5257294000	-0.0157518700000000011	-0.347696687299999974
5257296000	-0.0177784318000000011	-0.353995985100000021
5257298000	-0.0174892391000000015	-0.357211097199999994
5257300000	-0.0214663670000000001	-0.354152307300000024
5257302000	-0.019589677199999999	-0.356095952800000004
5257304000	-0.0180626200000000015	-0.359850978200000005
5257306000	-0.0221560786000000003	-0.36007174879999998
5257308000	-0.0260145227999999985	-0.360399772600000001
5257310000	-0.0248444014000000005	-0.360315720900000025
5257312000	-0.0234945598999999998	-0.362522673000000017
5257314000	-0.0257325724999999984	-0.362353865300000022
5257316000	-0.0241684136000000008	-0.368518362200000005
5257318000	-0.0302693080000000017	-0.366087585599999987
5257320000	-0.0288766677999999985	-0.365504221899999981
5257322000	-0.0324328992999999982	-0.366514798699999977
5257324000	-0.0342506864000000008	-0.366332063699999988
5257326000	-0.0366471238000000005	-0.372419445500000001
5257328000	-0.0369065825	-0.367778433100000024
5257330000	-0.0382837073999999986	-0.369038753300000022
5257332000	-0.0412629663000000022	-0.372229941800000019
5257334000	-0.0381181541000000026	-0.36945578229999998
5257336000	-0.0447415929000000018	-0.371453833600000005
5257338000	-0.0411287200000000006	-0.374908938299999994
5257340000	-0.0445347218000000031	-0.376092558399999999
5257342000	-0.0451029698000000034	-0.373276178999999986
5257344000	-0.0474451727999999975	-0.377545857699999987
5257346000	-0.0474349882	-0.375458743099999992
5257348000	-0.0484028244999999968	-0.376507082900000012
5257350000	-0.0516171445999999978	-0.378502944600000002
5257352000	-0.0535979707999999985	-0.380700831999999989
5257354000	-0.053772769300000002	-0.376773929299999977
5257356000	-0.0531830164999999994	-0.377941627599999996
5257358000	-0.0553854474000000027	-0.380238721200000018
5257360000	-0.0558358437999999999	-0.381774959299999994
5257362000	-0.0580003420999999977	-0.378354077899999974
5257364000	-0.0565223446999999976	-0.380602293300000005
5257366000	-0.0593482758000000027	-0.382637581999999976
5257368000	-0.0591595170000000017	-0.384232552399999983
5257370000	-0.0605273299999999972	-0.382847426699999993
5257372000	-0.0615781157999999995	-0.384951193299999994
5257374000	-0.0655109772000000007	-0.382321101100000005
5257376000	-0.0693630298000000034	-0.387697725800000004
5257378000	-0.0647610544000000038	-0.388140326300000005
5257380000	-0.0657440200999999946	-0.381903149399999975
5257382000	-0.0658298075000000038	-0.387932602999999987
5257384000	-0.0659781559999999961	-0.389892315200000006
5257386000	-0.0707746684999999986	-0.38702138279999998
5257388000	-0.0708495232999999947	-0.388225155799999999
5257390000	-0.0692756243000000049	-0.386424452799999985
5257392000	-0.0713988485000000006	-0.385814091400000003
5257394000	-0.0743388759000000038	-0.381377345599999973
5257396000	-0.0753669559999999988	-0.387929824400000012
5257398000	-0.0748524549000000039	-0.389045725000000009
5257400000	-0.0775336063999999964	-0.388257785700000024
5257402000	-0.0799837067999999984	-0.390288564599999999
5257404000	-0.0737373479999999942	-0.390550488799999984
5257406000	-0.0806211649000000002	-0.390569453800000022
5257408000	-0.0802530114000000044	-0.388066508699999979
5257410000	-0.081084387899999999	-0.388822481900000017
5257412000	-0.0800340419999999997	-0.389093308199999988
5257414000	-0.0853765607000000065	-0.392952140999999977
5257416000	-0.0866532547000000014	-0.38958598379999998
5257418000	-0.0856268290999999959	-0.392669970500000021
5257420000	-0.0864240356000000043	-0.391382636700000008
5257422000	-0.0900212340999999999	-0.391363784699999995
5257424000	-0.087360343300000004	-0.396249916699999982
5257426000	-0.0891400578000000055	-0.394696891100000002
5257428000	-0.0897360058999999988	-0.39357864469999998
5257430000	-0.0947010961000000068	-0.392441426699999985
5257432000	-0.0919859427000000035	-0.393973088400000004
5257434000	-0.0939416114999999941	-0.400045233900000019
5257436000	-0.0944478955000000037	-0.395103211299999979
5257438000	-0.0951656736999999947	-0.391444185200000017
5257440000	-0.0982523057999999949	-0.393917156400000024
5257442000	-0.0980279633000000067	-0.392740441300000021
5257444000	-0.100451272999999994	-0.396157040700000018
5257446000	-0.0982586334999999977	-0.395015346200000006
5257448000	-0.0979442484999999974	-0.396101813299999994
5257450000	-0.100975879800000001	-0.394151517499999993
5257452000	-0.102538771099999995	-0.39929601910000001
5257454000	-0.100128040700000004	-0.394729385300000013
5257456000	-0.103134608700000005	-0.392728870000000008
5257458000	-0.101633749800000006	-0.393462895599999973
5257460000	-0.106956121799999998	-0.394944026499999989
5257462000	-0.108654903799999994	-0.396268157999999981
5257464000	-0.101491485000000006	-0.393893753999999985
5257466000	-0.109323084099999995	-0.39902468670000002
5257468000	-0.106239576899999993	-0.394332361799999975
5257470000	-0.109292685400000006	-0.397840540700000023
5257472000	-0.108260460599999997	-0.391691709300000024
5257474000	-0.108960753199999996	-0.395155800800000012
5257476000	-0.115166696599999993	-0.394767199700000015
5257478000	-0.111456650399999996	-0.3944161786
5257480000	-0.112019574400000002	-0.395884113300000007
5257482000	-0.113673307799999998	-0.398562878700000012
5257484000	-0.114988671799999997	-0.397089862399999993
5257486000	-0.113555988999999996	-0.396033038800000015
5257488000	-0.120663120799999996	-0.393879635800000016
5257490000	-0.117392772199999995	-0.394584486700000014
5257492000	-0.114926207200000005	-0.397435528300000007
5257494000	-0.123156988100000003	-0.398718878300000024
5257496000	-0.116518813499999999	-0.393737548599999987
5257498000	-0.118423767499999999	-0.39711032559999998
5257500000	-0.118743342200000004	-0.396033038800000015
5257502000	-0.124527691999999995	-0.395597566899999975
5257504000	-0.125679508200000012	-0.399749743099999999
5257506000	-0.121601084999999998	-0.397581521900000012
5257508000	-0.124080848399999999	-0.398975878100000014
5257510000	-0.123159258300000005	-0.394678011399999973
5257512000	-0.125204421700000013	-0.397524559900000019
5257514000	-0.122896586799999999	-0.395531492799999995
5257516000	-0.127029819300000013	-0.394964392300000022
5257518000	-0.12814000619999999	-0.396071869600000015
5257520000	-0.12604810629999999	-0.394190329999999978
5257522000	-0.128835673600000006	-0.393631701399999978
5257524000	-0.134365761400000006	-0.399683960200000021
5257526000	-0.130701067300000001	-0.397291622800000022
5257528000	-0.132179166799999998	-0.394661116400000012
5257530000	-0.130724917100000004	-0.394704418499999987
5257532000	-0.132154833700000002	-0.395671461900000021
5257534000	-0.133239817499999996	-0.398749827200000018
5257536000	-0.131217747899999987	-0.397725059499999978
5257538000	-0.130099129300000005	-0.394274532899999974
5257540000	-0.133349361899999991	-0.397206553399999995
5257542000	-0.133892690000000009	-0.400080091500000012
5257544000	-0.134449482399999987	-0.393550499100000006
5257546000	-0.1394655749	-0.39717889369999998
5257548000	-0.134408968699999992	-0.395862038999999999
5257550000	-0.139603355499999998	-0.39614292080000002
5257552000	-0.140648516299999998	-0.397604180400000007
5257554000	-0.142528324099999992	-0.397915559400000007
5257556000	-0.138303841600000005	-0.398604267000000012
5257558000	-0.140626087099999991	-0.393426368000000026
5257560000	-0.139245585899999996	-0.39370326189999999
5257562000	-0.1417287411	-0.394733373900000017
5257564000	-0.143677136900000002	-0.396182021399999973
5257566000	-0.140285499300000005	-0.395504326000000017
5257568000	-0.142765561900000004	-0.396905855500000015
5257570000	-0.144493159900000001	-0.395865176099999994
5257572000	-0.1428603923	-0.394491108300000004
5257574000	-0.145960724699999989	-0.396135218899999975
5257576000	-0.146592521799999986	-0.394434392500000008
5257578000	-0.147523094800000004	-0.393724584499999974
5257580000	-0.148691978599999997	-0.396606100600000011
5257582000	-0.143394660400000012	-0.395320135100000025
5257584000	-0.145866396399999987	-0.394380207900000002
5257586000	-0.1482592613	-0.394849109400000009
5257588000	-0.149754953699999999	-0.392061609300000002
5257590000	-0.152264678200000003	-0.398403641699999977
5257592000	-0.151419352899999998	-0.396810918000000012
5257594000	-0.156033322199999991	-0.393923185600000003
5257596000	-0.1537708874	-0.392686626599999977
5257598000	-0.15341371949999999	-0.393483259199999991
5257600000	-0.151532428800000007	-0.392079210999999983
5257602000	-0.154750238000000012	-0.391880976699999994
5257604000	-0.154558400699999987	-0.396819795699999978
5257606000	-0.151285369899999994	-0.395223666600000023
5257608000	-0.15373455350000001	-0.395117155900000017
5257610000	-0.155361489299999989	-0.396464264100000019
5257612000	-0.16050703790000001	-0.396265192099999997
5257614000	-0.160660882000000005	-0.395607650600000027
5257616000	-0.157199467300000006	-0.393806477900000007
5257618000	-0.158726159100000014	-0.393817133099999994
5257620000	-0.158880773599999997	-0.392914274299999977
5257622000	-0.159598083400000007	-0.394205079600000008
5257624000	-0.158115028299999988	-0.3971986146
5257626000	-0.1637971644	-0.392263469699999978
5257628000	-0.161290881100000005	-0.394193360100000001
5257630000	-0.1644349175	-0.393775478800000023
5257632000	-0.159463316100000002	-0.391860789799999998
5257634000	-0.166458875199999995	-0.392734241400000017
5257636000	-0.164198950099999991	-0.390345233100000022
5257638000	-0.16438762039999999	-0.389987888299999974
5257640000	-0.164580882300000009	-0.39038074909999998
5257642000	-0.164966919600000012	-0.392947977100000012
5257644000	-0.164044842899999987	-0.390302842300000008
5257646000	-0.168617283499999993	-0.392035800800000001
5257648000	-0.166058124000000001	-0.393375828599999977
5257650000	-0.168577776000000013	-0.390078364200000027
5257652000	-0.170309996399999997	-0.390718462099999997
5257654000	-0.168444335199999989	-0.391943963499999992
5257656000	-0.168222976400000002	-0.385771352399999989
5257658000	-0.172044819999999987	-0.392421327200000003
5257660000	-0.169586824999999997	-0.391884109400000014
5257662000	-0.168420754000000006	-0.395610731100000002
5257664000	-0.167384681899999999	-0.389231969899999974
5257666000	-0.168823153599999998	-0.392069184899999978
5257668000	-0.173356449100000004	-0.389664271900000025
5257670000	-0.170686487100000006	-0.391414260800000025
5257672000	-0.170015678700000006	-0.390172966499999996
5257674000	-0.171476976800000014	-0.391834423099999996
5257676000	-0.171988752299999992	-0.392051221499999991
5257678000	-0.173228058200000007	-0.390503841199999979
5257680000	-0.174016123200000011	-0.392095703999999989
5257682000	-0.17691980630000001	-0.391282928699999977
5257684000	-0.177255146899999994	-0.387433919100000024
5257686000	-0.176240631600000003	-0.390586700700000011
5257688000	-0.177686229400000006	-0.388472256999999987
5257690000	-0.178946519700000001	-0.385879820900000003
5257692000	-0.175475002399999996	-0.38893675649999998
5257694000	-0.176323279500000013	-0.387000881299999988
5257696000	-0.179881804400000012	-0.388498808400000006
5257698000	-0.178153293600000012	-0.387640277400000011
5257700000	-0.179075127400000006	-0.390418471599999983
5257702000	-0.177946541300000011	-0.387373040200000018
5257704000	-0.183621561300000014	-0.389706785499999986
5257706000	-0.178358122600000002	-0.388041157400000003
5257708000	-0.181304573299999994	-0.388829552099999975
5257710000	-0.179096117400000004	-0.389397796199999979
5257712000	-0.179135457100000006	-0.392060536399999993
5257714000	-0.180846762900000013	-0.386630004299999996
5257716000	-0.182837824700000012	-0.390516537599999991
5257718000	-0.182643558499999997	-0.388931455400000015
5257720000	-0.183901016299999998	-0.38779833050000001
5257722000	-0.182542069800000012	-0.384799165900000018
5257724000	-0.182967311900000013	-0.388057973900000019
5257726000	-0.18466527399999999	-0.390089436600000006
5257728000	-0.182707185299999991	-0.388261254300000025
5257730000	-0.18438260070000001	-0.386628444399999993
5257732000	-0.1823348833	-0.387307247799999976
5257734000	-0.187251595200000009	-0.386142971000000002
5257736000	-0.183879772299999994	-0.3867120691
5257738000	-0.185835713499999999	-0.385611197100000025
5257740000	-0.186972410799999988	-0.38449558020000002
5257742000	-0.188663448600000005	-0.390544505200000003
5257744000	-0.190676325199999996	-0.384889583099999988
5257746000	-0.187294710800000014	-0.385018312400000007
5257748000	-0.189957765899999992	-0.381878477900000013
5257750000	-0.188957547899999995	-0.389455854800000001
5257752000	-0.18996479899999999	-0.38499996689999999
5257754000	-0.192465999500000012	-0.387232891199999985
5257756000	-0.189514871499999987	-0.384031447799999981
5257758000	-0.189987068700000011	-0.386453724499999984
5257760000	-0.191549333799999999	-0.38615445399999998
5257762000	-0.19047901519999999	-0.384144622599999985
5257764000	-0.194628186199999997	-0.382054092199999973
5257766000	-0.189923838399999989	-0.380809913700000002
5257768000	-0.194578883899999999	-0.3819822618
5257770000	-0.195902917199999999	-0.383316525100000027
5257772000	-0.194357535999999997	-0.383204544599999974
5257774000	-0.193825334900000007	-0.385255100800000028
5257776000	-0.193389204799999992	-0.382943409600000007
5257778000	-0.194945431700000005	-0.38073323069999998
5257780000	-0.195686105999999999	-0.378805888400000013
5257782000	-0.19950823379999999	-0.380054236300000015
5257784000	-0.197548245499999997	-0.384699622500000005
5257786000	-0.196474001300000006	-0.38162566539999998
5257788000	-0.200132579300000002	-0.379451324899999998
5257790000	-0.199021253499999995	-0.3790952977
5257792000	-0.196087165099999988	-0.382116715100000004
5257794000	-0.19500213990000001	-0.38354102969999998
5257796000	-0.197517281699999991	-0.386128434199999981
5257798000	-0.201032384000000008	-0.382699930600000016
5257800000	-0.199976310800000001	-0.380804319200000019
5257802000	-0.195577353300000006	-0.381536851399999988
5257804000	-0.202193299399999998	-0.382766150699999974
5257806000	-0.1974791558	-0.378310322699999979
5257808000	-0.20081506469999999	-0.382914685500000018
5257810000	-0.207490848300000003	-0.382512763500000019
5257812000	-0.199188627400000012	-0.379544385699999987
5257814000	-0.201809918799999988	-0.380032514599999982
5257816000	-0.203143139599999994	-0.379214731500000013
5257818000	-0.201231567500000014	-0.379334416900000027
5257820000	-0.202414502699999999	-0.378254587099999984
5257822000	-0.19960942940000001	-0.381295981200000023
5257824000	-0.203589924700000008	-0.384453413899999985
5257826000	-0.203302047200000002	-0.377211261700000022
5257828000	-0.208098964899999989	-0.379940732999999975
5257830000	-0.202634253900000005	-0.381410335599999983
5257832000	-0.203233138400000013	-0.379341564099999973
5257834000	-0.205379012400000005	-0.37576613120000002
5257836000	-0.209403047099999989	-0.381513119999999983
5257838000	-0.205936585400000011	-0.379565892000000016
5257840000	-0.209608875800000011	-0.379236542700000012
5257842000	-0.208645774300000003	-0.377594096800000001
5257844000	-0.207935617699999992	-0.379409901800000005
5257846000	-0.208635991100000001	-0.377902357199999983
5257848000	-0.209962768200000011	-0.379038202499999977
5257850000	-0.20782685070000001	-0.378067341499999987
5257852000	-0.208201721199999995	-0.3791132049
5257854000	-0.210400449099999998	-0.374682820600000022
5257856000	-0.209623134799999999	-0.377261151199999978
5257858000	-0.209919515700000003	-0.373957893799999996
5257860000	-0.209282631599999991	-0.379990332900000005
5257862000	-0.209383238599999993	-0.380607077999999988
5257864000	-0.212489551299999996	-0.373157308600000015
5257866000	-0.214033718499999998	-0.374451031400000023
5257868000	-0.214395049100000012	-0.376424250999999987
5257870000	-0.211218237800000014	-0.371819485000000005
5257872000	-0.211555225099999994	-0.378329290500000026
5257874000	-0.213121505200000005	-0.374149644000000003
5257876000	-0.21549625750000001	-0.373083877100000016
5257878000	-0.213310259899999993	-0.372091626600000003
5257880000	-0.21110164079999999	-0.370659012200000026
5257882000	-0.211901572600000004	-0.378926793500000025
5257884000	-0.213298611299999996	-0.374472695700000024
5257886000	-0.216590648699999999	-0.374002489100000002
5257888000	-0.217373931800000003	-0.376031773499999999
5257890000	-0.214022124799999991	-0.377509696000000006
5257892000	-0.216233277700000004	-0.374733860099999982
5257894000	-0.216061403499999999	-0.372424586499999988
5257896000	-0.2186687296	-0.371295705199999992
5257898000	-0.215083900200000011	-0.371904515099999999
5257900000	-0.218760938500000002	-0.371604541899999974
5257902000	-0.215426519300000008	-0.371988828100000002
5257904000	-0.219656281199999998	-0.377644825600000011
5257906000	-0.218382269200000007	-0.373662325399999995
5257908000	-0.222538906600000003	-0.37468596500000001
5257910000	-0.219398286599999992	-0.373342585399999982
5257912000	-0.220066330000000004	-0.375218689300000019
5257914000	-0.221371617599999987	-0.37308500360000002
5257916000	-0.219411175699999988	-0.372383500199999995
5257918000	-0.220771871799999991	-0.368778939899999991
5257920000	-0.220557759200000009	-0.372720293899999999
5257922000	-0.222719727400000012	-0.36865416270000001
5257924000	-0.224085979699999993	-0.376570343600000024
5257926000	-0.222940047700000005	-0.368871400000000016
5257928000	-0.217825369099999999	-0.371062509099999993
5257930000	-0.22259825720000001	-0.372429943200000002
5257932000	-0.223234822100000008	-0.373260497400000002
5257934000	-0.221045088700000003	-0.374764985399999973
5257936000	-0.221879606899999998	-0.368842843099999984
5257938000	-0.220835577599999999	-0.371512012000000003
5257940000	-0.224046919900000002	-0.368753268400000001
5257942000	-0.224374535900000005	-0.368515665200000009
5257944000	-0.22505932649999999	-0.373476262000000003
5257946000	-0.223984631399999995	-0.36844115030000002
5257948000	-0.224442754999999994	-0.369088222299999991
5257950000	-0.223047988899999994	-0.367240729400000021
5257952000	-0.225221381199999987	-0.366934649300000026
5257954000	-0.226346409400000004	-0.366642555099999989
5257956000	-0.225956064200000001	-0.37015519899999999
5257958000	-0.229609379199999991	-0.371236472200000001
5257960000	-0.226321500600000003	-0.369636352499999987
5257962000	-0.228761869600000001	-0.369869791299999973
5257964000	-0.230114482700000011	-0.368127457300000016
5257966000	-0.230042679199999989	-0.366881492199999992
5257968000	-0.228963072500000003	-0.36564977310000002
5257970000	-0.227781068100000011	-0.365588033899999998
5257972000	-0.2305888408	-0.366705585399999978
5257974000	-0.227979926199999988	-0.371201996899999997
5257976000	-0.22976791969999999	-0.368537970499999978
5257978000	-0.232518212899999993	-0.367121756399999999
5257980000	-0.227641158399999988	-0.368781777899999996
5257982000	-0.227259482600000007	-0.364544701400000004
5257984000	-0.231963570099999988	-0.366146634099999979
5257986000	-0.233171413800000005	-0.366569850099999983
5257988000	-0.232215357099999992	-0.365061548999999985
5257990000	-0.232464901700000004	-0.367343332600000017
5257992000	-0.230746119500000013	-0.362128013799999982
5257994000	-0.229856392900000012	-0.365609290600000025
5257996000	-0.231742636899999993	-0.367553589000000014
5257998000	-0.232678194799999988	-0.367076616500000008
5258000000	-0.233231075900000001	-0.365171242800000018
5258002000	-0.234198585399999992	-0.364814657300000011
5258004000	-0.232005522800000002	-0.365460690899999996
5258006000	-0.234295345900000007	-0.364481402200000026
5258008000	-0.233329046200000001	-0.364176888400000009
5258010000	-0.234361343999999999	-0.368239279400000008
5258012000	-0.238774235800000012	-0.364070340800000003
5258014000	-0.236979657700000013	-0.365234696400000003
5258016000	-0.240357538600000004	-0.361678123000000018
5258018000	-0.234477206500000007	-0.364297722599999985
5258020000	-0.234554518600000012	-0.362153058199999989
5258022000	-0.241994418500000003	-0.362944408200000013
5258024000	-0.237264079600000011	-0.361257766300000005
5258026000	-0.23777506209999999	-0.36299893179999998
5258028000	-0.235685232999999994	-0.364627608599999986
5258030000	-0.242963645199999995	-0.362803302300000019
5258032000	-0.236186825299999986	-0.358370388799999995
5258034000	-0.240572635099999987	-0.363893488200000004
5258036000	-0.237017937399999989	-0.360176464600000024
5258038000	-0.240222177799999992	-0.361931073400000025
5258040000	-0.237714897199999997	-0.364626174400000003
5258042000	-0.240280420500000008	-0.360183200799999992
5258044000	-0.237727611300000002	-0.363443158200000005
5258046000	-0.239713774299999988	-0.357669808500000019
5258048000	-0.242231555600000009	-0.362201402700000008
5258050000	-0.2445156671	-0.361897165500000006
5258052000	-0.241441571399999999	-0.35874555520000001
5258054000	-0.240773459899999986	-0.362061748500000002
5258056000	-0.239369165200000011	-0.360241316600000028
5258058000	-0.240287809099999999	-0.360530879199999987
5258060000	-0.24412640599999999	-0.356569310899999992
5258062000	-0.245080991500000012	-0.358184751999999995
5258064000	-0.245330662100000013	-0.358827194199999977
5258066000	-0.243930780699999988	-0.36227496720000002
5258068000	-0.242553318299999987	-0.362959163899999993
5258070000	-0.241987511300000013	-0.355316694900000007
5258072000	-0.243858610199999992	-0.362553027000000028
5258074000	-0.245805763600000005	-0.362526526199999977
5258076000	-0.250171939899999973	-0.356940825100000025
5258078000	-0.246403831099999998	-0.357030642100000017
5258080000	-0.243905232599999994	-0.359561228800000021
5258082000	-0.244901905899999994	-0.357952409199999988
5258084000	-0.242183016000000001	-0.358537180899999974
5258086000	-0.244751492900000006	-0.357990435699999998
5258088000	-0.248530296600000006	-0.35516467810000002
5258090000	-0.2475792245	-0.359868495499999996
5258092000	-0.246280073099999997	-0.355181597700000018
5258094000	-0.248056135900000002	-0.358957670200000023
5258096000	-0.247673518300000006	-0.358363235900000021
5258098000	-0.247305336699999989	-0.357131781400000015
5258100000	-0.245648478100000012	-0.357566162700000023
