# freq, I e Q
5773852148	-0.0497200001000000016	-0.214079467800000006
5773857580	-0.0498892380999999968	-0.213618365700000007
5773863012	-0.0538329681999999976	-0.215964143100000006
5773868444	-0.0510636457000000002	-0.214952968100000003
5773873876	-0.0506086705000000012	-0.214839005100000008
5773879308	-0.0512191951999999978	-0.213639054200000011
5773884740	-0.0536046234999999968	-0.21240791240000001
5773890172	-0.0536330512999999981	-0.213688086299999996
5773895604	-0.0506865873000000022	-0.214079801900000005
5773901036	-0.0554003323000000006	-0.212145150100000013
5773906467	-0.0512739309000000004	-0.2141375368
5773911899	-0.0540684489999999976	-0.213728633100000009
5773917331	-0.0550216226000000003	-0.213944124000000013
5773922763	-0.0518931040999999968	-0.209688172400000011
5773928195	-0.0574295037000000022	-0.216085454199999999
5773933627	-0.0559075502999999974	-0.212058835100000009
5773939059	-0.0553832284999999994	-0.214121293800000001
5773944491	-0.0582737837999999994	-0.212133670899999988
5773949923	-0.0561651759000000028	-0.211505797299999992
5773955355	-0.0583364675000000027	-0.20846792019999999
5773960786	-0.0592571744000000011	-0.21114378780000001
5773966218	-0.0571787578000000005	-0.213914803799999997
5773971650	-0.0577289146000000003	-0.211634357800000006
5773977082	-0.059511323599999999	-0.211805011799999998
5773982514	-0.0582936199999999974	-0.211147688800000011
5773987946	-0.0542897966999999967	-0.214374434400000008
5773993378	-0.0606483591000000002	-0.21041111500000001
5773998810	-0.0591088871000000002	-0.213278568400000007
5774004242	-0.0610675349999999992	-0.211974656000000011
5774009674	-0.0598055003000000016	-0.210872572799999991
5774015105	-0.0615746929999999998	-0.213887854900000007
5774020537	-0.0615355886999999976	-0.212395488699999996
5774025969	-0.0632135266999999945	-0.210218124099999987
5774031401	-0.0621244727999999968	-0.212129396299999995
5774036833	-0.0592908153000000007	-0.206716759999999999
5774042265	-0.0634775412000000011	-0.214998558499999992
5774047697	-0.0609037805999999987	-0.214027419200000013
5774053129	-0.0611617287000000009	-0.212804051699999996
5774058561	-0.0605163504000000019	-0.212372027099999999
5774063993	-0.0580457398000000027	-0.215396885900000001
5774069424	-0.0654819839999999931	-0.210124751400000004
5774074856	-0.0663832889999999981	-0.211987931399999996
5774080288	-0.0649566423000000059	-0.210369832600000001
5774085720	-0.0641399765000000011	-0.208745462699999995
5774091152	-0.0665808469999999986	-0.211737215799999989
5774096584	-0.0637416219000000034	-0.212411536399999989
5774102016	-0.0632408985999999979	-0.21056676869999999
5774107448	-0.0669713383000000023	-0.211144906500000007
5774112880	-0.0648596513000000013	-0.212326204500000004
5774118312	-0.0642310175999999955	-0.212093282699999996
5774123743	-0.0693112788000000007	-0.211408437799999988
5774129175	-0.0673101997999999979	-0.208341246199999997
5774134607	-0.066876170400000004	-0.210314519899999997
5774140039	-0.0684295661999999999	-0.211106822700000002
5774145471	-0.0654385829999999946	-0.211057235799999993
5774150903	-0.0680180850000000059	-0.206733383599999987
5774156335	-0.0713936706000000004	-0.212118948800000012
5774161767	-0.0690284756999999943	-0.211391676299999998
5774167199	-0.0701670615999999969	-0.209700440900000007
5774172631	-0.0690396260000000067	-0.2100599893
5774178062	-0.0675866417000000053	-0.210915114600000009
5774183494	-0.0718275505000000036	-0.208353607100000005
5774188926	-0.0697729408000000023	-0.209373933099999993
5774194358	-0.0722853440999999958	-0.214219704900000002
5774199790	-0.0728272346999999931	-0.210898410199999997
5774205222	-0.0687897761999999996	-0.2102494325
5774210654	-0.0713267464999999962	-0.209839965099999998
5774216086	-0.075474704700000006	-0.212526619400000005
5774221518	-0.0733958755999999934	-0.207363204699999998
5774226950	-0.0761559156999999931	-0.208549647899999996
5774232381	-0.0769114206999999966	-0.206950220099999999
5774237813	-0.0720615812999999966	-0.210557726499999986
5774243245	-0.0765251593000000063	-0.210512278800000008
5774248677	-0.0779302412999999944	-0.207091046000000001
5774254109	-0.0736828803999999976	-0.210100955300000003
5774259541	-0.0775844046999999981	-0.207762581299999999
5774264973	-0.0782269966999999955	-0.210402156199999996
5774270405	-0.074093613099999997	-0.207850934799999998
5774275837	-0.0782335757999999964	-0.205832043100000001
5774281269	-0.0794552008000000004	-0.209493720100000003
5774286700	-0.0777922442999999936	-0.208994578200000003
5774292132	-0.0745031169999999937	-0.203807814799999987
5774297564	-0.0751579903000000049	-0.2063622014
5774302996	-0.0742763733999999981	-0.207192154500000003
5774308428	-0.0784225407000000013	-0.204275504400000002
5774313860	-0.0783690627000000056	-0.211210736600000004
5774319292	-0.0805977407000000035	-0.206756307599999994
5774324724	-0.0839078837999999994	-0.206484814999999988
5774330156	-0.0809578787999999938	-0.209271007099999989
5774335588	-0.0796435988000000067	-0.206590885000000002
5774341019	-0.0809936177000000063	-0.21182626269999999
5774346451	-0.0802029508000000058	-0.202236189300000008
5774351883	-0.0806234019999999968	-0.206143147100000007
5774357315	-0.0845309204000000008	-0.20664766779999999
5774362747	-0.0891953427999999937	-0.207228314999999996
5774368179	-0.0858836699000000009	-0.207001702300000007
5774373611	-0.0803246410999999966	-0.211448053699999999
5774379043	-0.0826279117000000007	-0.2086941343
5774384475	-0.0828495063999999948	-0.206817786100000012
5774389907	-0.0828893482000000043	-0.20618163049999999
5774395339	-0.0848341340999999999	-0.208755837400000005
5774400770	-0.0828646194000000058	-0.205666066600000003
5774406202	-0.0812848407999999939	-0.207203361899999994
5774411634	-0.0842967035999999947	-0.207536609000000011
5774417066	-0.0869251112999999964	-0.204681999400000009
5774422498	-0.0892790797999999941	-0.206491718399999996
5774427930	-0.0859026704000000058	-0.204996573099999996
5774433362	-0.0862631231999999998	-0.207755394499999996
5774438794	-0.0849356591999999994	-0.207816857699999996
5774444226	-0.0876201355999999959	-0.204256367599999988
5774449658	-0.0894983460000000064	-0.207392944899999987
5774455089	-0.0852493960000000051	-0.20758449109999999
5774460521	-0.086680117299999998	-0.202746178599999993
5774465953	-0.0922692435999999949	-0.208615618899999994
5774471385	-0.0903603426999999987	-0.206179699500000008
5774476817	-0.0894912578000000014	-0.203680113299999993
5774482249	-0.0886441919000000023	-0.205540037000000009
5774487681	-0.0920779439999999949	-0.205927461499999992
5774493113	-0.0851866327000000007	-0.205407303000000013
5774498545	-0.0916806715999999994	-0.204856562800000003
5774503977	-0.0910523030999999955	-0.204819978200000002
5774509408	-0.090235976999999995	-0.205873033300000008
5774514840	-0.0908590992000000014	-0.205205042199999993
5774520272	-0.0904426277999999945	-0.204014906299999993
5774525704	-0.0904095419999999955	-0.202259495300000008
5774531136	-0.0934269293999999972	-0.205011046400000008
5774536568	-0.0922281197999999941	-0.205189983599999987
5774542000	-0.0898354029999999942	-0.20262956800000001
5774547432	-0.0903766086000000052	-0.202579693300000002
5774552864	-0.0944026404999999957	-0.203803485499999992
5774558296	-0.0968120430999999948	-0.206507865000000013
5774563727	-0.0963688422999999933	-0.204405227100000003
5774569159	-0.0924222915999999978	-0.202929374299999993
5774574591	-0.0944236504999999976	-0.204143145299999995
5774580023	-0.0950610627000000041	-0.202230351100000011
5774585455	-0.0974845361000000049	-0.204178199000000005
5774590887	-0.0944253290999999967	-0.203323476899999994
5774596319	-0.0960676837000000033	-0.205739187099999998
5774601751	-0.0956846108999999945	-0.204350015200000013
5774607183	-0.0999200147999999982	-0.200117643699999986
5774612615	-0.0977042810999999983	-0.20120990259999999
5774618046	-0.100197124400000004	-0.200449824999999998
5774623478	-0.100134138999999997	-0.204321700699999997
5774628910	-0.098987569999999997	-0.203957638899999988
5774634342	-0.101923778199999995	-0.197963179500000003
5774639774	-0.0967956353000000019	-0.202373693699999996
5774645206	-0.101182189199999994	-0.202285970399999987
5774650638	-0.1020654436	-0.204354940099999993
5774656070	-0.101108389699999995	-0.202458010900000013
5774661502	-0.102237359700000002	-0.200092574400000001
5774666934	-0.103450415700000006	-0.198889447800000008
5774672365	-0.102938825299999995	-0.202784580500000006
5774677797	-0.103204091799999995	-0.197796123399999996
5774683229	-0.1035117698	-0.200319475299999994
5774688661	-0.102909263799999998	-0.200374326999999991
5774694093	-0.104517204099999997	-0.198426448899999996
5774699525	-0.103394103700000003	-0.197386724399999991
5774704957	-0.1026553625	-0.197675011799999994
5774710389	-0.102428162200000006	-0.199918420000000013
5774715821	-0.107302578900000001	-0.196800162199999989
5774721253	-0.107137287999999997	-0.202093137899999997
5774726684	-0.1053660768	-0.200280299599999989
5774732116	-0.106697070699999993	-0.201467642599999996
5774737548	-0.105827476300000001	-0.201717731399999989
5774742980	-0.107008602699999997	-0.202131496699999996
5774748412	-0.106102068999999993	-0.203590136000000005
5774753844	-0.107817030100000003	-0.197748437299999996
5774759276	-0.108098671699999996	-0.196718964899999987
5774764708	-0.103678882599999994	-0.199887484100000012
5774770140	-0.112092653599999995	-0.198060572600000012
5774775572	-0.111545037	-0.200057511800000004
5774781003	-0.110541329199999996	-0.198027073599999992
5774786435	-0.107922941100000003	-0.197170877100000003
5774791867	-0.110500552000000002	-0.19955740050000001
5774797299	-0.110720849699999999	-0.202247687000000009
5774802731	-0.114700593899999995	-0.198573841800000012
5774808163	-0.111124573700000007	-0.198854433200000014
5774813595	-0.110551099299999997	-0.199236186300000007
5774819027	-0.113943188400000006	-0.197708327200000006
5774824459	-0.111966579999999996	-0.196716253099999988
5774829891	-0.108404572000000005	-0.197627853999999992
5774835322	-0.1112515117	-0.196383385699999996
5774840754	-0.108678505699999997	-0.197110234200000012
5774846186	-0.110696788099999999	-0.198327413199999997
5774851618	-0.115596926099999997	-0.200116686799999999
5774857050	-0.113633478199999999	-0.192013850200000002
5774862482	-0.117069866300000006	-0.198033402299999994
5774867914	-0.112217943400000006	-0.199088490700000009
5774873346	-0.117125519999999997	-0.193313379300000004
5774878778	-0.114113428399999994	-0.193925863100000012
5774884210	-0.1134996687	-0.196932006100000001
5774889641	-0.114183627699999998	-0.196792001500000008
5774895073	-0.120039655100000003	-0.199012957500000004
5774900505	-0.117407495299999998	-0.195777733300000006
5774905937	-0.120315730300000007	-0.193235005600000009
5774911369	-0.118961290100000006	-0.192002386800000008
5774916801	-0.118593098199999997	-0.190951028500000008
5774922233	-0.120913497600000003	-0.191678863199999994
5774927665	-0.117125535000000003	-0.193957909699999986
5774933097	-0.120823458600000003	-0.193353215599999989
5774938529	-0.1173308146	-0.192527547399999999
5774943961	-0.124902648199999994	-0.191516432600000008
5774949392	-0.121954141000000002	-0.193016567500000014
5774954824	-0.121517644300000005	-0.193840848799999993
5774960256	-0.122393255000000006	-0.194198202699999989
5774965688	-0.119857270200000005	-0.190515986100000007
5774971120	-0.120072895799999996	-0.192820715799999987
5774976552	-0.124298855	-0.191276617399999987
5774981984	-0.127045378099999995	-0.190062002499999994
5774987416	-0.125110963200000008	-0.194467306400000012
5774992848	-0.124337531900000006	-0.191454078400000005
5774998280	-0.124011644800000001	-0.190586635599999998
5775003711	-0.126898659999999996	-0.1925927157
5775009143	-0.127483352500000008	-0.187961168799999995
5775014575	-0.127774462799999988	-0.19137947990000001
5775020007	-0.127469615300000005	-0.188284353300000012
5775025439	-0.124031320099999995	-0.191003262099999987
5775030871	-0.127708155900000009	-0.19231297189999999
5775036303	-0.127475256300000006	-0.191888516799999992
5775041735	-0.127338821800000002	-0.18908606750000001
5775047167	-0.131392992900000005	-0.187213818400000009
5775052599	-0.130519138199999996	-0.186663416599999993
5775058030	-0.129774396900000005	-0.190309594400000004
5775063462	-0.135937981200000002	-0.190260744199999998
5775068894	-0.134827336599999986	-0.188028495699999992
5775074326	-0.131427843200000005	-0.190033293500000006
5775079758	-0.132625603300000006	-0.188243165800000001
5775085190	-0.128615838300000007	-0.188734780699999993
5775090622	-0.12819576869999999	-0.190950708899999988
5775096054	-0.133996530400000008	-0.187027273999999993
5775101486	-0.131795844400000001	-0.188517718000000001
5775106918	-0.131633487299999991	-0.189183565899999989
5775112349	-0.132595435900000003	-0.190112955299999997
5775117781	-0.13252687560000001	-0.187518585300000012
5775123213	-0.134516329399999995	-0.187557805999999994
5775128645	-0.131482293199999989	-0.18566448390000001
5775134077	-0.13378835	-0.186521188300000001
5775139509	-0.134573473999999998	-0.1902400172
5775144941	-0.132862189999999991	-0.18765177529999999
5775150373	-0.136824240099999994	-0.189691069900000009
5775155805	-0.137564619599999993	-0.1843863684
5775161237	-0.137220681000000011	-0.185792034900000014
5775166668	-0.13883920059999999	-0.184909059399999992
5775172100	-0.134653715400000012	-0.185492560299999998
5775177532	-0.144263689899999992	-0.186112708500000001
5775182964	-0.13872255180000001	-0.1866356354
5775188396	-0.141385250800000001	-0.185298065000000012
5775193828	-0.143538888400000009	-0.18128854820000001
5775199260	-0.138013343399999988	-0.183344419400000014
5775204692	-0.137368169600000006	-0.184342357600000006
5775210124	-0.141008072000000012	-0.186824368699999993
5775215556	-0.140497323099999988	-0.187841304900000006
5775220987	-0.144397669400000012	-0.181728240000000013
5775226419	-0.142621625299999999	-0.179265858899999991
5775231851	-0.145063291399999988	-0.184132313500000006
5775237283	-0.146053241899999992	-0.180676325599999993
5775242715	-0.13950673059999999	-0.185537519699999986
5775248147	-0.142038127399999992	-0.182053740299999989
5775253579	-0.1473965884	-0.180375071500000012
5775259011	-0.144307201100000004	-0.181064234399999996
5775264443	-0.147327521999999989	-0.181244893200000007
5775269875	-0.147423740800000008	-0.182531745299999992
5775275306	-0.144039838599999998	-0.183818351699999993
5775280738	-0.1495437872	-0.179521670200000011
5775286170	-0.145271327700000008	-0.179810193499999993
5775291602	-0.147163072400000011	-0.180508631800000013
5775297034	-0.149846591800000012	-0.182379315200000003
5775302466	-0.150152962000000001	-0.181580574900000014
5775307898	-0.148472695500000001	-0.177939205200000006
5775313330	-0.148105773200000013	-0.179764468600000005
5775318762	-0.15009311010000001	-0.178406385899999992
5775324194	-0.154806319400000003	-0.179093001000000002
5775329625	-0.147480317899999991	-0.177395390099999994
5775335057	-0.150435959000000008	-0.179381762199999989
5775340489	-0.152084874199999998	-0.177582493400000013
5775345921	-0.150823867599999994	-0.180262340500000007
5775351353	-0.153235639700000009	-0.174451455000000005
5775356785	-0.151894678799999988	-0.179407203200000004
5775362217	-0.154232757899999989	-0.179461600299999996
5775367649	-0.153358818300000005	-0.178136488900000001
5775373081	-0.152091784300000005	-0.179256030499999996
5775378513	-0.156128042100000003	-0.173308847200000005
5775383944	-0.151346336100000006	-0.176628113199999992
5775389376	-0.153429037600000012	-0.176542009400000005
5775394808	-0.156112128399999994	-0.171533938400000002
5775400240	-0.154850315200000005	-0.175863376799999999
5775405672	-0.156145960700000003	-0.174791176399999998
5775411104	-0.163609575700000009	-0.175454065599999987
5775416536	-0.158462419500000007	-0.172306841099999997
5775421968	-0.158115159599999999	-0.174219870400000004
5775427400	-0.160182308800000006	-0.171910690799999988
5775432832	-0.160234075000000004	-0.174767459399999991
5775438264	-0.163276514600000006	-0.172429404499999994
5775443695	-0.1638089821	-0.174956476999999999
5775449127	-0.161086773300000013	-0.173046950899999996
5775454559	-0.156143568799999993	-0.169553927399999999
5775459991	-0.16341203230000001	-0.169870709700000011
5775465423	-0.162839442700000003	-0.171565337000000012
5775470855	-0.163390961400000007	-0.170465337699999997
5775476287	-0.163697873399999999	-0.167386613999999989
5775481719	-0.160825456300000003	-0.168288088199999991
5775487151	-0.1647325174	-0.168716656100000001
5775492583	-0.170264757600000011	-0.171011408100000012
5775498014	-0.167289539500000001	-0.168158187799999997
5775503446	-0.167985964300000012	-0.166168049799999995
5775508878	-0.168417716599999989	-0.16886840580000001
5775514310	-0.169653582400000003	-0.16648195360000001
5775519742	-0.170781054900000007	-0.16642526299999999
5775525174	-0.167207465899999991	-0.165666946199999998
5775530606	-0.170848082099999993	-0.163994066999999993
5775536038	-0.169947855799999992	-0.170815696699999992
5775541470	-0.171467946399999988	-0.166982173399999989
5775546902	-0.170985434699999994	-0.166928424999999991
5775552333	-0.171417432099999989	-0.166801329599999992
5775557765	-0.174743567699999991	-0.163500643800000012
5775563197	-0.177491601700000001	-0.164858884099999992
5775568629	-0.169503176499999991	-0.163880534699999997
5775574061	-0.172880185600000014	-0.166302631499999992
5775579493	-0.173898253000000003	-0.160577521499999987
5775584925	-0.17687634599999999	-0.162797322200000011
5775590357	-0.176495993999999989	-0.164583949600000001
5775595789	-0.17490741130000001	-0.163594419800000002
5775601221	-0.177300369099999994	-0.163762200800000007
5775606652	-0.1777884458	-0.158567876400000002
5775612084	-0.181150432700000003	-0.1581746282
5775617516	-0.177877100199999999	-0.160862373700000005
5775622948	-0.179435638499999994	-0.159211405599999994
5775628380	-0.181870952299999999	-0.162117368099999992
5775633812	-0.181673678499999991	-0.161189031399999988
5775639244	-0.181931815400000002	-0.157208171600000002
5775644676	-0.179874763399999998	-0.156849552100000011
5775650108	-0.183937914899999999	-0.158410350899999997
5775655540	-0.183057595099999998	-0.157346877100000004
5775660971	-0.183132780299999992	-0.157341278800000012
5775666403	-0.185085589299999992	-0.155599121199999996
5775671835	-0.183679169000000003	-0.15437650759999999
5775677267	-0.185968022600000005	-0.155435741799999999
5775682699	-0.183043237500000011	-0.152183886600000012
5775688131	-0.186782379199999987	-0.152914606300000006
5775693563	-0.188373811400000007	-0.15295016689999999
5775698995	-0.189574281399999989	-0.154126010899999999
5775704427	-0.186454501599999989	-0.148930672300000011
5775709859	-0.190595685399999992	-0.149635450800000014
5775715290	-0.185347425600000004	-0.155256924600000012
5775720722	-0.190917129800000002	-0.147874243399999994
5775726154	-0.190598463800000006	-0.148966102600000011
5775731586	-0.191443050300000001	-0.149712499599999993
5775737018	-0.192242146499999988	-0.150488862299999998
5775742450	-0.194046054100000004	-0.146972636099999998
5775747882	-0.191219427400000003	-0.144248176799999989
5775753314	-0.195819078400000013	-0.146636758700000008
5775758746	-0.193894187899999987	-0.144116621499999986
5775764178	-0.194347620500000012	-0.143383189599999988
5775769609	-0.193259658299999998	-0.144923093899999994
5775775041	-0.19734112740000001	-0.146795231199999987
5775780473	-0.199999708599999992	-0.144840394799999994
5775785905	-0.199501436799999987	-0.142976724199999988
5775791337	-0.199472708999999998	-0.143768067199999988
5775796769	-0.199866317799999998	-0.138336323300000008
5775802201	-0.196720823699999992	-0.142422712899999998
5775807633	-0.200847954200000012	-0.14081863750000001
5775813065	-0.202563674999999999	-0.138989644299999993
5775818497	-0.205698718100000011	-0.139304907100000014
5775823928	-0.198411967100000003	-0.140600943799999989
5775829360	-0.204915168700000011	-0.138755314200000007
5775834792	-0.205445477799999998	-0.134732677899999986
5775840224	-0.204465238500000007	-0.134994695400000003
5775845656	-0.208504732500000012	-0.134636282699999998
5775851088	-0.207665417399999996	-0.132254186400000001
5775856520	-0.209258072699999992	-0.133435899299999994
5775861952	-0.205092799999999992	-0.129028239600000011
5775867384	-0.206988739899999996	-0.134010276499999997
5775872816	-0.208638198200000013	-0.127190886800000014
5775878247	-0.209209782300000008	-0.128416244699999987
5775883679	-0.211616834599999998	-0.127699138399999995
5775889111	-0.212171808399999995	-0.125790550800000012
5775894543	-0.211470412899999988	-0.12633041510000001
5775899975	-0.210575732500000001	-0.124466376399999995
5775905407	-0.211049689099999993	-0.124193985600000001
5775910839	-0.212913205100000003	-0.1269058136
5775916271	-0.212589597699999994	-0.123536784299999994
5775921703	-0.215394062999999997	-0.122321058100000005
5775927135	-0.21407053479999999	-0.120745576600000001
5775932567	-0.218259998700000013	-0.121276195200000006
5775937998	-0.21883612899999999	-0.116125381799999997
5775943430	-0.217818710299999996	-0.116438042899999997
5775948862	-0.2189759909	-0.117911603800000001
5775954294	-0.216799230399999987	-0.115555699299999995
5775959726	-0.220680245999999997	-0.113007419900000003
5775965158	-0.220525633999999998	-0.109930896400000006
5775970590	-0.221070463100000003	-0.115098504000000004
5775976022	-0.217807350199999999	-0.110477475199999994
5775981454	-0.21622883209999999	-0.107457751300000001
5775986886	-0.223837772299999987	-0.107666573799999998
5775992317	-0.224275090099999991	-0.106897840699999996
5775997749	-0.224121595300000004	-0.099981217799999994
5776003181	-0.224315026299999998	-0.103630346100000006
5776008613	-0.225664122200000011	-0.103729406299999993
5776014045	-0.222918687799999987	-0.0973425895000000069
5776019477	-0.22357407339999999	-0.0993429863000000052
5776024909	-0.227312905199999998	-0.0997916355000000033
5776030341	-0.22981288720000001	-0.0935807201999999949
5776035773	-0.227864336100000009	-0.0928998220000000069
5776041205	-0.233833674800000002	-0.0937541390000000002
5776046636	-0.230713597900000011	-0.0920098825000000009
5776052068	-0.227981777200000013	-0.0945734644999999957
5776057500	-0.232096994800000012	-0.0850626131999999979
5776062932	-0.231195227199999992	-0.0867952235000000044
5776068364	-0.231169113300000006	-0.0849176417999999988
5776073796	-0.235388799600000004	-0.0846241271000000017
5776079228	-0.231410982300000012	-0.0814237616000000053
5776084660	-0.235459069999999993	-0.0764705368999999968
5776090092	-0.23507296720000001	-0.0760192927000000046
5776095524	-0.23160422180000001	-0.0771441145999999939
5776100955	-0.230146855399999989	-0.0739220054000000043
5776106387	-0.234356666699999994	-0.0733100510999999955
5776111819	-0.233264501600000007	-0.0684903496999999944
5776117251	-0.232877666600000005	-0.0672868615999999975
5776122683	-0.2346186465	-0.063877010299999995
5776128115	-0.23412439530000001	-0.0623990592999999968
5776133547	-0.236210808299999991	-0.0605191725000000028
5776138979	-0.236237819999999987	-0.0590239118000000021
5776144411	-0.234012693500000007	-0.0587584422999999981
5776149843	-0.232973048399999993	-0.0567049194999999992
5776155274	-0.2364721511	-0.0539702109000000027
5776160706	-0.231891635900000004	-0.0505183286999999967
5776166138	-0.2324547998	-0.0477328675999999993
5776171570	-0.23136367020000001	-0.0458380472999999969
5776177002	-0.2328986361	-0.0432796410000000006
5776182434	-0.231325795800000011	-0.0393369029999999995
5776187866	-0.232043111299999993	-0.0362351237999999978
5776193298	-0.22858104030000001	-0.0360351117999999984
5776198730	-0.227604630499999988	-0.0338128129000000027
5776204162	-0.229630823300000009	-0.0298210647000000002
5776209593	-0.228253750700000008	-0.0304013643999999986
5776215025	-0.22789147609999999	-0.0252373039999999986
5776220457	-0.229820041800000013	-0.0255441931000000011
5776225889	-0.22924295959999999	-0.0232528969000000002
5776231321	-0.229867224399999986	-0.0208394406999999997
5776236753	-0.224702249100000001	-0.0147729555000000005
5776242185	-0.221798745399999997	-0.0101441693999999999
5776247617	-0.223397933800000004	-0.0120995623
5776253049	-0.215952155099999987	-0.00398904470000000042
5776258481	-0.220479115799999986	-0.00510051540000000005
5776263912	-0.221196268599999996	-0.0041827317999999997
5776269344	-0.213938163300000012	0.00225581949999999979
5776274776	-0.214095157600000002	0.0010129602000000001
5776280208	-0.213094234999999993	0.00350804819999999979
5776285640	-0.215507614900000005	0.00652356350000000019
5776291072	-0.206756398899999999	0.0114704105000000001
5776296504	-0.2071625198	0.0124702947000000005
5776301936	-0.207351437500000013	0.0133975989
5776307368	-0.203727565599999993	0.0177705345999999986
5776312800	-0.198982717899999995	0.0150643658999999996
5776318231	-0.197984273500000002	0.0227148268999999986
5776323663	-0.190529224299999994	0.0237986755000000015
5776329095	-0.18972765929999999	0.0268752995999999994
5776334527	-0.191274784000000003	0.0303944563999999987
5776339959	-0.188114563099999993	0.0300916981000000014
5776345391	-0.178991632799999995	0.0284881225000000009
5776350823	-0.180783637500000011	0.0343012161999999982
5776356255	-0.177807621100000007	0.0328863973000000018
5776361687	-0.175516045000000009	0.035719775500000002
5776367119	-0.171277117700000009	0.0381797255999999988
5776372550	-0.166017913099999997	0.0355544681000000001
5776377982	-0.163725981800000003	0.0346420881999999972
5776383414	-0.160762010300000008	0.0408067012999999978
5776388846	-0.155424940000000011	0.0411676470000000017
5776394278	-0.152143666799999994	0.0431636385999999983
5776399710	-0.149361898599999987	0.0447638891000000025
5776405142	-0.145000173900000001	0.041171526600000001
5776410574	-0.143134444400000005	0.0404669896999999973
5776416006	-0.139637587300000005	0.0422497026000000012
5776421438	-0.133271825399999988	0.0430758227000000021
5776426870	-0.133075240600000005	0.0372098401000000023
5776432301	-0.132270498600000008	0.0446566258999999965
5776437733	-0.125200155000000007	0.0437252497999999976
5776443165	-0.122408395500000003	0.0402247655999999967
5776448597	-0.118477810500000003	0.0425426577
5776454029	-0.119299202600000001	0.037879835399999999
5776459461	-0.109616789300000003	0.0357557563999999981
5776464893	-0.108765758899999995	0.0375171108999999975
5776470325	-0.101159770600000004	0.0316046639999999976
5776475757	-0.104301393800000003	0.0358829496999999997
5776481189	-0.100726105100000005	0.0310807550000000016
5776486620	-0.0944942042999999954	0.0273956716999999988
5776492052	-0.0946540508999999947	0.0326188951000000033
5776497484	-0.0918605418999999951	0.031086855699999999
5776502916	-0.0891154851000000026	0.0242468383000000003
5776508348	-0.0868569230999999969	0.0218084210999999993
5776513780	-0.0857103475000000059	0.0203424837000000004
5776519212	-0.081040936600000002	0.0195051348999999985
5776524644	-0.0808444593999999989	0.0174309814
5776530076	-0.0780482809000000027	0.0152851024000000002
5776535508	-0.0745115536000000023	0.0122906723999999992
5776540939	-0.0738569765999999989	0.0110186608999999994
5776546371	-0.0724333219999999944	0.0105843755999999994
5776551803	-0.0690318352000000024	0.00925405320000000087
5776557235	-0.0661724060999999975	0.00747966670000000007
5776562667	-0.0631533834999999932	0.00544415109999999997
5776568099	-0.0676755447000000065	0.00283464990000000016
5776573531	-0.0647294935999999932	0.00312146219999999983
5776578963	-0.0665179753999999984	-0.000720308600000000004
5776584395	-0.0616373113999999986	-0.0034964814999999998
5776589827	-0.0570609840000000021	-0.00643550390000000028
5776595258	-0.0601545823000000021	-0.0103233083999999999
5776600690	-0.0573517524999999986	-0.0115713523000000006
5776606122	-0.0585146255000000004	-0.0138219232000000008
5776611554	-0.0573573516000000019	-0.0181003302999999983
5776616986	-0.0587879661999999997	-0.0189864356000000005
5776622418	-0.0567304755000000022	-0.0222061409999999987
5776627850	-0.0574063559999999987	-0.0190178013000000014
5776633282	-0.0540073613000000008	-0.0260436699000000001
5776638714	-0.0539456176000000023	-0.0246004564999999994
5776644146	-0.0541234245999999974	-0.0315391527000000033
5776649577	-0.0515954614000000006	-0.0324252156000000014
5776655009	-0.0503378286000000022	-0.0288937514999999985
5776660441	-0.0552502014999999985	-0.0343732467999999999
5776665873	-0.0498192536000000019	-0.0333877673999999972
5776671305	-0.053792757699999999	-0.036910628899999999
5776676737	-0.0545568244999999966	-0.0391034135000000033
5776682169	-0.0515518405000000013	-0.0418665174999999987
5776687601	-0.0543189291999999976	-0.0446938548000000019
5776693033	-0.0566155293000000018	-0.0451397724
5776698465	-0.0527163094000000013	-0.0470206702000000032
5776703896	-0.0512698274000000023	-0.0468144420999999991
5776709328	-0.0566169120999999997	-0.0506688683999999973
5776714760	-0.0530176876000000019	-0.051928143000000003
5776720192	-0.0546280430000000011	-0.0557284309000000005
5776725624	-0.0520338332999999986	-0.0564675389999999972
5776731056	-0.0541502867000000013	-0.055623504800000001
5776736488	-0.0538594396999999975	-0.0577243460999999972
5776741920	-0.0539559410000000003	-0.0619223485000000018
5776747352	-0.0566100780000000012	-0.0593739203000000007
5776752784	-0.0583673888999999974	-0.0652988939000000018
5776758215	-0.0570657817999999997	-0.0625681928000000054
5776763647	-0.0532112773999999997	-0.0615475554999999966
5776769079	-0.0557482390999999994	-0.0643658144999999932
5776774511	-0.0581850256999999968	-0.0624001154999999988
5776779943	-0.0591611049999999986	-0.070885125800000004
5776785375	-0.0624164337999999971	-0.0715103131999999947
5776790807	-0.0594601973000000034	-0.0676560340000000038
5776796239	-0.059494646800000002	-0.0733639080999999998
5776801671	-0.0652534709999999935	-0.0737316870000000041
5776807103	-0.0623985988000000033	-0.0734472649000000033
5776812534	-0.0597909771999999978	-0.0746471996000000054
5776817966	-0.0632478741000000039	-0.0758438032999999984
5776823398	-0.0676968980000000053	-0.0757064766000000028
5776828830	-0.0635694740000000008	-0.0799029131000000004
5776834262	-0.0644574155000000037	-0.0800108234000000001
5776839694	-0.0651157103000000043	-0.0783554119000000049
5776845126	-0.0662574357000000058	-0.0789907576999999972
5776850558	-0.0686679342000000026	-0.0795803818999999968
5776855990	-0.0699299978999999988	-0.0822357387999999995
5776861422	-0.0687347798000000065	-0.0838681651999999972
5776866853	-0.0622716221	-0.0864667851999999931
5776872285	-0.0676821635999999976	-0.0860472334000000061
5776877717	-0.0712941056000000045	-0.0899843092000000011
5776883149	-0.0732103013999999969	-0.0870700756999999992
5776888581	-0.0707235157999999975	-0.0850682184000000063
5776894013	-0.0699531662999999942	-0.0911257441000000029
5776899445	-0.0762862247000000021	-0.0904707086999999993
5776904877	-0.0719836742000000002	-0.0902412226999999983
5776910309	-0.0775863953999999939	-0.0886950658999999947
5776915741	-0.0762355628999999979	-0.0886914736999999953
5776921172	-0.0774267525999999956	-0.0927569075999999937
5776926604	-0.0752127583000000016	-0.0919823342000000016
5776932036	-0.0756982563999999969	-0.0985632532000000061
5776937468	-0.0790464114000000023	-0.0920360224999999949
5776942900	-0.0782957180000000003	-0.0946420989999999934
5776948332	-0.0781075848999999989	-0.0969305923000000069
5776953764	-0.0772267222999999947	-0.0956153393000000046
5776959196	-0.0810243667000000028	-0.0952497025999999997
5776964628	-0.0804507205000000031	-0.0950071848999999996
5776970060	-0.0828052818000000052	-0.093253820799999998
5776975492	-0.083616688999999994	-0.0967332679999999973
5776980923	-0.0830871564000000007	-0.0936525750000000018
5776986355	-0.0842057830000000063	-0.0975241037999999977
5776991787	-0.084342368299999998	-0.0990864436999999987
5776997219	-0.0844222372999999943	-0.099056524300000004
5777002651	-0.0869467488000000011	-0.0992864078000000039
5777008083	-0.0846799901999999993	-0.100464258200000003
5777013515	-0.0843100546999999978	-0.096148596599999997
5777018947	-0.0846696190000000015	-0.100762219599999994
5777024379	-0.0878270882999999947	-0.0980283572999999936
5777029811	-0.0859158696	-0.102279064899999994
5777035242	-0.085905433500000003	-0.0974360898999999947
5777040674	-0.088385486799999996	-0.102932054100000003
5777046106	-0.0869288562000000015	-0.103880276199999996
5777051538	-0.0894623449999999987	-0.0988856087000000022
5777056970	-0.0923345279000000047	-0.100232630599999997
5777062402	-0.0914888583999999977	-0.102941601199999996
5777067834	-0.0899793854000000004	-0.1022754528
5777073266	-0.0917029579000000067	-0.100817376099999995
5777078698	-0.0907083335999999962	-0.103736013799999999
5777084130	-0.0935976701000000022	-0.104635841699999996
5777089561	-0.0954459576000000059	-0.103510379299999997
5777094993	-0.0957179112000000054	-0.105218427700000006
5777100425	-0.0962595245999999932	-0.107863415899999995
5777105857	-0.0971988448000000033	-0.098609467800000003
5777111289	-0.094940690499999994	-0.103200219499999996
5777116721	-0.0975838160000000038	-0.107528599899999994
5777122153	-0.0980113326999999951	-0.103466296400000005
5777127585	-0.0971762439000000006	-0.101590821400000003
5777133017	-0.0999294564000000052	-0.103352519000000004
5777138449	-0.0982779099000000017	-0.105901028100000003
5777143880	-0.100904626900000002	-0.105076530299999998
5777149312	-0.101733006500000001	-0.104094365199999997
5777154744	-0.101034824999999995	-0.1015577691
5777160176	-0.1010668926	-0.106455024199999998
5777165608	-0.102164438799999993	-0.107372544900000005
5777171040	-0.104334605299999994	-0.106895372299999999
5777176472	-0.104834888799999998	-0.100216049099999996
5777181904	-0.104096256799999995	-0.106096152799999996
5777187336	-0.104308087100000002	-0.1030207239
5777192768	-0.103151617400000006	-0.104090308199999995
5777198199	-0.105084363299999997	-0.105145904499999998
5777203631	-0.105569224099999998	-0.103725383700000007
5777209063	-0.1076965904	-0.107212022099999998
5777214495	-0.107649386499999999	-0.107097281799999999
5777219927	-0.104480695999999998	-0.106690976699999995
5777225359	-0.1094171538	-0.106174581000000004
5777230791	-0.109565442099999993	-0.108415961599999999
5777236223	-0.109032041600000004	-0.105595778799999998
5777241655	-0.106552690000000005	-0.110371594000000003
5777247087	-0.110422045900000002	-0.103618416399999996
5777252518	-0.109399521200000002	-0.106707664499999993
5777257950	-0.112449920499999995	-0.107052411599999994
5777263382	-0.113392246599999996	-0.1063042659
5777268814	-0.110433435299999994	-0.106348683400000005
5777274246	-0.110479644299999999	-0.103164563799999998
5777279678	-0.114479987800000002	-0.107673806100000005
5777285110	-0.112426355699999994	-0.105946065199999995
5777290542	-0.111821670400000003	-0.106417199000000004
5777295974	-0.115906951199999997	-0.105338618800000006
5777301406	-0.114863875700000007	-0.105792830899999996
5777306837	-0.116641184300000006	-0.106090807499999995
5777312269	-0.113686080699999997	-0.107233580600000003
5777317701	-0.115201776500000005	-0.111214529899999998
5777323133	-0.115428215099999995	-0.103930979699999995
5777328565	-0.118152840699999997	-0.104904261999999998
5777333997	-0.121389113500000007	-0.107683232200000006
5777339429	-0.117873861100000005	-0.107139166300000005
5777344861	-0.121045891399999994	-0.108152058800000006
5777350293	-0.117491899900000002	-0.103927920399999998
5777355725	-0.117933221699999993	-0.107958921299999996
5777361156	-0.1181520182	-0.105081268399999997
5777366588	-0.120687313099999999	-0.106470377899999996
5777372020	-0.123292758500000002	-0.106364148800000002
5777377452	-0.124159403299999999	-0.105619029700000006
5777382884	-0.122510704400000003	-0.106349736400000006
5777388316	-0.126160021499999997	-0.108814082699999995
5777393748	-0.118323096099999997	-0.108118505200000006
5777399180	-0.121036154399999998	-0.105688166400000005
5777404612	-0.121785349200000004	-0.101182761199999999
5777410044	-0.126179404200000012	-0.107731158600000002
5777415475	-0.122263600099999994	-0.103054081899999997
5777420907	-0.125011326099999986	-0.107751273600000003
5777426339	-0.126664612499999996	-0.104057501400000002
5777431771	-0.123136783599999994	-0.106925038700000002
5777437203	-0.123186438999999995	-0.105164989400000006
5777442635	-0.123688630100000002	-0.107307656700000004
5777448067	-0.127105756900000005	-0.105510767500000005
5777453499	-0.12675814760000001	-0.107320699899999997
5777458931	-0.130404684800000004	-0.104526702799999996
5777464363	-0.130701099500000001	-0.102555127100000004
5777469795	-0.130003131100000002	-0.105222477600000003
5777475226	-0.12524272689999999	-0.101468118800000007
5777480658	-0.1294862289	-0.100702072200000006
5777486090	-0.13091264729999999	-0.106835871499999999
5777491522	-0.127241218699999992	-0.103296232000000002
5777496954	-0.129215934199999993	-0.101588187600000004
5777502386	-0.131950579799999995	-0.1035313754
5777507818	-0.130311784699999988	-0.101861226799999996
5777513250	-0.130682219300000013	-0.104322450600000005
5777518682	-0.129197447999999993	-0.1050471454
5777524114	-0.132224900799999989	-0.102060833300000001
5777529545	-0.13099047359999999	-0.104910963199999999
5777534977	-0.1297256886	-0.102138691000000004
5777540409	-0.132371832599999989	-0.106127176599999998
5777545841	-0.133862872699999996	-0.101072140899999996
5777551273	-0.134754299200000011	-0.101075459300000003
5777556705	-0.133245353600000005	-0.100602769800000005
5777562137	-0.135533511400000001	-0.103147691999999999
5777567569	-0.132325377100000002	-0.102035989800000004
5777573001	-0.133169657999999996	-0.102027098699999999
5777578433	-0.137407682700000006	-0.102576990699999995
5777583864	-0.133658410799999988	-0.100652657600000001
5777589296	-0.136731523699999996	-0.101570919600000004
5777594728	-0.13720075470000001	-0.100602969299999997
5777600160	-0.139372754600000009	-0.101459508000000004
5777605592	-0.135555972599999991	-0.0985595182999999958
5777611024	-0.136608505099999999	-0.100077474200000002
5777616456	-0.137296296200000001	-0.103853781000000006
5777621888	-0.137632204000000008	-0.0988631964000000057
5777627320	-0.135711259499999987	-0.100752041200000003
5777632752	-0.136752104399999991	-0.0979480068999999953
5777638183	-0.141428343799999995	-0.0993375979999999992
5777643615	-0.138941050399999988	-0.0994602519000000046
5777649047	-0.137408860299999991	-0.100322307700000002
5777654479	-0.135230831699999998	-0.100464209200000001
5777659911	-0.140619974000000009	-0.0977577503000000014
5777665343	-0.138153207899999991	-0.094947798299999997
5777670775	-0.139004215300000011	-0.0972837143000000043
5777676207	-0.142498143599999988	-0.101307201900000005
5777681639	-0.138879525000000004	-0.0981791159999999968
5777687071	-0.142165450700000001	-0.0950113370999999957
5777692502	-0.142383557800000005	-0.0967649431000000004
5777697934	-0.143237985000000012	-0.0987684840000000036
5777703366	-0.141182820799999997	-0.0936407969000000034
5777708798	-0.144208649299999991	-0.101124945399999999
5777714230	-0.141705346600000004	-0.0988202383999999961
5777719662	-0.141895465100000007	-0.0979360761999999996
5777725094	-0.143575621099999995	-0.0980855374000000058
5777730526	-0.1438404405	-0.0976777375999999947
5777735958	-0.148965430399999987	-0.0967227610000000043
5777741390	-0.14934856760000001	-0.0972127832999999941
5777746821	-0.14188853709999999	-0.0965686585000000014
5777752253	-0.1458193978	-0.0945557290999999994
5777757685	-0.143163112799999992	-0.0962305217000000018
5777763117	-0.146452525299999997	-0.0976597822999999976
5777768549	-0.142457091099999988	-0.0951579869999999994
5777773981	-0.147973591300000012	-0.0948983389999999982
5777779413	-0.145424537200000009	-0.0963652316000000037
5777784845	-0.145028905000000014	-0.0964160156000000018
5777790277	-0.145704167500000009	-0.0956668340000000061
5777795709	-0.1497176167	-0.0966130313999999935
5777801140	-0.151490255299999987	-0.0951149577000000024
5777806572	-0.14794718870000001	-0.0944749703000000024
5777812004	-0.146547486700000007	-0.095804299699999998
5777817436	-0.146958362000000009	-0.0941190149000000059
5777822868	-0.149610844900000012	-0.0944810845000000066
5777828300	-0.14930615089999999	-0.0934880691999999958
5777833732	-0.148921013099999999	-0.0909131472000000024
5777839164	-0.150097032500000005	-0.0876842473999999983
5777844596	-0.151228327999999995	-0.0913239121000000015
5777850028	-0.151161236300000001	-0.0916702053000000017
5777855459	-0.151156791600000007	-0.0940223413000000063
5777860891	-0.150817994099999991	-0.0947266684000000053
5777866323	-0.147114065999999988	-0.0901968162000000018
5777871755	-0.151207360799999996	-0.0965348444999999944
5777877187	-0.151315398399999995	-0.0931020877000000024
5777882619	-0.151661908099999992	-0.0913815543000000008
5777888051	-0.153316693899999995	-0.0911332180000000019
5777893483	-0.15413894110000001	-0.0914412646999999967
5777898915	-0.152263378599999999	-0.089375916400000005
5777904347	-0.153748157899999988	-0.0911704006000000067
5777909778	-0.151928366700000012	-0.0886942160000000063
5777915210	-0.151261996900000001	-0.0892291828999999953
5777920642	-0.157275022200000003	-0.0914848988000000057
5777926074	-0.152011752199999989	-0.0928307855999999931
5777931506	-0.154907738399999995	-0.0898043371000000062
5777936938	-0.151723020600000008	-0.0889338991000000051
5777942370	-0.154721318999999996	-0.0922375973000000016
5777947802	-0.157155693699999988	-0.0916961240000000039
5777953234	-0.154914210899999988	-0.0883944928999999963
5777958666	-0.156593432300000002	-0.0909512412000000048
5777964098	-0.156460996999999991	-0.0904732131999999994
5777969529	-0.152292968499999987	-0.0883280419999999955
5777974961	-0.1547585551	-0.0916547550000000044
5777980393	-0.155630027199999993	-0.0875057276999999939
5777985825	-0.156455767800000006	-0.0914662863999999992
5777991257	-0.155835817799999998	-0.089016202700000005
5777996689	-0.156393817399999996	-0.0914960060999999991
5778002121	-0.15719990310000001	-0.0892189790000000038
5778007553	-0.156002885799999991	-0.0886387022999999968
5778012985	-0.156568750300000004	-0.0847388815999999961
5778018417	-0.155655462500000008	-0.0882814851999999956
5778023848	-0.157392773000000014	-0.0897414354999999941
5778029280	-0.154754624199999996	-0.0876541744000000067
5778034712	-0.157733793900000002	-0.086016111199999995
5778040144	-0.159546250899999992	-0.0863689777999999964
5778045576	-0.158555274299999993	-0.0847069639999999957
5778051008	-0.159119315099999992	-0.0847311179999999942
5778056440	-0.160332362199999995	-0.0836507452999999956
5778061872	-0.159082646299999991	-0.0868693791000000048
5778067304	-0.1611156688	-0.0869704243000000016
5778072736	-0.156913751699999993	-0.0835341433999999966
5778078167	-0.160528358600000004	-0.0869050086999999943
5778083599	-0.159705117400000013	-0.0824096413999999972
5778089031	-0.160568885800000005	-0.0863180991000000036
5778094463	-0.161393416300000009	-0.0812630591000000069
5778099895	-0.158382404599999999	-0.0830241538000000001
5778105327	-0.164541417699999998	-0.0843261691000000008
5778110759	-0.157757091399999994	-0.0818431632999999936
5778116191	-0.158571746000000013	-0.0797135092999999989
5778121623	-0.162513036100000008	-0.0823403312999999998
5778127055	-0.162883462199999995	-0.0826516808999999963
5778132486	-0.162030324400000009	-0.0802445636999999934
5778137918	-0.1629890118	-0.0822763338999999982
5778143350	-0.162439211800000011	-0.082850491200000001
5778148782	-0.160976989600000009	-0.0822397401
5778154214	-0.161837886200000003	-0.0838992850999999984
5778159646	-0.163889434800000011	-0.0848911779999999977
5778165078	-0.16315487540000001	-0.0784610634000000029
5778170510	-0.162497586500000013	-0.0808087479999999997
5778175942	-0.166111229500000013	-0.0779431654000000002
5778181374	-0.163731345199999989	-0.0791376393000000067
5778186805	-0.164437610799999995	-0.0809046508000000053
5778192237	-0.168071682800000011	-0.0799054525999999959
5778197669	-0.168191582899999997	-0.0802892605999999953
5778203101	-0.165407841	-0.0805530083000000063
5778208533	-0.166801624700000012	-0.0779069658000000054
5778213965	-0.165485494700000013	-0.0810705134000000022
5778219397	-0.16513908229999999	-0.0813053623000000031
5778224829	-0.163122221699999986	-0.0754822520999999941
5778230261	-0.166049429400000004	-0.075440978899999997
5778235693	-0.1685318757	-0.0790605047000000061
5778241124	-0.164665971200000011	-0.0794447850000000039
5778246556	-0.164994293099999995	-0.0741640063000000016
5778251988	-0.166369359200000011	-0.0734590766000000062
5778257420	-0.166632104400000008	-0.076273509500000003
5778262852	-0.168989718000000011	-0.0778608377000000046
5778268284	-0.169711812900000009	-0.0785750567000000066
5778273716	-0.168130418000000004	-0.073592827999999999
5778279148	-0.169624069799999999	-0.0762273985999999959
5778284580	-0.169119929199999991	-0.0764037320999999964
5778290012	-0.168079374499999989	-0.0741615164000000021
5778295443	-0.170717209199999997	-0.0745822359999999962
5778300875	-0.168817975300000006	-0.077506500300000003
5778306307	-0.165957136799999988	-0.0734169335000000034
5778311739	-0.170943405900000012	-0.0731227905000000067
5778317171	-0.167411983699999989	-0.0764282961000000011
5778322603	-0.171259364200000014	-0.0745546512999999966
5778328035	-0.169660796000000003	-0.0756603603000000069
5778333467	-0.168410470899999998	-0.0754836735999999953
5778338899	-0.166683369500000012	-0.0765306748999999981
5778344331	-0.167301045300000006	-0.0704910665000000047
5778349762	-0.169832420000000012	-0.0742748336000000065
5778355194	-0.169489478700000001	-0.0733622092000000003
5778360626	-0.170851754500000008	-0.0725494396999999958
5778366058	-0.170211978699999988	-0.0732310840000000018
5778371490	-0.170840145299999996	-0.0719126981999999998
5778376922	-0.169446470399999993	-0.0704939653000000027
5778382354	-0.172363628399999996	-0.0706470265999999958
5778387786	-0.168418138699999997	-0.0706375451999999987
5778393218	-0.174197114399999992	-0.069512247499999999
5778398650	-0.170484474299999994	-0.0690480509999999992
5778404081	-0.175538751699999995	-0.0716810056000000001
5778409513	-0.173639438499999993	-0.0708910009000000008
5778414945	-0.171267807500000008	-0.0719014917000000003
5778420377	-0.172970034900000014	-0.0704580484999999951
5778425809	-0.176079841399999992	-0.0661253445999999967
5778431241	-0.174813167500000005	-0.0685112607000000068
5778436673	-0.171491657200000008	-0.0699671575999999962
5778442105	-0.175705102899999993	-0.0678029205000000024
5778447537	-0.171752030599999994	-0.0673190934000000019
5778452969	-0.175839128099999992	-0.0697037355000000025
5778458401	-0.176060783999999998	-0.0681623427000000032
5778463832	-0.172843350000000007	-0.0690444125999999936
5778469264	-0.174452395799999993	-0.0661622932999999941
5778474696	-0.173177116699999994	-0.0662979229999999947
5778480128	-0.17182242310000001	-0.068094576599999998
5778485560	-0.175689327099999987	-0.0686376677000000018
5778490992	-0.176215511299999988	-0.0684074322000000068
5778496424	-0.175016651800000006	-0.0672152559000000066
5778501856	-0.172813739500000008	-0.0671139652999999947
5778507288	-0.1760025442	-0.0663994755999999936
5778512720	-0.175181464000000009	-0.0658166822999999984
5778518151	-0.177692023000000004	-0.0650000983999999976
5778523583	-0.178885542300000006	-0.0636621457000000057
5778529015	-0.17681980189999999	-0.0645084167000000014
5778534447	-0.176320641800000011	-0.0659238674999999968
5778539879	-0.179673158299999997	-0.066146394499999997
5778545311	-0.174287451799999993	-0.0625803021999999931
5778550743	-0.178263275400000004	-0.0636338362999999962
5778556175	-0.176630698899999994	-0.0645935883000000044
5778561607	-0.178929892499999993	-0.0636611096999999959
5778567039	-0.175718507299999993	-0.0626586172000000025
5778572470	-0.176186026999999995	-0.0638293810999999989
5778577902	-0.175304827999999996	-0.0618134348999999986
5778583334	-0.175206183799999998	-0.0644037853999999965
5778588766	-0.179484092000000012	-0.063010229900000006
5778594198	-0.178580346800000012	-0.0629330265999999972
5778599630	-0.17745409849999999	-0.0603619327999999969
5778605062	-0.173010068500000003	-0.0610844379000000035
5778610494	-0.180646953400000004	-0.0640457792999999942
5778615926	-0.174910370700000012	-0.0650080209999999992
5778621358	-0.177564047000000003	-0.0618072226999999974
5778626789	-0.182137735800000006	-0.0593710152000000019
5778632221	-0.177036914999999989	-0.0598919408000000014
5778637653	-0.178316036399999989	-0.0625402129000000029
5778643085	-0.177577938099999999	-0.059368149000000002
5778648517	-0.179833872300000003	-0.0571054360000000025
5778653949	-0.177032333600000008	-0.0585926954999999999
5778659381	-0.18085092350000001	-0.0590983931000000004
5778664813	-0.18252665030000001	-0.0567217156
5778670245	-0.180772816199999992	-0.0600003350000000019
5778675677	-0.180070278100000009	-0.0548960630000000019
5778681108	-0.184511371000000007	-0.0553835416000000025
5778686540	-0.178287743100000007	-0.0577826057000000032
5778691972	-0.178643548399999991	-0.0575724935000000021
5778697404	-0.182776479699999994	-0.0567015157999999977
5778702836	-0.180209577399999987	-0.0588283445999999988
5778708268	-0.182143562600000003	-0.0565889674999999967
5778713700	-0.180176324199999988	-0.056114708800000003
5778719132	-0.179750767799999989	-0.0568488114999999988
5778724564	-0.182447155299999997	-0.0572286731000000021
5778729996	-0.180598014499999987	-0.0547627326999999969
5778735427	-0.17902718170000001	-0.0567465040000000032
5778740859	-0.178839523800000011	-0.0546935122999999968
5778746291	-0.179100843199999998	-0.0549955919000000015
5778751723	-0.180276540799999996	-0.0510556158000000024
5778757155	-0.182283679000000004	-0.0565128605999999992
5778762587	-0.182367421499999988	-0.0509234033999999974
5778768019	-0.180154504399999998	-0.052846950099999998
5778773451	-0.182774357800000009	-0.0537827728000000033
5778778883	-0.181900750199999989	-0.0521030930999999975
5778784315	-0.181872009000000001	-0.0516284655999999995
5778789746	-0.182839239300000012	-0.0530878273000000012
5778795178	-0.180574667200000011	-0.0519770073999999971
5778800610	-0.183581965799999997	-0.0525005782000000018
5778806042	-0.18136841540000001	-0.0513620565000000029
5778811474	-0.183825338599999999	-0.0509224501000000024
5778816906	-0.184190577999999994	-0.053146642899999999
5778822338	-0.1816764924	-0.0503197822000000031
5778827770	-0.182432547199999989	-0.0480812020999999978
5778833202	-0.184959857899999996	-0.0529580877000000033
5778838634	-0.183337099899999995	-0.0489232978000000013
5778844065	-0.179211455399999997	-0.0484585876999999998
5778849497	-0.182012217700000006	-0.0484479811999999968
5778854929	-0.1867300083	-0.0487993283
5778860361	-0.18328138120000001	-0.0496504213999999985
5778865793	-0.183146829399999989	-0.0483290980000000009
5778871225	-0.184009521499999995	-0.0494806065999999975
5778876657	-0.18441466170000001	-0.0478755680000000003
5778882089	-0.183478891499999991	-0.0444284156
5778887521	-0.182178532100000012	-0.0476298713000000012
5778892953	-0.186529583800000009	-0.0493128938000000003
5778898384	-0.185724038300000005	-0.0481395182000000019
5778903816	-0.185147512799999997	-0.0474920986999999989
5778909248	-0.185163229699999987	-0.0480131749999999982
5778914680	-0.186147517699999987	-0.046009982599999999
5778920112	-0.184660609700000006	-0.0477208468000000011
5778925544	-0.184891580700000002	-0.046968903200000002
5778930976	-0.185223200300000002	-0.0430692723000000027
5778936408	-0.187541570200000007	-0.0449179798000000005
5778941840	-0.184627984500000009	-0.0429264587999999975
5778947272	-0.184713201800000004	-0.0430961134999999981
5778952703	-0.188556040099999989	-0.0428718650000000021
5778958135	-0.182118815399999995	-0.0439872479999999996
5778963567	-0.184853724999999997	-0.0444905224999999974
5778968999	-0.183102957199999999	-0.0448323456999999981
5778974431	-0.186452578799999991	-0.0414817853999999986
5778979863	-0.183936303299999993	-0.0414121413999999979
5778985295	-0.183838984600000005	-0.041584718100000001
5778990727	-0.186529749999999994	-0.0430011485999999971
5778996159	-0.188572447599999998	-0.0456542188000000002
5779001591	-0.1896326183	-0.0398999021000000023
5779007023	-0.188192759500000001	-0.0413525182000000005
5779012454	-0.188676756700000003	-0.0436841682999999995
5779017886	-0.187267277900000001	-0.0402882332000000024
5779023318	-0.188056656399999994	-0.0395655222000000015
5779028750	-0.185883379500000001	-0.0387006078000000017
5779034182	-0.187111317100000007	-0.0386638392000000011
5779039614	-0.188130189499999989	-0.0424410978000000008
5779045046	-0.187364969599999986	-0.0389755058999999987
5779050478	-0.185966720800000013	-0.040000775500000002
5779055910	-0.187895837099999991	-0.0408422535000000017
5779061342	-0.187987524500000003	-0.0416821058000000008
5779066773	-0.190991620100000009	-0.0402320280999999974
5779072205	-0.189699561200000005	-0.0383219554000000032
5779077637	-0.191309725600000008	-0.0383767021
5779083069	-0.185277210899999989	-0.0386167902000000007
5779088501	-0.186211279499999993	-0.0391708019999999976
5779093933	-0.189711893599999987	-0.0374320286000000002
5779099365	-0.188913630700000001	-0.0362669581000000033
5779104797	-0.190364940099999991	-0.0387416704999999986
5779110229	-0.189070803399999987	-0.0364897177000000003
5779115661	-0.190188015399999993	-0.0377824183000000022
5779121092	-0.188865733799999991	-0.0380285402000000022
5779126524	-0.191337464600000007	-0.035394188
5779131956	-0.188371847000000009	-0.0351058310999999984
5779137388	-0.190072599099999989	-0.0387774164000000005
5779142820	-0.187843788300000009	-0.0354347299999999976
5779148252	-0.192015166500000001	-0.0401417764999999968
5779153684	-0.188624566699999996	-0.0348775274999999982
5779159116	-0.186557275699999997	-0.0350539814999999977
5779164548	-0.186695250199999996	-0.0328720226000000018
5779169980	-0.188059189399999993	-0.0341439730000000011
5779175411	-0.188878935500000011	-0.0338970686999999979
5779180843	-0.187001934300000006	-0.036377850500000003
5779186275	-0.19187984159999999	-0.0338102272000000009
5779191707	-0.190539604800000012	-0.0263056482000000001
5779197139	-0.190921434100000009	-0.031015333400000001
5779202571	-0.191551094700000007	-0.0343090654999999994
5779208003	-0.192780601100000004	-0.0333646890999999973
5779213435	-0.189705873899999988	-0.0319339147999999975
5779218867	-0.18908842649999999	-0.0309624777999999989
5779224299	-0.188434251800000008	-0.031677832000000003
5779229730	-0.191022514599999998	-0.0283970461
5779235162	-0.189343589099999987	-0.0294681827999999993
5779240594	-0.189211763700000007	-0.0321505145999999992
5779246026	-0.192874235599999999	-0.0294119489999999997
5779251458	-0.191086412300000008	-0.0291978877000000012
5779256890	-0.191151393400000008	-0.0286599906999999987
5779262322	-0.191928543400000012	-0.0289781212000000017
5779267754	-0.193559386100000008	-0.0268513774999999989
5779273186	-0.192191265899999991	-0.0306107042999999995
5779278618	-0.190336603999999993	-0.0273809042000000002
5779284049	-0.192614919299999993	-0.027675574599999999
