# freq, I e Q
5256100000	-0.134504448999999998	-0.409199109499999991
5256102000	-0.135823043000000004	-0.408759243699999997
5256104000	-0.136026915100000007	-0.409108530899999989
5256106000	-0.135271600500000005	-0.410365727700000016
5256108000	-0.13665500559999999	-0.40869266780000002
5256110000	-0.135884827900000005	-0.407008732799999995
5256112000	-0.138130592299999994	-0.407847359799999976
5256114000	-0.135451534600000006	-0.408364569200000027
5256116000	-0.136653732299999997	-0.407544063800000023
5256118000	-0.139119392400000014	-0.410624237700000005
5256120000	-0.137432679700000004	-0.407116654600000016
5256122000	-0.138547865999999992	-0.406732894999999983
5256124000	-0.138448019899999997	-0.407881354699999976
5256126000	-0.138876434399999998	-0.406578683100000005
5256128000	-0.139309988100000004	-0.406595812700000003
5256130000	-0.138695297899999986	-0.407376980900000019
5256132000	-0.138515582400000004	-0.406180899699999987
5256134000	-0.139539311299999996	-0.40641604349999999
5256136000	-0.140145063399999992	-0.405251350999999982
5256138000	-0.137369048999999993	-0.408264430499999997
5256140000	-0.141571293799999998	-0.406318080699999973
5256142000	-0.141505482200000005	-0.407555954399999976
5256144000	-0.14143795549999999	-0.407448895799999988
5256146000	-0.1414531282	-0.407494911299999985
5256148000	-0.141928850699999998	-0.405329674299999998
5256150000	-0.141853505399999996	-0.405222964000000019
5256152000	-0.142602275299999998	-0.404942621599999997
5256154000	-0.143947278600000006	-0.403902006400000013
5256156000	-0.1431676432	-0.40452032630000001
5256158000	-0.143148647800000001	-0.404113339700000018
5256160000	-0.143649668700000011	-0.40600363220000002
5256162000	-0.144000382499999996	-0.403435686199999977
5256164000	-0.145909657100000006	-0.404683789199999977
5256166000	-0.145327031200000012	-0.405826497399999986
5256168000	-0.14107873139999999	-0.403449405099999991
5256170000	-0.144527731800000003	-0.404047422900000008
5256172000	-0.142565007500000007	-0.403407493000000006
5256174000	-0.145319208799999988	-0.402066942400000016
5256176000	-0.146011201499999993	-0.402661149800000007
5256178000	-0.146014057899999994	-0.40319625240000001
5256180000	-0.144646094800000014	-0.404045099299999988
5256182000	-0.147376606599999987	-0.404415943399999978
5256184000	-0.147403963999999998	-0.401982400600000012
5256186000	-0.147013539299999996	-0.401198228900000009
5256188000	-0.146508542500000005	-0.402573823100000006
5256190000	-0.145395937599999997	-0.403035708599999987
5256192000	-0.148045842600000005	-0.403625522700000017
5256194000	-0.148345453300000013	-0.40312717269999998
5256196000	-0.149449000199999987	-0.402205556299999989
5256198000	-0.149309667199999996	-0.402207337900000017
5256200000	-0.148780683400000002	-0.403509351700000019
5256202000	-0.14975785359999999	-0.402101764799999983
5256204000	-0.148483891000000007	-0.401444890399999976
5256206000	-0.150789058400000009	-0.400417682200000014
5256208000	-0.151720108999999992	-0.402217684899999983
5256210000	-0.149971636999999991	-0.400228538600000017
5256212000	-0.151386285000000009	-0.399819899099999987
5256214000	-0.152072518999999989	-0.399227915599999983
5256216000	-0.152227817600000009	-0.401683115899999998
5256218000	-0.152527373100000002	-0.400098207099999992
5256220000	-0.152994365800000004	-0.399284352299999978
5256222000	-0.152923688199999991	-0.401208695399999982
5256224000	-0.152863512400000012	-0.400483790499999992
5256226000	-0.153193982300000003	-0.400803892900000014
5256228000	-0.15456562330000001	-0.399516751499999989
5256230000	-0.153545494799999988	-0.400541706900000016
5256232000	-0.155671582899999994	-0.399969296899999993
5256234000	-0.154569316799999995	-0.400247416500000008
5256236000	-0.15558487230000001	-0.399984782599999977
5256238000	-0.155681630999999987	-0.398445942300000022
5256240000	-0.156873298100000003	-0.400455248300000011
5256242000	-0.157310379	-0.397046580099999991
5256244000	-0.154197964399999998	-0.397836789899999987
5256246000	-0.156676665699999995	-0.39837681749999998
5256248000	-0.154749702900000008	-0.398258053000000001
5256250000	-0.155709782699999993	-0.397050750499999994
5256252000	-0.157728981800000001	-0.398997048899999984
5256254000	-0.15785853620000001	-0.397029550299999978
5256256000	-0.157499475700000002	-0.399452275400000001
5256258000	-0.160190070800000001	-0.395713474499999995
5256260000	-0.157335115199999986	-0.397423773599999974
5256262000	-0.157989287000000006	-0.397532964099999997
5256264000	-0.158621843699999987	-0.396502816799999991
5256266000	-0.160326938499999988	-0.395920916999999983
5256268000	-0.158564025500000011	-0.39466312349999999
5256270000	-0.159478993499999999	-0.396147160599999992
5256272000	-0.159202348999999993	-0.395794192400000022
5256274000	-0.162024122800000003	-0.39524559250000002
5256276000	-0.16136072709999999	-0.397704579700000005
5256278000	-0.1618734691	-0.395690020699999978
5256280000	-0.160532682199999999	-0.394080193899999986
5256282000	-0.16125135539999999	-0.394729606800000021
5256284000	-0.160394389400000004	-0.393967416600000009
5256286000	-0.16219204009999999	-0.394101198500000027
5256288000	-0.163044514599999996	-0.39451904459999998
5256290000	-0.16099904000000001	-0.3958264742
5256292000	-0.162027133900000009	-0.393013632700000004
5256294000	-0.163467809500000005	-0.392972686399999993
5256296000	-0.164019817499999998	-0.392979953699999995
5256298000	-0.1627350501	-0.393301462300000015
5256300000	-0.166352484900000014	-0.393241325400000008
5256302000	-0.165603982300000008	-0.392259159400000001
5256304000	-0.165405103599999992	-0.394546565700000018
5256306000	-0.166588190899999988	-0.391432151399999984
5256308000	-0.167407548500000003	-0.391422819899999996
5256310000	-0.165857377400000006	-0.391419879500000012
5256312000	-0.167312455100000007	-0.392447317100000026
5256314000	-0.164470262400000011	-0.393125248199999999
5256316000	-0.166832242900000011	-0.39219351790000001
5256318000	-0.166621290000000005	-0.391643444900000026
5256320000	-0.167563685500000004	-0.391701132999999979
5256322000	-0.166935577299999999	-0.390710972699999992
5256324000	-0.168866838200000008	-0.393732312400000006
5256326000	-0.168566324299999987	-0.39194937489999998
5256328000	-0.168104096099999989	-0.390493165199999992
5256330000	-0.169375235000000013	-0.391163241499999981
5256332000	-0.169633323700000005	-0.389992403400000021
5256334000	-0.16771906780000001	-0.390841642499999975
5256336000	-0.16811958460000001	-0.38966946130000002
5256338000	-0.169713168800000008	-0.38862065979999999
5256340000	-0.169979745300000012	-0.389529912899999997
5256342000	-0.172053226199999992	-0.388301739199999996
5256344000	-0.172598929200000001	-0.389497397099999976
5256346000	-0.172034972700000011	-0.387180936899999995
5256348000	-0.172707546500000003	-0.389071195799999991
5256350000	-0.1725621601	-0.388810494100000015
5256352000	-0.173095309100000011	-0.386537226600000006
5256354000	-0.173085746099999993	-0.3875422382
5256356000	-0.173101848199999991	-0.386913637699999979
5256358000	-0.173085836500000007	-0.3865906395
5256360000	-0.176473409899999989	-0.389434087099999993
5256362000	-0.173795515499999997	-0.387041277800000028
5256364000	-0.173212149799999993	-0.386863747099999988
5256366000	-0.17488606000000001	-0.387223868999999998
5256368000	-0.1754138103	-0.386708098
5256370000	-0.176635288599999996	-0.385426529199999979
5256372000	-0.175374933000000011	-0.3875855104
5256374000	-0.174698864600000003	-0.387082973800000008
5256376000	-0.176183792700000008	-0.387223164700000011
5256378000	-0.178524320399999992	-0.385507509999999998
5256380000	-0.178218974299999999	-0.386145679799999975
5256382000	-0.178990900600000002	-0.383800337300000016
5256384000	-0.176129403099999998	-0.385683659000000012
5256386000	-0.17664259169999999	-0.385407358300000003
5256388000	-0.177895969999999987	-0.383419059600000001
5256390000	-0.180046652899999993	-0.382082934599999979
5256392000	-0.178942918199999995	-0.385061858599999973
5256394000	-0.180067487100000007	-0.383114972800000009
5256396000	-0.179895903200000012	-0.384225251099999998
5256398000	-0.179947878799999988	-0.383497909500000012
5256400000	-0.180366192000000009	-0.384232635699999991
5256402000	-0.182115851800000006	-0.383421022700000003
5256404000	-0.183147152199999996	-0.383259296999999999
5256406000	-0.183375391999999998	-0.381741959799999975
5256408000	-0.181194082700000009	-0.380289239499999987
5256410000	-0.180848640199999994	-0.381906919299999981
5256412000	-0.181270697000000008	-0.380746186699999989
5256414000	-0.181376550400000003	-0.381514882499999985
5256416000	-0.184272749200000002	-0.381917086800000027
5256418000	-0.183035745	-0.379583171399999975
5256420000	-0.182433667500000007	-0.379764187899999994
5256422000	-0.185493063600000008	-0.379807632399999984
5256424000	-0.183208544400000006	-0.378764279300000006
5256426000	-0.184149497200000012	-0.382338912400000008
5256428000	-0.18552966139999999	-0.378775822300000009
5256430000	-0.184672646800000007	-0.381468510300000008
5256432000	-0.185469452600000001	-0.37840512300000001
5256434000	-0.186336168599999991	-0.380048050400000004
5256436000	-0.186801659099999989	-0.378009189000000023
5256438000	-0.186905135199999989	-0.380028677199999998
5256440000	-0.187049835599999992	-0.379544638300000015
5256442000	-0.185881354299999996	-0.377888005299999996
5256444000	-0.186686327399999991	-0.379019236500000023
5256446000	-0.188664892400000006	-0.378616564300000014
5256448000	-0.18947099340000001	-0.377245846200000012
5256450000	-0.188244430600000012	-0.37604574369999999
5256452000	-0.190092405599999986	-0.377607429800000005
5256454000	-0.188757312300000007	-0.375726959799999982
5256456000	-0.190933790800000003	-0.375210445399999981
5256458000	-0.189926490899999995	-0.375918966199999982
5256460000	-0.189993796900000012	-0.375032708499999978
5256462000	-0.19253950219999999	-0.374696703700000022
5256464000	-0.19179887109999999	-0.375331258999999973
5256466000	-0.192041982700000002	-0.373666432699999995
5256468000	-0.190914768200000001	-0.374536976799999977
5256470000	-0.190845709800000013	-0.375806246499999996
5256472000	-0.194479889099999997	-0.373620049399999987
5256474000	-0.191310997499999996	-0.373408018299999978
5256476000	-0.192035259699999988	-0.374510575899999976
5256478000	-0.195960413999999999	-0.373708909500000019
5256480000	-0.195385437899999986	-0.372680385700000005
5256482000	-0.194606301000000009	-0.372011902999999977
5256484000	-0.194259340800000013	-0.372747332599999981
5256486000	-0.194660353600000002	-0.370914087299999973
5256488000	-0.195133862800000002	-0.370716224799999994
5256490000	-0.19372347479999999	-0.371088963699999996
5256492000	-0.195116161700000013	-0.371259241600000012
5256494000	-0.197134627499999993	-0.370984065600000024
5256496000	-0.195119104099999996	-0.370872135900000011
5256498000	-0.197112756500000014	-0.370532019599999984
5256500000	-0.197439182800000002	-0.36981609230000001
5256502000	-0.196446561200000008	-0.369680578900000001
5256504000	-0.198827795700000004	-0.369749336099999992
5256506000	-0.197410165299999996	-0.368810790599999994
5256508000	-0.197298233600000011	-0.37034634230000002
5256510000	-0.2007893439	-0.367575837199999977
5256512000	-0.200696040900000011	-0.367631014899999997
5256514000	-0.200258727899999989	-0.368003801999999991
5256516000	-0.200417304600000012	-0.367302861500000022
5256518000	-0.198844331099999994	-0.368392665200000025
5256520000	-0.200675147400000004	-0.36506926150000002
5256522000	-0.20259802469999999	-0.368044497500000012
5256524000	-0.200876677499999989	-0.364847432600000021
5256526000	-0.199757905499999999	-0.365622190399999991
5256528000	-0.201987490399999997	-0.365592389299999987
5256530000	-0.201787611400000011	-0.364047996400000018
5256532000	-0.201915980800000006	-0.365594918499999977
5256534000	-0.202913835399999992	-0.365639153300000019
5256536000	-0.204461144399999989	-0.364029339100000016
5256538000	-0.203275903899999999	-0.364993199900000009
5256540000	-0.204242266799999989	-0.363321746499999987
5256542000	-0.203785381200000004	-0.363039598299999988
5256544000	-0.204690345100000004	-0.360925618499999989
5256546000	-0.20546433280000001	-0.360764491899999984
5256548000	-0.20500438130000001	-0.363994928100000004
5256550000	-0.20637501250000001	-0.362164008500000023
5256552000	-0.206183118500000012	-0.361243640099999985
5256554000	-0.206955980000000012	-0.360744480899999997
5256556000	-0.207164548000000004	-0.35938974130000001
5256558000	-0.206181995099999987	-0.358970216800000019
5256560000	-0.208937961100000014	-0.360788828999999978
5256562000	-0.205417061200000001	-0.360204092099999984
5256564000	-0.208618598399999994	-0.358552524799999994
5256566000	-0.208915957200000002	-0.357176146000000028
5256568000	-0.208599807800000009	-0.357626331500000005
5256570000	-0.209227462599999997	-0.358287546999999984
5256572000	-0.211064710799999999	-0.358799941399999989
5256574000	-0.211658699499999992	-0.358285518000000025
5256576000	-0.210088036899999997	-0.357994070300000022
5256578000	-0.211602083599999991	-0.354328885099999991
5256580000	-0.212526286000000009	-0.354692989399999992
5256582000	-0.211241690900000001	-0.356128488399999998
5256584000	-0.213311112200000014	-0.355691369899999998
5256586000	-0.214724201899999995	-0.355576188000000015
5256588000	-0.214030633999999997	-0.356141329499999992
5256590000	-0.214577074400000012	-0.356512528399999973
5256592000	-0.213607102699999996	-0.355199091500000008
5256594000	-0.213513475700000011	-0.354671612000000025
5256596000	-0.21228409379999999	-0.351027925000000018
5256598000	-0.214863159500000012	-0.353424190400000005
5256600000	-0.215746337600000004	-0.353008896299999986
5256602000	-0.216795685900000007	-0.352870219599999979
5256604000	-0.213504104	-0.351633620899999999
5256606000	-0.217505143600000006	-0.349477232600000021
5256608000	-0.216041988200000007	-0.350180299699999975
5256610000	-0.21632153970000001	-0.350457136800000013
5256612000	-0.216366840199999994	-0.349068277300000007
5256614000	-0.2178027877	-0.348889753099999977
5256616000	-0.217812383199999987	-0.350009952700000015
5256618000	-0.218289243900000013	-0.347446749700000002
5256620000	-0.218054592699999994	-0.348093239100000007
5256622000	-0.218352824000000001	-0.346946750500000012
5256624000	-0.219385107100000004	-0.346446205900000026
5256626000	-0.220312854199999991	-0.345487937099999975
5256628000	-0.219053663399999987	-0.347012739999999986
5256630000	-0.220335192000000013	-0.34683461069999999
5256632000	-0.221245971099999994	-0.347489989200000016
5256634000	-0.219958586799999994	-0.343994128200000027
5256636000	-0.220128409999999997	-0.343932716999999999
5256638000	-0.223440932300000006	-0.346051828900000025
5256640000	-0.223594884699999996	-0.341442955699999995
5256642000	-0.223058293600000013	-0.341370573999999982
5256644000	-0.220813773699999993	-0.342874639400000014
5256646000	-0.223292144400000003	-0.341829904600000012
5256648000	-0.225053720900000004	-0.342996683000000024
5256650000	-0.222859336299999988	-0.341572289099999982
5256652000	-0.22534201579999999	-0.340956040000000016
5256654000	-0.223957893099999999	-0.340586670300000005
5256656000	-0.225477819699999998	-0.340476492100000028
5256658000	-0.224638619900000003	-0.337514385500000014
5256660000	-0.227458794299999989	-0.339704512199999975
5256662000	-0.226125632500000007	-0.339123474599999974
5256664000	-0.228537269099999996	-0.338245287100000014
5256666000	-0.227859736499999993	-0.338368408899999973
5256668000	-0.228262226600000007	-0.33663314430000002
5256670000	-0.226958111699999993	-0.33481160510000002
5256672000	-0.22860705240000001	-0.335857305599999989
5256674000	-0.226882234099999996	-0.33533158289999998
5256676000	-0.22927459959999999	-0.335414247399999976
5256678000	-0.23150102580000001	-0.333409955099999988
5256680000	-0.231089819899999993	-0.332815471899999993
5256682000	-0.229320013600000011	-0.331782807800000024
5256684000	-0.231521108199999992	-0.332228973900000002
5256686000	-0.231700540900000002	-0.333576218899999999
5256688000	-0.23164276419999999	-0.329525432999999979
5256690000	-0.231911860500000011	-0.331246532199999999
5256692000	-0.232475709199999991	-0.330321754099999976
5256694000	-0.2333726827	-0.329102685900000025
5256696000	-0.231646477999999989	-0.328471357100000028
5256698000	-0.231482104299999991	-0.32721318399999999
5256700000	-0.2325606063	-0.327361020900000022
5256702000	-0.234374223699999995	-0.327183924700000017
5256704000	-0.235455141700000009	-0.325296548600000013
5256706000	-0.234368257599999991	-0.327077616199999976
5256708000	-0.234431956299999994	-0.326011339000000011
5256710000	-0.235216649899999991	-0.325191222999999974
5256712000	-0.235757481500000005	-0.323541966999999986
5256714000	-0.235420061399999991	-0.323867579000000017
5256716000	-0.236072632100000013	-0.323210102200000016
5256718000	-0.238062906699999993	-0.322110024100000003
5256720000	-0.237088543200000001	-0.320796026899999975
5256722000	-0.235622597299999986	-0.321987412500000014
5256724000	-0.237095815300000012	-0.317773611399999989
5256726000	-0.237704688100000006	-0.317702590200000023
5256728000	-0.238379708200000012	-0.317942241999999986
5256730000	-0.2393756826	-0.317336714299999989
5256732000	-0.236600873500000003	-0.315260335900000022
5256734000	-0.237558129199999996	-0.316394414700000015
5256736000	-0.240386199500000008	-0.314410859499999973
5256738000	-0.23930985669999999	-0.312263356900000011
5256740000	-0.242349363799999995	-0.312837875099999996
5256742000	-0.239208533000000001	-0.313410695600000011
5256744000	-0.242752852200000008	-0.313129263499999977
5256746000	-0.242184387599999995	-0.312067268100000017
5256748000	-0.240675298799999993	-0.311611333300000015
5256750000	-0.242610934400000006	-0.310202310300000006
5256752000	-0.241258523800000013	-0.309785884499999997
5256754000	-0.242138921899999998	-0.30948517120000002
5256756000	-0.244191984100000009	-0.307443460999999973
5256758000	-0.242889449199999996	-0.306140341500000024
5256760000	-0.24343729380000001	-0.305933541600000025
5256762000	-0.24322833029999999	-0.305024320100000024
5256764000	-0.246187794900000007	-0.306066173399999975
5256766000	-0.244367623199999995	-0.304348798600000026
5256768000	-0.245276776199999991	-0.303672499900000004
5256770000	-0.245336027099999993	-0.302294332499999985
5256772000	-0.243961040299999987	-0.301548432799999988
5256774000	-0.246650456500000004	-0.301972128999999978
5256776000	-0.246531861699999993	-0.298703076700000014
5256778000	-0.247429743300000005	-0.298657280999999997
5256780000	-0.247496341499999994	-0.298934950699999979
5256782000	-0.248091800800000012	-0.297548001600000001
5256784000	-0.247837636899999991	-0.297326463699999988
5256786000	-0.246983830500000001	-0.297689569799999998
5256788000	-0.2455712491	-0.291974538399999983
5256790000	-0.250349449499999988	-0.294967119399999977
5256792000	-0.248695982399999987	-0.291049620499999995
5256794000	-0.248987218099999991	-0.291240681599999995
5256796000	-0.250503836199999996	-0.29019112079999998
5256798000	-0.249241543799999993	-0.289673508299999993
5256800000	-0.249551282699999988	-0.289065841099999998
5256802000	-0.248268910399999987	-0.287375305700000028
5256804000	-0.251496027899999974	-0.286406849999999991
5256806000	-0.251137898799999981	-0.285941767100000022
5256808000	-0.251925651400000006	-0.282782571500000024
5256810000	-0.253573333299999981	-0.283298943700000028
5256812000	-0.251617491299999996	-0.283163565700000008
5256814000	-0.251390217199999988	-0.28126715120000001
5256816000	-0.253298284500000026	-0.281787020700000002
5256818000	-0.252885434399999998	-0.281367485500000014
5256820000	-0.254602145700000004	-0.279055780199999992
5256822000	-0.252750291100000024	-0.278924939900000002
5256824000	-0.254730524000000014	-0.276398110199999991
5256826000	-0.251435194400000006	-0.275145672299999977
5256828000	-0.253091842199999972	-0.274569377700000006
5256830000	-0.253342659999999997	-0.274154466200000002
5256832000	-0.256135441799999974	-0.272743381600000001
5256834000	-0.255441223499999981	-0.270981136399999989
5256836000	-0.25694660359999999	-0.271688815299999997
5256838000	-0.255033344100000003	-0.268802200099999999
5256840000	-0.254509760099999982	-0.266194169099999989
5256842000	-0.256357367000000003	-0.264993723100000023
5256844000	-0.256120421099999995	-0.266431121499999979
5256846000	-0.256675745700000013	-0.26385920169999999
5256848000	-0.255869448399999977	-0.265568529100000006
5256850000	-0.25394135579999999	-0.261671850900000003
5256852000	-0.255066626799999974	-0.259826169499999982
5256854000	-0.254936161300000019	-0.260624492500000027
5256856000	-0.25735557349999999	-0.256690874000000013
5256858000	-0.253506377200000022	-0.256651056799999999
5256860000	-0.257269234700000016	-0.253171914100000006
5256862000	-0.25623361389999999	-0.253233528200000002
5256864000	-0.254670166400000009	-0.252219234800000025
5256866000	-0.256952665099999977	-0.251247301699999981
5256868000	-0.256955650300000005	-0.249339755699999999
5256870000	-0.255954373899999976	-0.2473349782
5256872000	-0.256892679700000015	-0.247871043099999994
5256874000	-0.255396778300000016	-0.244465744499999998
5256876000	-0.256836485999999975	-0.243361548799999994
5256878000	-0.257788672900000015	-0.244762515799999997
5256880000	-0.255196000400000012	-0.240867393499999999
5256882000	-0.256177031100000008	-0.236227540200000002
5256884000	-0.257547437400000023	-0.237402913599999987
5256886000	-0.257832934100000022	-0.236714593800000012
5256888000	-0.257675155200000006	-0.233234833700000005
5256890000	-0.255596260199999981	-0.233013355199999994
5256892000	-0.255591632700000015	-0.2332680221
5256894000	-0.256202207700000018	-0.229555500699999998
5256896000	-0.255401497300000002	-0.228426466900000014
5256898000	-0.253399702200000021	-0.228084598999999999
5256900000	-0.254801166999999995	-0.224204180000000003
5256902000	-0.255222195900000004	-0.224507113400000013
5256904000	-0.254002802299999997	-0.221641483800000011
5256906000	-0.254977261999999982	-0.221129711400000012
5256908000	-0.254596009499999998	-0.218210529900000005
5256910000	-0.253170025799999976	-0.215986068100000012
5256912000	-0.255055833999999981	-0.215478706900000011
5256914000	-0.254822506999999976	-0.214884533500000002
5256916000	-0.252711948999999991	-0.214204375000000002
5256918000	-0.251683128400000011	-0.208733485699999999
5256920000	-0.251838193599999982	-0.210820559200000007
5256922000	-0.252655148100000004	-0.207459824399999992
5256924000	-0.251015343300000027	-0.203978752000000013
5256926000	-0.247842945399999987	-0.202175872400000012
5256928000	-0.251347607600000023	-0.201356247900000007
5256930000	-0.248729700199999987	-0.197383362099999987
5256932000	-0.250460253999999993	-0.196561456100000004
5256934000	-0.249104172200000001	-0.196387899700000007
5256936000	-0.246992665	-0.193238919700000011
5256938000	-0.247570416399999993	-0.191248335299999989
5256940000	-0.246122789000000008	-0.188401209600000008
5256942000	-0.245230599299999991	-0.186094979999999993
5256944000	-0.244986222599999998	-0.184247799200000006
5256946000	-0.241319928600000011	-0.183586407600000001
5256948000	-0.240642527599999989	-0.182078013399999988
5256950000	-0.241518762599999992	-0.179791056599999999
5256952000	-0.24069293759999999	-0.177893161500000008
5256954000	-0.237762657200000005	-0.174082692399999989
5256956000	-0.236193405200000012	-0.171402625700000005
5256958000	-0.235618886999999999	-0.170455228699999989
5256960000	-0.234228771400000008	-0.170737806699999994
5256962000	-0.233379144199999999	-0.165605151300000003
5256964000	-0.233444210799999996	-0.162900281799999991
5256966000	-0.229856106899999996	-0.162409855999999991
5256968000	-0.228394134100000007	-0.16042440320000001
5256970000	-0.229758398800000013	-0.158029550800000002
5256972000	-0.228166510900000008	-0.156719751099999999
5256974000	-0.22589356490000001	-0.1524465183
5256976000	-0.222801778300000003	-0.152134157200000009
5256978000	-0.2202256467	-0.147512211799999987
5256980000	-0.219932675699999997	-0.148015040799999997
5256982000	-0.219336225200000012	-0.144448726500000013
5256984000	-0.217831335099999995	-0.142980329600000011
5256986000	-0.216160843399999997	-0.142423291199999996
5256988000	-0.214714296700000001	-0.138065911000000013
5256990000	-0.209838781499999988	-0.137173594700000012
5256992000	-0.208253089499999988	-0.13489568360000001
5256994000	-0.204208706999999989	-0.133739522599999994
5256996000	-0.205059676899999987	-0.132603014999999991
5256998000	-0.201842228200000001	-0.127398853799999989
5257000000	-0.200934069999999992	-0.130384764600000008
5257002000	-0.196030622399999993	-0.125507816200000011
5257004000	-0.191356961200000009	-0.123312877500000001
5257006000	-0.191722472700000007	-0.120294989500000005
5257008000	-0.187335453600000007	-0.119065526199999994
5257010000	-0.186188015699999987	-0.118378882099999999
5257012000	-0.184948109599999994	-0.115794220399999995
5257014000	-0.178265944199999998	-0.114185669300000001
5257016000	-0.1766884118	-0.113073728400000004
5257018000	-0.174571594599999991	-0.112876789399999997
5257020000	-0.169530843300000011	-0.110695026399999993
5257022000	-0.168412623000000011	-0.109077881599999996
5257024000	-0.164716491699999995	-0.107800480300000001
5257026000	-0.161730031200000013	-0.106447893000000002
5257028000	-0.158123571399999996	-0.104649149600000005
5257030000	-0.152991679800000002	-0.104036954299999998
5257032000	-0.150017402500000008	-0.103378037300000003
5257034000	-0.147113735200000012	-0.100473897300000004
5257036000	-0.144385672500000006	-0.0991325604999999943
5257038000	-0.140214832799999994	-0.0995523247999999944
5257040000	-0.136749903400000011	-0.0996332541999999932
5257042000	-0.13312696160000001	-0.0962758425000000001
5257044000	-0.127846926299999997	-0.0969626856999999953
5257046000	-0.124143414800000004	-0.0958312919999999985
5257048000	-0.121175564400000005	-0.0970593109000000009
5257050000	-0.116946502199999997	-0.0964411042000000024
5257052000	-0.112942774499999996	-0.0946886591999999971
5257054000	-0.108315175200000002	-0.0951340891999999938
5257056000	-0.104639415200000002	-0.0953615009000000069
5257058000	-0.103405876499999994	-0.0966674121000000025
5257060000	-0.0973531418999999953	-0.0970171073999999967
5257062000	-0.092248030100000003	-0.0979353465000000062
5257064000	-0.0903636906000000045	-0.0978666034000000018
5257066000	-0.085122796700000003	-0.0984732499000000039
5257068000	-0.0807405741000000038	-0.0988577947999999956
5257070000	-0.0778133357999999942	-0.0998917364000000002
5257072000	-0.0746088810999999963	-0.100284834599999997
5257074000	-0.0689374024999999946	-0.1012969445
5257076000	-0.0656286253000000069	-0.101138275299999997
5257078000	-0.0611103259999999995	-0.102845230999999995
5257080000	-0.0608016188999999999	-0.1027625135
5257082000	-0.0541439394000000004	-0.107261848300000004
5257084000	-0.0491656710000000011	-0.108860417099999995
5257086000	-0.0469937481999999976	-0.109834210099999996
5257088000	-0.0421276396000000025	-0.110102479200000006
5257090000	-0.038312792800000002	-0.113332227499999993
5257092000	-0.0368384797000000028	-0.115254108800000005
5257094000	-0.0324148541000000012	-0.116947829500000003
5257096000	-0.0304296935999999983	-0.118527715199999994
5257098000	-0.0282979281999999992	-0.122206260499999997
5257100000	-0.0227352804999999998	-0.123256707199999996
5257102000	-0.0212978591000000002	-0.125824685699999994
5257104000	-0.0176863246000000009	-0.128847982400000005
5257106000	-0.0129812596999999991	-0.129422660500000009
5257108000	-0.0121152476999999998	-0.133042980100000013
5257110000	-0.00738717410000000029	-0.135042883499999988
5257112000	-0.00592226949999999971	-0.139069666300000006
5257114000	-0.0035790065000000002	-0.142103959400000007
5257116000	-0.00121533649999999997	-0.143376810699999996
5257118000	0.00137048940000000005	-0.1479261563
5257120000	0.00349431770000000006	-0.149026207500000007
5257122000	0.00704988010000000016	-0.153003171399999999
5257124000	0.00844096440000000059	-0.15702228700000001
5257126000	0.0119978332000000004	-0.161224527899999998
5257128000	0.0134420408000000009	-0.162237457899999993
5257130000	0.0154578866999999995	-0.164728471399999993
5257132000	0.0167288098999999989	-0.167177951699999994
5257134000	0.0200965770000000009	-0.172124082900000003
5257136000	0.0191442081999999986	-0.175587808900000003
5257138000	0.023201199799999999	-0.17877957450000001
5257140000	0.0252740408000000014	-0.181240939299999987
5257142000	0.0259055891999999989	-0.183815508099999997
5257144000	0.0257797037	-0.18604754670000001
5257146000	0.0267061671000000007	-0.189840497899999988
5257148000	0.0300777682999999983	-0.194821491499999999
5257150000	0.0306920278000000005	-0.197871570999999996
5257152000	0.0314696699999999982	-0.198009483399999991
5257154000	0.0316282986000000002	-0.201356236699999996
5257156000	0.0337695122999999986	-0.206913863799999986
5257158000	0.0328929074999999987	-0.2083362557
5257160000	0.0342157079999999975	-0.213452267100000009
5257162000	0.0364019703000000028	-0.216856607499999993
5257164000	0.0359420609999999974	-0.218628738500000003
5257166000	0.0368735481000000004	-0.220633810600000008
5257168000	0.0359722518000000005	-0.225869527200000003
5257170000	0.0355271810999999993	-0.227870562100000007
5257172000	0.0371847603000000013	-0.230102359799999989
5257174000	0.037846407399999997	-0.234893695799999996
5257176000	0.0394652824000000027	-0.236853865999999996
5257178000	0.0379261649000000034	-0.240768433599999998
5257180000	0.0392587856999999998	-0.244387646399999992
5257182000	0.0394433539999999999	-0.24586548359999999
5257184000	0.0384979791000000029	-0.250343726499999975
5257186000	0.0371156457999999995	-0.253383989500000018
5257188000	0.0370985273999999976	-0.254854779600000025
5257190000	0.0360783647999999985	-0.257957750400000019
5257192000	0.0368152401000000004	-0.259295619199999994
5257194000	0.0375406874000000015	-0.2624432498
5257196000	0.0358538705000000027	-0.267134436699999978
5257198000	0.0356164813999999968	-0.268357085399999973
5257200000	0.0330566646000000006	-0.269201669199999993
5257202000	0.0349664630999999976	-0.272295121400000006
5257204000	0.0337165416999999981	-0.275385909900000003
5257206000	0.0334831351999999999	-0.27955356269999998
5257208000	0.0327375525000000028	-0.281843669399999996
5257210000	0.0303753720000000012	-0.284046484099999996
5257212000	0.0322633422000000031	-0.287737123900000002
5257214000	0.0296795444999999984	-0.289306290899999985
5257216000	0.0300879652999999983	-0.291667721200000007
5257218000	0.0290035239000000014	-0.293396466700000025
5257220000	0.0288184829999999989	-0.295451538899999977
5257222000	0.0262166203	-0.297505742299999987
5257224000	0.0260918613999999993	-0.298687556899999984
5257226000	0.0235110079999999999	-0.299322284699999996
5257228000	0.0254796514000000009	-0.30447504860000002
5257230000	0.0230077410000000017	-0.307431538599999998
5257232000	0.0221047546999999997	-0.307553852399999994
5257234000	0.0180780770000000014	-0.311251095099999986
5257236000	0.0212770874999999998	-0.311190385399999991
5257238000	0.0187151891999999993	-0.314319315400000021
5257240000	0.0157842984999999984	-0.316647632999999984
5257242000	0.0164318838000000016	-0.319259668399999974
5257244000	0.0156282919000000006	-0.31880232959999999
5257246000	0.0156702880999999988	-0.32213345710000002
5257248000	0.0123279141999999998	-0.32017305439999999
5257250000	0.0121882000999999993	-0.324430696500000004
5257252000	0.0117930950999999996	-0.326174592500000027
5257254000	0.0110242320000000001	-0.327371111800000003
5257256000	0.00882094339999999963	-0.3296258829
5257258000	0.00867436149999999996	-0.332943349499999985
5257260000	0.0070867949999999999	-0.330874810399999997
5257262000	0.00368899390000000009	-0.334498279000000009
5257264000	0.0036496711999999998	-0.336885414400000027
5257266000	0.00334707319999999996	-0.338649752400000004
5257268000	0.00175238960000000002	-0.338393877999999981
5257270000	0.000223290799999999987	-0.341290168900000024
5257272000	0.000350906099999999984	-0.342955696099999985
5257274000	-0.0012939112999999999	-0.34381821899999998
5257276000	-0.00315264450000000019	-0.342972070000000018
5257278000	-0.00504417479999999963	-0.349721346900000007
5257280000	-0.0054966145999999997	-0.347973935800000023
5257282000	-0.00614058039999999979	-0.34925184469999998
5257284000	-0.00869863579999999997	-0.350774679400000011
5257286000	-0.00831814760000000077	-0.350701946200000003
5257288000	-0.0105942905000000007	-0.352511806699999986
5257290000	-0.0104737844999999996	-0.35365165110000002
5257292000	-0.0158068251000000014	-0.355583311899999976
5257294000	-0.0150854345999999993	-0.3564336528
5257296000	-0.0136480023999999995	-0.358467227900000018
5257298000	-0.0182454384000000011	-0.358265026300000011
5257300000	-0.0175142435999999999	-0.359865646500000025
5257302000	-0.0194608286999999984	-0.359073978000000016
5257304000	-0.0205211042999999989	-0.361103518899999976
5257306000	-0.0224958549999999986	-0.360733780000000004
5257308000	-0.0222762719999999997	-0.363561267600000015
5257310000	-0.0267448267999999996	-0.363414579800000026
5257312000	-0.0251938335999999999	-0.365042851200000018
5257314000	-0.0272372438000000015	-0.365145044099999982
5257316000	-0.0285225435999999985	-0.366225440199999974
5257318000	-0.0278267386000000012	-0.368134182899999995
5257320000	-0.0303860021000000001	-0.368973920499999997
5257322000	-0.0313770926999999977	-0.368923826800000021
5257324000	-0.0342350942999999977	-0.372155992699999993
5257326000	-0.035024411200000001	-0.372272370299999988
5257328000	-0.0357213584000000001	-0.371236188299999992
5257330000	-0.0380162432000000008	-0.372235434099999984
5257332000	-0.0382409444999999987	-0.373708395400000004
5257334000	-0.0410952555999999983	-0.375167696900000014
5257336000	-0.0401003222000000034	-0.37481658000000001
5257338000	-0.0411917587999999987	-0.375580563699999981
5257340000	-0.0416076959999999996	-0.377517866500000021
5257342000	-0.0427328406999999966	-0.375110789800000011
5257344000	-0.0436881802999999971	-0.378225709099999974
5257346000	-0.0456653808000000022	-0.380111707899999984
5257348000	-0.0477905455999999979	-0.377404957900000004
5257350000	-0.0484590825000000003	-0.378418128399999998
5257352000	-0.0499101804999999982	-0.380983165000000013
5257354000	-0.053637312999999999	-0.380343955600000005
5257356000	-0.0520915726999999981	-0.37958197669999999
5257358000	-0.0537806784999999982	-0.381939014099999974
5257360000	-0.0532464349000000003	-0.381072090600000024
5257362000	-0.0531975728000000023	-0.379523999399999978
5257364000	-0.056826032999999998	-0.382629480899999985
5257366000	-0.0588810776999999994	-0.382123616499999985
5257368000	-0.0581443367000000003	-0.382145873700000027
5257370000	-0.0607974328000000022	-0.38435661929999998
5257372000	-0.0568207226999999995	-0.383793018699999988
5257374000	-0.062096901000000003	-0.383938224900000014
5257376000	-0.0602207593999999971	-0.385075564400000014
5257378000	-0.0639098644999999965	-0.38481310660000001
5257380000	-0.0655597284999999974	-0.385260405799999983
5257382000	-0.0644688655999999943	-0.387321244000000009
5257384000	-0.0667581017999999971	-0.385709406199999993
5257386000	-0.0670772112999999948	-0.387703626999999995
5257388000	-0.0696760238999999948	-0.387144546599999972
5257390000	-0.0718511948999999983	-0.388168104899999977
5257392000	-0.0698363005999999981	-0.386431277799999973
5257394000	-0.0710307369999999966	-0.387271497299999989
5257396000	-0.0711005742000000024	-0.387419365500000001
5257398000	-0.0760106378000000027	-0.390160820000000019
5257400000	-0.0771084692000000016	-0.390509084100000015
5257402000	-0.0757144344999999969	-0.390605254299999982
5257404000	-0.0783320853000000067	-0.388646862799999993
5257406000	-0.0769861121999999981	-0.391733291799999994
5257408000	-0.0814608121000000018	-0.39115690409999998
5257410000	-0.0815739129000000035	-0.390607299000000019
5257412000	-0.0813034948000000007	-0.393255751599999981
5257414000	-0.0823206249999999945	-0.391585010600000005
5257416000	-0.0828464274000000056	-0.390233127100000021
5257418000	-0.0838433211000000067	-0.390167895900000006
5257420000	-0.0863217456999999938	-0.391342242399999984
5257422000	-0.0861874937000000063	-0.389913873899999985
5257424000	-0.0865762328999999942	-0.394432242900000007
5257426000	-0.0883239928999999951	-0.392000499499999988
5257428000	-0.0879196203000000009	-0.391183478699999976
5257430000	-0.0887692820999999993	-0.392551227599999997
5257432000	-0.0900529536999999936	-0.39222904489999999
5257434000	-0.0906725847999999973	-0.391968572000000015
5257436000	-0.0931741153999999933	-0.393973720500000013
5257438000	-0.0955495680000000014	-0.395448761300000007
5257440000	-0.0941444443000000047	-0.393340321499999979
5257442000	-0.0950481033000000058	-0.394107910200000022
5257444000	-0.0961573034999999993	-0.393336477500000004
5257446000	-0.0951547130999999963	-0.394212814000000022
5257448000	-0.0958111274999999957	-0.392968870400000003
5257450000	-0.0999314154999999954	-0.393146449700000011
5257452000	-0.0994989654000000001	-0.394439276900000024
5257454000	-0.100504707900000004	-0.394057471499999978
5257456000	-0.100153713800000002	-0.395343719500000024
5257458000	-0.101753704	-0.394965881899999982
5257460000	-0.102073791600000005	-0.393956262300000026
5257462000	-0.102594734000000007	-0.394925904100000003
5257464000	-0.105769319599999995	-0.394547925600000016
5257466000	-0.105144120699999996	-0.395069822999999987
5257468000	-0.105021684000000004	-0.396104790699999987
5257470000	-0.107334835000000003	-0.39595678099999998
5257472000	-0.1085205209	-0.393293772500000027
5257474000	-0.107461451900000005	-0.394890979799999986
5257476000	-0.108330911299999999	-0.394414582199999975
5257478000	-0.109354226900000004	-0.395245965600000027
5257480000	-0.108683416500000005	-0.396007769100000018
5257482000	-0.1109558987	-0.395487829000000013
5257484000	-0.111951971400000003	-0.394776045299999989
5257486000	-0.113038733000000002	-0.395778622600000018
5257488000	-0.114078587699999998	-0.395598414600000003
5257490000	-0.114207758699999995	-0.395316546200000007
5257492000	-0.114503302500000001	-0.396362594600000007
5257494000	-0.116944694700000004	-0.396029787899999985
5257496000	-0.118424803999999995	-0.396239327400000008
5257498000	-0.118064130500000003	-0.3984721336
5257500000	-0.117191025800000001	-0.397011380299999994
5257502000	-0.120357890999999995	-0.396125727300000008
5257504000	-0.117532749800000003	-0.395225724800000011
5257506000	-0.120233443199999998	-0.396377387999999997
5257508000	-0.123022341399999999	-0.399252212699999998
5257510000	-0.121197840000000001	-0.397129203799999997
5257512000	-0.123817482800000003	-0.396325310699999989
5257514000	-0.124237605799999998	-0.396569872499999976
5257516000	-0.124830678799999997	-0.397307945399999973
5257518000	-0.125135472299999995	-0.394495458799999976
5257520000	-0.125653710499999988	-0.39761451980000001
5257522000	-0.127151477200000002	-0.397530521999999997
5257524000	-0.126812803700000004	-0.399476134099999991
5257526000	-0.127765863199999996	-0.395939996000000016
5257528000	-0.128435647300000011	-0.397548712500000012
5257530000	-0.130235327099999992	-0.396501292299999974
5257532000	-0.130350480500000004	-0.397087050100000005
5257534000	-0.130158772799999989	-0.39472124209999998
5257536000	-0.129424618399999997	-0.39561730610000001
5257538000	-0.130191517300000004	-0.395156632900000027
5257540000	-0.135625018699999988	-0.395112463299999994
5257542000	-0.133872776700000001	-0.395979899999999996
5257544000	-0.134859996199999999	-0.395670753699999989
5257546000	-0.135846258500000011	-0.393802700900000024
5257548000	-0.134800773000000013	-0.396897406499999994
5257550000	-0.136342700700000014	-0.3958067589
5257552000	-0.135171950000000013	-0.395412085099999977
5257554000	-0.136574588200000013	-0.395672044599999995
5257556000	-0.137996594199999989	-0.396121367900000021
5257558000	-0.140560332600000004	-0.394184892499999995
5257560000	-0.138675355899999991	-0.395881474000000011
5257562000	-0.139747091299999987	-0.394809596799999996
5257564000	-0.138247712100000003	-0.394625795999999973
5257566000	-0.141677939599999997	-0.395792553300000016
5257568000	-0.140742576899999999	-0.394714929800000003
5257570000	-0.139142286899999995	-0.395073489200000016
5257572000	-0.14391776810000001	-0.39413366620000001
5257574000	-0.143376139000000014	-0.395526589099999992
5257576000	-0.143717918500000014	-0.395015157399999983
5257578000	-0.145694021700000009	-0.3926332877
5257580000	-0.144560506100000014	-0.395155984700000018
5257582000	-0.145618995700000003	-0.395882583800000021
5257584000	-0.147011749100000005	-0.393464489899999992
5257586000	-0.144016748	-0.396739068899999991
5257588000	-0.148715137999999997	-0.395134869700000002
5257590000	-0.149358461800000009	-0.395756679200000017
5257592000	-0.148321281999999999	-0.393888725499999981
5257594000	-0.150130568699999994	-0.394443149800000004
5257596000	-0.150821862400000006	-0.39422286849999999
5257598000	-0.150348058300000004	-0.396440178699999979
5257600000	-0.151808521499999988	-0.39375045860000002
5257602000	-0.151137226600000008	-0.394284230000000013
5257604000	-0.149906879599999987	-0.394858695799999992
5257606000	-0.152044925999999997	-0.394262921599999983
5257608000	-0.15267908320000001	-0.393463188399999997
5257610000	-0.153944000500000011	-0.392262675800000016
5257612000	-0.154644982600000008	-0.392417266499999973
5257614000	-0.155665586500000008	-0.39337395650000001
5257616000	-0.155224950299999997	-0.392275364000000015
5257618000	-0.156454731799999996	-0.396068867800000002
5257620000	-0.15564070390000001	-0.394274292000000026
5257622000	-0.159230189800000005	-0.393968887200000006
5257624000	-0.156702395299999991	-0.392102759999999995
5257626000	-0.15912242439999999	-0.393570848400000006
5257628000	-0.157790719699999998	-0.394178095499999992
5257630000	-0.159444389900000011	-0.392364677399999973
5257632000	-0.159890771500000001	-0.391838118199999974
5257634000	-0.160867324499999992	-0.393880726100000023
5257636000	-0.159700494100000007	-0.392236109499999985
5257638000	-0.160774757800000001	-0.391800502200000011
5257640000	-0.160915304499999995	-0.391735934499999994
5257642000	-0.163150115600000006	-0.392183791100000012
5257644000	-0.163849318699999996	-0.389585577199999977
5257646000	-0.163485667800000012	-0.390904083600000007
5257648000	-0.165145791399999992	-0.391618655599999976
5257650000	-0.163889457399999994	-0.390951030899999996
5257652000	-0.1641774711	-0.392370998699999973
5257654000	-0.165115869700000001	-0.391473763099999983
5257656000	-0.166179460700000003	-0.391383849700000008
5257658000	-0.167780056099999991	-0.391186875099999998
5257660000	-0.165856818099999997	-0.389507735500000007
5257662000	-0.166996699700000001	-0.392507140699999979
5257664000	-0.166931658700000013	-0.391038610399999986
5257666000	-0.166258358599999989	-0.389124595299999987
5257668000	-0.169634610200000008	-0.389831307000000016
5257670000	-0.169212857299999991	-0.390698018300000005
5257672000	-0.169184617499999995	-0.389466142199999976
5257674000	-0.169690177299999995	-0.392438260900000002
5257676000	-0.170504657599999998	-0.38815923699999999
5257678000	-0.172149610199999997	-0.388657537599999992
5257680000	-0.172712373800000013	-0.390721587300000006
5257682000	-0.173776588300000007	-0.388419656599999996
5257684000	-0.171426966900000005	-0.3926190866
5257686000	-0.172554047999999988	-0.387613994799999972
5257688000	-0.17305785139999999	-0.390097646600000014
5257690000	-0.173456801699999996	-0.389746872199999983
5257692000	-0.174181511300000008	-0.389507540699999988
5257694000	-0.175520474399999987	-0.391091933000000003
5257696000	-0.175574018500000012	-0.389948128100000013
5257698000	-0.178043786600000004	-0.388286315699999995
5257700000	-0.176098811699999996	-0.387252466500000003
5257702000	-0.177003821099999986	-0.391377194099999992
5257704000	-0.17858483289999999	-0.390080200799999999
5257706000	-0.179044837200000001	-0.387032291400000006
5257708000	-0.179396500799999997	-0.387433868000000015
5257710000	-0.177817896599999997	-0.388830931099999999
5257712000	-0.177868202899999994	-0.387310898399999992
5257714000	-0.180633070700000009	-0.385945021399999977
5257716000	-0.181355384400000014	-0.389217382499999986
5257718000	-0.180044240999999994	-0.388545756899999983
5257720000	-0.182062033600000006	-0.387413969000000025
5257722000	-0.177539568300000006	-0.388434656699999992
5257724000	-0.183260095699999986	-0.386479626099999973
5257726000	-0.182976458199999997	-0.386230978100000011
5257728000	-0.181099946399999989	-0.385327025400000023
5257730000	-0.183949297600000006	-0.386672870700000004
5257732000	-0.18379194430000001	-0.386641108600000005
5257734000	-0.183460615699999996	-0.385993265400000007
5257736000	-0.183741231100000013	-0.386979924099999983
5257738000	-0.183781404799999992	-0.387381839800000016
5257740000	-0.186150454999999992	-0.384394396299999996
5257742000	-0.184861109699999998	-0.386576880499999997
5257744000	-0.186103045100000003	-0.386017676300000001
5257746000	-0.187355077399999986	-0.384954518799999978
5257748000	-0.1882393812	-0.38626621849999998
5257750000	-0.18380854029999999	-0.385826195199999999
5257752000	-0.187084214100000007	-0.384970576700000011
5257754000	-0.185559526599999997	-0.385704677200000012
5257756000	-0.186981629199999999	-0.386350132000000013
5257758000	-0.189073945100000002	-0.385628966999999989
5257760000	-0.188645612399999996	-0.384900479100000026
5257762000	-0.189409322999999991	-0.384788142
5257764000	-0.18798585000000001	-0.383942248400000019
5257766000	-0.191433637099999998	-0.382663748299999995
5257768000	-0.190135597299999987	-0.383523411099999989
5257770000	-0.190257485599999998	-0.384542832000000001
5257772000	-0.193086990799999997	-0.384962887199999992
5257774000	-0.193523259599999997	-0.383463164500000009
5257776000	-0.191333275200000014	-0.384556330499999988
5257778000	-0.193757749199999996	-0.383952484199999999
5257780000	-0.193606446900000007	-0.383271583699999974
5257782000	-0.191684255100000006	-0.383451176000000005
5257784000	-0.192716413000000003	-0.383613086900000011
5257786000	-0.196690796299999998	-0.381409539199999981
5257788000	-0.194580713300000013	-0.384686247099999989
5257790000	-0.194575438099999998	-0.381989640899999983
5257792000	-0.194542418299999992	-0.382771813500000002
5257794000	-0.194916768800000001	-0.382372525299999988
5257796000	-0.194101913500000001	-0.381454196400000001
5257798000	-0.194476745199999995	-0.382092552600000024
5257800000	-0.196201014199999996	-0.381672931599999987
5257802000	-0.198529918199999988	-0.379198618499999973
5257804000	-0.198769505699999988	-0.379905319299999988
5257806000	-0.198638880900000009	-0.3801154162
5257808000	-0.198010657600000001	-0.381711891299999995
5257810000	-0.201137139800000003	-0.382808626699999988
5257812000	-0.200529062499999994	-0.380520105800000008
5257814000	-0.202107961499999988	-0.378998389599999985
5257816000	-0.200812443000000007	-0.38022431299999998
5257818000	-0.200321195000000007	-0.38120483970000002
5257820000	-0.199778816999999997	-0.380559826099999998
5257822000	-0.200245794000000005	-0.379660068799999972
5257824000	-0.201697889600000013	-0.377898043500000003
5257826000	-0.202166262000000013	-0.379497046000000005
5257828000	-0.202452261599999989	-0.3789738312
5257830000	-0.202255904200000003	-0.377881814799999993
5257832000	-0.203558295899999991	-0.379656081199999995
5257834000	-0.204752614700000002	-0.378588934499999974
5257836000	-0.200793242900000002	-0.380318524099999999
5257838000	-0.2069796468	-0.377885851900000014
5257840000	-0.204909077599999989	-0.379737981999999974
5257842000	-0.2062024566	-0.379308048700000011
5257844000	-0.205523549400000005	-0.377143417500000022
5257846000	-0.206348069899999986	-0.378664204599999998
5257848000	-0.204083136199999987	-0.377355580600000018
5257850000	-0.207441029100000007	-0.376863524200000022
5257852000	-0.206981290200000001	-0.378579894099999981
5257854000	-0.206427644999999993	-0.377014863099999986
5257856000	-0.207742093200000005	-0.376934666899999993
5257858000	-0.209214860700000005	-0.377044208800000002
5257860000	-0.208175875799999993	-0.375579655700000015
5257862000	-0.209664921100000012	-0.377732844700000014
5257864000	-0.209521948499999999	-0.37586389349999999
5257866000	-0.207820590599999994	-0.376113269500000014
5257868000	-0.208562450499999996	-0.378654974199999994
5257870000	-0.212378292299999993	-0.375917742900000018
5257872000	-0.208773970199999992	-0.376939210299999994
5257874000	-0.210234303700000014	-0.375386828800000016
5257876000	-0.211348154300000007	-0.374934780600000017
5257878000	-0.212060762099999994	-0.376497567799999988
5257880000	-0.211465313200000005	-0.375717738400000001
5257882000	-0.211691176499999995	-0.374729044499999997
5257884000	-0.212822372199999998	-0.374030596599999987
5257886000	-0.211507626700000007	-0.376187006900000009
5257888000	-0.21372728299999999	-0.374380782199999984
5257890000	-0.213301005099999996	-0.373958146599999985
5257892000	-0.215162887800000008	-0.373811818799999973
5257894000	-0.213375517699999989	-0.374524533699999995
5257896000	-0.214572723100000001	-0.373928293899999986
5257898000	-0.215099437799999987	-0.373860275199999981
5257900000	-0.213679192399999995	-0.374994802000000016
5257902000	-0.215377347999999996	-0.373138855800000002
5257904000	-0.214917599699999989	-0.371312367199999993
5257906000	-0.218529978900000005	-0.372032287700000019
5257908000	-0.21654787410000001	-0.373764704299999972
5257910000	-0.216450442200000009	-0.371942967100000021
5257912000	-0.216023457299999999	-0.374530426199999988
5257914000	-0.218698151400000013	-0.373318215499999995
5257916000	-0.216453494400000002	-0.375239056000000015
5257918000	-0.216834491900000009	-0.372048345200000019
5257920000	-0.218186537399999991	-0.37110743060000001
5257922000	-0.218861478899999989	-0.372190908499999973
5257924000	-0.2175835042	-0.370932382100000013
5257926000	-0.219694346900000004	-0.370278268799999977
5257928000	-0.219696933799999994	-0.372110999599999992
5257930000	-0.218717558000000006	-0.369754222500000007
5257932000	-0.218841804700000003	-0.371481391800000005
5257934000	-0.219574762600000001	-0.370946476199999986
5257936000	-0.221664800200000012	-0.371981857400000004
5257938000	-0.220418483400000004	-0.371691244199999993
5257940000	-0.221147863800000011	-0.370237186800000007
5257942000	-0.223178845099999995	-0.370917435899999981
5257944000	-0.22194209740000001	-0.370374209600000004
5257946000	-0.220116599100000004	-0.369506402700000014
5257948000	-0.222290540499999995	-0.371361319700000025
5257950000	-0.222784687199999998	-0.37169816080000001
5257952000	-0.225011234000000004	-0.371046490999999978
5257954000	-0.224265321299999987	-0.369434493400000008
5257956000	-0.223825535800000003	-0.369373356400000019
5257958000	-0.225405642699999992	-0.369760982299999985
5257960000	-0.224548329600000013	-0.367201723400000013
5257962000	-0.222751089200000002	-0.366155391699999999
5257964000	-0.225633834199999994	-0.369653018700000002
5257966000	-0.225031711800000006	-0.367036871300000012
5257968000	-0.225115780900000007	-0.366481963099999974
5257970000	-0.227676511299999995	-0.367781290099999991
5257972000	-0.225597871000000005	-0.36832677250000001
5257974000	-0.22613355730000001	-0.367297548400000007
5257976000	-0.226907629299999997	-0.366945382699999989
5257978000	-0.226934625000000001	-0.366874684399999984
5257980000	-0.228790753499999999	-0.368727158399999977
5257982000	-0.2263921656	-0.368083726900000019
5257984000	-0.227097265399999998	-0.366950043399999981
5257986000	-0.227445916199999987	-0.36793072830000001
5257988000	-0.229301538700000002	-0.36635993109999998
5257990000	-0.228724364900000005	-0.366342597599999986
5257992000	-0.230599619400000011	-0.367167781099999979
5257994000	-0.228554309600000005	-0.366422707800000025
5257996000	-0.229520935300000006	-0.366766987599999983
5257998000	-0.232036471100000002	-0.365343666600000005
5258000000	-0.229051667200000003	-0.364941029600000022
5258002000	-0.23068976590000001	-0.367339480800000007
5258004000	-0.2328251774	-0.365234412299999978
5258006000	-0.231688560799999999	-0.366256845200000014
5258008000	-0.231886339800000008	-0.364607570800000003
5258010000	-0.233073384699999997	-0.364969805099999989
5258012000	-0.23128218510000001	-0.365205464099999988
5258014000	-0.232703626800000007	-0.364284003899999986
5258016000	-0.235074168100000008	-0.361660449900000014
5258018000	-0.233417656700000004	-0.364221872800000013
5258020000	-0.233071194300000006	-0.365225296699999979
5258022000	-0.234764965599999986	-0.363183017699999999
5258024000	-0.235311742299999987	-0.364105255000000017
5258026000	-0.233985488800000002	-0.364428684800000013
5258028000	-0.233103871399999996	-0.365720890799999976
5258030000	-0.233704289000000009	-0.361887353600000017
5258032000	-0.236519357399999991	-0.362955708599999982
5258034000	-0.235736105599999995	-0.3623357351
5258036000	-0.236021222899999994	-0.362808041000000026
5258038000	-0.237074973900000013	-0.361870349300000005
5258040000	-0.236286123900000006	-0.362652572399999984
5258042000	-0.235977795500000004	-0.361078873199999983
5258044000	-0.238122796100000006	-0.361006730599999992
5258046000	-0.23619193229999999	-0.362356036499999978
5258048000	-0.23791493150000001	-0.363337875600000026
5258050000	-0.237532496499999995	-0.36339901790000001
5258052000	-0.237831353999999995	-0.362609805600000001
5258054000	-0.240152919699999995	-0.359789130899999976
5258056000	-0.236914667899999987	-0.361747090300000018
5258058000	-0.240233792700000004	-0.361094834400000009
5258060000	-0.239808369999999993	-0.362994083600000017
5258062000	-0.240281957600000012	-0.360893279899999975
5258064000	-0.240562623799999986	-0.360002506300000025
5258066000	-0.239883587300000006	-0.358822983200000001
5258068000	-0.242686400800000007	-0.359221417900000006
5258070000	-0.2398976414	-0.360245968199999989
5258072000	-0.241366778400000009	-0.359816968700000017
5258074000	-0.241543945799999993	-0.359241400400000022
5258076000	-0.241719224399999988	-0.35915466330000001
5258078000	-0.243060695100000002	-0.359642191399999978
5258080000	-0.243018570299999986	-0.358221672599999985
5258082000	-0.243137982499999988	-0.358509711100000017
5258084000	-0.242368269500000011	-0.358940887099999995
5258086000	-0.241566058	-0.360141857100000018
5258088000	-0.244237427099999987	-0.359458109400000003
5258090000	-0.243566091300000009	-0.359897234600000004
5258092000	-0.243842081699999991	-0.358214206699999982
5258094000	-0.243912946500000005	-0.357473280299999974
5258096000	-0.243645634700000002	-0.355973455400000027
5258098000	-0.245079063099999994	-0.358455169399999996
5258100000	-0.245251519299999998	-0.356667777600000013
