# freq, I e Q
5256100000	-0.13075834489999999	-0.0419566608999999979
5256102000	-0.133329554200000006	-0.0433254837000000004
5256104000	-0.129707513299999994	-0.0416514808000000014
5256106000	-0.131100826300000001	-0.0373836819000000001
5256108000	-0.129417657299999989	-0.0405987640000000025
5256110000	-0.1334104703	-0.0373323538999999968
5256112000	-0.128405827299999997	-0.0407485804999999993
5256114000	-0.13085148290000001	-0.0426051995000000031
5256116000	-0.127808364499999993	-0.0424148784000000015
5256118000	-0.129748592200000012	-0.0407287329000000017
5256120000	-0.13429018940000001	-0.0419160926000000031
5256122000	-0.13309316160000001	-0.0380003567000000014
5256124000	-0.133467085900000004	-0.0400345195999999987
5256126000	-0.131880879700000009	-0.0375753050000000033
5256128000	-0.131632351600000003	-0.0372355996000000022
5256130000	-0.131358663600000009	-0.0396424147999999976
5256132000	-0.132446433299999999	-0.0425913613999999996
5256134000	-0.136182819900000002	-0.0391233652000000029
5256136000	-0.132033660100000005	-0.0424122668000000008
5256138000	-0.132870268600000008	-0.0403631330999999968
5256140000	-0.129984562899999989	-0.0390348010000000009
5256142000	-0.131206341199999993	-0.0392913525000000013
5256144000	-0.133985053200000009	-0.0379750647999999996
5256146000	-0.128353693399999996	-0.0333623700999999967
5256148000	-0.128402264699999991	-0.0368122954000000002
5256150000	-0.131551860200000009	-0.0368000476000000035
5256152000	-0.131748899000000003	-0.0395315148000000005
5256154000	-0.131011163000000014	-0.0379749018999999965
5256156000	-0.13283222389999999	-0.0359170139000000027
5256158000	-0.131716485500000008	-0.0347341529999999968
5256160000	-0.135825324100000006	-0.0340502155000000015
5256162000	-0.135562116300000007	-0.0365810089000000033
5256164000	-0.134696329799999986	-0.0355351451999999998
5256166000	-0.132391630799999993	-0.0396494049999999987
5256168000	-0.131657669499999991	-0.0417422361999999977
5256170000	-0.128762291299999998	-0.0388784220000000028
5256172000	-0.127468739899999989	-0.0398558008000000005
5256174000	-0.134412232100000001	-0.0404142346000000013
5256176000	-0.128837051899999999	-0.0369989006000000023
5256178000	-0.135180510199999993	-0.0355251255999999987
5256180000	-0.133832594400000005	-0.0378619680000000028
5256182000	-0.131712830100000011	-0.0377871134000000025
5256184000	-0.132973577399999987	-0.0373120757000000025
5256186000	-0.132093367099999998	-0.0367530381999999975
5256188000	-0.131514662599999999	-0.0340521979999999988
5256190000	-0.130624197800000008	-0.0363795090999999987
5256192000	-0.131098689800000001	-0.0383525014999999969
5256194000	-0.131320946299999991	-0.0397564535999999982
5256196000	-0.129398584799999994	-0.0366457358000000025
5256198000	-0.132634509699999986	-0.0372190666999999975
5256200000	-0.131537249999999994	-0.0348894424999999994
5256202000	-0.132616208699999988	-0.0323182803000000018
5256204000	-0.1351637007	-0.0355272238000000004
5256206000	-0.134770236500000001	-0.0355355841999999977
5256208000	-0.133123912700000013	-0.0352061606000000013
5256210000	-0.1375581944	-0.0355936379000000025
5256212000	-0.130968159499999987	-0.0345454863999999987
5256214000	-0.132658983300000005	-0.0345917633000000016
5256216000	-0.132860349399999994	-0.0327011036000000033
5256218000	-0.134347104100000003	-0.0338046597000000032
5256220000	-0.132210049200000013	-0.0379404169000000027
5256222000	-0.131936432200000009	-0.0320549332000000034
5256224000	-0.130983846500000001	-0.0330338397999999991
5256226000	-0.1310216508	-0.0318165098999999979
5256228000	-0.135546065800000004	-0.030469326599999999
5256230000	-0.131009852700000012	-0.0364664853999999983
5256232000	-0.134892877699999997	-0.0361320993999999993
5256234000	-0.136203974799999988	-0.0333691502000000029
5256236000	-0.133257017700000008	-0.0348117021000000013
5256238000	-0.132164290399999995	-0.0351275788999999977
5256240000	-0.136367785200000008	-0.0330416659999999973
5256242000	-0.135022330400000001	-0.0324491785000000019
5256244000	-0.133620522399999997	-0.034798032399999998
5256246000	-0.135453218900000005	-0.0299521420999999989
5256248000	-0.131263494600000002	-0.0331778127999999978
5256250000	-0.132849721100000012	-0.0294687205000000001
5256252000	-0.1325603266	-0.0308486258999999992
5256254000	-0.128557280200000013	-0.0349776411999999995
5256256000	-0.133442905899999992	-0.0321910409000000022
5256258000	-0.135801592299999996	-0.0345931007999999984
5256260000	-0.136925583399999995	-0.0324864771000000011
5256262000	-0.133954708499999992	-0.0330057595999999967
5256264000	-0.1347043302	-0.0344970869000000013
5256266000	-0.133918554299999992	-0.0291417604999999989
5256268000	-0.137613127899999993	-0.0299575039000000015
5256270000	-0.135299772799999996	-0.0319616957000000007
5256272000	-0.131612282800000008	-0.029702456700000001
5256274000	-0.129242889700000002	-0.0308996067999999999
5256276000	-0.13017580279999999	-0.0291253217999999994
5256278000	-0.131598545000000011	-0.0298911499000000004
5256280000	-0.133779146399999993	-0.0300599242999999988
5256282000	-0.13495038740000001	-0.0259345685000000013
5256284000	-0.13459876770000001	-0.0341254652999999977
5256286000	-0.133814471299999987	-0.031141420999999999
5256288000	-0.132168318700000009	-0.0329559254000000024
5256290000	-0.136550359600000004	-0.0282550163999999993
5256292000	-0.131382135600000005	-0.0237748114999999996
5256294000	-0.137552422499999993	-0.0294804058999999993
5256296000	-0.136073984000000009	-0.0334058591999999988
5256298000	-0.131538654100000013	-0.0310018806000000001
5256300000	-0.13139470989999999	-0.0305188303999999987
5256302000	-0.135535612	-0.0301230520000000009
5256304000	-0.133041063500000001	-0.0329752036000000026
5256306000	-0.133484889899999987	-0.0272684340000000011
5256308000	-0.13953391209999999	-0.0301881758999999993
5256310000	-0.136751231100000009	-0.0299986422999999995
5256312000	-0.132281502400000001	-0.031361339299999999
5256314000	-0.133103427200000013	-0.0342544856999999967
5256316000	-0.132332704999999995	-0.0320524547000000035
5256318000	-0.135712921699999989	-0.0280928385000000017
5256320000	-0.137547542500000008	-0.0301801021999999995
5256322000	-0.129706990599999988	-0.0304323664000000008
5256324000	-0.134378685999999997	-0.0276090904000000012
5256326000	-0.136634454200000005	-0.0248943026000000012
5256328000	-0.1336465768	-0.025502050200000001
5256330000	-0.133754311099999995	-0.0286453147000000005
5256332000	-0.134150057399999995	-0.0280110039999999991
5256334000	-0.132392348699999995	-0.0331753955999999975
5256336000	-0.133822086400000012	-0.0303601658999999996
5256338000	-0.133836402100000001	-0.0279501461
5256340000	-0.135074778499999992	-0.0293304934999999989
5256342000	-0.131338442400000005	-0.0268532288000000001
5256344000	-0.130939585599999991	-0.0268793706999999986
5256346000	-0.132264436000000013	-0.0280050765
5256348000	-0.131854369700000001	-0.0256967768999999992
5256350000	-0.132335219300000001	-0.0268001530000000002
5256352000	-0.133058554400000001	-0.0282667690000000006
5256354000	-0.135140915700000003	-0.0264435758000000007
5256356000	-0.130410383099999999	-0.0261400715999999984
5256358000	-0.133077035799999993	-0.0290363171000000003
5256360000	-0.130738116500000001	-0.026082211000000001
5256362000	-0.132703018700000008	-0.0287889623999999997
5256364000	-0.134108693599999995	-0.0260195556999999987
5256366000	-0.1331568578	-0.0258692264000000005
5256368000	-0.131213947999999997	-0.0260767668000000015
5256370000	-0.134038529200000006	-0.0266092292000000008
5256372000	-0.132907482999999993	-0.0261507996
5256374000	-0.136379845500000013	-0.0271047108000000009
5256376000	-0.134406897899999989	-0.0258218537999999991
5256378000	-0.135391841200000002	-0.0256948204999999999
5256380000	-0.133243535400000002	-0.0239614570999999998
5256382000	-0.135996252200000001	-0.0276303055000000006
5256384000	-0.13166615009999999	-0.0251912473999999983
5256386000	-0.134305586799999988	-0.0221301464999999996
5256388000	-0.132347183199999996	-0.0253486274999999983
5256390000	-0.132832057499999989	-0.0229589666999999997
5256392000	-0.131168081299999989	-0.0258385889999999986
5256394000	-0.132229746199999998	-0.0245262849999999984
5256396000	-0.131826196300000004	-0.0252908306000000013
5256398000	-0.134896094299999991	-0.0268979831999999995
5256400000	-0.132404960399999994	-0.024119432100000001
5256402000	-0.136545130300000012	-0.0221399652000000002
5256404000	-0.132978939800000001	-0.0241896612000000004
5256406000	-0.132653762000000008	-0.025097609600000001
5256408000	-0.135520828799999993	-0.0253628714000000005
5256410000	-0.134885237699999994	-0.0206974915000000016
5256412000	-0.136152759200000001	-0.0237544030000000003
5256414000	-0.134294605900000003	-0.0227946125999999999
5256416000	-0.131105063699999996	-0.0223304832999999987
5256418000	-0.131699059899999998	-0.0305846853000000009
5256420000	-0.132270420999999999	-0.0257431644999999987
5256422000	-0.13554201669999999	-0.0200517030999999984
5256424000	-0.1327560619	-0.0244804807999999992
5256426000	-0.132737322200000007	-0.0243033791999999992
5256428000	-0.134971153199999999	-0.0240189833000000012
5256430000	-0.134950368200000004	-0.0242019129999999985
5256432000	-0.132824136900000001	-0.0257055549000000001
5256434000	-0.134169552800000008	-0.0201683320999999985
5256436000	-0.130250893000000006	-0.0234403112000000011
5256438000	-0.133755503500000011	-0.0210612779000000014
5256440000	-0.132404125900000003	-0.0234162135999999993
5256442000	-0.133048736000000001	-0.0199789343999999987
5256444000	-0.136000347100000002	-0.0236137569999999991
5256446000	-0.13185749020000001	-0.0210552194999999998
5256448000	-0.131989446300000007	-0.0246934083999999984
5256450000	-0.134058419900000003	-0.0224682200000000006
5256452000	-0.13232748829999999	-0.019202632800000001
5256454000	-0.133835706700000001	-0.0219948415000000008
5256456000	-0.135584328899999995	-0.0181370154999999991
5256458000	-0.133560260900000005	-0.0224059329000000015
5256460000	-0.137002046699999991	-0.0207938488999999983
5256462000	-0.13677723189999999	-0.0226713737000000005
5256464000	-0.134398484200000001	-0.0174560150999999997
5256466000	-0.136239307100000012	-0.0175650203000000012
5256468000	-0.131922783500000002	-0.0215645330000000003
5256470000	-0.134909248300000006	-0.0181218624000000009
5256472000	-0.131659325299999991	-0.0226709377000000011
5256474000	-0.131169714599999987	-0.0170445798000000009
5256476000	-0.135626345700000012	-0.0194854385999999984
5256478000	-0.134534881100000003	-0.0183046096999999984
5256480000	-0.13381108659999999	-0.0152423639
5256482000	-0.129868611999999994	-0.0158958971999999983
5256484000	-0.132761194299999996	-0.0123592061000000007
5256486000	-0.129913192199999999	-0.0207516036999999993
5256488000	-0.134210865799999995	-0.0196212189000000009
5256490000	-0.133690814099999999	-0.0183679032999999985
5256492000	-0.133246553399999995	-0.0172952767000000007
5256494000	-0.1312970782	-0.0188428915000000002
5256496000	-0.13261803350000001	-0.0156705588999999992
5256498000	-0.137140486300000003	-0.0189220826999999987
5256500000	-0.134574253899999996	-0.0164401230999999988
5256502000	-0.133516364700000001	-0.0184960394999999986
5256504000	-0.13023582119999999	-0.0141273312000000009
5256506000	-0.133233558899999993	-0.0184709031000000017
5256508000	-0.132158411199999992	-0.0171516711999999995
5256510000	-0.132930060999999988	-0.0170921217000000007
5256512000	-0.131442445699999994	-0.0166627531000000002
5256514000	-0.13419478709999999	-0.0165591920000000004
5256516000	-0.131132657300000011	-0.0158346439999999984
5256518000	-0.130710358999999998	-0.0143458048000000005
5256520000	-0.130808093399999992	-0.0138187389000000004
5256522000	-0.135106522300000004	-0.0199743517000000002
5256524000	-0.133515876899999997	-0.0141820211000000009
5256526000	-0.132697227000000001	-0.0169474325000000016
5256528000	-0.13048845710000001	-0.0127009649999999998
5256530000	-0.128134664600000003	-0.0160718141000000016
5256532000	-0.132723302500000001	-0.0166157156000000007
5256534000	-0.130724987699999989	-0.0210583470999999994
5256536000	-0.131538146100000003	-0.0138795713000000008
5256538000	-0.134708351199999993	-0.0158662120000000011
5256540000	-0.132669545899999991	-0.0140230227000000002
5256542000	-0.130623135700000004	-0.0143276151999999993
5256544000	-0.134590082599999994	-0.0178292788999999986
5256546000	-0.131588466500000001	-0.0181018324000000001
5256548000	-0.13310035910000001	-0.0175806865999999992
5256550000	-0.133712575700000003	-0.0148548659
5256552000	-0.132787644799999993	-0.0152606154000000001
5256554000	-0.132280936799999999	-0.0133139295000000001
5256556000	-0.130010358999999992	-0.0124494746999999992
5256558000	-0.130376225499999998	-0.0167657010000000009
5256560000	-0.133645322700000013	-0.0131553699
5256562000	-0.131467181200000005	-0.0146097441000000005
5256564000	-0.133805677699999986	-0.0130899643999999992
5256566000	-0.136091955300000012	-0.0128860802999999999
5256568000	-0.132145945500000001	-0.0111330843000000002
5256570000	-0.135347258599999992	-0.0156275248000000005
5256572000	-0.131493599999999988	-0.0113377730000000006
5256574000	-0.130875395400000011	-0.00913668200000000014
5256576000	-0.133894869199999988	-0.0107453349000000004
5256578000	-0.1280974047	-0.0074794948999999996
5256580000	-0.130978291699999999	-0.0116632539999999996
5256582000	-0.131175834699999994	-0.0110353942999999993
5256584000	-0.133503333000000002	-0.0107909301000000003
5256586000	-0.132490345000000009	-0.00949144650000000034
5256588000	-0.1302610763	-0.00867734109999999947
5256590000	-0.129959596000000011	-0.0136766713999999998
5256592000	-0.131615946700000014	-0.0118430233999999995
5256594000	-0.127571288100000013	-0.0136624781999999997
5256596000	-0.129105201800000013	-0.0132014756
5256598000	-0.1335249664	-0.0107090524999999999
5256600000	-0.130908180099999993	-0.0124361057999999997
5256602000	-0.131080989300000006	-0.00871590300000000054
5256604000	-0.13085403579999999	-0.0130214283000000004
5256606000	-0.133137830900000004	-0.00966635870000000057
5256608000	-0.134309603500000013	-0.00906173639999999919
5256610000	-0.132487770300000002	-0.00930558310000000055
5256612000	-0.129194207499999991	-0.00732728390000000028
5256614000	-0.135349043599999996	-0.00662378110000000006
5256616000	-0.128235819499999987	-0.00825730749999999993
5256618000	-0.131693024699999994	-0.00995179050000000003
5256620000	-0.130489686999999993	-0.0102635568999999999
5256622000	-0.132032469799999996	-0.00740321290000000003
5256624000	-0.132839568399999997	-0.0107388267000000006
5256626000	-0.131163245499999997	-0.00957190599999999982
5256628000	-0.133272271199999987	-0.00603952640000000006
5256630000	-0.131960848399999997	-0.0101409467000000003
5256632000	-0.127878698099999993	-0.0070647071000000004
5256634000	-0.129084074800000004	-0.00815987410000000059
5256636000	-0.132996980900000006	-0.00340582430000000011
5256638000	-0.13578085849999999	-0.00424751810000000007
5256640000	-0.131864262399999987	-0.00437008769999999973
5256642000	-0.130270880499999991	-0.00938826530000000034
5256644000	-0.132650466699999997	-0.00852554430000000002
5256646000	-0.128805476499999988	-0.00738045049999999994
5256648000	-0.132778961499999987	-0.00956763660000000023
5256650000	-0.130584938900000003	-0.00239316880000000004
5256652000	-0.129453549700000003	-0.0033871239
5256654000	-0.126312276899999992	-0.00768359499999999966
5256656000	-0.130547644900000009	-0.00304200969999999984
5256658000	-0.130549376100000003	-0.00314391409999999986
5256660000	-0.132428065600000006	-0.00678318180000000038
5256662000	-0.128391776699999988	-0.00430003470000000013
5256664000	-0.128538376399999987	-0.00287939340000000019
5256666000	-0.127451667099999999	-0.00138975259999999995
5256668000	-0.132095351500000013	-0.0032597148000000002
5256670000	-0.127282096399999989	-0.00281324700000000006
5256672000	-0.128981658400000004	-0.000193009300000000002
5256674000	-0.130049483399999999	-0.00571739040000000028
5256676000	-0.129222201600000003	-0.00302536869999999987
5256678000	-0.130720672300000007	-0.00105037589999999997
5256680000	-0.126690006999999993	-0.00312332090000000005
5256682000	-0.127606636200000012	-0.00221908109999999995
5256684000	-0.131890962199999989	-0.00172549159999999999
5256686000	-0.130970623499999994	-0.0013832638999999999
5256688000	-0.128751876799999998	-0.00287253450000000011
5256690000	-0.126790172400000012	-0.00180746360000000003
5256692000	-0.12760034340000001	-0.00183447199999999997
5256694000	-0.1268861352	-0.00150089709999999999
5256696000	-0.127442396799999996	-0.000739458900000000002
5256698000	-0.130294010799999999	0.000139047500000000007
5256700000	-0.128370528300000009	-0.00145304609999999997
5256702000	-0.130734375200000003	-0.00408631800000000024
5256704000	-0.125733118899999996	-8.4241900000000004e-05
5256706000	-0.129380012900000008	0.00107138289999999994
5256708000	-0.127474877399999992	0.00177390040000000005
5256710000	-0.131077950700000001	0.00207667569999999985
5256712000	-0.125996181099999993	2.06259999999999987e-05
5256714000	-0.125565802199999993	-0.00125058890000000005
5256716000	-0.127047944999999995	0.00249327860000000002
5256718000	-0.125334907299999992	0.00179588790000000001
5256720000	-0.128431804399999988	-0.00214864499999999981
5256722000	-0.124503073899999997	0.00213250970000000012
5256724000	-0.127097361599999986	0.000424821300000000025
5256726000	-0.129258740300000008	0.000344074900000000022
5256728000	-0.129158891899999989	0.00349650020000000011
5256730000	-0.128345167300000007	0.00244111649999999986
5256732000	-0.125388210700000002	-0.000870201799999999973
5256734000	-0.124442554400000002	5.75955000000000011e-05
5256736000	-0.1243989821	0.000386211199999999979
5256738000	-0.125980082900000012	0.00225925070000000021
5256740000	-0.126052100199999989	-0.000232947100000000011
5256742000	-0.125316223700000007	0.00848166570000000002
5256744000	-0.123361157900000004	0.00449173670000000032
5256746000	-0.123143940600000001	0.00555589349999999985
5256748000	-0.127413023099999995	0.00454278709999999999
5256750000	-0.124466911	0.00215227349999999986
5256752000	-0.127359438600000013	0.0057823900000000001
5256754000	-0.124427605699999999	0.00282362569999999998
5256756000	-0.1294414542	0.00484777830000000017
5256758000	-0.125615102799999989	0.00691499330000000002
5256760000	-0.124941017099999996	0.0055263027000000001
5256762000	-0.123963406299999995	0.0115986091000000006
5256764000	-0.1243696678	0.00393012279999999971
5256766000	-0.124461128500000004	0.00851025560000000063
5256768000	-0.122660673999999997	0.00626076010000000023
5256770000	-0.124108119000000003	0.00767265980000000035
5256772000	-0.123506144700000001	0.00512086669999999976
5256774000	-0.129660595600000011	0.00587383349999999992
5256776000	-0.120468103399999998	0.00973877459999999973
5256778000	-0.124324287800000002	0.00614896309999999995
5256780000	-0.120820090300000002	0.00719229649999999967
5256782000	-0.123506813199999996	0.00909593619999999985
5256784000	-0.124703406000000003	0.0110431972000000003
5256786000	-0.125096128700000003	0.00911744180000000071
5256788000	-0.123187040400000003	0.00675120440000000037
5256790000	-0.124649856500000003	0.0134753106999999997
5256792000	-0.119452708300000002	0.00706786370000000042
5256794000	-0.119302520300000006	0.0100863575000000004
5256796000	-0.125036556699999996	0.00754313070000000013
5256798000	-0.124021022600000003	0.0057863452000000001
5256800000	-0.122628814899999994	0.0120962316999999996
5256802000	-0.122192104499999996	0.0115725636000000003
5256804000	-0.122735661600000004	0.00858092260000000058
5256806000	-0.123128605399999994	0.0114327119999999994
5256808000	-0.120360739600000002	0.0109223255999999994
5256810000	-0.118166210999999993	0.0128055298999999994
5256812000	-0.120308798800000005	0.0107964474000000008
5256814000	-0.119846064099999997	0.0161625321000000016
5256816000	-0.122475299100000004	0.0113625146
5256818000	-0.120963072899999996	0.0122087635000000007
5256820000	-0.119193574999999996	0.0119169071000000005
5256822000	-0.117883312300000001	0.0139390139
5256824000	-0.118024835499999994	0.0148388012999999992
5256826000	-0.120093805600000006	0.0119123835999999997
5256828000	-0.117122351400000005	0.0137997750999999998
5256830000	-0.119223234100000006	0.0149314307999999993
5256832000	-0.117558345100000003	0.0151432266000000003
5256834000	-0.118667770300000003	0.014938247
5256836000	-0.1184231268	0.0143059195999999996
5256838000	-0.116102335799999998	0.0168979231000000001
5256840000	-0.120365696499999994	0.0155055065999999998
5256842000	-0.116381603200000003	0.0136754285999999992
5256844000	-0.119344908999999999	0.0169970262000000011
5256846000	-0.1152392099	0.0179328157000000002
5256848000	-0.117207569499999997	0.015204881
5256850000	-0.116799906300000006	0.019096493400000001
5256852000	-0.1178714976	0.0191574447000000016
5256854000	-0.116428732699999996	0.0181689512999999997
5256856000	-0.112519399300000003	0.0180481783999999999
5256858000	-0.116290265800000001	0.018613624799999999
5256860000	-0.114669224599999994	0.0193386702000000014
5256862000	-0.113806101899999998	0.0181354846999999993
5256864000	-0.114536937800000002	0.0171296677000000001
5256866000	-0.113218080700000001	0.0167841263999999983
5256868000	-0.112463445999999995	0.0196720698000000006
5256870000	-0.113660835500000001	0.0200048648000000009
5256872000	-0.107700723799999995	0.0224204125000000004
5256874000	-0.113794737399999998	0.017342871499999999
5256876000	-0.115428894099999999	0.0175728802000000017
5256878000	-0.112615262100000002	0.0204197358000000016
5256880000	-0.109889615499999996	0.0197383910999999988
5256882000	-0.110889017199999995	0.0226247229999999994
5256884000	-0.108621287100000005	0.0182062465999999999
5256886000	-0.111748025700000003	0.0238478451000000008
5256888000	-0.110246314900000003	0.0226631462000000013
5256890000	-0.106763111100000002	0.0230234536000000004
5256892000	-0.1106341936	0.0219867205999999989
5256894000	-0.109834494699999993	0.0216101229000000006
5256896000	-0.106987969899999993	0.0229146798000000006
5256898000	-0.106565014999999999	0.023277344299999999
5256900000	-0.105415735299999994	0.0214949626000000005
5256902000	-0.104052160899999996	0.022687736
5256904000	-0.105293469299999998	0.0221097128000000004
5256906000	-0.104183995599999996	0.0237678500000000001
5256908000	-0.106596520700000003	0.0227622492999999988
5256910000	-0.107077136399999995	0.0273665257000000016
5256912000	-0.105360781900000006	0.0215866405000000004
5256914000	-0.104729374799999997	0.0257056891999999995
5256916000	-0.101533379300000004	0.0295985250000000005
5256918000	-0.101913802499999998	0.0226474911000000001
5256920000	-0.102971263100000002	0.0265468199000000009
5256922000	-0.102318004300000001	0.0239365505000000006
5256924000	-0.100386744200000003	0.0275492438000000013
5256926000	-0.101112837499999997	0.0222025793999999985
5256928000	-0.0992161438000000034	0.0268574102000000009
5256930000	-0.0982910741000000004	0.0261070007000000007
5256932000	-0.0989433301000000043	0.0247648149999999991
5256934000	-0.097361031400000006	0.0264314538999999987
5256936000	-0.0951441043000000042	0.0276004447999999986
5256938000	-0.0961213615999999965	0.0247877237
5256940000	-0.098125040100000005	0.0259099588000000006
5256942000	-0.0941660774000000061	0.0276671225999999999
5256944000	-0.0999497606000000066	0.0282862291000000009
5256946000	-0.0967193672999999976	0.0256310252000000009
5256948000	-0.0941876034999999945	0.0275209603000000011
5256950000	-0.0910286423999999983	0.0293734590999999989
5256952000	-0.0920227621999999967	0.0298659166000000004
5256954000	-0.0930877224000000031	0.0272881043999999989
5256956000	-0.0959868870000000068	0.0272887124999999994
5256958000	-0.092918474900000006	0.0294688881
5256960000	-0.0919045911000000021	0.0265353678000000009
5256962000	-0.0869865159000000054	0.0267805371000000014
5256964000	-0.0870027263999999939	0.0266011383000000004
5256966000	-0.0898829339999999977	0.0269407382000000015
5256968000	-0.0867486699000000056	0.0320247213000000031
5256970000	-0.086306090000000002	0.0286191608000000014
5256972000	-0.086924015199999996	0.0281085662999999986
5256974000	-0.0847855648999999989	0.0284976075000000009
5256976000	-0.083966639400000001	0.0275455070000000003
5256978000	-0.088121121400000002	0.0285617901999999993
5256980000	-0.0848924035000000049	0.0265780405999999983
5256982000	-0.0792333548000000026	0.0271191126999999997
5256984000	-0.0839325900000000014	0.0280237831000000014
5256986000	-0.0798243886000000041	0.0261698567000000007
5256988000	-0.0820266959000000018	0.029813992000000001
5256990000	-0.0777281241000000039	0.0303598687000000006
5256992000	-0.0850423849000000037	0.0273895567000000013
5256994000	-0.0772557199000000056	0.0266411548999999984
5256996000	-0.0760205505000000059	0.026797744200000001
5256998000	-0.0740786367000000057	0.0258479742999999998
5257000000	-0.0741134383999999952	0.0271945988000000007
5257002000	-0.0754084202000000065	0.0239557042000000005
5257004000	-0.0734396271999999961	0.0297612109999999992
5257006000	-0.0703475323000000013	0.0257195399999999991
5257008000	-0.0720505200000000068	0.0253291492000000014
5257010000	-0.0730044205000000002	0.0270506089999999998
5257012000	-0.0707183388000000024	0.0224329004999999984
5257014000	-0.0681075693999999981	0.0220275308000000003
5257016000	-0.0693621214999999985	0.0230620479000000003
5257018000	-0.0697307082999999994	0.0237121817999999991
5257020000	-0.0677748429000000069	0.0262996848000000005
5257022000	-0.0670128277999999938	0.0217202340000000015
5257024000	-0.0631903255999999997	0.0200468242999999983
5257026000	-0.0662282869000000024	0.0221188280000000001
5257028000	-0.0629113084999999989	0.0238886799000000011
5257030000	-0.0653892462999999952	0.0229836838999999994
5257032000	-0.0624433850999999984	0.0196177508
5257034000	-0.0589057819999999968	0.0217796952999999988
5257036000	-0.0624649503000000023	0.0217705330999999995
5257038000	-0.0595282540000000027	0.0183491806000000007
5257040000	-0.0592713138999999972	0.0155310410000000006
5257042000	-0.0572210608000000009	0.0177059308999999998
5257044000	-0.0586991956999999981	0.0148710609999999997
5257046000	-0.0550927615999999981	0.0150456336999999999
5257048000	-0.0565904034999999972	0.0168386633000000008
5257050000	-0.0525771625999999978	0.0176106455999999988
5257052000	-0.0532433348000000001	0.0170049677999999996
5257054000	-0.0533976053999999992	0.0123985307000000003
5257056000	-0.0533200017000000012	0.0165668316000000017
5257058000	-0.0538509231000000033	0.00780112300000000009
5257060000	-0.0516991761000000008	0.0095733229000000003
5257062000	-0.0515433905000000012	0.0116544104000000006
5257064000	-0.0488740906999999974	0.0102087982000000008
5257066000	-0.0511375758000000014	0.0125711247999999998
5257068000	-0.0509594255000000024	0.0104690952000000004
5257070000	-0.0494766515999999976	0.0086976169999999995
5257072000	-0.0486794201999999968	0.00604567579999999976
5257074000	-0.0493238216999999993	0.00438659199999999992
5257076000	-0.0476655216999999978	0.00533944060000000019
5257078000	-0.0479228475999999987	0.00764391859999999975
5257080000	-0.0448342986999999971	0.00318838610000000012
5257082000	-0.0444413536999999984	0.00280796060000000017
5257084000	-0.0486353794999999992	0.00141055749999999995
5257086000	-0.0473440460000000007	-0.00501933180000000041
5257088000	-0.0449273363999999967	0.000391703999999999989
5257090000	-0.0418766947000000014	-0.00510222690000000038
5257092000	-0.0429194514999999971	-0.00213399039999999981
5257094000	-0.0422569761999999974	-0.00287188330000000009
5257096000	-0.0462920520000000002	-0.00440684429999999971
5257098000	-0.0445709671999999987	-0.00587668389999999961
5257100000	-0.042770881400000002	-0.00763577670000000017
5257102000	-0.0400419511000000006	-0.0102559494000000005
5257104000	-0.0467710802999999967	-0.00951002249999999966
5257106000	-0.0414746559999999986	-0.00823120869999999921
5257108000	-0.0382698231999999972	-0.00856730810000000051
5257110000	-0.0391894340000000022	-0.0079167123999999995
5257112000	-0.0392901073000000017	-0.0109966681000000007
5257114000	-0.0402289403000000018	-0.0169297714000000016
5257116000	-0.0455434839000000008	-0.0173921312000000008
5257118000	-0.0369948703999999975	-0.0172702246999999996
5257120000	-0.0388969658000000024	-0.0187614626999999985
5257122000	-0.0421173830000000013	-0.0178078774000000016
5257124000	-0.0450500584000000023	-0.0219127578999999996
5257126000	-0.0426834950000000019	-0.0230504643000000002
5257128000	-0.0494760351999999973	-0.0231591482000000001
5257130000	-0.0442738131999999979	-0.0230860584000000015
5257132000	-0.0462526471999999966	-0.0227694383
5257134000	-0.0413289964999999995	-0.0258398297000000006
5257136000	-0.0416493686000000002	-0.028715028699999999
5257138000	-0.0412778426999999976	-0.0282500073000000011
5257140000	-0.0432472481000000034	-0.0297743315000000008
5257142000	-0.0461691280999999981	-0.0328414268999999981
5257144000	-0.0433449353999999995	-0.0317215412000000016
5257146000	-0.0449063742000000016	-0.0350890713000000035
5257148000	-0.0438030920000000018	-0.0363603008000000019
5257150000	-0.0436322723999999981	-0.0321493606999999973
5257152000	-0.0472056218	-0.0359141295000000027
5257154000	-0.0460257184999999999	-0.0366628562000000033
5257156000	-0.0488851026000000008	-0.0362239074999999994
5257158000	-0.0477830883999999997	-0.0395722401000000029
5257160000	-0.0487880083999999992	-0.039500365099999997
5257162000	-0.0483520205000000022	-0.0416183441999999973
5257164000	-0.0526241397000000027	-0.0422914967000000003
5257166000	-0.049173117500000002	-0.041558515800000001
5257168000	-0.0468315499999999996	-0.0430957003999999991
5257170000	-0.0508493148999999978	-0.0442888752000000011
5257172000	-0.0526438836999999979	-0.0470244595999999987
5257174000	-0.0518338962	-0.0460993848999999983
5257176000	-0.0511106694999999972	-0.0474437821999999995
5257178000	-0.0543695200999999989	-0.0441940669000000022
5257180000	-0.0530186488999999997	-0.0483086106999999973
5257182000	-0.0564075172	-0.0498874642000000021
5257184000	-0.0538825039999999977	-0.0486554532999999984
5257186000	-0.0533656984000000015	-0.0480332050999999968
5257188000	-0.0593362597999999991	-0.0502809504999999976
5257190000	-0.0596201184999999995	-0.0492843847000000029
5257192000	-0.0571208094	-0.0493762130000000021
5257194000	-0.0616097723999999985	-0.0535361128000000006
5257196000	-0.0580869990000000003	-0.0530685855000000012
5257198000	-0.0614814003000000026	-0.0555102349999999981
5257200000	-0.0598595246999999997	-0.0565053582000000013
5257202000	-0.0585125302999999972	-0.050991805799999998
5257204000	-0.0596400909999999992	-0.0568069979999999974
5257206000	-0.0612778355000000025	-0.0570194714000000005
5257208000	-0.0628078029999999954	-0.0561190696000000017
5257210000	-0.0675728864999999984	-0.055019758299999999
5257212000	-0.0596194135999999972	-0.0567324823999999991
5257214000	-0.0678316261000000004	-0.0556207344999999978
5257216000	-0.0671809975000000059	-0.0571878239999999982
5257218000	-0.0699514725000000004	-0.0583228817000000024
5257220000	-0.0712657663999999996	-0.0589449772999999996
5257222000	-0.0707244545000000058	-0.0619203664000000029
5257224000	-0.0740942802999999955	-0.0594344782000000016
5257226000	-0.0659700373000000062	-0.0618793679999999971
5257228000	-0.0726461530999999994	-0.0619662818000000018
5257230000	-0.0732532483999999984	-0.0604698472999999972
5257232000	-0.0723051576999999973	-0.0581967478999999982
5257234000	-0.0719727770000000017	-0.0619960466000000002
5257236000	-0.0776853676999999937	-0.0594308206999999977
5257238000	-0.0724874229000000009	-0.0610297107000000033
5257240000	-0.0766390510999999941	-0.0599183016000000013
5257242000	-0.0753914635999999999	-0.0612218549999999986
5257244000	-0.076999370999999997	-0.0624382683999999966
5257246000	-0.0770907187999999993	-0.0618788432999999999
5257248000	-0.0810411562000000057	-0.0623853714000000004
5257250000	-0.0785621683999999931	-0.063906598300000006
5257252000	-0.0803718588999999956	-0.0610095937999999977
5257254000	-0.0831038634000000054	-0.0639179401000000008
5257256000	-0.0799545175999999969	-0.0625958667000000024
5257258000	-0.0803391247999999947	-0.062437969900000001
5257260000	-0.0877461778000000053	-0.0616108376999999971
5257262000	-0.0805148076999999962	-0.0633305217999999975
5257264000	-0.0810855937999999943	-0.0586409807999999991
5257266000	-0.0857030218999999954	-0.0614993019999999987
5257268000	-0.0830433854000000027	-0.0602384467999999978
5257270000	-0.0892360749000000036	-0.0580924302999999975
5257272000	-0.0875345495000000029	-0.0602631756999999976
5257274000	-0.0877181868000000003	-0.0616800108999999985
5257276000	-0.0859134364000000011	-0.0603123857999999999
5257278000	-0.0875113634999999945	-0.0609715616000000016
5257280000	-0.0902173509000000068	-0.0605598143000000005
5257282000	-0.0925595902999999942	-0.061630336899999999
5257284000	-0.0896717204000000018	-0.0614523058999999969
5257286000	-0.0922547583999999976	-0.0632880175000000017
5257288000	-0.0926563261999999999	-0.0606710467000000017
5257290000	-0.0924292577000000032	-0.0604047703000000005
5257292000	-0.0918352510000000066	-0.0623108596999999986
5257294000	-0.0903464444000000033	-0.0568221198000000011
5257296000	-0.0903923573000000036	-0.0638065538999999932
5257298000	-0.092172710300000002	-0.0608256298000000029
5257300000	-0.0933864687000000027	-0.0572636665999999989
5257302000	-0.0953309732000000021	-0.0574158166999999969
5257304000	-0.0940292122000000036	-0.0619089038999999994
5257306000	-0.0986205488999999935	-0.0594550210999999981
5257308000	-0.0947723516999999932	-0.0608226172999999995
5257310000	-0.0976638544999999941	-0.058700799900000003
5257312000	-0.0976635457000000068	-0.0589630335999999991
5257314000	-0.0988772495999999945	-0.0595208280999999992
5257316000	-0.097018686899999998	-0.0600615401999999993
5257318000	-0.099315502900000005	-0.0598226538000000002
5257320000	-0.0999597346000000025	-0.0595077744999999991
5257322000	-0.0999922973999999992	-0.056884603899999997
5257324000	-0.102654063500000003	-0.0639464995000000036
5257326000	-0.0978533729999999935	-0.0580899184000000027
5257328000	-0.101266209999999995	-0.0571727087999999994
5257330000	-0.100682486200000004	-0.0577346566999999977
5257332000	-0.099943333800000006	-0.0562915831000000005
5257334000	-0.100455825499999998	-0.0577985796999999982
5257336000	-0.0997454440999999969	-0.0535827877000000022
5257338000	-0.104958233100000006	-0.0542625777000000017
5257340000	-0.108937176199999999	-0.0566409781999999973
5257342000	-0.107850716099999994	-0.0531883600999999984
5257344000	-0.104661783800000005	-0.0569279336000000011
5257346000	-0.106966029200000007	-0.0570868013999999979
5257348000	-0.104673135599999995	-0.0543523131000000007
5257350000	-0.108200104500000005	-0.0601445363999999968
5257352000	-0.104842662899999994	-0.0611272518999999986
5257354000	-0.110130553199999995	-0.0558243433999999969
5257356000	-0.111207789299999998	-0.0555516210999999968
5257358000	-0.108874406500000007	-0.0584717715999999998
5257360000	-0.108566042000000001	-0.0553495078999999973
5257362000	-0.106553734600000005	-0.0584260033000000012
5257364000	-0.108290588399999999	-0.0556723828999999976
5257366000	-0.111042697499999996	-0.0568995991999999978
5257368000	-0.110676924699999998	-0.0582788792000000014
5257370000	-0.110164267199999999	-0.0542852138000000026
5257372000	-0.110789399900000002	-0.0552741090000000018
5257374000	-0.108676962899999993	-0.0537396544000000032
5257376000	-0.1136515513	-0.0575666115000000034
5257378000	-0.113096339700000006	-0.0547995038000000032
5257380000	-0.111306752699999997	-0.0561782363000000035
5257382000	-0.1101144597	-0.0569509342999999987
5257384000	-0.110267344000000003	-0.0556531503000000025
5257386000	-0.113871810800000001	-0.0590122965999999999
5257388000	-0.115272929499999996	-0.052626413599999998
5257390000	-0.115505289299999994	-0.0552744067000000006
5257392000	-0.113545928700000007	-0.0524340290000000001
5257394000	-0.110830050799999996	-0.0544245749000000015
5257396000	-0.111953482500000007	-0.0550257361
5257398000	-0.110425556199999997	-0.0526891156999999971
5257400000	-0.112500889199999995	-0.0504927015000000007
5257402000	-0.116509131099999996	-0.0543526733000000012
5257404000	-0.114057222799999997	-0.0527116847999999985
5257406000	-0.114169320199999993	-0.0541641502999999983
5257408000	-0.112132711100000004	-0.0525877421000000012
5257410000	-0.115529776099999995	-0.0525101917000000001
5257412000	-0.119489831500000004	-0.0512916189999999966
5257414000	-0.117944759999999996	-0.0510768405999999994
5257416000	-0.116627416999999997	-0.050853975099999997
5257418000	-0.120092540400000003	-0.0476731634999999973
5257420000	-0.116525798200000003	-0.0516252069999999993
5257422000	-0.114744085100000004	-0.0466459701999999976
5257424000	-0.117035451299999996	-0.0503883576999999971
5257426000	-0.118870420300000001	-0.0463454885999999983
5257428000	-0.116649442199999995	-0.0509596833999999971
5257430000	-0.120265854800000002	-0.0515212639999999972
5257432000	-0.117359378599999994	-0.0483370908999999974
5257434000	-0.118601526799999996	-0.0471545620999999984
5257436000	-0.1190667859	-0.0478906028000000011
5257438000	-0.118128907500000005	-0.0467838906000000027
5257440000	-0.118227779899999996	-0.0504253268999999976
5257442000	-0.122076648300000007	-0.0501626231999999991
5257444000	-0.122711752899999998	-0.0480155110999999982
5257446000	-0.116066184200000005	-0.047048575799999999
5257448000	-0.1204326483	-0.0488239375999999989
5257450000	-0.120130761899999994	-0.0483717069999999999
5257452000	-0.118746018300000006	-0.0427170393999999967
5257454000	-0.120066699799999996	-0.0470075593000000014
5257456000	-0.122428955300000003	-0.0462689254000000008
5257458000	-0.119726913200000007	-0.0453100919000000019
5257460000	-0.122811715399999993	-0.0468033825999999986
5257462000	-0.122313220900000005	-0.0440426375999999967
5257464000	-0.121527536199999994	-0.0437548129999999966
5257466000	-0.120034436300000005	-0.0472530256999999995
5257468000	-0.122459533600000003	-0.0450665749999999976
5257470000	-0.124067947100000006	-0.0431936268000000026
5257472000	-0.121042057999999994	-0.045831100399999998
5257474000	-0.123466910999999999	-0.0450374148000000016
5257476000	-0.125122306200000005	-0.0451766284000000018
5257478000	-0.122354607000000004	-0.0451136503999999966
5257480000	-0.120177948100000001	-0.0486583962000000023
5257482000	-0.1217221899	-0.0453270872999999991
5257484000	-0.123340275200000002	-0.0479134536000000028
5257486000	-0.125433911499999995	-0.0421809245000000013
5257488000	-0.121259512299999997	-0.0437772810000000012
5257490000	-0.119512069900000004	-0.0445239694000000019
5257492000	-0.125571430300000009	-0.0417504906000000023
5257494000	-0.128881755799999997	-0.0423074255000000024
5257496000	-0.125585481500000012	-0.0402166041999999987
5257498000	-0.124178673000000003	-0.0413838570999999975
5257500000	-0.128827053500000011	-0.0438643638000000002
5257502000	-0.126660579200000012	-0.0422086705000000034
5257504000	-0.12510048909999999	-0.0424876552000000018
5257506000	-0.12925611079999999	-0.0435508210000000034
5257508000	-0.122357567299999997	-0.0428252880999999974
5257510000	-0.120924073399999998	-0.0403415660000000023
5257512000	-0.125271734299999993	-0.0389174159000000019
5257514000	-0.123624625899999993	-0.038965027800000003
5257516000	-0.126017845099999998	-0.0379222448999999989
5257518000	-0.124126682299999999	-0.0431539904000000016
5257520000	-0.123687518999999996	-0.0394220710999999974
5257522000	-0.126674151000000013	-0.0419700121000000023
5257524000	-0.126465109999999992	-0.0417025856000000014
5257526000	-0.126401107200000001	-0.0393669214999999989
5257528000	-0.127364875200000005	-0.0390852816000000006
5257530000	-0.127817809300000002	-0.0415577290000000016
5257532000	-0.12766068559999999	-0.0386072096999999989
5257534000	-0.128789613299999994	-0.0398959121
5257536000	-0.127184022400000013	-0.0376075589999999987
5257538000	-0.128901119400000014	-0.0380043372000000018
5257540000	-0.126725134900000008	-0.0378803538999999967
5257542000	-0.126276173299999989	-0.0389905710000000016
5257544000	-0.127343487499999991	-0.0378039386000000033
5257546000	-0.126573451100000012	-0.0392137223999999979
5257548000	-0.13090168499999999	-0.0401926390999999966
5257550000	-0.12803327719999999	-0.0368941185000000033
5257552000	-0.128481484499999993	-0.0368229925999999999
5257554000	-0.130361578099999986	-0.0380651648999999967
5257556000	-0.129021475800000007	-0.0373693266000000024
5257558000	-0.128546782400000004	-0.0361594136999999968
5257560000	-0.12617297429999999	-0.0355104141999999998
5257562000	-0.132884647800000005	-0.040489254500000002
5257564000	-0.130118987299999989	-0.0380081296999999971
5257566000	-0.125642480800000012	-0.039709538099999997
5257568000	-0.128106861999999988	-0.0398943017999999969
5257570000	-0.132102249199999994	-0.0374426325000000032
5257572000	-0.132738286399999988	-0.0327026368999999983
5257574000	-0.127125055699999989	-0.0351371794000000029
5257576000	-0.131041790600000013	-0.0372620997999999967
5257578000	-0.129690810399999995	-0.0332249876999999999
5257580000	-0.130330958400000002	-0.0355633439000000023
5257582000	-0.129506600100000008	-0.0361019280999999997
5257584000	-0.130581263499999989	-0.0346766413999999995
5257586000	-0.128296972600000003	-0.0328395909
5257588000	-0.130168945099999989	-0.0380443204999999993
5257590000	-0.129971790700000006	-0.0328994068999999972
5257592000	-0.129192055100000008	-0.0358447079000000016
5257594000	-0.132770834000000004	-0.0370256606999999974
5257596000	-0.132269764000000012	-0.0373139430000000022
5257598000	-0.126424751599999996	-0.0371837314999999974
5257600000	-0.126196380100000005	-0.0324699539000000009
5257602000	-0.130451319799999993	-0.0316314524999999971
5257604000	-0.129421666099999999	-0.0310912329000000015
5257606000	-0.12957426050000001	-0.0295893796000000001
5257608000	-0.131561080200000013	-0.0296981803000000016
5257610000	-0.128552740199999987	-0.0286370449999999999
5257612000	-0.127123253900000011	-0.0324780087999999995
5257614000	-0.130812224100000013	-0.033494275599999998
5257616000	-0.133928889999999995	-0.0329982763999999984
5257618000	-0.132035850600000004	-0.0331499796999999985
5257620000	-0.12872137019999999	-0.0329468783999999973
5257622000	-0.132470084099999996	-0.0326705582999999994
5257624000	-0.131105221299999991	-0.0311335875000000005
5257626000	-0.128438305000000003	-0.0298292079999999994
5257628000	-0.134479605299999999	-0.0325620927000000032
5257630000	-0.132539127199999995	-0.0300438916000000007
5257632000	-0.12962092959999999	-0.0287210240999999991
5257634000	-0.131405474800000005	-0.0293298001999999988
5257636000	-0.130434320900000011	-0.0285583338999999999
5257638000	-0.132109893799999989	-0.0301540931000000012
5257640000	-0.130922072499999986	-0.0305787967999999986
5257642000	-0.131380123799999998	-0.0304703389000000012
5257644000	-0.132065178000000005	-0.0301919127000000002
5257646000	-0.134512867400000014	-0.0310082047
5257648000	-0.132101094299999999	-0.0304017671999999989
5257650000	-0.131023463600000001	-0.0337554068999999998
5257652000	-0.133295697800000001	-0.0289753033000000014
5257654000	-0.131828665600000006	-0.0295716333000000005
5257656000	-0.133553117199999988	-0.0282153020000000011
5257658000	-0.13086284279999999	-0.0258101514999999997
5257660000	-0.130731568100000001	-0.026965799700000001
5257662000	-0.134548661099999994	-0.0295956417999999992
5257664000	-0.135336057499999995	-0.0275683229000000009
5257666000	-0.131591924500000013	-0.0302671225000000002
5257668000	-0.132182327099999997	-0.0287870029000000006
5257670000	-0.133209856099999996	-0.0262728240000000002
5257672000	-0.132536076400000008	-0.0247300139000000002
5257674000	-0.134757024899999994	-0.0257952670000000002
5257676000	-0.135941372199999994	-0.0283442897000000006
5257678000	-0.133694716600000013	-0.0270741765999999995
5257680000	-0.134514506799999989	-0.0266169846999999987
5257682000	-0.131722235399999998	-0.0284722198000000003
5257684000	-0.137135511399999993	-0.0309548338999999992
5257686000	-0.132838556200000013	-0.0290643725999999991
5257688000	-0.137128550200000004	-0.0249242783000000016
5257690000	-0.132368613400000001	-0.0275169702000000009
5257692000	-0.132798067600000014	-0.0293116430999999997
5257694000	-0.133160322299999995	-0.0279250272999999986
5257696000	-0.132774765300000014	-0.0270083231999999999
5257698000	-0.128681362599999988	-0.0236111924999999993
5257700000	-0.133752746799999989	-0.0256690796999999998
5257702000	-0.134438680899999996	-0.0272307089000000009
5257704000	-0.131471594599999991	-0.0228709066999999988
5257706000	-0.134144086899999987	-0.0230162852000000001
5257708000	-0.136286331099999991	-0.0263018733000000005
5257710000	-0.134112883799999999	-0.0295940745999999991
5257712000	-0.136547471899999995	-0.0251176795000000001
5257714000	-0.13230475659999999	-0.0250135554999999996
5257716000	-0.128988692200000005	-0.0262128359999999998
5257718000	-0.133815272099999993	-0.0273804654000000015
5257720000	-0.136704009900000006	-0.0254322308000000004
5257722000	-0.136560406500000009	-0.0219827161999999986
5257724000	-0.135470845499999992	-0.025025865500000001
5257726000	-0.129943259499999991	-0.0239197626000000017
5257728000	-0.131588816999999997	-0.0255355474000000006
5257730000	-0.131983834900000013	-0.0242482023999999984
5257732000	-0.134415170299999998	-0.0231276693000000005
5257734000	-0.132694701100000007	-0.0221938689000000001
5257736000	-0.138975879999999996	-0.0253320224000000011
5257738000	-0.137187315799999987	-0.0234685316999999997
5257740000	-0.13264775379999999	-0.0237427360000000004
5257742000	-0.135505499700000004	-0.0235193118000000014
5257744000	-0.136072358700000007	-0.0228286834000000008
5257746000	-0.136264713300000007	-0.0231809219999999996
5257748000	-0.136056595700000005	-0.0213725456000000008
5257750000	-0.134870398700000005	-0.0212087806000000011
5257752000	-0.135710848800000006	-0.0203043689000000013
5257754000	-0.130465887899999994	-0.0197537791999999983
5257756000	-0.13703326930000001	-0.0265019431000000014
5257758000	-0.136122328799999998	-0.0237351545000000011
5257760000	-0.140363423200000004	-0.0212370058
5257762000	-0.133311566800000003	-0.0194643372000000009
5257764000	-0.133754052600000006	-0.0223936441999999999
5257766000	-0.139095387099999995	-0.0208867431999999985
5257768000	-0.137436978399999993	-0.0215040147000000008
5257770000	-0.135464762699999991	-0.0227251254999999985
5257772000	-0.137184166400000002	-0.0203477513999999991
5257774000	-0.134282631799999996	-0.0196063393999999988
5257776000	-0.1390050444	-0.0220203863
5257778000	-0.134531105000000012	-0.0204877112999999993
5257780000	-0.134151683500000007	-0.0240491827999999991
5257782000	-0.131513902500000002	-0.0199445977000000003
5257784000	-0.133791032100000012	-0.0220437129000000016
5257786000	-0.135481930199999989	-0.0216738336999999989
5257788000	-0.134814986500000011	-0.0200823996999999997
5257790000	-0.134902710300000006	-0.0222031261000000014
5257792000	-0.135128470100000009	-0.0185598826999999987
5257794000	-0.138750642000000007	-0.0186537683999999995
5257796000	-0.137483058800000002	-0.0203813293000000006
5257798000	-0.135990607799999996	-0.0177806338000000008
5257800000	-0.133958515100000009	-0.0193683720999999996
5257802000	-0.135667581199999998	-0.0193920900999999986
5257804000	-0.134161555799999999	-0.019647814999999999
5257806000	-0.134705377099999996	-0.0230643758999999997
5257808000	-0.134912056100000011	-0.0180503929
5257810000	-0.138817696399999996	-0.0197217740999999988
5257812000	-0.138965270599999996	-0.0179078301999999988
5257814000	-0.132045513499999989	-0.0200161134999999983
5257816000	-0.133853366700000004	-0.0191179260000000004
5257818000	-0.136954840699999997	-0.0158468395000000012
5257820000	-0.135850116800000004	-0.0191041872000000008
5257822000	-0.134589808100000013	-0.0215707483000000012
5257824000	-0.139925357	-0.0186247393999999997
5257826000	-0.135710043400000008	-0.0149737181999999996
5257828000	-0.135035979	-0.0189535028000000008
5257830000	-0.136514624499999987	-0.0180843236000000004
5257832000	-0.135533185299999998	-0.0180906010000000013
5257834000	-0.137715865100000001	-0.0178657021999999999
5257836000	-0.136500101099999993	-0.0167444840999999983
5257838000	-0.136928989000000001	-0.0196693832999999992
5257840000	-0.136645062099999992	-0.0152292291999999996
5257842000	-0.1378337496	-0.0156357293999999994
5257844000	-0.136833123700000003	-0.0147425054999999992
5257846000	-0.135902945599999991	-0.0176249516000000009
5257848000	-0.1347471368	-0.0139654911999999992
5257850000	-0.13655631809999999	-0.0155519079999999997
5257852000	-0.133734165099999996	-0.0150589506000000008
5257854000	-0.137656024099999996	-0.016500827400000001
5257856000	-0.1394977513	-0.0152629655999999992
5257858000	-0.136989598500000004	-0.0140505287000000003
5257860000	-0.138280444100000011	-0.0121162866999999994
5257862000	-0.137295689100000007	-0.0129932811000000002
5257864000	-0.137383726600000006	-0.0164072216999999985
5257866000	-0.132361817200000009	-0.0126784115999999999
5257868000	-0.139171586200000003	-0.0173498103999999986
5257870000	-0.138043580100000007	-0.0161944039000000012
5257872000	-0.136894030700000002	-0.0152114282999999996
5257874000	-0.137375826899999998	-0.0168513040999999988
5257876000	-0.136902282399999992	-0.0145424542000000007
5257878000	-0.137797112299999996	-0.0182728856000000002
5257880000	-0.138053009899999996	-0.0152334562000000003
5257882000	-0.141872757900000007	-0.0149505811000000006
5257884000	-0.138288130199999998	-0.0164006455999999995
5257886000	-0.138255595499999995	-0.0154034888999999998
5257888000	-0.135164009800000012	-0.0144843595000000002
5257890000	-0.135149653799999991	-0.0138178902000000003
5257892000	-0.137158798100000007	-0.0132499850000000006
5257894000	-0.1394635122	-0.0176606017000000004
5257896000	-0.136506411299999991	-0.0102683340000000005
5257898000	-0.141477691999999988	-0.0146319339999999992
5257900000	-0.140581443100000009	-0.0134037362000000004
5257902000	-0.136673279600000003	-0.0122084076000000003
5257904000	-0.138335427600000005	-0.0155888895999999992
5257906000	-0.137069080700000012	-0.0126275103000000003
5257908000	-0.138204546499999997	-0.0111774881000000006
5257910000	-0.137866909900000001	-0.0116824618999999998
5257912000	-0.137110782900000006	-0.0107239502000000004
5257914000	-0.141341910799999998	-0.0118456958000000001
5257916000	-0.134081623300000008	-0.0123704055000000007
5257918000	-0.136115731600000012	-0.0127144466000000001
5257920000	-0.135795859399999996	-0.0155392034999999994
5257922000	-0.136889240699999998	-0.00961349119999999925
5257924000	-0.139140033100000005	-0.0113862023000000003
5257926000	-0.136334172199999992	-0.0130964380999999998
5257928000	-0.137942081299999991	-0.0136810052000000005
5257930000	-0.136431864900000005	-0.0112286242000000005
5257932000	-0.139474015499999993	-0.0120571827000000003
5257934000	-0.1322000968	-0.00791467430000000055
5257936000	-0.137654960399999998	-0.00800035500000000066
5257938000	-0.138480556700000007	-0.0096244215000000008
5257940000	-0.138216353799999997	-0.00971388750000000065
5257942000	-0.138303517300000012	-0.0128041896999999995
5257944000	-0.135247580199999995	-0.0147365268000000001
5257946000	-0.142469328000000006	-0.0111870391000000007
5257948000	-0.136494550299999989	-0.0110841692000000006
5257950000	-0.140453078399999987	-0.0127564402
5257952000	-0.138037579699999996	-0.00763375510000000035
5257954000	-0.136419991500000004	-0.0101523094999999997
5257956000	-0.137362780399999995	-0.0119300786999999991
5257958000	-0.137674147899999988	-0.00863419619999999943
5257960000	-0.142227742299999987	-0.00652871080000000034
5257962000	-0.140184884399999987	-0.0108824800999999995
5257964000	-0.141436998799999991	-0.0108479141999999994
5257966000	-0.137943744700000009	-0.0100248099000000007
5257968000	-0.139530919899999994	-0.00818105069999999941
5257970000	-0.137358129999999995	-0.00764908499999999991
5257972000	-0.138568100700000002	-0.0108707699000000005
5257974000	-0.132115038600000012	-0.00931046510000000001
5257976000	-0.137687528599999998	-0.0101149046000000003
5257978000	-0.141399800599999986	-0.00911992449999999948
5257980000	-0.138768734599999999	-0.00987050379999999949
5257982000	-0.139944915000000003	-0.00959767939999999972
5257984000	-0.13847892610000001	-0.00834452209999999965
5257986000	-0.138707562600000001	-0.00727928419999999965
5257988000	-0.13826035049999999	-0.0101446333000000007
5257990000	-0.138818423400000002	-0.00986754739999999922
5257992000	-0.137477291499999987	-0.0091586832999999996
5257994000	-0.138177857099999996	-0.0110205701999999996
5257996000	-0.135022406499999997	-0.00660432269999999995
5257998000	-0.137706745399999997	-0.00899051560000000034
5258000000	-0.138684924200000004	-0.00549483620000000041
5258002000	-0.135802430499999988	-0.00428518980000000028
5258004000	-0.13824136649999999	-0.00925850530000000074
5258006000	-0.135364621500000004	-0.00728286290000000006
5258008000	-0.138785159999999991	-0.00817105140000000049
5258010000	-0.137896327600000007	-0.0107839198999999993
5258012000	-0.141519616999999986	-0.00944638960000000055
5258014000	-0.138667433499999992	-0.00734058190000000041
5258016000	-0.140882050399999986	-0.00799622369999999916
5258018000	-0.13945515280000001	-0.0103615132000000002
5258020000	-0.1372911151	-0.00524598919999999958
5258022000	-0.139506366800000003	-0.00286304190000000007
5258024000	-0.136800088699999989	-0.00887636020000000074
5258026000	-0.140276788699999988	-0.00616318160000000042
5258028000	-0.137092447000000006	-0.00775084150000000024
5258030000	-0.136311334000000006	-0.00445257590000000016
5258032000	-0.139849737800000012	-0.00434052110000000043
5258034000	-0.137916570500000002	-0.00806200240000000054
5258036000	-0.140573694700000001	-0.00479524210000000038
5258038000	-0.138792826300000005	-0.00441717550000000035
5258040000	-0.138862283199999992	-0.00644966390000000032
5258042000	-0.137407379200000013	-0.0072209027000000002
5258044000	-0.140040941700000005	-0.00101390740000000001
5258046000	-0.132467506200000001	-0.00661063199999999997
5258048000	-0.142229198800000012	0.000475372599999999989
5258050000	-0.140316194000000005	-0.00864187819999999961
5258052000	-0.137327319599999997	-0.00557944940000000035
5258054000	-0.134683004699999997	-0.00418396810000000018
5258056000	-0.141381209400000013	-0.00349445599999999995
5258058000	-0.136998993099999994	-0.00431147689999999972
5258060000	-0.139556612299999994	-0.00720935889999999979
5258062000	-0.138276301099999999	-0.00453336520000000021
5258064000	-0.140541346900000003	-0.0056116804000000001
5258066000	-0.139332747099999987	-0.0065160601999999998
5258068000	-0.1370117478	-0.00633024289999999969
5258070000	-0.140524735300000009	-0.00438233310000000001
5258072000	-0.133421010799999989	-0.00249480360000000007
5258074000	-0.137738361100000012	-0.000654751200000000034
5258076000	-0.140114211799999999	-0.00169480059999999998
5258078000	-0.138325607600000011	-0.00425508530000000013
5258080000	-0.139821888899999996	-0.00221987839999999992
5258082000	-0.138646486600000007	0.000806238300000000022
5258084000	-0.140520390999999994	-0.00598500369999999983
5258086000	-0.142204113999999993	-0.00110759899999999991
5258088000	-0.135163154300000005	-0.00323823030000000003
5258090000	-0.140193622200000007	-0.00276832190000000011
5258092000	-0.140423962499999999	-0.000593713300000000047
5258094000	-0.142839405100000011	-0.0048692665999999999
5258096000	-0.139013772899999999	-0.00582216120000000024
5258098000	-0.138566376099999999	-0.00249270829999999983
5258100000	-0.143153214000000001	-0.00384038189999999979
