# freq, I e Q
5256100000	-0.162692301900000003	-0.183262498999999995
5256102000	-0.167198269600000005	-0.18017547980000001
5256104000	-0.168892713400000005	-0.1785535023
5256106000	-0.165089094500000005	-0.177348085600000011
5256108000	-0.166441468600000003	-0.18147609549999999
5256110000	-0.165950802000000008	-0.180386597199999998
5256112000	-0.16556175079999999	-0.178370644900000014
5256114000	-0.167530403200000011	-0.175544204000000009
5256116000	-0.166798974300000014	-0.181093678600000002
5256118000	-0.164412928000000014	-0.178805859700000014
5256120000	-0.168346593500000002	-0.179324810100000009
5256122000	-0.166553739400000012	-0.179219795999999987
5256124000	-0.1661454879	-0.182400603100000003
5256126000	-0.169366995800000003	-0.177795001300000005
5256128000	-0.168481043400000002	-0.182667494600000008
5256130000	-0.165892771500000008	-0.178309330900000007
5256132000	-0.163785275199999997	-0.175887428200000001
5256134000	-0.167536083400000008	-0.17928876660000001
5256136000	-0.168038060200000006	-0.17663527200000001
5256138000	-0.167987001100000005	-0.178768622799999999
5256140000	-0.168872686399999999	-0.177206279500000008
5256142000	-0.169298383999999996	-0.174289485900000013
5256144000	-0.171825565000000013	-0.177643883700000005
5256146000	-0.165011665199999991	-0.176138481399999991
5256148000	-0.165932725899999994	-0.175875481400000006
5256150000	-0.168545907100000003	-0.177029870000000006
5256152000	-0.166601630100000009	-0.175673467
5256154000	-0.16943082570000001	-0.175132772900000011
5256156000	-0.169657013899999987	-0.17752731229999999
5256158000	-0.168415657400000002	-0.1775252893
5256160000	-0.171146806099999993	-0.17510344189999999
5256162000	-0.170200496600000001	-0.17627872289999999
5256164000	-0.172131573700000012	-0.176365092899999992
5256166000	-0.169047569000000009	-0.173959639999999999
5256168000	-0.167769770099999993	-0.175748886999999993
5256170000	-0.169524147099999994	-0.178008567099999987
5256172000	-0.166955626999999995	-0.17394538100000001
5256174000	-0.171631168700000003	-0.17717222769999999
5256176000	-0.16988885749999999	-0.172684360700000011
5256178000	-0.1710964965	-0.177116128799999994
5256180000	-0.173493892700000013	-0.170423653099999989
5256182000	-0.170550932099999997	-0.176606502700000001
5256184000	-0.17283141560000001	-0.171589197599999993
5256186000	-0.170389392400000006	-0.175665443599999999
5256188000	-0.168048402000000013	-0.175911632300000009
5256190000	-0.169650150599999994	-0.173119613499999991
5256192000	-0.17099361669999999	-0.175794981600000011
5256194000	-0.172003691200000003	-0.178112926300000002
5256196000	-0.174479201100000009	-0.175233958999999995
5256198000	-0.172250494899999995	-0.172388772299999993
5256200000	-0.168916265199999999	-0.172510794299999992
5256202000	-0.172743617799999999	-0.174074280999999997
5256204000	-0.170644869700000007	-0.173513058100000006
5256206000	-0.172656338500000006	-0.174644591399999993
5256208000	-0.171506797500000002	-0.170075171299999994
5256210000	-0.174020784300000009	-0.172654182200000006
5256212000	-0.175821899599999998	-0.173715404399999995
5256214000	-0.170431895	-0.170098749900000012
5256216000	-0.175502030100000012	-0.173039905100000002
5256218000	-0.172073381999999997	-0.172196270499999998
5256220000	-0.175625494100000001	-0.1702329333
5256222000	-0.173699137599999998	-0.173402111599999992
5256224000	-0.170698916700000008	-0.172171878299999997
5256226000	-0.174054386000000005	-0.167075725899999999
5256228000	-0.174701137199999995	-0.170113863199999993
5256230000	-0.172890324799999995	-0.170897651099999992
5256232000	-0.172014045700000007	-0.170205787899999988
5256234000	-0.173894640299999986	-0.168497134100000001
5256236000	-0.170401857999999989	-0.171822646299999993
5256238000	-0.173923896900000013	-0.171696215799999996
5256240000	-0.175649330500000006	-0.171547861400000001
5256242000	-0.175756760000000012	-0.168999769200000011
5256244000	-0.170512655399999991	-0.172212935499999997
5256246000	-0.176961962800000011	-0.169983760900000003
5256248000	-0.175268532300000002	-0.17008603659999999
5256250000	-0.175807935700000001	-0.166876182699999986
5256252000	-0.173050466900000005	-0.168280861400000009
5256254000	-0.17702891770000001	-0.168407334699999994
5256256000	-0.176197386300000008	-0.168734695699999993
5256258000	-0.177147663799999994	-0.166655761799999996
5256260000	-0.171150033000000007	-0.172121109200000011
5256262000	-0.175493543800000013	-0.170852009100000007
5256264000	-0.175815938000000005	-0.166093877899999992
5256266000	-0.1775691415	-0.163144589099999987
5256268000	-0.175593447900000005	-0.167316742200000007
5256270000	-0.172287034400000011	-0.1657351819
5256272000	-0.176381466900000006	-0.168847642699999995
5256274000	-0.179088618199999994	-0.166435247300000005
5256276000	-0.181653143399999994	-0.168687642700000001
5256278000	-0.177249196400000003	-0.164974860700000003
5256280000	-0.179351803599999998	-0.166926485099999994
5256282000	-0.17521870819999999	-0.164134941899999998
5256284000	-0.177320999899999998	-0.168278576900000004
5256286000	-0.17564223100000001	-0.166664792199999995
5256288000	-0.174273822299999992	-0.164512155900000012
5256290000	-0.179019169899999997	-0.167849321200000012
5256292000	-0.177302638000000012	-0.16488145500000001
5256294000	-0.178434780999999987	-0.169492133299999986
5256296000	-0.17774761280000001	-0.170741415199999996
5256298000	-0.176466791399999989	-0.165636232900000013
5256300000	-0.178893022099999993	-0.164730614500000011
5256302000	-0.179692218200000003	-0.162469786300000002
5256304000	-0.178105468600000011	-0.167032340400000007
5256306000	-0.176263240399999993	-0.167251172000000004
5256308000	-0.176952040599999999	-0.166785632900000008
5256310000	-0.177165295700000003	-0.163886667000000014
5256312000	-0.181289824300000013	-0.166163234800000004
5256314000	-0.175086136000000003	-0.164315149699999996
5256316000	-0.179797990099999999	-0.164422907300000004
5256318000	-0.178729388399999994	-0.165512691900000009
5256320000	-0.180951090199999998	-0.16465341289999999
5256322000	-0.178495487199999997	-0.163065200500000007
5256324000	-0.180341200300000004	-0.16130620209999999
5256326000	-0.180422963999999991	-0.163101670199999993
5256328000	-0.177480684899999991	-0.162055109199999992
5256330000	-0.181059409599999999	-0.159409810699999988
5256332000	-0.176852520099999994	-0.162531721099999998
5256334000	-0.178899038199999999	-0.161659114399999998
5256336000	-0.175770625000000014	-0.159807606699999993
5256338000	-0.180054891999999994	-0.159737539799999995
5256340000	-0.180404166300000002	-0.164092673100000003
5256342000	-0.180037918500000005	-0.161375515400000002
5256344000	-0.178730436800000003	-0.1592993402
5256346000	-0.179757995100000012	-0.158670585000000003
5256348000	-0.182064224899999988	-0.158318287000000002
5256350000	-0.182001599399999991	-0.162043457499999988
5256352000	-0.180689186499999987	-0.159361135099999995
5256354000	-0.180046052300000009	-0.159942591100000003
5256356000	-0.18270608490000001	-0.161555306900000001
5256358000	-0.181361995800000009	-0.160926283400000009
5256360000	-0.185204838900000002	-0.15887009660000001
5256362000	-0.179196550099999991	-0.1630718206
5256364000	-0.182132289499999989	-0.160608986600000003
5256366000	-0.184877393899999992	-0.159985525699999992
5256368000	-0.180174694999999996	-0.15966529530000001
5256370000	-0.182837049400000007	-0.160963363400000004
5256372000	-0.18084645290000001	-0.162550666600000004
5256374000	-0.180084086700000007	-0.15921601660000001
5256376000	-0.183932871100000006	-0.158461694799999997
5256378000	-0.180286722399999988	-0.157802520700000004
5256380000	-0.185258618099999994	-0.159050408300000001
5256382000	-0.181353020899999995	-0.157422486800000011
5256384000	-0.18372463650000001	-0.158843436799999987
5256386000	-0.181363988100000012	-0.160064481400000014
5256388000	-0.183194167999999991	-0.1546593946
5256390000	-0.186320117899999999	-0.1574088347
5256392000	-0.185105953500000003	-0.155578590300000014
5256394000	-0.183307725899999996	-0.156730153499999997
5256396000	-0.18357065689999999	-0.158215887999999999
5256398000	-0.179301991900000013	-0.153109301700000006
5256400000	-0.183257608900000007	-0.152330006299999987
5256402000	-0.183114511899999999	-0.157516989400000001
5256404000	-0.18576107750000001	-0.159787259600000009
5256406000	-0.186527523599999995	-0.158298854200000005
5256408000	-0.184946888599999998	-0.153468532699999993
5256410000	-0.183701402200000002	-0.158022142300000001
5256412000	-0.184820496000000001	-0.153249770499999993
5256414000	-0.185610353199999994	-0.154275763499999996
5256416000	-0.180604821400000004	-0.15559812340000001
5256418000	-0.184918997499999987	-0.156156067300000007
5256420000	-0.184580247100000011	-0.155333055800000008
5256422000	-0.184819667500000007	-0.152796849799999995
5256424000	-0.183585893299999997	-0.156412077900000002
5256426000	-0.186306348300000008	-0.151233562300000013
5256428000	-0.186985947300000011	-0.152325052900000008
5256430000	-0.185720611899999999	-0.152654275799999989
5256432000	-0.184245392099999988	-0.156789642499999993
5256434000	-0.185229676700000012	-0.157238359699999997
5256436000	-0.183671506200000001	-0.152420737599999995
5256438000	-0.186765456999999996	-0.150770458100000004
5256440000	-0.181539285599999989	-0.151194180300000008
5256442000	-0.188952746499999991	-0.154066925900000012
5256444000	-0.184971575299999996	-0.150179024599999988
5256446000	-0.189425741600000003	-0.1511587348
5256448000	-0.188158755900000002	-0.151449855699999997
5256450000	-0.187031710200000006	-0.149767773800000004
5256452000	-0.184650634499999994	-0.150640580800000007
5256454000	-0.184831802600000011	-0.151141708499999999
5256456000	-0.186673912999999997	-0.149493531799999996
5256458000	-0.18769466030000001	-0.1487467331
5256460000	-0.191493775899999996	-0.150009331200000012
5256462000	-0.189199000199999995	-0.150105299400000003
5256464000	-0.18961837379999999	-0.150024280799999993
5256466000	-0.192369376399999986	-0.150087988499999991
5256468000	-0.186789215000000008	-0.150089826799999992
5256470000	-0.188585574300000003	-0.15031115719999999
5256472000	-0.185126014000000005	-0.152261096799999995
5256474000	-0.187517259500000005	-0.151135855699999988
5256476000	-0.189240255400000001	-0.150605893299999988
5256478000	-0.188115084500000002	-0.15132733470000001
5256480000	-0.187080101500000012	-0.147771271900000001
5256482000	-0.187078900500000006	-0.148881866000000002
5256484000	-0.188640338399999996	-0.151538853100000009
5256486000	-0.189519428999999989	-0.145135907700000011
5256488000	-0.186518905699999987	-0.147335385399999991
5256490000	-0.189118165000000005	-0.144683437100000006
5256492000	-0.191427114000000009	-0.14819102340000001
5256494000	-0.191656921099999988	-0.149554374999999989
5256496000	-0.192035402599999988	-0.147749408500000012
5256498000	-0.187890497399999995	-0.145707946100000013
5256500000	-0.186463675299999992	-0.150462150699999991
5256502000	-0.189780463799999993	-0.144476454700000007
5256504000	-0.189848328199999999	-0.143941389100000011
5256506000	-0.186962706000000006	-0.145773208900000006
5256508000	-0.19011500349999999	-0.144287937100000013
5256510000	-0.189337769399999994	-0.143471217200000001
5256512000	-0.189527495299999987	-0.14848550499999999
5256514000	-0.191424102699999987	-0.143968223199999995
5256516000	-0.191858525599999996	-0.1446683785
5256518000	-0.189968408799999988	-0.141252820499999987
5256520000	-0.189272511300000001	-0.144077207499999999
5256522000	-0.190320425900000006	-0.140861871700000002
5256524000	-0.187872610200000012	-0.145721257999999992
5256526000	-0.194832380199999988	-0.140944421200000003
5256528000	-0.191669890799999992	-0.14167648699999999
5256530000	-0.189073594600000006	-0.140479826800000013
5256532000	-0.19177450330000001	-0.140197325000000012
5256534000	-0.192084393500000006	-0.140239673700000012
5256536000	-0.193249759599999987	-0.144122567300000004
5256538000	-0.190880540200000004	-0.139866701700000012
5256540000	-0.189877478699999991	-0.142332187100000007
5256542000	-0.190803746999999996	-0.138367161300000013
5256544000	-0.191488821199999992	-0.14212368119999999
5256546000	-0.188298297100000012	-0.142223285199999994
5256548000	-0.191397482000000008	-0.13873925949999999
5256550000	-0.188344396200000014	-0.138762984799999989
5256552000	-0.192368610500000009	-0.138217598500000011
5256554000	-0.191455645199999996	-0.139504933800000008
5256556000	-0.19182884380000001	-0.137035510999999999
5256558000	-0.189790246200000012	-0.138408809399999999
5256560000	-0.191525271400000002	-0.140169752000000009
5256562000	-0.190302824499999995	-0.135141388800000012
5256564000	-0.194247072599999987	-0.139985679000000002
5256566000	-0.194011499899999995	-0.133208760000000009
5256568000	-0.191710591900000005	-0.139060851499999999
5256570000	-0.192160494200000004	-0.135243009800000008
5256572000	-0.194733936800000007	-0.136723176899999993
5256574000	-0.192774753399999998	-0.133301018100000002
5256576000	-0.192243899899999987	-0.138028514500000005
5256578000	-0.195272284699999993	-0.131402932500000014
5256580000	-0.192557830399999991	-0.133586589499999991
5256582000	-0.194731285899999995	-0.136320783400000006
5256584000	-0.193538737300000013	-0.133895025400000006
5256586000	-0.19554678310000001	-0.131965703900000009
5256588000	-0.193626109800000001	-0.135689538999999998
5256590000	-0.192145537199999994	-0.132510262699999992
5256592000	-0.195863897799999992	-0.134341081400000006
5256594000	-0.191729525000000012	-0.1333323327
5256596000	-0.193777810900000014	-0.13438702520000001
5256598000	-0.196248053700000008	-0.129178064000000009
5256600000	-0.197515058100000002	-0.130138687400000008
5256602000	-0.194541014600000006	-0.134290073499999996
5256604000	-0.193841288400000006	-0.133159090000000008
5256606000	-0.192159222099999999	-0.127523545799999999
5256608000	-0.19823382719999999	-0.12785199550000001
5256610000	-0.196689741299999998	-0.134948930699999997
5256612000	-0.193386103300000001	-0.129547104100000005
5256614000	-0.1985430215	-0.131720357600000004
5256616000	-0.192558963299999997	-0.132062203999999989
5256618000	-0.196578957800000009	-0.127269533500000004
5256620000	-0.192696450200000008	-0.132202243100000005
5256622000	-0.193932004500000005	-0.129682964799999995
5256624000	-0.197353645299999991	-0.130224814900000013
5256626000	-0.197018974499999999	-0.131643235500000011
5256628000	-0.195411724000000009	-0.126726610099999998
5256630000	-0.194384965200000009	-0.126939813000000012
5256632000	-0.195164937300000008	-0.128251306799999992
5256634000	-0.195673901300000008	-0.127173911800000011
5256636000	-0.193713250100000012	-0.127315876999999994
5256638000	-0.197395635200000003	-0.125906933700000001
5256640000	-0.193743168399999999	-0.129946108899999996
5256642000	-0.196522167899999989	-0.126325896100000001
5256644000	-0.198951227499999994	-0.124044311599999998
5256646000	-0.197259084499999987	-0.124843445799999994
5256648000	-0.193263541300000008	-0.125666301499999994
5256650000	-0.196907559900000001	-0.123398248000000002
5256652000	-0.198689068899999988	-0.123755538299999995
5256654000	-0.195098008299999987	-0.124695762799999998
5256656000	-0.196011364999999993	-0.123314738100000001
5256658000	-0.2003656979	-0.123184696900000001
5256660000	-0.197613470600000007	-0.120270590699999999
5256662000	-0.199244643100000007	-0.122794149399999997
5256664000	-0.199201399800000012	-0.122614714700000002
5256666000	-0.196518630400000005	-0.124497353300000002
5256668000	-0.193294830499999987	-0.119515550999999998
5256670000	-0.198297008599999991	-0.122750164100000003
5256672000	-0.196847264399999999	-0.122802162800000003
5256674000	-0.200311578299999987	-0.115796028699999998
5256676000	-0.197531913799999986	-0.118866650500000004
5256678000	-0.197574175500000004	-0.117489448900000001
5256680000	-0.195530288400000002	-0.117341073099999998
5256682000	-0.196353173299999989	-0.118595999600000002
5256684000	-0.20059729770000001	-0.121405687499999998
5256686000	-0.199677204500000011	-0.117918939900000005
5256688000	-0.198761311100000004	-0.115484737099999998
5256690000	-0.193741884499999989	-0.120282747199999998
5256692000	-0.194106823099999992	-0.117771456400000002
5256694000	-0.199451119600000004	-0.118646447000000002
5256696000	-0.194768510499999992	-0.115094525099999997
5256698000	-0.196626639500000006	-0.117374942800000007
5256700000	-0.199381507499999999	-0.116704793799999998
5256702000	-0.196910598399999998	-0.112094022200000004
5256704000	-0.199472909899999995	-0.114126609500000004
5256706000	-0.195645980299999994	-0.112738344200000007
5256708000	-0.196258319900000006	-0.1170146086
5256710000	-0.197445494199999988	-0.110847370099999995
5256712000	-0.200376999400000005	-0.1134853215
5256714000	-0.197740256700000006	-0.113539856199999997
5256716000	-0.197940231999999994	-0.113634679099999997
5256718000	-0.20082603730000001	-0.109276013599999999
5256720000	-0.194361462200000001	-0.108846674000000004
5256722000	-0.196497281500000009	-0.110569902100000006
5256724000	-0.195259092599999989	-0.111110642999999995
5256726000	-0.197932975300000008	-0.110438682199999999
5256728000	-0.199200194200000014	-0.110255363600000003
5256730000	-0.19502408730000001	-0.109064228200000002
5256732000	-0.19827061700000001	-0.105245513200000002
5256734000	-0.198519358899999998	-0.110735812700000005
5256736000	-0.199685035799999994	-0.108897761900000001
5256738000	-0.195151563	-0.107024292600000001
5256740000	-0.200380165299999996	-0.108559989100000004
5256742000	-0.198935965200000009	-0.108437406900000005
5256744000	-0.198421441799999987	-0.107359623799999998
5256746000	-0.197807076800000009	-0.103491535100000004
5256748000	-0.197342197999999996	-0.1044509785
5256750000	-0.196890368600000004	-0.105709816900000003
5256752000	-0.197665848799999988	-0.100691305800000006
5256754000	-0.198471981399999997	-0.104665497299999993
5256756000	-0.199552741400000011	-0.101482136700000003
5256758000	-0.196793542500000002	-0.104424867099999999
5256760000	-0.194490924499999995	-0.0970739065000000012
5256762000	-0.195920841499999998	-0.107004123399999998
5256764000	-0.199040332600000008	-0.1007361591
5256766000	-0.197343995299999991	-0.101068903900000007
5256768000	-0.197920477700000014	-0.0993173606000000014
5256770000	-0.199372925899999998	-0.101571823699999994
5256772000	-0.197121793999999989	-0.097386434899999999
5256774000	-0.196307450800000005	-0.100023436199999996
5256776000	-0.198465336800000003	-0.0995702806000000051
5256778000	-0.200013291799999993	-0.0950042826999999979
5256780000	-0.196838304699999994	-0.0963057430999999936
5256782000	-0.195669026100000004	-0.0970260990999999989
5256784000	-0.195559915599999995	-0.0926618934000000005
5256786000	-0.194763235700000009	-0.0948059879999999938
5256788000	-0.197547701699999995	-0.0941456843999999987
5256790000	-0.197789571500000011	-0.0922992928999999962
5256792000	-0.197042478699999996	-0.0941627176999999954
5256794000	-0.198734027400000013	-0.0917902230999999985
5256796000	-0.1991051868	-0.0895426591000000049
5256798000	-0.200923708700000009	-0.0940629755000000067
5256800000	-0.195987791900000013	-0.0922511119000000018
5256802000	-0.196678779599999992	-0.0916545482999999994
5256804000	-0.198841487700000014	-0.0930916655000000037
5256806000	-0.195357476599999996	-0.087252438099999996
5256808000	-0.198283419999999988	-0.0874372147000000016
5256810000	-0.199315089700000003	-0.0915235900000000019
5256812000	-0.195530034800000002	-0.0885422579999999987
5256814000	-0.19644517210000001	-0.0897686736999999957
5256816000	-0.193161194000000008	-0.0841826351000000001
5256818000	-0.191545799200000005	-0.0856789991000000001
5256820000	-0.193351201100000009	-0.0841760104000000009
5256822000	-0.1952799281	-0.0879933278000000069
5256824000	-0.195293967699999987	-0.0876114974999999963
5256826000	-0.1979498549	-0.0832593130000000015
5256828000	-0.19696021259999999	-0.0859987475000000001
5256830000	-0.193155026499999993	-0.0820098927000000033
5256832000	-0.193839580399999989	-0.0859361156000000015
5256834000	-0.193984286199999995	-0.0799661318000000065
5256836000	-0.193746855800000006	-0.0800376886000000037
5256838000	-0.193799162200000014	-0.080360032299999995
5256840000	-0.194758766	-0.0811298280000000011
5256842000	-0.197724087100000001	-0.0780043638000000039
5256844000	-0.19636723419999999	-0.0762779705000000002
5256846000	-0.195316523999999991	-0.0784354929000000006
5256848000	-0.189175346500000008	-0.0772186589999999951
5256850000	-0.190097114700000014	-0.0774448159999999997
5256852000	-0.195459756799999995	-0.0738645398000000036
5256854000	-0.191085618699999987	-0.0742483756999999939
5256856000	-0.190387736000000002	-0.0748607817000000036
5256858000	-0.192113225999999998	-0.0710994065000000036
5256860000	-0.190061380299999999	-0.0734541766999999984
5256862000	-0.193968711500000002	-0.0723571088000000001
5256864000	-0.189990819300000002	-0.0693998400000000043
5256866000	-0.189673596500000013	-0.0701217466000000067
5256868000	-0.191834605500000005	-0.0724583015000000025
5256870000	-0.189381513599999995	-0.0737431583999999946
5256872000	-0.1883266834	-0.0695340259999999988
5256874000	-0.190300925700000012	-0.0704869268999999965
5256876000	-0.194482905000000011	-0.0693774075999999962
5256878000	-0.185444549699999989	-0.0706471909000000037
5256880000	-0.187162181499999997	-0.0679031439999999986
5256882000	-0.190107894400000005	-0.0683175087999999958
5256884000	-0.190272877300000004	-0.0654210050999999987
5256886000	-0.188319006499999997	-0.067723212599999999
5256888000	-0.18555849029999999	-0.0633112319999999951
5256890000	-0.189878300999999999	-0.0668968030000000047
5256892000	-0.185423843300000002	-0.0645261728000000034
5256894000	-0.183925700500000011	-0.0644857276999999951
5256896000	-0.184407417900000009	-0.0617932445999999982
5256898000	-0.189300726599999997	-0.0617207566999999971
5256900000	-0.183832914200000003	-0.0597378454000000031
5256902000	-0.185485304900000009	-0.0604699804999999993
5256904000	-0.183305438999999987	-0.0601746561000000013
5256906000	-0.185566875100000001	-0.0576164545999999986
5256908000	-0.182271551100000012	-0.0546944321999999969
5256910000	-0.185872037299999987	-0.0552669620000000028
5256912000	-0.179732013999999996	-0.0532576735999999995
5256914000	-0.181410561199999987	-0.0525074764000000027
5256916000	-0.17968107350000001	-0.0550622486000000022
5256918000	-0.178701336099999997	-0.057411874100000003
5256920000	-0.180492477099999993	-0.0522210382000000001
5256922000	-0.175404097000000009	-0.0528549346000000003
5256924000	-0.178384622900000012	-0.0533603302000000002
5256926000	-0.177782213100000003	-0.0488886674000000021
5256928000	-0.177946672599999994	-0.0531228280999999983
5256930000	-0.178775645099999991	-0.0485952914999999985
5256932000	-0.174916959000000011	-0.0512776325000000033
5256934000	-0.174819625700000009	-0.0463107119000000025
5256936000	-0.175155217599999996	-0.0439475646000000025
5256938000	-0.174849651699999997	-0.0449107154000000022
5256940000	-0.172492823200000006	-0.0431262121999999998
5256942000	-0.169211647800000003	-0.0440441345999999997
5256944000	-0.171608442800000011	-0.0431133153000000033
5256946000	-0.171542241900000003	-0.0435914010000000018
5256948000	-0.172135327000000005	-0.0421404885999999979
5256950000	-0.166631604900000008	-0.0406269752999999997
5256952000	-0.16791007429999999	-0.0414495594999999967
5256954000	-0.170009866199999998	-0.0410639271000000014
5256956000	-0.166507963199999998	-0.0400193239000000006
5256958000	-0.163962950100000004	-0.0403032975000000016
5256960000	-0.163830321000000001	-0.0375636602000000014
5256962000	-0.164751346800000004	-0.0371247528000000007
5256964000	-0.158765868700000007	-0.0322610180000000024
5256966000	-0.161636506499999999	-0.0360735307000000019
5256968000	-0.159886293699999987	-0.0385060843
5256970000	-0.158720602200000005	-0.0342382966999999969
5256972000	-0.15764724590000001	-0.0337348515000000029
5256974000	-0.157631171300000011	-0.0316356245000000008
5256976000	-0.158148036800000003	-0.0312752935999999968
5256978000	-0.15549074169999999	-0.0338577394000000031
5256980000	-0.151683137400000001	-0.0322689016999999981
5256982000	-0.150320904700000008	-0.0302275907999999989
5256984000	-0.151928515099999994	-0.0315915972000000017
5256986000	-0.149248207599999988	-0.0308632268999999987
5256988000	-0.1455438379	-0.0267984003999999984
5256990000	-0.147462656500000011	-0.0296092735999999995
5256992000	-0.145404463099999992	-0.0274327021000000011
5256994000	-0.146109211999999988	-0.0239141408000000007
5256996000	-0.147327080100000007	-0.0277122573000000011
5256998000	-0.141818953500000011	-0.0294092768999999997
5257000000	-0.139079335800000009	-0.025485799600000001
5257002000	-0.138186070699999997	-0.0223974701999999984
5257004000	-0.138225220300000007	-0.0262156157000000001
5257006000	-0.133249744100000012	-0.0236648116999999998
5257008000	-0.138569552699999987	-0.0246284667000000006
5257010000	-0.133366235299999997	-0.0188819203999999984
5257012000	-0.131581450099999997	-0.0247184693000000004
5257014000	-0.133117912199999994	-0.0240886395999999996
5257016000	-0.129546367999999995	-0.0239047216000000014
5257018000	-0.125138814500000001	-0.0245010620999999984
5257020000	-0.121513140899999997	-0.0249576276000000007
5257022000	-0.12518638230000001	-0.0219339885999999991
5257024000	-0.123216977500000005	-0.0222805803999999996
5257026000	-0.118801086099999995	-0.0268309571000000004
5257028000	-0.121543046900000007	-0.0191492233000000005
5257030000	-0.113803074500000004	-0.022716176099999999
5257032000	-0.114943972699999994	-0.0227849777000000003
5257034000	-0.113435019600000006	-0.0215424100000000014
5257036000	-0.111702296699999995	-0.0236094051999999992
5257038000	-0.109168714599999994	-0.0230816117999999987
5257040000	-0.108022525499999994	-0.0229587526
5257042000	-0.105454220599999995	-0.0247394561000000013
5257044000	-0.100099537000000002	-0.0223313057999999995
5257046000	-0.102361540900000006	-0.0210865732
5257048000	-0.0968146537000000029	-0.0224855183
5257050000	-0.0951257677999999968	-0.0242799907000000002
5257052000	-0.0954641888000000022	-0.0243523640999999992
5257054000	-0.0939902541000000036	-0.0236452914999999986
5257056000	-0.0952246429999999977	-0.022436649999999999
5257058000	-0.0926814120999999991	-0.0243534239999999985
5257060000	-0.0895299043999999988	-0.0285409340999999983
5257062000	-0.0869442695999999987	-0.0277599388999999995
5257064000	-0.0856058269999999955	-0.0256268347000000001
5257066000	-0.0813107502999999981	-0.0302675610999999997
5257068000	-0.0848997350000000039	-0.0318504526000000024
5257070000	-0.0797556955999999956	-0.0322282804999999978
5257072000	-0.0747721008000000048	-0.0326287864999999996
5257074000	-0.0754735586999999986	-0.0324231538
5257076000	-0.077602808800000006	-0.0339836518000000004
5257078000	-0.0732438983999999932	-0.0344232339000000026
5257080000	-0.0731491754000000022	-0.034994579599999999
5257082000	-0.070018253399999994	-0.0334946609000000006
5257084000	-0.0689382729	-0.0420440065000000016
5257086000	-0.0657357620000000031	-0.0400157954999999996
5257088000	-0.0667477781999999964	-0.0429490563000000034
5257090000	-0.0640972429999999982	-0.037976534800000003
5257092000	-0.0659967204999999946	-0.0450010224
5257094000	-0.0628638086000000013	-0.0444577924000000013
5257096000	-0.062985695199999997	-0.0474720770000000014
5257098000	-0.055721232699999998	-0.0462689862000000007
5257100000	-0.057768801699999997	-0.0450943945999999971
5257102000	-0.053654477300000003	-0.0525782971999999987
5257104000	-0.0538567308000000022	-0.0508777462999999985
5257106000	-0.0543987762999999999	-0.053539526300000001
5257108000	-0.0532401893999999987	-0.0599200067000000003
5257110000	-0.0525357636000000003	-0.0582265144999999998
5257112000	-0.0527794851999999967	-0.0604853760000000004
5257114000	-0.0468510748000000032	-0.0642700449000000035
5257116000	-0.045545842000000003	-0.0634756788999999988
5257118000	-0.0463898443999999979	-0.0617099030999999978
5257120000	-0.0458716043000000004	-0.0692824575999999998
5257122000	-0.0438595625999999988	-0.0712356900999999987
5257124000	-0.0444965090999999979	-0.0667407576000000058
5257126000	-0.0422808162000000015	-0.0763598947
5257128000	-0.044169953900000003	-0.0730292052000000025
5257130000	-0.0440015434999999969	-0.0762478474999999933
5257132000	-0.0400995348999999973	-0.0784386920000000043
5257134000	-0.0393790347999999971	-0.0781248219000000022
5257136000	-0.0352674092000000022	-0.0820827972999999961
5257138000	-0.0412174541000000019	-0.0822576322999999943
5257140000	-0.0358907216000000015	-0.084716049099999996
5257142000	-0.0339373232000000011	-0.0870062672000000009
5257144000	-0.0362000736000000004	-0.0885425259999999964
5257146000	-0.0392215350000000018	-0.089044193100000002
5257148000	-0.035195139200000003	-0.0900818666000000046
5257150000	-0.0392576212000000022	-0.0943548361000000058
5257152000	-0.0393666390000000019	-0.0989284966999999932
5257154000	-0.0355647555000000032	-0.0972220897000000001
5257156000	-0.034219446399999999	-0.103125851700000007
5257158000	-0.0375743476000000021	-0.105307774600000001
5257160000	-0.0339540958000000004	-0.104367601899999995
5257162000	-0.0349144699000000017	-0.105708125
5257164000	-0.0370511356	-0.111712397000000005
5257166000	-0.0352356139999999984	-0.113548018900000006
5257168000	-0.037698191300000003	-0.111471737299999998
5257170000	-0.0406919260999999977	-0.114689536100000003
5257172000	-0.0397599931000000018	-0.118242348400000002
5257174000	-0.0396516397999999992	-0.122716443600000003
5257176000	-0.0361498222000000008	-0.121273130399999998
5257178000	-0.0368118365000000003	-0.118554209199999996
5257180000	-0.0438218546000000014	-0.116743898700000001
5257182000	-0.040463307900000002	-0.124442422900000002
5257184000	-0.0414876246000000018	-0.129350497600000003
5257186000	-0.0419155530000000012	-0.125916891599999997
5257188000	-0.0421745036999999975	-0.128534092099999997
5257190000	-0.0430472514000000001	-0.132080146499999995
5257192000	-0.0437001322999999997	-0.133694814200000012
5257194000	-0.0455351841000000007	-0.133005095600000012
5257196000	-0.0413276969999999966	-0.138712275699999998
5257198000	-0.0456235148000000007	-0.136643940999999991
5257200000	-0.0469449394999999978	-0.139385044300000011
5257202000	-0.0492548106999999985	-0.138309398299999997
5257204000	-0.0485943585999999983	-0.140374162899999988
5257206000	-0.0485812974000000009	-0.139967920800000006
5257208000	-0.0530194126999999973	-0.144923656200000001
5257210000	-0.0514346261999999999	-0.148778155999999995
5257212000	-0.050526310900000003	-0.145620613199999999
5257214000	-0.0537529303000000014	-0.150374097099999993
5257216000	-0.0499462202999999966	-0.149002147499999987
5257218000	-0.0522562713999999984	-0.147641125799999995
5257220000	-0.0583854981000000023	-0.152812279800000006
5257222000	-0.0547916109000000026	-0.156058980300000011
5257224000	-0.0557547919999999975	-0.154588481100000008
5257226000	-0.0568283954999999966	-0.152673280800000005
5257228000	-0.056331738800000003	-0.156757157600000002
5257230000	-0.0556995636000000016	-0.157206535400000014
5257232000	-0.0603706079999999992	-0.159931138
5257234000	-0.0615728905999999993	-0.158818092599999988
5257236000	-0.0597443234000000004	-0.158933990500000011
5257238000	-0.0632710627000000053	-0.159248828499999995
5257240000	-0.0619127661999999968	-0.162677631600000011
5257242000	-0.0634201523000000045	-0.164189663099999994
5257244000	-0.0644993638999999952	-0.166177740699999993
5257246000	-0.064560359100000006	-0.166316869000000006
5257248000	-0.0666999776000000016	-0.166295379399999999
5257250000	-0.0670271577000000063	-0.166039911499999998
5257252000	-0.0734275593000000004	-0.167232292599999999
5257254000	-0.0694027734000000063	-0.16793165060000001
5257256000	-0.0700532739999999987	-0.167694739399999987
5257258000	-0.072883594600000004	-0.171108551400000003
5257260000	-0.0723507926000000051	-0.171618938700000001
5257262000	-0.0746742130000000032	-0.171024384599999996
5257264000	-0.0762133108000000031	-0.169207349099999987
5257266000	-0.0759237306000000028	-0.172329865500000012
5257268000	-0.0750925501000000023	-0.16945174830000001
5257270000	-0.0770433779000000013	-0.17282339490000001
5257272000	-0.0795877085000000067	-0.172022928200000008
5257274000	-0.0780574626999999965	-0.171635599199999989
5257276000	-0.0794471546000000001	-0.177498104600000012
5257278000	-0.0819978967999999975	-0.177090676700000005
5257280000	-0.0834625283000000051	-0.177597511300000011
5257282000	-0.0842282111999999999	-0.174474356800000008
5257284000	-0.0846570618000000025	-0.176011057100000007
5257286000	-0.084761815800000001	-0.175481517199999992
5257288000	-0.0885129218999999995	-0.179217675500000007
5257290000	-0.0847302870000000014	-0.17820321389999999
5257292000	-0.0860609083000000025	-0.176658253999999987
5257294000	-0.0908199236000000049	-0.177429954400000006
5257296000	-0.0898292108000000034	-0.179028254599999992
5257298000	-0.0936191385999999987	-0.179794892499999998
5257300000	-0.0934556319999999968	-0.17781431889999999
5257302000	-0.0885406636999999941	-0.178344886199999997
5257304000	-0.0957845913999999937	-0.180252867099999992
5257306000	-0.0911830205999999976	-0.180514647800000011
5257308000	-0.100469699199999998	-0.179853681500000001
5257310000	-0.0966326903000000043	-0.177887115099999993
5257312000	-0.0957515669999999958	-0.180671446600000007
5257314000	-0.098373878299999995	-0.181291504399999998
5257316000	-0.100670266699999997	-0.181166378999999989
5257318000	-0.0992826291999999999	-0.178878797000000006
5257320000	-0.100454505200000002	-0.175519859499999986
5257322000	-0.100513273299999997	-0.180701020099999998
5257324000	-0.105926625199999999	-0.182048573699999994
5257326000	-0.102486376000000004	-0.183941871700000009
5257328000	-0.105544248199999996	-0.182373982299999987
5257330000	-0.106629718400000004	-0.184642423700000002
5257332000	-0.110240854299999996	-0.180008539299999992
5257334000	-0.106767789200000005	-0.186274853600000012
5257336000	-0.109463443800000004	-0.183775928100000013
5257338000	-0.106061579599999997	-0.182835368800000009
5257340000	-0.107974796600000006	-0.181878865000000001
5257342000	-0.108787152200000001	-0.182292223499999989
5257344000	-0.109324626699999997	-0.179410947500000001
5257346000	-0.111331393200000003	-0.18422752710000001
5257348000	-0.111793335300000005	-0.180185211900000003
5257350000	-0.111341433300000001	-0.1866830508
5257352000	-0.116150062999999998	-0.184921916299999989
5257354000	-0.113158496400000003	-0.186399091200000006
5257356000	-0.110512863500000003	-0.182708155300000008
5257358000	-0.118467230100000001	-0.188366083500000003
5257360000	-0.114317874599999994	-0.185084650299999987
5257362000	-0.116581898500000003	-0.184090900400000007
5257364000	-0.115165676300000006	-0.184619418199999996
5257366000	-0.116198793199999997	-0.179576663800000008
5257368000	-0.117417227499999999	-0.181397938700000011
5257370000	-0.118833190399999997	-0.183331787299999993
5257372000	-0.119732061000000001	-0.181720206800000006
5257374000	-0.121636194500000003	-0.184311233699999993
5257376000	-0.119036354299999994	-0.18208898770000001
5257378000	-0.123017437499999993	-0.18541104759999999
5257380000	-0.125099565200000012	-0.184360399099999989
5257382000	-0.123349005400000003	-0.186231303999999986
5257384000	-0.125691178399999992	-0.184481702999999997
5257386000	-0.125625562999999996	-0.182132525399999995
5257388000	-0.121022432200000002	-0.183066270700000006
5257390000	-0.124202048900000001	-0.1842931971
5257392000	-0.126409282499999998	-0.1861414069
5257394000	-0.127728261600000004	-0.182085765600000005
5257396000	-0.1294788308	-0.180684563200000009
5257398000	-0.129826665000000008	-0.186791429600000003
5257400000	-0.126325151400000002	-0.184263904499999992
5257402000	-0.131579309799999988	-0.1829379441
5257404000	-0.13181216979999999	-0.182112902999999993
5257406000	-0.128439588599999988	-0.1829915285
5257408000	-0.128688774899999997	-0.182416270200000008
5257410000	-0.132678448899999996	-0.184137214800000004
5257412000	-0.131614703	-0.181975890499999987
5257414000	-0.134486784500000012	-0.183328627399999999
5257416000	-0.135925528299999987	-0.1807771819
5257418000	-0.134117461599999988	-0.185453970400000001
5257420000	-0.135062226899999999	-0.18446394390000001
5257422000	-0.1386456207	-0.181377833399999994
5257424000	-0.1348871455	-0.185050465100000006
5257426000	-0.136295178900000008	-0.180687024899999993
5257428000	-0.134077406199999999	-0.182720169799999999
5257430000	-0.140188260499999995	-0.182468513199999988
5257432000	-0.140284117300000011	-0.181523188700000004
5257434000	-0.141966524600000005	-0.185976220500000011
5257436000	-0.141401071299999986	-0.183547988400000001
5257438000	-0.139062049399999998	-0.17848297090000001
5257440000	-0.138764337900000007	-0.183801525100000002
5257442000	-0.140584290899999992	-0.182997641099999997
5257444000	-0.142112926700000003	-0.181589734400000008
5257446000	-0.14469351150000001	-0.180456111599999997
5257448000	-0.143206964399999997	-0.182548622599999988
5257450000	-0.1416524002	-0.179707498100000002
5257452000	-0.1467431914	-0.184074106999999987
5257454000	-0.145026215699999989	-0.181472640200000007
5257456000	-0.14219951950000001	-0.181389548900000003
5257458000	-0.144373573899999996	-0.1799319895
5257460000	-0.148942867099999987	-0.180545259399999991
5257462000	-0.14370388810000001	-0.180122467000000008
5257464000	-0.149740096999999989	-0.179274616100000006
5257466000	-0.143399909299999989	-0.178269164899999999
5257468000	-0.144855240699999999	-0.180924276599999989
5257470000	-0.148362521800000008	-0.179146548300000014
5257472000	-0.147045189900000012	-0.179046537899999997
5257474000	-0.151933342100000007	-0.178378245800000002
5257476000	-0.152111092799999986	-0.180337981000000008
5257478000	-0.149885495300000005	-0.182183663699999998
5257480000	-0.150767445500000014	-0.182449539599999988
5257482000	-0.147136464900000014	-0.179822547599999993
5257484000	-0.14862679270000001	-0.180580553799999988
5257486000	-0.151795906400000014	-0.180874105899999998
5257488000	-0.151125586300000003	-0.176242824599999987
5257490000	-0.153287032600000012	-0.176149749999999994
5257492000	-0.151775311400000001	-0.176317361899999997
5257494000	-0.152787438400000003	-0.17302869030000001
5257496000	-0.14879464449999999	-0.177367868699999987
5257498000	-0.154360932499999992	-0.175660353800000002
5257500000	-0.151242065000000009	-0.174013031499999998
5257502000	-0.154691729100000008	-0.176548519799999998
5257504000	-0.153301559799999987	-0.175286519800000012
5257506000	-0.156781533100000009	-0.176729776300000002
5257508000	-0.152676128699999997	-0.177977449199999999
5257510000	-0.159283764100000003	-0.172116472500000006
5257512000	-0.153721034799999989	-0.176107709800000012
5257514000	-0.157047445300000005	-0.172599862500000006
5257516000	-0.1594323406	-0.177804552199999993
5257518000	-0.153140757300000013	-0.174383532099999988
5257520000	-0.159073772899999993	-0.174763774499999996
5257522000	-0.157729728499999999	-0.172637453800000007
5257524000	-0.158271276999999988	-0.171991020999999994
5257526000	-0.155964840999999993	-0.179342238300000012
5257528000	-0.158481958300000003	-0.175305719999999998
5257530000	-0.158950870800000005	-0.178551708599999998
5257532000	-0.159487255299999992	-0.16821325379999999
5257534000	-0.162599084499999991	-0.175520201399999992
5257536000	-0.164614413600000009	-0.175081998399999994
5257538000	-0.158855360400000006	-0.175573742100000013
5257540000	-0.157533601899999987	-0.178072243299999988
5257542000	-0.158082868399999993	-0.1718429068
5257544000	-0.162545345499999994	-0.174873888000000005
5257546000	-0.161099476800000002	-0.174533464599999993
5257548000	-0.162706718500000014	-0.172215195799999998
5257550000	-0.163621702099999988	-0.173605322799999989
5257552000	-0.164209114600000011	-0.173006832599999993
5257554000	-0.164208115900000007	-0.1769161967
5257556000	-0.160228453500000007	-0.170914805899999994
5257558000	-0.161140110700000005	-0.175349679400000014
5257560000	-0.16261262139999999	-0.175264625499999993
5257562000	-0.164281037600000013	-0.171193994999999988
5257564000	-0.165705936999999998	-0.170758907799999998
5257566000	-0.161379853500000003	-0.172782277600000006
5257568000	-0.165689081099999996	-0.169479479099999997
5257570000	-0.163718066800000006	-0.170074553200000006
5257572000	-0.163172354299999989	-0.171600318400000007
5257574000	-0.162099935599999995	-0.168794985199999997
5257576000	-0.169808920700000004	-0.171161297200000007
5257578000	-0.164653313100000004	-0.167671951099999994
5257580000	-0.16596709200000001	-0.173541909500000008
5257582000	-0.169166499599999992	-0.170121494799999995
5257584000	-0.167792611400000014	-0.167739315299999997
5257586000	-0.170714489800000008	-0.169873927300000005
5257588000	-0.163998537299999997	-0.172788980799999992
5257590000	-0.167237305400000008	-0.166156366500000013
5257592000	-0.166180233000000011	-0.1693300425
5257594000	-0.172134280499999986	-0.167806536300000003
5257596000	-0.172525796600000003	-0.168599150000000003
5257598000	-0.168954624400000003	-0.168961484999999995
5257600000	-0.170484877300000004	-0.169537685500000007
5257602000	-0.169374865900000005	-0.169083981500000008
5257604000	-0.170898206299999994	-0.172419256599999987
5257606000	-0.171311380399999991	-0.167969791199999996
5257608000	-0.171220049200000002	-0.168477026299999999
5257610000	-0.174201942800000009	-0.168912870800000003
5257612000	-0.173245871400000001	-0.167544048400000006
5257614000	-0.172143354800000009	-0.168400570599999994
5257616000	-0.169792365899999992	-0.165118219300000008
5257618000	-0.175977597699999988	-0.166459314599999991
5257620000	-0.174545683199999996	-0.1712420791
5257622000	-0.172932617199999999	-0.166390953499999994
5257624000	-0.173895490600000008	-0.169062214799999999
5257626000	-0.173681690999999999	-0.168638293200000011
5257628000	-0.176595948400000008	-0.165533923400000005
5257630000	-0.173420073400000013	-0.163645875200000013
5257632000	-0.171960941000000006	-0.167877464899999995
5257634000	-0.172582943999999988	-0.164785266799999996
5257636000	-0.17850508100000001	-0.165001682300000008
5257638000	-0.175599003100000012	-0.162822992
5257640000	-0.177521946699999988	-0.163786458699999998
5257642000	-0.175537228500000003	-0.1682004047
5257644000	-0.178347973999999992	-0.166303434199999989
5257646000	-0.1777446268	-0.16246701320000001
5257648000	-0.178062919600000008	-0.164041785999999995
5257650000	-0.176270245500000006	-0.164016163800000003
5257652000	-0.177799895600000007	-0.164746404000000013
5257654000	-0.175499348100000008	-0.162905986899999994
5257656000	-0.179327401500000011	-0.163258225199999996
5257658000	-0.178977719000000007	-0.166366291700000002
5257660000	-0.179754478400000001	-0.163890676699999988
5257662000	-0.178795038999999989	-0.16416769149999999
5257664000	-0.175708541100000004	-0.166732653099999989
5257666000	-0.177708899000000003	-0.163608523000000006
5257668000	-0.179673402799999993	-0.165343341599999999
5257670000	-0.181491856600000001	-0.162745229399999997
5257672000	-0.177745875500000011	-0.163109289800000001
5257674000	-0.179009349000000012	-0.161455146999999993
5257676000	-0.176214223000000003	-0.163176614199999986
5257678000	-0.18170682190000001	-0.162477501400000002
5257680000	-0.180591480599999993	-0.162386862800000004
5257682000	-0.179328973199999991	-0.161098565400000004
5257684000	-0.1777408449	-0.16073055189999999
5257686000	-0.182994230499999994	-0.16058339399999999
5257688000	-0.180511335100000003	-0.162792139499999988
5257690000	-0.18068022110000001	-0.161140592299999996
5257692000	-0.182205199499999998	-0.159565660800000009
5257694000	-0.17960743509999999	-0.162990265100000004
5257696000	-0.183365347200000001	-0.161312326799999989
5257698000	-0.179870903599999993	-0.161507121400000009
5257700000	-0.181889311899999989	-0.160939522499999987
5257702000	-0.182577226499999995	-0.163566181300000002
5257704000	-0.181624464099999994	-0.161405339799999992
5257706000	-0.18354972289999999	-0.160852714499999994
5257708000	-0.181697463199999992	-0.159274299300000005
5257710000	-0.181566539199999988	-0.161759365099999997
5257712000	-0.183680703100000009	-0.162879550099999992
5257714000	-0.186540691000000008	-0.155824785800000004
5257716000	-0.183808066800000003	-0.160426115199999997
5257718000	-0.184906986899999987	-0.156784727200000001
5257720000	-0.184077338400000012	-0.161230006000000009
5257722000	-0.183702712699999993	-0.159391411199999999
5257724000	-0.185680190200000012	-0.1569220271
5257726000	-0.184084758200000004	-0.159029933200000001
5257728000	-0.181008037799999993	-0.1555217183
5257730000	-0.190610504900000005	-0.157816914199999991
5257732000	-0.188470065399999998	-0.15978495940000001
5257734000	-0.186765854499999995	-0.161020773400000011
5257736000	-0.1890708106	-0.154974661699999988
5257738000	-0.185378953200000002	-0.155221849899999986
5257740000	-0.179661080899999992	-0.157791865199999992
5257742000	-0.185213835800000004	-0.158494455000000006
5257744000	-0.186399978299999991	-0.156280922600000011
5257746000	-0.185790812400000005	-0.158089848700000007
5257748000	-0.189654246100000007	-0.158587637400000009
5257750000	-0.185333493200000005	-0.156820743000000012
5257752000	-0.188706227899999995	-0.155127674399999999
5257754000	-0.18538733369999999	-0.154991768000000002
5257756000	-0.187202350600000011	-0.153910556700000006
5257758000	-0.188380227099999992	-0.159422624900000004
5257760000	-0.191587092699999989	-0.156441386799999999
5257762000	-0.189132445900000001	-0.153509851899999994
5257764000	-0.18814828959999999	-0.150780407499999991
5257766000	-0.187662127799999995	-0.15595279070000001
5257768000	-0.192440116900000013	-0.152362146100000012
5257770000	-0.186586097799999989	-0.155072399100000008
5257772000	-0.188029699800000005	-0.150593652999999994
5257774000	-0.189376646600000004	-0.155173542400000003
5257776000	-0.189355473699999999	-0.152706260300000007
5257778000	-0.19110480660000001	-0.155965553600000001
5257780000	-0.19100133729999999	-0.152884323699999991
5257782000	-0.190691285900000007	-0.152812220599999993
5257784000	-0.188838741599999999	-0.155906267600000009
5257786000	-0.190762720899999988	-0.152256023600000012
5257788000	-0.189030909299999994	-0.151370716300000013
5257790000	-0.193209568500000012	-0.153862878300000006
5257792000	-0.192449533499999992	-0.153151160199999997
5257794000	-0.191375479300000012	-0.155732798099999986
5257796000	-0.193897065600000001	-0.155343632499999995
5257798000	-0.189542842600000011	-0.152207748700000006
5257800000	-0.193267225399999992	-0.150552807900000002
5257802000	-0.190562235699999999	-0.146973211999999992
5257804000	-0.192036885299999988	-0.152063660200000006
5257806000	-0.195199719800000004	-0.153873274300000001
5257808000	-0.192456479200000002	-0.150595482400000008
5257810000	-0.191664468000000004	-0.152801324399999994
5257812000	-0.197763261999999995	-0.155392546399999998
5257814000	-0.194708231700000012	-0.153926101700000012
5257816000	-0.192308301399999992	-0.149290418499999994
5257818000	-0.193686270100000002	-0.150344628899999999
5257820000	-0.191862591999999998	-0.149488542299999999
5257822000	-0.1952164921	-0.150635655899999998
5257824000	-0.195136717300000012	-0.146825716500000009
5257826000	-0.193593226099999988	-0.148888144500000014
5257828000	-0.193571437099999993	-0.147743910499999992
5257830000	-0.196704134800000013	-0.151069041200000004
5257832000	-0.1932143271	-0.150392971099999995
5257834000	-0.194870528200000004	-0.149638039899999992
5257836000	-0.191737559899999993	-0.15057160759999999
5257838000	-0.196312608100000008	-0.153377560800000007
5257840000	-0.193562184899999989	-0.143416880999999996
5257842000	-0.198674691900000006	-0.149177932099999994
5257844000	-0.194564191100000006	-0.146530444600000004
5257846000	-0.196968026900000009	-0.149531453499999994
5257848000	-0.195588196500000006	-0.149997886599999991
5257850000	-0.194290636699999991	-0.147345497600000014
5257852000	-0.190796808499999998	-0.148958485899999993
5257854000	-0.196013913300000009	-0.147184403399999997
5257856000	-0.197032206500000001	-0.145162544599999999
5257858000	-0.197536396400000008	-0.143048953099999987
5257860000	-0.197478270000000011	-0.144854255200000004
5257862000	-0.195896176400000011	-0.147616037300000003
5257864000	-0.197566428200000005	-0.147024116600000004
5257866000	-0.19793044239999999	-0.146321999499999994
5257868000	-0.195578584100000008	-0.145395242000000008
5257870000	-0.195420653	-0.149660266799999997
5257872000	-0.196700214000000012	-0.146120947299999998
5257874000	-0.194842542499999993	-0.146638730100000003
5257876000	-0.196317956900000007	-0.142740536599999995
5257878000	-0.198070038599999998	-0.144422861900000005
5257880000	-0.201796743800000011	-0.145643164999999991
5257882000	-0.197100228699999991	-0.142687438999999999
5257884000	-0.1997404807	-0.145388490700000012
5257886000	-0.200625215299999993	-0.143061881299999999
5257888000	-0.20081551210000001	-0.142283389199999999
5257890000	-0.198693761800000007	-0.143179208800000013
5257892000	-0.201359459800000001	-0.143721850799999995
5257894000	-0.197707166699999992	-0.141666984299999993
5257896000	-0.195458954399999996	-0.141798303699999989
5257898000	-0.197392811499999987	-0.14596264040000001
5257900000	-0.197857955700000004	-0.142294736499999991
5257902000	-0.198772210899999996	-0.14107691
5257904000	-0.197559956199999998	-0.145989450800000004
5257906000	-0.200542619199999994	-0.146024638000000012
5257908000	-0.200531416200000007	-0.141379143200000001
5257910000	-0.197551423899999995	-0.144335952200000006
5257912000	-0.198643638900000002	-0.140873922000000013
5257914000	-0.19958297089999999	-0.143707614099999992
5257916000	-0.199131004	-0.139968411699999989
5257918000	-0.200025625699999987	-0.143215310799999995
5257920000	-0.200034500000000004	-0.141761965600000012
5257922000	-0.201737773600000003	-0.143461681000000008
5257924000	-0.198056986200000007	-0.142536902100000001
5257926000	-0.201946869899999992	-0.141243021100000005
5257928000	-0.203984381500000006	-0.14225186540000001
5257930000	-0.201706855099999999	-0.14513574130000001
5257932000	-0.204189776500000003	-0.140189754299999997
5257934000	-0.199897072799999992	-0.144964070599999995
5257936000	-0.200669200800000003	-0.137715854299999996
5257938000	-0.201462160499999987	-0.141148448900000001
5257940000	-0.199209617300000003	-0.141698687999999989
5257942000	-0.202129564499999997	-0.139470941399999993
5257944000	-0.199599101299999998	-0.139703101999999996
5257946000	-0.20135366930000001	-0.139718298399999996
5257948000	-0.201815719799999987	-0.139154245399999987
5257950000	-0.200755989899999987	-0.14236654700000001
5257952000	-0.20363967790000001	-0.138050983799999999
5257954000	-0.205156648999999996	-0.137998127599999992
5257956000	-0.205283337600000004	-0.137379686100000009
5257958000	-0.200974948399999992	-0.137237844999999997
5257960000	-0.202282167000000013	-0.13981675469999999
5257962000	-0.202249196599999986	-0.137225090299999991
5257964000	-0.204281765400000009	-0.1397301611
5257966000	-0.200360120800000013	-0.138566125300000009
5257968000	-0.206147416599999994	-0.137176400100000012
5257970000	-0.207501565599999993	-0.137646494799999991
5257972000	-0.206276811700000007	-0.140185442900000012
5257974000	-0.203372139899999999	-0.140372758699999989
5257976000	-0.200801537000000002	-0.139594976600000004
5257978000	-0.207046415799999994	-0.137503541700000009
5257980000	-0.204608989800000002	-0.136930760499999998
5257982000	-0.202707847100000005	-0.132682206200000014
5257984000	-0.203997988800000002	-0.137912547699999999
5257986000	-0.205537112299999991	-0.1371773258
5257988000	-0.204691258699999989	-0.136575732499999991
5257990000	-0.204097874200000001	-0.136024335999999996
5257992000	-0.206146804099999997	-0.132116664299999992
5257994000	-0.202894447000000006	-0.136927770899999995
5257996000	-0.202777536300000005	-0.139035828500000014
5257998000	-0.208571825399999994	-0.1383920498
5258000000	-0.206561423500000008	-0.136926304700000001
5258002000	-0.206968645600000001	-0.138144326200000001
5258004000	-0.203032943500000007	-0.138185032099999994
5258006000	-0.206957199499999994	-0.134477378199999997
5258008000	-0.202229349199999991	-0.137357364199999998
5258010000	-0.210218960399999988	-0.133977489300000002
5258012000	-0.208477146899999993	-0.133438576400000009
5258014000	-0.205142999500000006	-0.130273647599999987
5258016000	-0.20350679960000001	-0.135050312499999992
5258018000	-0.208646660900000003	-0.132270103500000014
5258020000	-0.20476545639999999	-0.132382692800000007
5258022000	-0.208571471199999997	-0.133281245100000001
5258024000	-0.207403100899999998	-0.131701557200000013
5258026000	-0.2078555292	-0.137739085000000011
5258028000	-0.208801444499999989	-0.132928773299999997
5258030000	-0.211844450399999995	-0.12955616410000001
5258032000	-0.20578281109999999	-0.134907952400000003
5258034000	-0.203742930399999994	-0.131946224400000006
5258036000	-0.208893869700000012	-0.127748972500000002
5258038000	-0.209878669299999987	-0.130847884299999995
5258040000	-0.20631648150000001	-0.13287528400000001
5258042000	-0.207960227199999986	-0.130266506000000004
5258044000	-0.205640595900000001	-0.135087755899999995
5258046000	-0.206348377999999999	-0.129297586500000006
5258048000	-0.207276156399999995	-0.1321576998
5258050000	-0.209261032099999994	-0.129545574100000005
5258052000	-0.210242389800000012	-0.130509315699999989
5258054000	-0.205579345699999999	-0.13209941959999999
5258056000	-0.209576468399999993	-0.129237002900000009
5258058000	-0.209942194599999993	-0.133097672299999997
5258060000	-0.209682030600000013	-0.132251176599999992
5258062000	-0.206875015200000012	-0.131146281700000006
5258064000	-0.208538457600000005	-0.12807461140000001
5258066000	-0.205895623	-0.130345120199999998
5258068000	-0.209591448399999991	-0.131741680199999989
5258070000	-0.207182750199999988	-0.133630195499999993
5258072000	-0.209330858400000014	-0.127674975800000007
5258074000	-0.210753207400000003	-0.127280691700000004
5258076000	-0.213416251000000001	-0.131779431899999994
5258078000	-0.208919294100000014	-0.128427806799999988
5258080000	-0.2065965357	-0.130280720799999999
5258082000	-0.209402108400000009	-0.128867144900000008
5258084000	-0.210447365400000003	-0.1320713939
5258086000	-0.212672699100000001	-0.128430593600000004
5258088000	-0.20984910670000001	-0.128215701600000009
5258090000	-0.209847514799999996	-0.125340853899999993
5258092000	-0.210309405700000007	-0.128443899400000006
5258094000	-0.21047126599999999	-0.127748449799999997
5258096000	-0.210386134700000005	-0.127647695100000014
5258098000	-0.210389557300000002	-0.1290502657
5258100000	-0.211586924900000001	-0.128563658999999997
