# freq, I e Q
5809940000	-0.0216469159000000008	0.211379736600000007
5809945000	-0.0226074469000000014	0.210139461999999999
5809950000	-0.0208186180999999984	0.213860689100000001
5809955000	-0.0181460615000000013	0.210836556300000005
5809960000	-0.0200727716000000007	0.209677755699999996
5809965000	-0.0190626414000000001	0.211004575500000013
5809970000	-0.0195344596000000016	0.210114353899999995
5809975000	-0.0168598582999999989	0.2108873416
5809980000	-0.0187270811000000009	0.209915238100000012
5809985000	-0.0141535177999999994	0.211463869299999996
5809990000	-0.0173283959999999994	0.212161716500000014
5809995000	-0.0168363774000000015	0.211270897099999994
5810000000	-0.0167001531000000002	0.213856365699999995
5810005000	-0.0187041868000000014	0.210118036000000008
5810010000	-0.0188943326000000009	0.210013195000000014
5810015000	-0.0150750312000000001	0.210884744200000002
5810020000	-0.0183678538000000002	0.213440575500000007
5810025000	-0.0173718128000000006	0.210512461499999998
5810030000	-0.0143570746999999999	0.212250438399999991
5810035000	-0.011081179	0.212336298700000009
5810040000	-0.0151363216000000005	0.212282952899999988
5810045000	-0.0105097029000000008	0.209351597299999997
5810050000	-0.0150093042000000003	0.211941446899999997
5810055000	-0.0140068061999999993	0.212035822600000007
5810060000	-0.0122560670000000007	0.212691532900000008
5810065000	-0.0126784880999999995	0.210078285300000001
5810070000	-0.0126071081999999998	0.213322011199999995
5810075000	-0.0132232702999999993	0.211504785000000001
5810080000	-0.00716865189999999972	0.211706761500000007
5810085000	-0.0106133379000000003	0.216592266899999997
5810090000	-0.00808976779999999972	0.211548540499999993
5810095000	-0.0104893286000000002	0.209864803099999997
5810100000	-0.0108441013000000006	0.2148356612
5810105000	-0.0131296256	0.212504893700000003
5810110000	-0.00907887159999999985	0.213672166400000002
5810115000	-0.00779202610000000011	0.214718601199999998
5810120000	-0.0100977597999999998	0.210486345200000008
5810125000	-0.0075857664999999996	0.209667927199999993
5810130000	-0.00675970630000000041	0.214522689699999991
5810135000	-0.0082940817000000007	0.214064809800000005
5810140000	-0.00500938589999999975	0.212676235399999997
5810145000	-0.00557513029999999986	0.212481870999999989
5810150000	-0.00456675140000000011	0.215889623499999989
5810155000	-0.00424230919999999973	0.209173427599999989
5810160000	-0.00688009899999999976	0.212762034300000014
5810165000	-0.00152216039999999997	0.213581050299999992
5810170000	-0.00333889240000000012	0.208809788699999999
5810175000	0.00169081919999999994	0.21335333640000001
5810180000	-0.00371123220000000014	0.212674469700000007
5810185000	-0.0033249776	0.215262758500000012
5810190000	-0.00043707879999999998	0.214715871000000003
5810195000	-0.00172790349999999999	0.209566454000000013
5810200000	-0.00158636179999999995	0.213802303199999988
5810205000	0.00456604189999999972	0.210859046100000003
5810210000	-0.000148668799999999995	0.213855249200000014
5810215000	-0.00144248329999999993	0.212508564799999994
5810220000	0.00299500919999999993	0.213421451000000012
5810225000	0.000281071299999999973	0.213796728999999991
5810230000	0.000391231300000000016	0.212656493299999999
5810235000	0.00297461680000000008	0.213363927399999986
5810240000	0.000401822499999999984	0.210992002799999995
5810245000	0.00134417119999999998	0.214722577199999987
5810250000	0.00563122309999999991	0.215564656800000004
5810255000	0.00619423850000000008	0.214614597399999996
5810260000	0.00227752720000000018	0.212220154299999991
5810265000	0.0056400469999999996	0.215370686400000011
5810270000	0.00321866869999999985	0.210435800199999995
5810275000	0.00459296989999999957	0.214381969300000003
5810280000	0.00274945469999999994	0.214524666599999997
5810285000	0.00576884959999999971	0.213449952299999995
5810290000	0.00820397229999999915	0.213292620200000005
5810295000	0.00761202900000000019	0.213317707400000001
5810300000	0.00386762180000000018	0.214346323100000014
5810305000	0.00679544710000000007	0.212024402899999992
5810310000	0.00221862860000000004	0.214837918699999991
5810315000	0.00588259919999999971	0.21206420640000001
5810320000	0.0103761992000000001	0.21330733260000001
5810325000	0.00803093849999999936	0.21324366589999999
5810330000	0.0085089997000000004	0.2123000045
5810335000	0.0143137829000000005	0.214178244900000009
5810340000	0.0104816865999999998	0.214439140800000011
5810345000	0.0100506542999999997	0.211719732800000005
5810350000	0.00959634520000000012	0.213655743300000006
5810355000	0.0110154642000000001	0.218535276100000009
5810360000	0.00943403389999999953	0.212133455199999987
5810365000	0.0118103019000000004	0.212577826999999997
5810370000	0.0101085069999999992	0.211315722000000011
5810375000	0.0135862806999999999	0.211227243399999987
5810380000	0.0145880656000000001	0.214795393400000006
5810385000	0.0154301310999999993	0.216184265200000003
5810390000	0.0131500329000000006	0.213896033900000004
5810395000	0.0147368727000000005	0.214281503900000003
5810400000	0.0169123132000000009	0.213212115000000008
5810405000	0.0136849992000000007	0.211905187699999997
5810410000	0.0199494633000000011	0.208261661099999995
5810415000	0.0168561204000000006	0.21279890709999999
5810420000	0.0180723711000000016	0.213704408200000001
5810425000	0.018746189600000001	0.21657498
5810430000	0.0178652580999999998	0.211613229900000005
5810435000	0.0156926549999999998	0.213578873400000008
5810440000	0.0198394398999999985	0.21270852039999999
5810445000	0.017072357199999999	0.214043316000000011
5810450000	0.0202649386000000008	0.212272305200000011
5810455000	0.0170774607000000016	0.213818662599999987
5810460000	0.0201236634999999997	0.213754367800000011
5810465000	0.0203358816000000012	0.214994214600000011
5810470000	0.0208729391000000014	0.214986720900000011
5810475000	0.0198627102999999992	0.211337672300000001
5810480000	0.0220242396999999999	0.215218422200000009
5810485000	0.0224850738000000015	0.215800441399999987
5810490000	0.020301679999999999	0.210834462199999989
5810495000	0.0248684147999999987	0.21253712629999999
5810500000	0.0205379743999999989	0.212525604899999998
5810505000	0.0234653223999999987	0.211494504800000011
5810510000	0.0244936247999999988	0.211952566199999998
5810515000	0.0226628333000000008	0.214356112099999996
5810520000	0.0267608470000000008	0.21553888160000001
5810525000	0.0261585969000000008	0.213639878000000005
5810530000	0.0246653517999999988	0.217470724899999995
5810535000	0.0265429005999999988	0.21481460690000001
5810540000	0.0257137007999999993	0.212152909700000003
5810545000	0.0292426128999999993	0.216294386799999988
5810550000	0.0290779819000000009	0.217159219799999997
5810555000	0.0317453711000000027	0.214042298500000006
5810560000	0.0299387956999999996	0.216301083499999991
5810565000	0.0333761574000000019	0.212975870600000006
5810570000	0.0283891985999999985	0.214557156500000012
5810575000	0.0338231064999999984	0.213586616000000007
5810580000	0.0293961041000000006	0.2098485192
5810585000	0.0284753233999999987	0.214471002599999988
5810590000	0.0313231792999999967	0.213111163200000009
5810595000	0.0291945893000000005	0.21237743810000001
5810600000	0.0306973318999999994	0.216133328900000005
5810605000	0.0334481356999999993	0.216945772700000011
5810610000	0.0342856121000000014	0.212936719599999991
5810615000	0.0343532673999999982	0.215677213099999987
5810620000	0.0340993357999999983	0.209562874900000001
5810625000	0.0339027568999999973	0.21575505310000001
5810630000	0.0344719949999999983	0.211176303900000001
5810635000	0.0361591460000000031	0.213344852599999996
5810640000	0.0350511777999999996	0.21467459459999999
5810645000	0.0384620025000000018	0.214902052700000012
5810650000	0.0388176656999999967	0.212843810999999994
5810655000	0.038495583299999997	0.209784131600000007
5810660000	0.0397899035000000012	0.210734277999999997
5810665000	0.0395357189999999969	0.214929290200000012
5810670000	0.0372844712000000023	0.210704032600000007
5810675000	0.0411030620000000027	0.209167627800000006
5810680000	0.0417628978999999984	0.209086666799999987
5810685000	0.0381814259999999975	0.208254534299999988
5810690000	0.0452996757	0.210734428400000007
5810695000	0.040274422800000001	0.211241663999999996
5810700000	0.0424733044000000018	0.207134559400000001
5810705000	0.0461163035999999985	0.209798197800000003
5810710000	0.0447120351999999999	0.212901361000000011
5810715000	0.0470035778000000015	0.210072772600000013
5810720000	0.044752824699999999	0.213686788699999991
5810725000	0.0437615690000000002	0.214147578300000002
5810730000	0.0485578882999999975	0.21233565539999999
5810735000	0.0447397361999999979	0.211569218400000009
5810740000	0.0451256747	0.20959418090000001
5810745000	0.0464922025999999974	0.211669733500000012
5810750000	0.0475496042999999993	0.20996601949999999
5810755000	0.0497394395000000031	0.209334851900000007
5810760000	0.049788789299999997	0.211070850799999987
5810765000	0.0482263638999999994	0.210350940799999997
5810770000	0.0499779212999999986	0.209195049299999991
5810775000	0.0506305628000000008	0.208843793100000008
5810780000	0.0520688097999999974	0.208937044099999997
5810785000	0.0495321212000000011	0.209398425500000013
5810790000	0.0516842806000000002	0.209204116999999995
5810795000	0.0507087104999999969	0.206979103599999992
5810800000	0.0550436596999999972	0.211127691000000006
5810805000	0.0551420987999999973	0.206975205400000001
5810810000	0.0537921073999999971	0.207264026600000012
5810815000	0.0530616717000000002	0.209175722099999989
5810820000	0.0562776502000000012	0.212098643599999997
5810825000	0.062511247300000003	0.204602217400000008
5810830000	0.0570399198999999996	0.207518711599999989
5810835000	0.056818789699999997	0.206805880500000011
5810840000	0.0578075228999999982	0.211127626000000013
5810845000	0.0530972861000000018	0.208777437600000004
5810850000	0.0573397833999999967	0.206397897599999991
5810855000	0.0562607924000000023	0.211213171700000008
5810860000	0.0620995238000000005	0.210268582799999992
5810865000	0.061799007000000003	0.2061436502
5810870000	0.0612463279000000013	0.205531785100000003
5810875000	0.0623273764000000022	0.20720824530000001
5810880000	0.0631765385999999984	0.208014592899999989
5810885000	0.0627995724000000033	0.20578489920000001
5810890000	0.0662566442000000061	0.20629960289999999
5810895000	0.0640053686999999955	0.206508480299999991
5810900000	0.0657856787000000026	0.202732032899999998
5810905000	0.0690193503000000042	0.208476966099999994
5810910000	0.067822983200000006	0.206332667400000003
5810915000	0.0672150048000000055	0.2055614885
5810920000	0.0705816912000000046	0.206869512000000005
5810925000	0.0653202648999999941	0.206187828900000009
5810930000	0.0695028436000000027	0.206485942300000003
5810935000	0.0682690269000000016	0.206839175900000005
5810940000	0.0712392755999999988	0.198829014199999987
5810945000	0.0723002095000000039	0.206216391599999993
5810950000	0.0713992249000000023	0.201545653200000008
5810955000	0.0711088943000000029	0.20052912249999999
5810960000	0.0708404464000000067	0.205540690500000012
5810965000	0.073932982199999997	0.203031061900000004
5810970000	0.0757700535000000036	0.1996719468
5810975000	0.0733799017999999942	0.204471283899999995
5810980000	0.0728178941000000024	0.202484196300000002
5810985000	0.0777200760999999934	0.204233167399999999
5810990000	0.0764934059000000055	0.203673836899999988
5810995000	0.0786212218999999962	0.200702868300000004
5811000000	0.0797386902000000036	0.201920051699999992
5811005000	0.0746466036999999943	0.204662005000000008
5811010000	0.0807333202	0.203706497799999997
5811015000	0.0795322388999999963	0.20302120709999999
5811020000	0.0813890963999999995	0.203973673599999988
5811025000	0.0809833311999999944	0.204124919099999996
5811030000	0.0823381096999999951	0.202955636599999989
5811035000	0.0814818952999999957	0.198189243500000001
5811040000	0.0792484247000000003	0.201988957400000002
5811045000	0.0870672163999999943	0.199749562699999994
5811050000	0.0864038812999999989	0.198242005400000004
5811055000	0.0853578438999999939	0.19937956779999999
5811060000	0.0828096697999999992	0.197558676699999991
5811065000	0.0877881306	0.198092539900000003
5811070000	0.085847318899999997	0.199221481499999992
5811075000	0.0877151820000000026	0.200432809699999992
5811080000	0.0877059822999999988	0.197752149799999999
5811085000	0.0880659577999999971	0.197551122699999998
5811090000	0.0872024301000000057	0.197118023100000012
5811095000	0.086801325400000004	0.196149276300000008
5811100000	0.0871562902999999944	0.193099873899999996
5811105000	0.0922135220000000061	0.194686050199999988
5811110000	0.0941031323000000031	0.198428918499999996
5811115000	0.093099612499999998	0.194065321799999996
5811120000	0.0927894769999999952	0.193827755699999993
5811125000	0.0943505973000000053	0.193711587600000013
5811130000	0.0950676527000000049	0.193908594699999992
5811135000	0.0915099032000000062	0.195556670999999987
5811140000	0.0991098222999999973	0.191558310900000001
5811145000	0.0952177822000000035	0.191859191799999995
5811150000	0.0977946477999999952	0.19250924820000001
5811155000	0.0994901856000000029	0.193944996300000005
5811160000	0.100523983799999994	0.196115298599999988
5811165000	0.102659024299999999	0.189440942599999995
5811170000	0.101753500900000002	0.191625723599999992
5811175000	0.0993680980000000019	0.185854716400000008
5811180000	0.101682161699999996	0.190690473999999999
5811185000	0.0999717935999999974	0.191170927900000009
5811190000	0.101495437499999994	0.189064612100000001
5811195000	0.107025411900000006	0.189360034499999996
5811200000	0.101421920700000001	0.189643195600000009
5811205000	0.103686642499999995	0.188541476799999996
5811210000	0.106359826099999999	0.188139655500000003
5811215000	0.109939271399999997	0.186780199300000005
5811220000	0.105871043600000006	0.18544653450000001
5811225000	0.108246543700000003	0.188255768099999998
5811230000	0.111997489699999994	0.185997714799999991
5811235000	0.110734322199999999	0.183483692000000004
5811240000	0.111297328700000003	0.184243314600000013
5811245000	0.110357327399999997	0.181323962000000005
5811250000	0.1098915169	0.180136616899999991
5811255000	0.119142949900000003	0.182436418699999991
5811260000	0.114831870200000005	0.179473756000000012
5811265000	0.116031308700000002	0.181250682400000002
5811270000	0.115247079700000005	0.180870283200000009
5811275000	0.115425250300000004	0.180267316700000013
5811280000	0.1222481973	0.177573652100000007
5811285000	0.118970060899999994	0.178338833599999996
5811290000	0.118610256999999997	0.177300458699999997
5811295000	0.1184586376	0.1773593906
5811300000	0.124111311500000002	0.176369159199999986
5811305000	0.122524177100000006	0.174249635799999997
5811310000	0.119091147100000003	0.172187386500000011
5811315000	0.120007781399999999	0.171130302699999987
5811320000	0.124257662800000002	0.173797487800000011
5811325000	0.122854355499999998	0.17006009729999999
5811330000	0.124243409200000002	0.16998745500000001
5811335000	0.124157480900000006	0.169651092700000006
5811340000	0.129991581500000009	0.170536058600000012
5811345000	0.126103445099999989	0.161696349600000011
5811350000	0.127077089899999995	0.167424540900000002
5811355000	0.128613038699999988	0.165415451299999988
5811360000	0.12852102339999999	0.163431489499999999
5811365000	0.128436211100000003	0.164668893199999999
5811370000	0.129599735399999999	0.161841127299999998
5811375000	0.132061447400000004	0.160462892299999993
5811380000	0.133529750100000011	0.158143057899999995
5811385000	0.131170028500000008	0.156448052000000004
5811390000	0.135154208400000003	0.156638414799999987
5811395000	0.133586709800000009	0.156237037200000012
5811400000	0.134119412999999993	0.154084080499999998
5811405000	0.135981868400000011	0.1567349455
5811410000	0.14089322600000001	0.154011758100000007
5811415000	0.139533998200000009	0.151775282000000011
5811420000	0.140312158599999987	0.150619830300000007
5811425000	0.141390774699999999	0.149715119899999999
5811430000	0.137695528600000006	0.146769670099999999
5811435000	0.13950220490000001	0.146832728100000004
5811440000	0.141314494200000002	0.144561836100000007
5811445000	0.143243823200000009	0.144075864899999989
5811450000	0.139994718900000009	0.143105786200000001
5811455000	0.141049788700000012	0.143462952899999996
5811460000	0.141814759000000012	0.139630587800000011
5811465000	0.148441151900000012	0.139113223499999994
5811470000	0.144420259599999989	0.137408414600000001
5811475000	0.145463464900000006	0.135461216200000012
5811480000	0.1461529201	0.134087191299999992
5811485000	0.148510475100000011	0.130023146499999992
5811490000	0.146328447400000006	0.12647802520000001
5811495000	0.148241907000000006	0.128311370799999991
5811500000	0.146452206299999999	0.130658069399999993
5811505000	0.148884159699999991	0.123489029200000003
5811510000	0.151829776400000005	0.125055283900000008
5811515000	0.151974172800000001	0.127326404100000012
5811520000	0.149535279800000004	0.118101198500000004
5811525000	0.147663723999999996	0.117946211499999995
5811530000	0.151596565300000014	0.119678783799999994
5811535000	0.150273535900000005	0.116889860900000003
5811540000	0.152323915599999998	0.113889353400000004
5811545000	0.147647011200000011	0.112128283999999995
5811550000	0.152912481399999994	0.110689678700000002
5811555000	0.153695095700000006	0.111228413400000004
5811560000	0.153236756899999993	0.107130107099999997
5811565000	0.148195846699999995	0.104647918800000003
5811570000	0.15584870449999999	0.102701255199999994
5811575000	0.151754743100000006	0.103082731999999996
5811580000	0.154357922499999994	0.0971696246999999985
5811585000	0.149622915400000001	0.0951728658000000061
5811590000	0.151842783099999989	0.0917465625000000035
5811595000	0.1481070414	0.0929189888000000047
5811600000	0.150920629899999992	0.0908097308999999964
5811605000	0.148829556700000004	0.0885666670999999961
5811610000	0.150187509699999999	0.0870689899000000045
5811615000	0.147815875399999991	0.0832121526000000056
5811620000	0.147393202000000001	0.0838258186999999988
5811625000	0.145975119900000005	0.0796209910999999965
5811630000	0.14677708410000001	0.0754876998999999965
5811635000	0.146070555699999993	0.0772110748000000013
5811640000	0.146753807200000003	0.0741384996000000046
5811645000	0.145352094300000012	0.0681495515000000024
5811650000	0.141449205500000008	0.0666011709000000063
5811655000	0.144986265899999994	0.0677680586999999945
5811660000	0.143301709599999993	0.0642471255999999963
5811665000	0.144034438799999998	0.0579927235000000027
5811670000	0.141671279600000005	0.0593791096000000004
5811675000	0.136124356899999993	0.058351834800000002
5811680000	0.138512306700000004	0.0545882593999999985
5811685000	0.136948706000000003	0.0554783500000000027
5811690000	0.138471219499999992	0.0545255009000000027
5811695000	0.133642351699999995	0.0498201505000000003
5811700000	0.13250124290000001	0.0486819242999999985
5811705000	0.1308395906	0.0464970306999999972
5811710000	0.134245965999999994	0.046637259200000003
5811715000	0.129925043699999992	0.0422861160999999999
5811720000	0.124887299500000007	0.037059953399999998
5811725000	0.122673162000000002	0.0366221018000000009
5811730000	0.126415331299999989	0.0369229924000000001
5811735000	0.121575696699999999	0.0338459195000000018
5811740000	0.118238644099999998	0.0352985700000000013
5811745000	0.113311160699999997	0.0321240903999999994
5811750000	0.113878965600000007	0.0310774301999999988
5811755000	0.112150190999999996	0.0278833994000000016
5811760000	0.113238218900000007	0.027197234800000001
5811765000	0.105951414100000002	0.0238445738000000011
5811770000	0.107293825400000001	0.0237982529999999984
5811775000	0.104201332899999999	0.0244021313000000011
5811780000	0.1023381082	0.0224852130999999983
5811785000	0.100069195499999999	0.0186897461000000015
5811790000	0.0964125222000000032	0.0217971386000000017
5811795000	0.0920496018999999999	0.0211899171000000004
5811800000	0.0910323116999999932	0.0167808135999999997
5811805000	0.0881257091999999992	0.0179728478999999983
5811810000	0.0857113347999999969	0.0136633783000000009
5811815000	0.0887960346999999983	0.0183972410000000017
5811820000	0.080217054900000001	0.0183622922999999993
5811825000	0.076963916800000004	0.0138844055000000004
5811830000	0.0761031689000000039	0.0156176001000000002
5811835000	0.0734124262999999999	0.0127066764999999998
5811840000	0.0740014932000000042	0.0120278547999999996
5811845000	0.0680393126999999931	0.0142901647
5811850000	0.0687721329999999992	0.0132958698000000004
5811855000	0.0646296472999999955	0.0143114010999999992
5811860000	0.060402906499999999	0.0126006681999999998
5811865000	0.059652464199999998	0.0137502050999999993
5811870000	0.0561838330999999969	0.0127349300000000002
5811875000	0.0527365715000000027	0.0127946311000000004
5811880000	0.0511385232000000009	0.0160804312999999997
5811885000	0.0482228276999999983	0.0138831156000000008
5811890000	0.0455207336000000018	0.018019221299999999
5811895000	0.0437448137999999973	0.0188174953000000006
5811900000	0.0458477362000000027	0.0184759224999999985
5811905000	0.0413214754000000017	0.0150814633000000003
5811910000	0.0414945114999999976	0.0186864714999999994
5811915000	0.0365774767000000001	0.0223348706999999987
5811920000	0.0327319675000000004	0.0232875370999999984
5811925000	0.0324740440000000005	0.0228050633999999988
5811930000	0.0289735584999999997	0.0257446828000000016
5811935000	0.0310988801000000002	0.0274103804
5811940000	0.0260957988000000002	0.0236697618999999991
5811945000	0.0267002741999999987	0.0259215235000000016
5811950000	0.0232612703000000011	0.0256135024999999995
5811955000	0.022109150000000001	0.0272251374999999997
5811960000	0.0217854697999999986	0.0296816498000000012
5811965000	0.0168981168999999994	0.0300635741999999984
5811970000	0.0176960203000000003	0.0330447185000000004
5811975000	0.0167843875999999989	0.0359061852000000029
5811980000	0.0128111833000000008	0.0349814823999999996
5811985000	0.0131926730000000002	0.0339910983000000014
5811990000	0.00510928849999999976	0.0401547656000000031
5811995000	0.00925685839999999989	0.038871679499999999
5812000000	0.00937016889999999977	0.0408714531000000034
5812005000	0.0071960304000000001	0.0386483863999999983
5812010000	0.000806317100000000005	0.0439579590999999992
5812015000	0.00455420059999999977	0.0453545186999999989
5812020000	0.00334653619999999985	0.0445905545999999986
5812025000	0.00226774320000000008	0.0503223931000000013
5812030000	0.00382182370000000004	0.0499485271000000008
5812035000	0.00114906490000000008	0.0530177296000000006
5812040000	-0.00145014519999999997	0.0504943627999999978
5812045000	-0.00406710120000000012	0.0539517114999999992
5812050000	-0.00242072909999999997	0.0573196029999999968
5812055000	-0.00665575099999999968	0.0576089348999999987
5812060000	-0.00136074809999999998	0.0606625390000000014
5812065000	-0.00213735150000000018	0.0572680829999999974
5812070000	-0.00697242029999999968	0.0640531810999999951
5812075000	-0.00921715860000000067	0.0643886433000000064
5812080000	-0.00372100700000000013	0.0647522432999999981
5812085000	-0.00764347879999999983	0.0659217805999999934
5812090000	-0.00906750949999999938	0.0649848947999999982
5812095000	-0.0128933673999999995	0.0661758944000000043
5812100000	-0.0108713206999999992	0.0690706338999999975
5812105000	-0.00741412330000000043	0.0736446099000000048
5812110000	-0.00691592750000000027	0.0716655273999999981
5812115000	-0.00917383159999999968	0.0772509532999999943
5812120000	-0.0142562665999999994	0.0732083022999999999
5812125000	-0.0105730366999999999	0.0770182551999999965
5812130000	-0.0104918588	0.0784611109000000057
5812135000	-0.0109586567999999992	0.0767317262999999972
5812140000	-0.0110851102999999993	0.0831705855999999993
5812145000	-0.0116034571000000006	0.0823522336999999993
5812150000	-0.0136892466999999993	0.0838997016000000012
5812155000	-0.0116797930000000008	0.0837857919999999978
5812160000	-0.0124478091000000003	0.0854501502999999996
5812165000	-0.0135731663999999995	0.0883805282999999969
5812170000	-0.0132013162999999999	0.0856691108000000034
5812175000	-0.0126548647000000007	0.0884166214000000061
5812180000	-0.0117204862999999992	0.0917452287999999949
5812185000	-0.0131696060000000004	0.0894892800999999988
5812190000	-0.0131817697000000001	0.0929680982999999961
5812195000	-0.0126666577999999998	0.0933603375000000013
5812200000	-0.00957633580000000033	0.0931580513999999971
5812205000	-0.0151674918999999998	0.097790329499999995
5812210000	-0.0138667936999999995	0.0983449517999999967
5812215000	-0.0122006627999999995	0.0988004930000000031
5812220000	-0.00982395990000000004	0.100160710799999997
5812225000	-0.00859962409999999976	0.100804940199999998
5812230000	-0.0130279654000000009	0.100550194499999995
5812235000	-0.0102028211000000004	0.106651663699999996
5812240000	-0.0107201360999999995	0.102594163099999997
5812245000	-0.0165285436000000008	0.102116152900000007
5812250000	-0.00839915129999999933	0.106226990699999996
5812255000	-0.0111872280000000004	0.109306083999999998
5812260000	-0.00640477860000000006	0.106987793299999995
5812265000	-0.0099324340000000004	0.1053982839
5812270000	-0.00949580029999999922	0.106499198399999995
5812275000	-0.0122598228000000004	0.110920066100000006
5812280000	-0.00674772779999999964	0.109261472900000003
5812285000	-0.00869046979999999955	0.110228840300000006
5812290000	-0.00974576020000000008	0.115121916500000004
5812295000	-0.00616267709999999969	0.111133033500000006
5812300000	-0.00884272380000000052	0.115604552599999993
5812305000	-0.00768317839999999985	0.115546648799999999
5812310000	-0.00448045409999999963	0.112727615500000003
5812315000	-0.00642423749999999991	0.117284606299999997
5812320000	-0.00881754709999999983	0.119616655299999999
5812325000	-0.0022074108000000002	0.115425307000000005
5812330000	-0.00739574570000000025	0.117753952800000006
5812335000	-0.00617577869999999963	0.115156985700000006
5812340000	-0.00513070469999999963	0.121024430799999999
5812345000	-0.00575219450000000014	0.122855644700000002
5812350000	-0.00240593069999999994	0.121613589800000005
5812355000	-0.00259217150000000006	0.120946665300000006
5812360000	-0.00448999009999999973	0.121923816099999999
5812365000	-0.00688498900000000021	0.123114131200000004
5812370000	-0.00196403499999999983	0.121141425499999997
5812375000	-0.000745348600000000049	0.127414916099999997
5812380000	-0.00294660539999999985	0.127615851800000013
5812385000	-0.00112614070000000011	0.129150255699999994
5812390000	0.000420721400000000014	0.12961270150000001
5812395000	0.000600508399999999951	0.12692173100000001
5812400000	-0.0022020900999999999	0.130268886400000006
5812405000	0.00116290610000000004	0.129232525099999995
5812410000	0.00335525770000000018	0.129110335200000009
5812415000	-0.0014227628	0.1277164727
5812420000	0.00107422680000000001	0.127078136199999997
5812425000	0.00485959420000000013	0.1361430951
5812430000	0.000283983000000000022	0.129354073300000011
5812435000	0.00183752570000000003	0.132045287900000002
5812440000	0.0006163071	0.129937976199999999
5812445000	0.0042348307999999996	0.136425047900000013
5812450000	0.00472943660000000026	0.1316811185
5812455000	0.00578387880000000038	0.138640142999999993
5812460000	0.00583980479999999993	0.132568139700000004
5812465000	0.00440816429999999967	0.136922006799999996
5812470000	0.0062155709	0.136543945
5812475000	0.00680384300000000039	0.138348262199999988
5812480000	0.00942098700000000046	0.138130727600000003
5812485000	0.00643785529999999981	0.140607974599999991
5812490000	0.00726836669999999987	0.138127594699999995
5812495000	0.00951584169999999951	0.141530201299999991
5812500000	0.0100954383000000005	0.135904451399999987
5812505000	0.0101767773000000002	0.138224886200000008
5812510000	0.00909369569999999953	0.141569132200000003
5812515000	0.00760771749999999969	0.140039215500000008
5812520000	0.00836016090000000003	0.139799784199999999
5812525000	0.0109315430999999998	0.143147413400000006
5812530000	0.0110724047999999995	0.140889513299999991
5812535000	0.0148057367000000006	0.142777046099999999
5812540000	0.0129408757999999995	0.143169955200000004
5812545000	0.0111099738000000007	0.142438688300000005
5812550000	0.0152795243999999993	0.143083519299999989
5812555000	0.0139004119999999991	0.14254508099999999
5812560000	0.0152665696	0.144599072400000001
5812565000	0.0140616510999999993	0.140673286799999991
5812570000	0.0108380952999999995	0.142768098600000004
5812575000	0.0159695972000000012	0.142883101200000001
5812580000	0.0154936660999999993	0.149543535000000005
5812585000	0.0122258409999999994	0.141963031500000003
5812590000	0.0134224264999999992	0.144941522399999995
5812595000	0.0180123831000000012	0.144710629300000004
5812600000	0.0181305696000000002	0.148325732099999996
5812605000	0.0179519655	0.146140254999999997
5812610000	0.0178144865000000006	0.147011407000000011
5812615000	0.0165505293999999997	0.145637192100000007
5812620000	0.0193850994000000013	0.145812580400000003
5812625000	0.0220726657000000007	0.147517772999999991
5812630000	0.0249040157999999984	0.148711072400000005
5812635000	0.020301185900000001	0.147999122900000002
5812640000	0.0228855464000000015	0.152748012399999994
5812645000	0.0217202335999999996	0.149200573700000005
5812650000	0.020789158700000001	0.149763524399999987
5812655000	0.0233831274999999998	0.149896741599999994
5812660000	0.0278282475000000001	0.150672850500000011
5812665000	0.0217211222000000016	0.150073353699999995
5812670000	0.0267597039999999987	0.147139997500000008
5812675000	0.0258578156000000003	0.148380790300000009
5812680000	0.026847637399999999	0.148879285500000014
5812685000	0.0271427131000000002	0.151266885299999987
5812690000	0.0245060274999999994	0.152323292599999993
5812695000	0.0262525694999999996	0.150693453799999988
5812700000	0.0293694512999999983	0.151252510499999993
5812705000	0.0270832327000000012	0.149415248700000003
5812710000	0.0262325145999999995	0.154080355499999988
5812715000	0.0280774324000000013	0.1507140223
5812720000	0.0290635771999999994	0.155965431799999998
5812725000	0.0293423755000000001	0.151355442099999987
5812730000	0.0277563070999999988	0.150302371500000004
5812735000	0.0324571052000000027	0.153901246200000008
5812740000	0.0303545059999999998	0.153631652899999999
5812745000	0.0337064423000000002	0.150270674399999998
5812750000	0.0357416934000000033	0.155467000599999988
5812755000	0.0359825495000000023	0.154434953699999988
5812760000	0.0306183694999999992	0.15409956729999999
5812765000	0.0289568062999999987	0.154144809100000002
5812770000	0.0340318074000000026	0.157383946599999991
5812775000	0.0353430212999999993	0.152977072999999991
5812780000	0.034952218799999997	0.155375978299999995
5812785000	0.0329999873999999999	0.154260904000000004
5812790000	0.0362248831000000007	0.1570360425
5812795000	0.0373246620000000015	0.154952531799999987
5812800000	0.0357408696000000026	0.151974197100000014
5812805000	0.0366900553999999976	0.153079244199999992
5812810000	0.0348994970000000015	0.158537061899999998
5812815000	0.039124237800000003	0.1542837809
5812820000	0.0347947010999999987	0.1560984386
5812825000	0.0392716655999999983	0.157510827699999995
5812830000	0.0356184855999999994	0.156085874900000005
5812835000	0.0356617158000000004	0.155226430800000009
5812840000	0.0428008383999999992	0.157847123400000011
5812845000	0.0420829082999999993	0.158224779799999993
5812850000	0.0392786024000000011	0.156077341600000002
5812855000	0.0424276473000000029	0.154567678200000003
5812860000	0.0377619850999999992	0.156403225199999996
5812865000	0.0381676116999999995	0.160601565599999996
5812870000	0.0462402020000000011	0.159855656900000004
5812875000	0.0420406055000000015	0.158245476100000004
5812880000	0.0459601409000000016	0.154756290600000013
5812885000	0.0411548633999999983	0.159757161600000003
5812890000	0.0402542821999999981	0.152283294799999996
5812895000	0.0409570927000000029	0.156457493000000003
5812900000	0.0425419230000000023	0.15645392620000001
5812905000	0.0448229169000000024	0.154418582400000004
5812910000	0.0425272124000000001	0.157250677700000008
5812915000	0.0437893220999999999	0.157667439500000006
5812920000	0.0463604363000000019	0.153922051100000012
5812925000	0.0464388068999999973	0.159792546000000008
5812930000	0.0443986551999999979	0.154953579400000013
5812935000	0.047593999599999999	0.155097631099999994
5812940000	0.0480561077999999975	0.155920659600000011
5812945000	0.0479713964999999992	0.156390620000000008
5812950000	0.0501842633999999982	0.156764049500000002
5812955000	0.0455117334999999984	0.155993670899999992
5812960000	0.0482934531000000014	0.159455564800000005
5812965000	0.0491551164999999984	0.1586989979
5812970000	0.0521369803000000034	0.157910143599999997
5812975000	0.0537913073000000005	0.153527393900000003
5812980000	0.0529128114000000024	0.158137931600000003
5812985000	0.0523680324000000003	0.158874366999999989
5812990000	0.0512322387000000018	0.159662341200000002
5812995000	0.0525980327999999997	0.156529126299999988
5813000000	0.0513150279999999986	0.158888645699999997
5813005000	0.0531263933999999993	0.159491298400000009
5813010000	0.0543351356000000008	0.156213107900000009
5813015000	0.0532187329000000028	0.160651543300000005
5813020000	0.0517808058000000029	0.159861500399999995
5813025000	0.0510805111000000034	0.160445158599999999
5813030000	0.0553983753999999981	0.154742905300000011
5813035000	0.0504367315999999996	0.156855545000000013
5813040000	0.0535101366000000009	0.159049540999999989
5813045000	0.0551476581999999979	0.158578426999999994
5813050000	0.0560523770000000005	0.157625238100000009
5813055000	0.0569656231000000013	0.15809311379999999
5813060000	0.0582285862000000015	0.160555886799999992
5813065000	0.0536122734000000004	0.154532485299999994
5813070000	0.0590436730999999992	0.158934934999999999
5813075000	0.0562077794999999991	0.158775712000000013
5813080000	0.0557521045000000035	0.158149235199999988
5813085000	0.0604950050999999989	0.156864171999999996
5813090000	0.0567857746999999996	0.159494589399999998
5813095000	0.0585687571000000004	0.157777940000000005
5813100000	0.0616482782000000035	0.159229247500000004
5813105000	0.0592664171000000031	0.158163690699999998
5813110000	0.0578000597000000033	0.160198974599999988
5813115000	0.0578593943999999999	0.157264262099999996
5813120000	0.0580617163000000033	0.158823693900000007
5813125000	0.0597618864999999999	0.1593643904
5813130000	0.0619071636999999966	0.156666826499999995
5813135000	0.0600000180000000022	0.156330234900000004
5813140000	0.0602027722999999987	0.159321605100000013
5813145000	0.0634005958000000008	0.154517039200000011
5813150000	0.0626831506000000011	0.153341085799999999
5813155000	0.0618010638000000001	0.159445916599999987
5813160000	0.0630347790999999935	0.161420633099999988
5813165000	0.0634379159000000026	0.156909300800000012
5813170000	0.064508853300000002	0.159329120200000007
5813175000	0.0590283324000000012	0.156151518999999989
5813180000	0.0627657840999999994	0.157451586199999993
5813185000	0.0652524185000000062	0.158184639799999999
5813190000	0.0676748031999999944	0.158870015100000012
5813195000	0.0661169493999999996	0.159219945599999996
5813200000	0.0673060434999999957	0.159148932399999998
5813205000	0.0674342334999999959	0.160493347700000011
5813210000	0.0660233120000000007	0.157362602699999993
5813215000	0.0675959782999999981	0.158400325000000008
5813220000	0.0673266495999999964	0.156225571000000008
5813225000	0.0672078420999999981	0.16069231610000001
5813230000	0.0643534540000000044	0.158071566200000013
5813235000	0.0703397870000000008	0.157204275700000007
5813240000	0.0724191527000000029	0.160120423000000012
5813245000	0.0685849240999999998	0.159957874800000011
5813250000	0.0686426967999999998	0.16086653649999999
5813255000	0.0679185617000000047	0.155114087099999992
5813260000	0.0712973251999999974	0.155367183399999997
5813265000	0.0694288755000000007	0.156826798200000006
5813270000	0.0721475936999999984	0.159164873000000012
5813275000	0.0695287799999999984	0.158421191399999994
5813280000	0.0746199753999999965	0.155632692200000006
5813285000	0.0733717469000000067	0.157741707399999986
5813290000	0.0716644079999999989	0.157743162500000006
5813295000	0.0698054045000000012	0.158227799599999996
5813300000	0.0750892667999999985	0.159605149499999988
5813305000	0.0747840478000000031	0.156846355699999995
5813310000	0.0724309736000000037	0.153231070699999999
5813315000	0.073351823999999996	0.159165673000000008
5813320000	0.0716970363000000027	0.158660462800000013
5813325000	0.0723416033999999958	0.158238654799999989
5813330000	0.0748409584999999988	0.155300161699999995
5813335000	0.0757719240000000044	0.154635952599999987
5813340000	0.0751347572999999935	0.156825576999999994
5813345000	0.0720990742000000018	0.154763257200000004
5813350000	0.0740924438000000046	0.157025718000000009
5813355000	0.0732834400999999996	0.156874551000000001
5813360000	0.0801707452999999987	0.15711128299999999
5813365000	0.0792132175999999966	0.156428077999999998
5813370000	0.0767875300000000066	0.158036979800000005
5813375000	0.0773336745000000048	0.155892131699999992
5813380000	0.0751712595000000039	0.156148352099999999
5813385000	0.080693219699999999	0.156071010499999996
5813390000	0.078628613299999997	0.15580545039999999
5813395000	0.0800601390999999968	0.15647120249999999
5813400000	0.0779597182999999944	0.15577584450000001
5813405000	0.0787420676000000069	0.1542032126
5813410000	0.0797415311999999932	0.155304037199999995
5813415000	0.0794100974000000043	0.158259719599999987
5813420000	0.0819765893999999939	0.156329575599999993
5813425000	0.0805759788000000032	0.152112721300000003
5813430000	0.0819351103999999969	0.157758027299999992
5813435000	0.082002763500000006	0.158511766100000007
5813440000	0.0825622421000000023	0.158655130199999994
5813445000	0.0785589867999999941	0.158696553399999996
5813450000	0.0816190856999999964	0.155246992800000011
5813455000	0.0838631516999999993	0.157074189000000003
5813460000	0.0833455659000000015	0.154160668800000011
5813465000	0.0783914480000000025	0.154737355599999987
5813470000	0.0839735442999999943	0.156290153600000009
5813475000	0.0856193385000000029	0.154287443299999993
5813480000	0.0835342134999999958	0.157537618800000001
5813485000	0.086253004499999994	0.155606024300000007
5813490000	0.0853315726000000024	0.152833277500000003
5813495000	0.0832229902999999938	0.150353090299999992
5813500000	0.0843263254999999934	0.155117409499999998
5813505000	0.0837688538999999954	0.154539529799999992
5813510000	0.0856594457999999975	0.15493134489999999
5813515000	0.085716124099999999	0.150995045800000005
5813520000	0.0860476956999999959	0.15474724740000001
5813525000	0.0851221355000000013	0.156531963299999993
5813530000	0.0881585198999999958	0.152856823000000003
5813535000	0.0898633345000000028	0.153339207199999994
5813540000	0.0891191598999999945	0.151648173899999988
5813545000	0.0870476815999999959	0.149081611000000003
5813550000	0.0841005377000000054	0.152589776700000013
5813555000	0.0889235542000000045	0.152453156700000009
5813560000	0.0891221313999999987	0.154472846999999996
5813565000	0.0909197082999999989	0.153335079799999996
5813570000	0.0917512952999999937	0.151266803100000014
5813575000	0.088680927100000001	0.153099274899999999
5813580000	0.0886507445000000033	0.148936864499999988
5813585000	0.0883282204999999987	0.153128561400000002
5813590000	0.0844889256999999949	0.155260976200000012
5813595000	0.0878948771000000045	0.153490127400000009
5813600000	0.0916015663000000063	0.149538135900000008
5813605000	0.0884326250000000008	0.152424008199999989
5813610000	0.0916830579000000034	0.151908967199999995
5813615000	0.0892111455999999997	0.152900596299999997
5813620000	0.0945382515999999978	0.152673954899999992
5813625000	0.0946984564000000056	0.149354787300000014
5813630000	0.0931413563999999999	0.15198678069999999
5813635000	0.0926993458999999936	0.149796463600000013
5813640000	0.0904409265999999989	0.1564765511
5813645000	0.092002954299999995	0.153029384399999996
5813650000	0.0925256004000000049	0.154993458800000011
5813655000	0.0934863821000000011	0.153008300200000003
5813660000	0.0926564884999999949	0.153280820099999993
5813665000	0.0953641231999999978	0.151598578900000003
5813670000	0.0937610673000000006	0.148337570800000013
5813675000	0.0932395456999999955	0.152060287099999997
5813680000	0.0972154273999999985	0.151798875999999999
5813685000	0.0935895692000000001	0.149842885600000003
5813690000	0.0995416979000000035	0.151917083700000011
5813695000	0.0958373004000000056	0.149748236600000001
5813700000	0.0978901838000000024	0.148127202399999991
5813705000	0.094256025199999996	0.150139672599999996
5813710000	0.0983835762999999974	0.148418278399999992
5813715000	0.096647615199999995	0.152082996599999992
5813720000	0.0977525526000000006	0.149955416499999994
5813725000	0.0986925656999999984	0.150663889800000006
5813730000	0.100395602700000003	0.151045042800000001
5813735000	0.0998507955000000058	0.1466836423
5813740000	0.100419688100000001	0.152322355699999995
5813745000	0.100420638300000004	0.14969680669999999
5813750000	0.0996712896999999987	0.150873845499999992
5813755000	0.100725768899999998	0.151985073700000001
5813760000	0.101152118999999999	0.15013195339999999
5813765000	0.101674581799999997	0.151225913600000011
5813770000	0.106102748999999996	0.150375919400000002
5813775000	0.100154386799999995	0.149978102000000002
5813780000	0.102760940100000003	0.1514726666
5813785000	0.102390737999999995	0.146784726199999993
5813790000	0.102013264399999998	0.144733289799999998
5813795000	0.100252043099999993	0.148204839899999996
5813800000	0.104751842900000003	0.149728202499999991
5813805000	0.101510004599999995	0.143940164000000009
5813810000	0.102441640799999997	0.14666056890000001
5813815000	0.0983090825000000057	0.148193694500000001
5813820000	0.104338836599999998	0.146903442400000001
5813825000	0.103426302799999995	0.146519766400000001
5813830000	0.107037830099999995	0.146383287100000009
5813835000	0.101275957	0.149951588999999996
5813840000	0.106290047900000004	0.147019231599999994
5813845000	0.102787626800000004	0.143572640599999996
5813850000	0.103856075500000006	0.145331363800000002
5813855000	0.106203985599999995	0.149532796200000012
5813860000	0.104932659299999995	0.14725019780000001
5813865000	0.108093861299999996	0.147404513200000004
5813870000	0.102942901099999998	0.142880178699999999
5813875000	0.106394168999999997	0.146847510799999997
5813880000	0.108478307100000004	0.143279816700000007
5813885000	0.107179339799999995	0.147821951099999988
5813890000	0.108363160799999997	0.145609709100000012
5813895000	0.107815986700000005	0.146881643300000003
5813900000	0.106527846999999995	0.142621783199999991
5813905000	0.106593895899999999	0.143140067900000001
5813910000	0.110210593100000004	0.145341853500000007
5813915000	0.110117106399999998	0.1455133079
5813920000	0.109577601100000005	0.146521143599999987
5813925000	0.108500907899999999	0.145111064600000006
5813930000	0.107877667999999996	0.14744564260000001
5813935000	0.105365757800000001	0.140277075899999992
5813940000	0.108665638199999998	0.141776249100000001
5813945000	0.109235832800000002	0.14119868499999999
5813950000	0.110443387700000006	0.142686916299999994
5813955000	0.109179448100000007	0.142107805899999995
5813960000	0.109372994000000001	0.146414543499999994
5813965000	0.110484743400000002	0.144430141300000009
5813970000	0.109878414699999996	0.143304974499999987
5813975000	0.107707705400000006	0.138991993600000002
5813980000	0.112901689	0.147223112099999998
5813985000	0.113952516599999998	0.143061657600000003
5813990000	0.110974022800000002	0.14219966819999999
5813995000	0.108291290999999998	0.143443465999999992
5814000000	0.1123648124	0.142587769400000008
5814005000	0.111091097999999999	0.141779112200000001
5814010000	0.113481854800000004	0.144606192800000005
5814015000	0.113350036299999998	0.140141330199999997
5814020000	0.1140576274	0.1424687023
5814025000	0.114694355499999998	0.139784724500000013
5814030000	0.114074577199999999	0.141363237199999991
5814035000	0.113677113999999996	0.140415606500000012
5814040000	0.111724869199999993	0.140923376900000008
5814045000	0.116016700400000006	0.142085357400000001
5814050000	0.1097569714	0.141273472300000008
5814055000	0.116702372799999995	0.143215243900000011
5814060000	0.114695143900000004	0.14215781990000001
5814065000	0.114109751999999995	0.146972496400000013
5814070000	0.117866006499999995	0.139303665500000007
5814075000	0.115874523899999998	0.140258649000000013
5814080000	0.117801285800000002	0.1412490421
5814085000	0.113751273099999994	0.142039183099999994
5814090000	0.118144107900000003	0.142171733800000005
5814095000	0.118186103299999998	0.143546556699999994
5814100000	0.116925833000000007	0.140900904500000007
5814105000	0.117300342399999993	0.142853688700000009
5814110000	0.117962953100000004	0.137062009799999995
5814115000	0.117492843400000005	0.134964627199999992
5814120000	0.117569582699999994	0.141035329500000001
5814125000	0.116965487600000001	0.141302167199999995
5814130000	0.116997712700000006	0.135804396500000008
5814135000	0.1172953521	0.139835262200000005
5814140000	0.116669995499999998	0.140754780299999993
5814145000	0.116601290999999996	0.138130437699999997
5814150000	0.119748630999999994	0.139166925800000008
5814155000	0.122344846699999996	0.136363472499999999
5814160000	0.119767218800000005	0.136967930500000001
5814165000	0.117823040399999995	0.139099681700000005
5814170000	0.119489952400000002	0.13813511710000001
5814175000	0.121876788700000002	0.136649158699999995
5814180000	0.122123428399999998	0.133496148700000011
5814185000	0.123715419800000004	0.138784494199999997
5814190000	0.118614285900000005	0.135457699300000012
5814195000	0.120401189899999997	0.132471948700000008
5814200000	0.122862640100000003	0.138631168700000001
5814205000	0.121436302999999995	0.139147086899999994
5814210000	0.121829662300000002	0.13568935230000001
5814215000	0.123355625600000005	0.135542124799999997
5814220000	0.123875669800000004	0.137637144500000003
5814225000	0.121742028599999996	0.135571066399999995
5814230000	0.123365879799999995	0.136185002299999997
5814235000	0.128422161400000012	0.134210894200000014
5814240000	0.123114008900000002	0.136199558299999995
5814245000	0.125954170000000004	0.132312407900000012
5814250000	0.122175173299999995	0.133815191800000011
5814255000	0.125846517699999993	0.133160213599999994
5814260000	0.126196749899999988	0.13513849280000001
5814265000	0.123298783999999995	0.134986498399999988
5814270000	0.127854469599999993	0.133169204099999994
5814275000	0.127024583200000013	0.132699778099999999
5814280000	0.124767534999999999	0.131693300600000007
5814285000	0.125140212899999992	0.134095232000000009
5814290000	0.1249103092	0.136640775200000009
5814295000	0.1285483818	0.1342937726
5814300000	0.127430054300000012	0.132839998999999986
5814305000	0.125323143400000003	0.132972273199999991
5814310000	0.129350422699999995	0.134329957100000008
5814315000	0.125399900300000006	0.134951007699999986
5814320000	0.128359594800000004	0.129786507899999987
5814325000	0.127942163100000006	0.134333550699999998
5814330000	0.128512873500000013	0.132273632000000002
5814335000	0.125990937999999997	0.132103997299999998
5814340000	0.125775983899999999	0.131762968899999999
5814345000	0.127275303300000003	0.130216954200000012
5814350000	0.125957651400000009	0.133009768800000011
5814355000	0.125191551499999998	0.129999439200000011
5814360000	0.131146640799999992	0.135181255899999991
5814365000	0.132173298500000008	0.132341278899999998
5814370000	0.130320317999999991	0.126421388699999998
5814375000	0.130709373299999987	0.134040256200000013
5814380000	0.128753491100000006	0.12909647560000001
5814385000	0.127610954999999998	0.128611431100000007
5814390000	0.132968799299999996	0.133066246100000007
5814395000	0.128928870800000012	0.127138293699999988
5814400000	0.131214995100000009	0.133733798600000009
5814405000	0.132603399300000008	0.132441694599999993
5814410000	0.134827470199999994	0.130343825599999991
5814415000	0.131490163999999993	0.127613468300000005
5814420000	0.132632586299999994	0.129337309900000003
5814425000	0.130500230200000011	0.130271338699999989
5814430000	0.136391912799999987	0.129648129700000003
5814435000	0.13143043430000001	0.126813586799999989
5814440000	0.130870325900000001	0.1274990077
5814445000	0.136902474999999996	0.125924874399999998
5814450000	0.132393389299999997	0.126644341900000013
5814455000	0.133878559199999997	0.129475929500000003
5814460000	0.132777513600000008	0.126507483000000004
5814465000	0.130753264600000002	0.125023895999999995
5814470000	0.131554286800000003	0.126005618900000005
5814475000	0.132607650900000013	0.131094680200000008
5814480000	0.133674818700000003	0.127875134000000001
5814485000	0.132556144399999992	0.126230347200000009
5814490000	0.130656384200000003	0.128255757100000006
5814495000	0.133705693300000011	0.125347378300000006
5814500000	0.13559106700000001	0.12555552880000001
5814505000	0.136169951399999989	0.1250752064
5814510000	0.135725198999999991	0.123582828199999994
5814515000	0.133556320400000011	0.127643382500000013
5814520000	0.13773757310000001	0.126069315500000001
5814525000	0.135759252899999988	0.1305516065
5814530000	0.138312805600000005	0.123230604199999996
5814535000	0.136824986399999987	0.126724106899999994
5814540000	0.133813374600000007	0.123152247399999998
5814545000	0.133914995000000009	0.125703046099999993
5814550000	0.137579901199999993	0.125197915999999992
5814555000	0.138834897099999993	0.122726183899999994
5814560000	0.138600687599999994	0.123116068499999995
5814565000	0.137316278799999997	0.127099523399999997
5814570000	0.140108798300000004	0.125911692699999994
5814575000	0.133840407200000011	0.124509315300000006
5814580000	0.138075827799999995	0.1248126341
5814585000	0.139712122699999997	0.121624981899999998
5814590000	0.137486358599999997	0.121178644000000002
5814595000	0.138134649199999987	0.121590390000000007
5814600000	0.136306899499999995	0.124568796699999998
5814605000	0.137085208300000011	0.118350380399999996
5814610000	0.140040156299999996	0.122304243199999996
5814615000	0.13793941970000001	0.1269223887
5814620000	0.139202988100000008	0.121632924599999998
5814625000	0.141617360999999997	0.123742392199999995
5814630000	0.140106132599999988	0.120336627900000007
5814635000	0.140832381199999995	0.122780556200000002
5814640000	0.140350465000000008	0.119593129399999998
5814645000	0.141359947399999991	0.121569167300000003
5814650000	0.142265944899999996	0.121583826300000003
5814655000	0.143148941800000012	0.121736479800000005
5814660000	0.13980174540000001	0.121191517299999996
5814665000	0.142207057500000011	0.119534877499999997
5814670000	0.14545059199999999	0.117440069300000005
5814675000	0.144754918499999996	0.121543671300000003
5814680000	0.143873662699999988	0.118677639299999999
5814685000	0.142193302399999999	0.118968332100000004
5814690000	0.14276717659999999	0.119584561899999997
5814695000	0.145170898900000012	0.119973591899999996
5814700000	0.142548039799999998	0.1155568181
5814705000	0.141568503300000009	0.121343696200000004
5814710000	0.142135831699999993	0.116652510099999995
5814715000	0.143294303000000012	0.119048606299999998
5814720000	0.144030768400000009	0.118390313699999999
5814725000	0.144470578399999994	0.121953996699999997
5814730000	0.144279565999999998	0.117485293399999996
5814735000	0.145984282599999987	0.116862450600000001
5814740000	0.143013379800000007	0.117758218999999997
5814745000	0.144845732100000013	0.1156093381
5814750000	0.143041863200000008	0.116039145999999996
5814755000	0.143105252099999997	0.114847851700000003
5814760000	0.148421873300000007	0.1109447561
5814765000	0.145954272899999987	0.119894698399999999
5814770000	0.143813908200000007	0.116932362900000003
5814775000	0.145134974599999994	0.116206224999999996
5814780000	0.14453011469999999	0.113507727000000003
5814785000	0.149230257199999994	0.116327598500000004
5814790000	0.146223835899999988	0.116576537999999993
5814795000	0.147518564500000005	0.113927158200000003
5814800000	0.149029173500000001	0.115721196799999995
5814805000	0.14599692680000001	0.112011476400000004
5814810000	0.1448017308	0.117118058600000005
5814815000	0.141687511399999994	0.116879037500000005
5814820000	0.14526192160000001	0.111419803799999995
5814825000	0.146311157100000006	0.116980800699999998
5814830000	0.1493561588	0.113891641599999996
5814835000	0.144917430399999991	0.114018519600000007
5814840000	0.148483816600000013	0.1109437073
5814845000	0.146964199600000012	0.110795454799999998
5814850000	0.146255110900000013	0.108924776099999995
5814855000	0.146180740199999992	0.112895836700000002
5814860000	0.149456834300000008	0.110820687000000001
5814865000	0.14876580519999999	0.110420722799999996
5814870000	0.153845214199999997	0.111355063300000001
5814875000	0.147761963400000002	0.113308387400000002
5814880000	0.150743605700000005	0.107989776900000001
5814885000	0.15149594999999999	0.109920858100000005
5814890000	0.154542994699999992	0.1111134238
5814895000	0.152554659499999995	0.113165332300000004
5814900000	0.149423906999999995	0.1101692373
5814905000	0.149964591499999994	0.105222617800000001
5814910000	0.144088936499999987	0.113494884200000007
5814915000	0.151603877500000012	0.106105146999999997
5814920000	0.152166736500000011	0.106545374700000001
5814925000	0.152597054700000012	0.109624062999999994
5814930000	0.15571206809999999	0.1080282152
5814935000	0.150036665499999999	0.109491677699999998
5814940000	0.152201077500000004	0.112745215400000001
