# freq, I e Q
5809940000	0.0617397857000000008	0.102673850400000002
5809945000	0.0692368220000000034	0.1019379272
5809950000	0.0647531989999999974	0.102036432699999999
5809955000	0.0665957479000000019	0.102790898399999997
5809960000	0.0684957073	0.103144210200000003
5809965000	0.0661668611000000018	0.104486652200000002
5809970000	0.0693323066000000043	0.102570203600000007
5809975000	0.0662569244999999946	0.104512212500000007
5809980000	0.0651897382999999941	0.100568697200000001
5809985000	0.0679458195000000043	0.105727763599999997
5809990000	0.0644402275000000024	0.104166861999999999
5809995000	0.0666263520999999942	0.100433112300000002
5810000000	0.0663651153999999938	0.101771844799999997
5810005000	0.0703938008999999976	0.104762462700000003
5810010000	0.0644275616000000023	0.0983829373999999951
5810015000	0.0678473747999999988	0.1035123508
5810020000	0.0703113855000000038	0.104655381399999997
5810025000	0.0696531851000000007	0.101655995499999999
5810030000	0.0680617186000000013	0.101040015499999997
5810035000	0.0642144523000000023	0.104707742100000001
5810040000	0.0730889279000000031	0.0992154484999999975
5810045000	0.0729193769999999936	0.0963483016999999997
5810050000	0.0710964657	0.1013989379
5810055000	0.0716932690999999983	0.100292964799999995
5810060000	0.0657620981999999937	0.101831159700000007
5810065000	0.0713052599999999953	0.100447429300000002
5810070000	0.0710278398000000061	0.101986083300000002
5810075000	0.0674884449999999941	0.102392392799999996
5810080000	0.0704476904999999931	0.102082636300000001
5810085000	0.072407747999999994	0.101351127599999993
5810090000	0.0726786360000000048	0.0982371793000000049
5810095000	0.0714523571000000024	0.100896862300000001
5810100000	0.0697616251000000021	0.0988945918000000007
5810105000	0.0766519942999999981	0.100005131999999997
5810110000	0.0734944758000000004	0.099437369100000006
5810115000	0.0712534726000000063	0.0974061611999999938
5810120000	0.0697024110000000058	0.0987367209000000051
5810125000	0.0710531553999999982	0.0989606561000000023
5810130000	0.0751571860000000008	0.0991671850999999993
5810135000	0.0717942599000000042	0.0969065670999999934
5810140000	0.0735482660999999954	0.100303714899999993
5810145000	0.072340320700000002	0.100916884200000001
5810150000	0.0717141505999999984	0.0953338997000000021
5810155000	0.0708333042000000024	0.095321578000000004
5810160000	0.0747828308999999997	0.101315764399999994
5810165000	0.0737593254000000059	0.0973556517999999982
5810170000	0.0741633572999999963	0.0951691325000000032
5810175000	0.075412757299999994	0.100463750700000007
5810180000	0.076663395800000006	0.100248195200000001
5810185000	0.0756769775000000061	0.0997801299999999947
5810190000	0.0750936199000000054	0.095646700799999998
5810195000	0.0791459753999999988	0.100188277100000001
5810200000	0.069794796800000003	0.0977098868000000065
5810205000	0.0727223812000000053	0.0980438765999999962
5810210000	0.0770241656999999941	0.0996266187999999969
5810215000	0.0777663647000000069	0.0968014509999999967
5810220000	0.0732917683000000042	0.0989965022000000028
5810225000	0.0751769590000000015	0.0979358612000000017
5810230000	0.0793857621000000069	0.0948259468999999994
5810235000	0.0749887369999999998	0.0971372281999999948
5810240000	0.0744629002999999956	0.0957253012999999958
5810245000	0.0780208222000000062	0.0917600402999999981
5810250000	0.0777397097000000065	0.0940138464000000035
5810255000	0.0785779781999999954	0.0965834722000000062
5810260000	0.0780392862999999964	0.0956752279000000067
5810265000	0.0759185500000000013	0.0925748931999999941
5810270000	0.0792549840999999949	0.0958984338000000019
5810275000	0.0832038159000000055	0.0958466233999999973
5810280000	0.078070059799999994	0.0976795926999999981
5810285000	0.0809535536999999999	0.0914972072999999941
5810290000	0.0765928012999999991	0.1006867605
5810295000	0.0739384760999999974	0.0933227447000000015
5810300000	0.0799349597999999967	0.0948516952999999968
5810305000	0.0783998406000000064	0.0945804559999999933
5810310000	0.079532806999999997	0.0971780658000000047
5810315000	0.0793487476000000053	0.0965882641999999958
5810320000	0.0798389560000000026	0.0936089888999999953
5810325000	0.0786732104999999932	0.0930377136000000021
5810330000	0.0789073762999999984	0.0938179965999999949
5810335000	0.0819721986999999985	0.0924120315000000053
5810340000	0.0786618094000000045	0.0928681021000000023
5810345000	0.0834256253000000003	0.0915760404000000028
5810350000	0.0844493406000000058	0.0971802883000000006
5810355000	0.0781076702000000067	0.0897494256999999962
5810360000	0.0801081881000000051	0.0975582281999999995
5810365000	0.0826868495000000064	0.0927599728000000068
5810370000	0.0805860233999999981	0.0911320996000000022
5810375000	0.0804338250999999949	0.0909358309000000004
5810380000	0.0812854771000000031	0.0952181136000000011
5810385000	0.084063126299999999	0.0906891291000000016
5810390000	0.080716132600000004	0.0917303146999999958
5810395000	0.0805455818000000018	0.0942227694999999976
5810400000	0.0844828643000000018	0.0887300164000000002
5810405000	0.0832261685000000029	0.0901990445000000057
5810410000	0.080598073800000003	0.0931945663000000035
5810415000	0.0812148951000000036	0.0917225344999999942
5810420000	0.0844195892000000059	0.091284736199999994
5810425000	0.0822791394000000065	0.0916134064999999942
5810430000	0.0826788105999999995	0.091318456800000003
5810435000	0.0849374514999999969	0.0920845685999999997
5810440000	0.0799766387000000051	0.0901048606999999974
5810445000	0.0827095377999999964	0.0865383081000000026
5810450000	0.0840727403999999984	0.0904660790000000048
5810455000	0.0848190412000000005	0.0926570577000000034
5810460000	0.0853809933999999937	0.0897911913000000034
5810465000	0.0836759740999999946	0.0852826173000000021
5810470000	0.0862747024000000001	0.0901256324000000025
5810475000	0.0867244672999999966	0.0929454579000000003
5810480000	0.0865931988000000069	0.0917634501000000047
5810485000	0.0851272706999999934	0.0926893198000000029
5810490000	0.0899777716000000061	0.088734530300000003
5810495000	0.0843929489999999949	0.0867121066000000051
5810500000	0.0826243457000000042	0.086796399499999996
5810505000	0.0892163359999999933	0.0923601321000000058
5810510000	0.0837886766999999949	0.0880137644999999941
5810515000	0.0880534310999999958	0.0908658001999999992
5810520000	0.0864772617999999965	0.0879168233000000021
5810525000	0.0885381174999999992	0.0894276772999999942
5810530000	0.087509500300000001	0.0867565562000000012
5810535000	0.0892783412999999942	0.0844100547000000007
5810540000	0.0842078802999999959	0.0871886231999999955
5810545000	0.0857274348000000019	0.0854847457000000033
5810550000	0.0856533064999999982	0.0851712622000000003
5810555000	0.0879564768999999969	0.0894212102000000036
5810560000	0.0860918583000000043	0.0876072150999999966
5810565000	0.0903539282000000027	0.0846435338999999981
5810570000	0.0900779020000000014	0.0845797920000000009
5810575000	0.0932023619999999969	0.0828649805999999989
5810580000	0.0900587575000000029	0.087309303899999996
5810585000	0.0853613084000000022	0.0844467988999999947
5810590000	0.0933593587000000058	0.087293755400000006
5810595000	0.0910083649999999938	0.0858986563999999952
5810600000	0.0909792335000000063	0.0833639157999999936
5810605000	0.0912547746999999992	0.0842681541000000062
5810610000	0.0916720505999999991	0.0863982845999999999
5810615000	0.0882730929000000025	0.0855622062000000044
5810620000	0.090966629199999996	0.0858406830999999954
5810625000	0.0926502515000000026	0.082665699499999995
5810630000	0.0910509689000000011	0.0810652055999999954
5810635000	0.0893347154999999948	0.0868052039999999969
5810640000	0.0874353675999999941	0.0855420412000000019
5810645000	0.0908601385000000067	0.0841391637000000053
5810650000	0.0916943362999999984	0.0854403982000000034
5810655000	0.0945832335999999968	0.0819764724999999944
5810660000	0.0931221366000000023	0.0765287092999999974
5810665000	0.0946412471000000061	0.0813957354999999966
5810670000	0.0900878571999999961	0.0835539331999999996
5810675000	0.0930267857999999975	0.0828539516000000031
5810680000	0.0950890811000000002	0.0822946615999999992
5810685000	0.0939278974000000016	0.0821744828999999982
5810690000	0.0929328556000000028	0.0814266468999999965
5810695000	0.0921898223999999961	0.079750853699999999
5810700000	0.0950518395999999932	0.0806741713999999943
5810705000	0.0943187677999999946	0.0788700284999999945
5810710000	0.0941826436999999989	0.0855890829999999964
5810715000	0.0920207792999999941	0.079574769399999995
5810720000	0.0915153955999999935	0.0802400149999999979
5810725000	0.0931176561000000014	0.0782459256999999964
5810730000	0.0957375181999999963	0.0803854626999999933
5810735000	0.0948991710000000044	0.076715003599999998
5810740000	0.0944800935999999952	0.0770104905000000006
5810745000	0.0952180321000000024	0.0768722720000000054
5810750000	0.0951618731000000023	0.0812177661000000051
5810755000	0.0980100116999999965	0.0758672561999999967
5810760000	0.0986135189000000023	0.0778038895999999952
5810765000	0.095872704000000003	0.0784059165000000058
5810770000	0.0986904338999999992	0.0764493906999999945
5810775000	0.101074629599999993	0.0787994390999999933
5810780000	0.0979740152999999947	0.0776363144000000033
5810785000	0.0957408572000000013	0.0737761091999999952
5810790000	0.0988617425000000022	0.0738153220999999971
5810795000	0.100562959800000004	0.0780630815000000061
5810800000	0.0972958656000000033	0.0735924872000000008
5810805000	0.0990916034000000057	0.0782973183999999961
5810810000	0.0997626769999999941	0.0762920975000000029
5810815000	0.0992967114000000012	0.0748313661000000047
5810820000	0.0990230666000000009	0.0800188361000000042
5810825000	0.0989960658999999993	0.0770008680999999945
5810830000	0.102095574699999997	0.0762726323000000039
5810835000	0.103721061599999997	0.0766386480999999981
5810840000	0.100650096300000005	0.071417783999999998
5810845000	0.100583593999999998	0.0739032252000000056
5810850000	0.099238939499999998	0.0723979091000000047
5810855000	0.0971869357999999989	0.0696214443000000016
5810860000	0.101219643100000006	0.0723228966000000056
5810865000	0.104980812600000001	0.0726141985999999989
5810870000	0.098331471700000006	0.0717661673000000028
5810875000	0.100295859400000006	0.0729213593999999965
5810880000	0.103471431599999997	0.0709401354000000067
5810885000	0.104883745200000003	0.0701568664000000036
5810890000	0.104527874899999998	0.0679468985999999997
5810895000	0.1050981946	0.0724093331000000007
5810900000	0.103217239000000002	0.0691243609000000009
5810905000	0.102963992500000004	0.0714583676000000029
5810910000	0.104777751500000002	0.0743101226999999948
5810915000	0.103949424499999998	0.0692518943000000053
5810920000	0.104091842099999998	0.071000427899999996
5810925000	0.0997232645000000056	0.0656692150999999974
5810930000	0.103821639800000004	0.0649717974999999975
5810935000	0.104480521899999998	0.0693660469000000057
5810940000	0.107327693399999993	0.066142571499999997
5810945000	0.1074489166	0.0695497077999999991
5810950000	0.102958562500000003	0.0701945338000000002
5810955000	0.107172863699999996	0.0691341221000000006
5810960000	0.104869815899999996	0.0703824197999999984
5810965000	0.104453283699999996	0.0640486794000000026
5810970000	0.106638623099999996	0.0646680441000000023
5810975000	0.1084509897	0.0671352848999999946
5810980000	0.108008470800000006	0.0688297343000000006
5810985000	0.105357145599999993	0.0664547372999999969
5810990000	0.105783400700000002	0.0656166811999999988
5810995000	0.107408340199999994	0.0660975434999999945
5811000000	0.106091625600000003	0.0637052939000000013
5811005000	0.107069783799999999	0.0627372139999999995
5811010000	0.106623208499999997	0.0663177637999999986
5811015000	0.110345653599999996	0.0622791872999999968
5811020000	0.106361737799999995	0.063277256300000001
5811025000	0.109034655999999994	0.0645572001000000034
5811030000	0.109443466700000006	0.0606311390000000006
5811035000	0.108295611900000005	0.0637432680000000057
5811040000	0.108475360600000001	0.0598460068999999983
5811045000	0.111024007100000002	0.0610023470999999998
5811050000	0.106906803300000006	0.0626015461000000023
5811055000	0.106276474199999998	0.0568347851000000001
5811060000	0.110450984799999999	0.0586419872999999967
5811065000	0.106947906999999995	0.0619034827999999995
5811070000	0.108444539500000006	0.0603465117000000009
5811075000	0.108273408400000007	0.0610924534999999977
5811080000	0.110341990400000006	0.058671361499999998
5811085000	0.113150182099999996	0.0567135165999999996
5811090000	0.109688546999999997	0.0590572917000000003
5811095000	0.107370792899999998	0.0570531052999999969
5811100000	0.112931659599999998	0.0583729961999999991
5811105000	0.111737270299999997	0.057182110199999997
5811110000	0.109762660999999997	0.0538646212999999985
5811115000	0.112559561000000002	0.0540660036000000024
5811120000	0.1095835951	0.0518929189000000013
5811125000	0.113972953500000002	0.0511917752999999989
5811130000	0.112669391899999999	0.0493729161999999985
5811135000	0.111946067900000001	0.0540927631000000034
5811140000	0.117374486099999994	0.0531610911000000019
5811145000	0.113639854799999995	0.0547170084000000029
5811150000	0.111640107500000002	0.051111214000000002
5811155000	0.114443878799999996	0.0512114754999999991
5811160000	0.109187880500000001	0.0508146036000000009
5811165000	0.115262966100000003	0.0511076877000000013
5811170000	0.114294745000000003	0.0484050138000000005
5811175000	0.116491206299999997	0.0513802304999999987
5811180000	0.116015996199999999	0.0474814563999999967
5811185000	0.112812368699999999	0.0459508231999999975
5811190000	0.116609864899999999	0.0504556982999999973
5811195000	0.115170780299999997	0.0478747226000000026
5811200000	0.115992745800000005	0.0465542720000000007
5811205000	0.117231299999999997	0.0465716404999999972
5811210000	0.113090659699999999	0.0466985800000000034
5811215000	0.116849408299999999	0.0436140570999999991
5811220000	0.115402571900000001	0.0427750958999999972
5811225000	0.115031764699999997	0.0468860291999999984
5811230000	0.113664475000000001	0.0437525752999999989
5811235000	0.113974144200000002	0.0465793987000000034
5811240000	0.1117649639	0.0439237899999999973
5811245000	0.115886725800000007	0.0400979134999999987
5811250000	0.119164362300000007	0.0442979223000000005
5811255000	0.115265150699999999	0.0426526618999999996
5811260000	0.116861115799999998	0.0398520887000000032
5811265000	0.115207558299999999	0.0407941229000000002
5811270000	0.116770310000000002	0.043328445799999997
5811275000	0.116360568100000006	0.0389448823999999985
5811280000	0.115756638999999995	0.0363981542999999991
5811285000	0.115892420199999999	0.0356247571000000013
5811290000	0.117617390299999999	0.0393368558000000007
5811295000	0.1153503959	0.0365012341000000018
5811300000	0.117329339599999999	0.0357248140000000006
5811305000	0.118292641200000007	0.0373038504999999992
5811310000	0.117059559300000005	0.0368538840000000034
5811315000	0.116349276400000007	0.0289736726
5811320000	0.116937708900000006	0.0314337986
5811325000	0.121415044400000005	0.0320124767000000005
5811330000	0.116621358499999994	0.0313179250999999978
5811335000	0.118992042699999995	0.0303043810999999996
5811340000	0.118476833599999998	0.0307280251999999983
5811345000	0.120625594700000005	0.0277200712000000016
5811350000	0.119205379599999994	0.0326017473999999988
5811355000	0.118757354900000001	0.0310791547000000001
5811360000	0.1187211725	0.0268029122000000009
5811365000	0.120077190099999995	0.0243350045000000001
5811370000	0.118372349799999999	0.0272632645999999999
5811375000	0.117199604999999998	0.0251397351999999991
5811380000	0.114845687200000005	0.0222334689999999988
5811385000	0.120679378800000001	0.0215443381999999989
5811390000	0.114430407100000006	0.0214985403999999984
5811395000	0.116029144000000001	0.0230661610000000017
5811400000	0.1179737337	0.0197681686000000002
5811405000	0.118081672200000001	0.0210836582999999987
5811410000	0.115650115900000003	0.0191428242999999998
5811415000	0.118877506999999993	0.0192290147999999994
5811420000	0.118270187999999998	0.0223133470000000007
5811425000	0.115996468899999997	0.0178143062000000012
5811430000	0.118231632599999997	0.0172451526999999986
5811435000	0.111027732000000004	0.0135478148000000003
5811440000	0.113674492599999996	0.019298969400000001
5811445000	0.115575149399999993	0.0152866983000000001
5811450000	0.116259562299999994	0.013620353
5811455000	0.115906663899999998	0.0158466667999999991
5811460000	0.116137615999999999	0.0110281809999999997
5811465000	0.112527157799999999	0.0131048886999999992
5811470000	0.113869040099999999	0.00964670140000000072
5811475000	0.116004541599999997	0.00990297480000000042
5811480000	0.1136714905	0.0068448666999999996
5811485000	0.112940535199999997	0.00886746520000000066
5811490000	0.110111501700000003	0.00497503600000000039
5811495000	0.114355279000000004	0.00787635379999999941
5811500000	0.113658932000000004	0.00520374049999999984
5811505000	0.114898339599999996	0.00125787449999999992
5811510000	0.113176741900000002	0.00185948319999999995
5811515000	0.111556190099999994	0.00101067879999999994
5811520000	0.111149403399999999	0.00227085500000000001
5811525000	0.108851180899999997	0.00262711809999999994
5811530000	0.109121770100000001	-0.00484720819999999962
5811535000	0.109677716100000003	9.27283000000000046e-05
5811540000	0.109116797099999996	-0.000506157799999999974
5811545000	0.107751330199999995	-0.00240987490000000009
5811550000	0.109087362399999999	-0.00137650100000000003
5811555000	0.105143112400000002	-0.00426133999999999975
5811560000	0.108333660200000001	-0.00429152430000000022
5811565000	0.106199760200000007	-0.00512243829999999966
5811570000	0.108880871099999998	-0.00810580510000000025
5811575000	0.102477136799999993	-0.00634801319999999964
5811580000	0.104160440000000007	-0.0133760384
5811585000	0.100024909600000003	-0.0096757605
5811590000	0.100899865000000005	-0.00900704979999999988
5811595000	0.105526098499999998	-0.0123365364000000005
5811600000	0.100464120599999998	-0.0105647814000000007
5811605000	0.0968223683000000029	-0.0144083914999999993
5811610000	0.0981139010000000034	-0.0127871827999999996
5811615000	0.0983599857999999938	-0.0137387350000000002
5811620000	0.0955845718000000039	-0.0141319710999999997
5811625000	0.0934830006000000047	-0.0191988407000000007
5811630000	0.0969155269000000069	-0.0183109314999999988
5811635000	0.0988302248999999994	-0.0198406534000000016
5811640000	0.0954234008000000022	-0.0197945825000000013
5811645000	0.0928103571000000044	-0.0197714109999999992
5811650000	0.0901211076	-0.0215428512000000009
5811655000	0.086683981800000004	-0.0206686311000000011
5811660000	0.0865241281999999945	-0.0211464085000000017
5811665000	0.0879330779999999979	-0.0232939765000000007
5811670000	0.0854851578000000029	-0.0200953890000000017
5811675000	0.0833856902000000011	-0.0230571936000000012
5811680000	0.0850680364999999994	-0.0235822956999999986
5811685000	0.0805543809	-0.0230265761000000013
5811690000	0.0803536881999999952	-0.0256925435000000014
5811695000	0.0777234229999999998	-0.0256807715000000013
5811700000	0.0730691111999999948	-0.0293744851000000001
5811705000	0.0743849402999999937	-0.0250073835000000008
5811710000	0.0733922590000000014	-0.0261866387999999985
5811715000	0.0760749029000000049	-0.0253034252000000001
5811720000	0.0730304843999999981	-0.0242675218999999984
5811725000	0.0700410909000000054	-0.0221554202000000013
5811730000	0.071507610499999999	-0.0256272924999999992
5811735000	0.0619081958000000029	-0.0296864600999999992
5811740000	0.066220751800000005	-0.0283516104000000012
5811745000	0.067744644100000001	-0.0246777390000000006
5811750000	0.0634673953000000068	-0.0241791017000000004
5811755000	0.0637053100000000011	-0.0270285899000000003
5811760000	0.0578010139000000034	-0.0230845779000000001
5811765000	0.060756794900000001	-0.0314397811000000013
5811770000	0.0566756892999999984	-0.0275488390999999999
5811775000	0.0572658107000000027	-0.023137426400000001
5811780000	0.0564754166000000016	-0.0233613678999999991
5811785000	0.0563977801000000029	-0.028076603700000001
5811790000	0.0529025168000000004	-0.0230112971000000013
5811795000	0.0490835385999999971	-0.0232061588999999992
5811800000	0.0518189514000000004	-0.0239424144999999984
5811805000	0.0462813768999999972	-0.0211474076999999989
5811810000	0.0490924039999999992	-0.0199424859999999989
5811815000	0.0441809018999999997	-0.0212717618999999983
5811820000	0.0446271424	-0.0218397934999999994
5811825000	0.0387061255000000007	-0.0195307623000000007
5811830000	0.0390013287999999986	-0.0220797673000000007
5811835000	0.0395579345000000027	-0.0225871027000000002
5811840000	0.0354268036000000008	-0.0189686254999999991
5811845000	0.0386035429000000027	-0.0182651815999999995
5811850000	0.036269680700000001	-0.0149352988999999995
5811855000	0.0354353991000000007	-0.0129234426999999992
5811860000	0.0324562134999999974	-0.0133025684000000009
5811865000	0.0305417577999999995	-0.0118566100000000001
5811870000	0.0306317611999999996	-0.0139431773999999994
5811875000	0.0296342760999999989	-0.00942303159999999945
5811880000	0.0287468378999999989	-0.0112621501999999995
5811885000	0.0273330346000000002	-0.00895621010000000051
5811890000	0.0330958942000000034	-0.00680405679999999957
5811895000	0.0290348071000000006	-0.0110132835999999998
5811900000	0.0291926529000000011	-0.00389881320000000017
5811905000	0.0225613913000000006	-0.00421443100000000025
5811910000	0.0257988517000000001	-0.00829797739999999992
5811915000	0.0241735593000000012	-0.00179654839999999994
5811920000	0.0237636289000000001	-0.00172283859999999996
5811925000	0.0260492621999999993	0.000236729400000000004
5811930000	0.0221958197999999989	0.00111930860000000005
5811935000	0.0197334277000000002	0.000144414099999999997
5811940000	0.0204076078999999994	-0.00322728570000000011
5811945000	0.0193120999000000008	0.00459183360000000023
5811950000	0.0200719723999999988	0.00478162579999999969
5811955000	0.0226117514999999991	0.00697362030000000035
5811960000	0.0204459406000000003	0.00977429559999999989
5811965000	0.0204534949000000008	0.00786357499999999938
5811970000	0.019716128900000001	0.00865716830000000034
5811975000	0.0213652442999999991	0.00814904020000000069
5811980000	0.0178347836999999988	0.0121633520000000005
5811985000	0.0196854635	0.0110586596999999991
5811990000	0.0204323427000000016	0.0168162430999999994
5811995000	0.0170266193000000003	0.0148017281999999993
5812000000	0.0215859883999999988	0.0140636288999999998
5812005000	0.0154607575999999997	0.0148152992999999993
5812010000	0.0186334446000000001	0.0206376734000000006
5812015000	0.0236822525999999985	0.0213438440000000007
5812020000	0.021446024000000001	0.0212343842000000012
5812025000	0.0189088222000000014	0.0180212437000000017
5812030000	0.018710064299999999	0.0214461121000000011
5812035000	0.0223953627000000009	0.0241175178999999996
5812040000	0.0254092274000000014	0.0258958991999999992
5812045000	0.0190997757999999997	0.0226157166999999999
5812050000	0.0202431004999999997	0.0264362838000000017
5812055000	0.016203095800000001	0.0246635368000000001
5812060000	0.0197219770000000016	0.0272564752000000014
5812065000	0.0199148837000000002	0.0278773759999999989
5812070000	0.0210947587000000006	0.0287429792999999989
5812075000	0.0171814914999999999	0.0294003276000000015
5812080000	0.0230003369000000013	0.0288030761999999996
5812085000	0.0216199177000000013	0.0339919974000000014
5812090000	0.0225007369999999998	0.0362560625999999997
5812095000	0.0204314331000000002	0.0327879198000000024
5812100000	0.0209314810999999996	0.0330849433000000026
5812105000	0.0248403836999999995	0.0386789384000000014
5812110000	0.0199341820000000017	0.0357576601999999993
5812115000	0.0232779899000000005	0.0355073980000000025
5812120000	0.0229720740999999999	0.0403596676999999973
5812125000	0.0230170527999999999	0.0376946588000000027
5812130000	0.0260587683000000001	0.0364227479999999978
5812135000	0.0249764198	0.0382896652999999976
5812140000	0.0260378238999999997	0.0388029677999999975
5812145000	0.0190244019999999993	0.0432690860999999996
5812150000	0.0276522057999999994	0.0424561462000000028
5812155000	0.0271817212999999995	0.0395313908999999977
5812160000	0.0252201753000000015	0.0408089669000000002
5812165000	0.0262556736000000013	0.0451459218000000023
5812170000	0.0281403378999999995	0.0422270267000000032
5812175000	0.0299883813999999999	0.0427904949000000034
5812180000	0.0323587285999999974	0.0456036202000000002
5812185000	0.0265971665999999995	0.0424622372000000026
5812190000	0.0266133030000000013	0.0485037379000000032
5812195000	0.0251085144000000003	0.0462648148999999995
5812200000	0.0326808369000000029	0.0481684603000000003
5812205000	0.028391359599999999	0.046097994500000003
5812210000	0.0278461170000000001	0.0483655309000000019
5812215000	0.0298208602000000003	0.048500893199999999
5812220000	0.0301850030999999998	0.0490218211000000015
5812225000	0.0288887537999999999	0.0492226047999999999
5812230000	0.0298413663999999995	0.0536148219999999995
5812235000	0.0322920605999999985	0.0519018097000000025
5812240000	0.0323301000000000005	0.0530923115000000029
5812245000	0.0326705632999999968	0.0479559466000000004
5812250000	0.0378224481000000029	0.0531210719999999983
5812255000	0.0321363486999999975	0.0520150844000000015
5812260000	0.0315323871000000033	0.0505237424000000018
5812265000	0.0359286160999999979	0.0526296753999999992
5812270000	0.0366198594999999974	0.0517459810000000034
5812275000	0.0378654271000000014	0.0508940924000000003
5812280000	0.0378227547999999969	0.0570824299000000021
5812285000	0.0355334757999999987	0.0488832789000000004
5812290000	0.0408423326999999975	0.0533443484999999995
5812295000	0.0378520674000000015	0.0535732921000000029
5812300000	0.0374557985999999996	0.0544720897999999981
5812305000	0.0366661518999999991	0.0530156407999999996
5812310000	0.0382432189000000006	0.0570798664999999997
5812315000	0.0381794785000000025	0.058999649199999997
5812320000	0.0371366777999999967	0.0564512236000000028
5812325000	0.0405042262	0.052826341899999997
5812330000	0.0396543359999999984	0.0563049088999999989
5812335000	0.0427231872999999998	0.0566254461999999986
5812340000	0.0440449283000000011	0.0568977681000000027
5812345000	0.0412793059000000004	0.0553600448000000009
5812350000	0.0430894565999999993	0.0548902391000000017
5812355000	0.0419409620999999996	0.0570373272000000014
5812360000	0.0426599017000000025	0.0566853625999999972
5812365000	0.0451760566000000002	0.057611438299999998
5812370000	0.0441694034000000013	0.0611959930999999985
5812375000	0.0439555089000000024	0.0562379147000000024
5812380000	0.0472664313000000016	0.0583023905000000023
5812385000	0.0443870651999999991	0.0587094763000000006
5812390000	0.045806293599999999	0.054178896800000001
5812395000	0.0480947410000000034	0.0610857231999999972
5812400000	0.0464733047999999968	0.0587399803000000012
5812405000	0.0419049085999999987	0.0626773107999999968
5812410000	0.0459838221000000019	0.0559579842999999993
5812415000	0.0458643566999999974	0.0594625455999999997
5812420000	0.0496411468000000008	0.0582850247000000002
5812425000	0.0505129538999999975	0.0585283663000000023
5812430000	0.0481101588999999982	0.0570194482999999974
5812435000	0.0473677584000000013	0.0568449175000000015
5812440000	0.0510676478999999989	0.0589066796999999989
5812445000	0.0468363184000000002	0.059373622600000002
5812450000	0.0530459902999999983	0.0586656741999999967
5812455000	0.0487516105000000005	0.0614263324999999999
5812460000	0.050007404200000001	0.0583086286999999967
5812465000	0.0557643352000000009	0.0590786904000000015
5812470000	0.0512611155999999971	0.0577139819000000026
5812475000	0.0509515611000000007	0.0604167706000000027
5812480000	0.0530933851000000012	0.0620002208999999999
5812485000	0.0575806338000000029	0.0615758558000000025
5812490000	0.0511313480000000001	0.0615399848000000027
5812495000	0.0515876825000000025	0.0601189022999999989
5812500000	0.0537590016000000018	0.059872848200000002
5812505000	0.0513558671000000008	0.0583354780999999975
5812510000	0.0512031084999999969	0.0605370490000000025
5812515000	0.0549094819000000012	0.0590539204000000012
5812520000	0.0570938943999999976	0.0561072168999999996
5812525000	0.0578055904000000023	0.0590447580999999971
5812530000	0.0560896892000000008	0.061195906500000001
5812535000	0.0531818712000000013	0.0594437615999999988
5812540000	0.0562069472999999972	0.0600629312000000026
5812545000	0.0587756472999999974	0.061074749099999999
5812550000	0.0585808532999999992	0.0627229566000000044
5812555000	0.0581058947000000006	0.0586599263999999995
5812560000	0.0568863689999999991	0.0613402502000000016
5812565000	0.0562152605000000027	0.0631137454999999986
5812570000	0.0568526822999999987	0.0624337708000000033
5812575000	0.0579638149000000005	0.0612182276000000011
5812580000	0.0602452713000000001	0.0574494434000000012
5812585000	0.0577405830999999994	0.0583958960000000027
5812590000	0.0574344260999999981	0.0569749640999999973
5812595000	0.0601033074	0.0566454243999999982
5812600000	0.0591399078000000022	0.0548470501000000027
5812605000	0.0622024648000000027	0.0579123497999999987
5812610000	0.0600648290000000001	0.057962508599999997
5812615000	0.0621821938000000005	0.0581178602999999974
5812620000	0.0625122718999999993	0.0606975184999999987
5812625000	0.0608283333000000023	0.057961498799999997
5812630000	0.0610244663999999978	0.0585282508000000007
5812635000	0.0596344390999999988	0.0604811272999999996
5812640000	0.0633275583999999975	0.0569535883000000034
5812645000	0.0626936728000000026	0.0607866926999999987
5812650000	0.0609684945999999992	0.0578540136999999982
5812655000	0.0649327856000000009	0.0573871544000000011
5812660000	0.0630168702000000053	0.0627039374000000066
5812665000	0.0658235301999999939	0.0600944585000000031
5812670000	0.0650637515999999971	0.0620586772999999967
5812675000	0.0653787227000000026	0.0589868782999999966
5812680000	0.0671989216999999972	0.0594296341000000033
5812685000	0.0673500078999999946	0.0572240947999999999
5812690000	0.0636177492999999983	0.0570190558000000028
5812695000	0.0659123467999999935	0.0550572246000000029
5812700000	0.0654456803999999975	0.0616797373999999968
5812705000	0.0626479788999999981	0.0586016492000000014
5812710000	0.0669522758999999967	0.0597911577
5812715000	0.0679155085999999936	0.0587258235999999975
5812720000	0.0702860267999999982	0.0638822923000000042
5812725000	0.0684200348999999958	0.0576612764999999972
5812730000	0.0686916840999999972	0.0598879609000000021
5812735000	0.0684664197999999974	0.0592626950999999985
5812740000	0.0709442549999999977	0.0611675557000000009
5812745000	0.0705690605000000026	0.0610089501000000006
5812750000	0.0656243338000000037	0.0575011465999999971
5812755000	0.0706682460999999984	0.0593544168999999983
5812760000	0.0684275035000000004	0.0582384587999999967
5812765000	0.071003371400000001	0.0593407966000000023
5812770000	0.0709148088000000065	0.0597095518999999977
5812775000	0.0718569079000000027	0.0566972405000000026
5812780000	0.0705582876999999997	0.0588263190000000019
5812785000	0.0728403890000000054	0.0592100232999999976
5812790000	0.0713526436000000014	0.058736433099999999
5812795000	0.0737859136000000027	0.0588901163000000033
5812800000	0.0735172543999999956	0.056532086799999999
5812805000	0.0702779300999999967	0.0552644413000000015
5812810000	0.0734979555000000034	0.0560828100999999982
5812815000	0.0719212949000000018	0.0541693964
5812820000	0.0722273308999999974	0.0557149398000000018
5812825000	0.0743877128000000054	0.0572363218000000035
5812830000	0.0731514667999999951	0.0582177701000000034
5812835000	0.0713883158000000045	0.0593653713999999985
5812840000	0.0715118730000000036	0.0571001049999999982
5812845000	0.0714241454999999942	0.0549249431999999996
5812850000	0.0736317823999999982	0.0596639616999999969
5812855000	0.0726037674999999993	0.0581090657999999982
5812860000	0.0740229179999999931	0.0531006144000000027
5812865000	0.0749408040999999941	0.0589654166000000007
5812870000	0.0745399436000000054	0.0543404205000000001
5812875000	0.0754975801999999974	0.0575847494000000029
5812880000	0.0796860808000000032	0.0559673207000000034
5812885000	0.0778830700999999931	0.0581183965999999969
5812890000	0.0757134701999999937	0.0589448085000000011
5812895000	0.075296252300000005	0.0555808409999999989
5812900000	0.0766595310999999974	0.0537725526000000023
5812905000	0.076046546399999998	0.0539211108999999994
5812910000	0.0749716889999999941	0.0536883968999999975
5812915000	0.0771219016000000007	0.0568752436
5812920000	0.0776885563000000029	0.0565224003999999988
5812925000	0.0752863012000000026	0.0572281110999999995
5812930000	0.0779771214999999962	0.0545642094000000008
5812935000	0.0758181839999999968	0.0544412986000000002
5812940000	0.0761977655000000004	0.0580487817999999975
5812945000	0.0725741087000000007	0.0537879734000000012
5812950000	0.0793023434999999971	0.0540058600999999971
5812955000	0.0779781244999999956	0.055724836899999998
5812960000	0.0779810147999999981	0.0557550654999999992
5812965000	0.0785843905000000037	0.0529594391999999997
5812970000	0.077552173000000002	0.0533414990000000006
5812975000	0.0796058738000000043	0.0521487143000000028
5812980000	0.0777094787999999953	0.0543419638999999982
5812985000	0.0797242447000000021	0.0537946886000000013
5812990000	0.0797471289000000055	0.0542452026000000004
5812995000	0.0798592506000000008	0.0536833682999999992
5813000000	0.0757509479000000041	0.0510272219000000027
5813005000	0.0807196508000000007	0.0505340911999999989
5813010000	0.0783713147999999943	0.0520609730999999978
5813015000	0.0816724189000000017	0.0507682834000000027
5813020000	0.0798603172000000028	0.0522174299000000008
5813025000	0.0849682033999999975	0.0530810499000000033
5813030000	0.0857673768000000031	0.0529325054999999975
5813035000	0.0825888736999999956	0.0559435455999999984
5813040000	0.0814024556000000066	0.0502292021000000019
5813045000	0.0836201346000000068	0.0540178852999999987
5813050000	0.0796402741000000053	0.0543578572999999995
5813055000	0.079338445699999996	0.0504401204000000034
5813060000	0.0810981837000000066	0.0509745325000000027
5813065000	0.0823432456999999979	0.0512815951000000006
5813070000	0.0816804653000000047	0.051996472600000003
5813075000	0.0810592435999999972	0.0466923422000000005
5813080000	0.0822965454999999985	0.0530854944000000023
5813085000	0.0804142835999999972	0.0481645949000000032
5813090000	0.0800256964999999931	0.0501456098999999988
5813095000	0.0803186032999999994	0.0504620075000000029
5813100000	0.0810763270000000036	0.052584905799999998
5813105000	0.0815169406000000041	0.0545134197999999973
5813110000	0.0805819442999999996	0.0493099523000000012
5813115000	0.0865737441000000024	0.0522918860999999971
5813120000	0.0835943997000000022	0.047417878099999998
5813125000	0.085686383899999996	0.0493163537000000027
5813130000	0.0828884918000000054	0.0476847259000000023
5813135000	0.0833533265000000051	0.0522190318000000028
5813140000	0.0890980400999999977	0.0472475756000000011
5813145000	0.0862652168000000025	0.0525169646000000004
5813150000	0.0860564033000000006	0.0488616685999999981
5813155000	0.0862121361999999974	0.0460515306000000013
5813160000	0.0865736790000000006	0.0536381017999999973
5813165000	0.0820043609000000034	0.0467845763999999997
5813170000	0.0857028736000000069	0.0461843742000000029
5813175000	0.0824268088999999954	0.0486615108000000018
5813180000	0.0878958323999999985	0.0476800885000000021
5813185000	0.0849027698999999941	0.0473256077000000011
5813190000	0.0861040044000000032	0.047785426899999997
5813195000	0.0863253546999999954	0.0451097863999999973
5813200000	0.0858328245999999961	0.0460043563000000003
5813205000	0.0878047103000000051	0.0462623931000000002
5813210000	0.0867374043000000011	0.0461800189000000014
5813215000	0.0857325252000000065	0.0484881943999999968
5813220000	0.087670642300000004	0.0471292562999999984
5813225000	0.0859056683999999959	0.0441658184000000009
5813230000	0.0860380998000000036	0.0481372544000000027
5813235000	0.0883159631000000056	0.0446432641999999977
5813240000	0.0898334464000000027	0.0428526960000000026
5813245000	0.0891527428000000038	0.0498463811999999978
5813250000	0.0890953783999999943	0.0452314102999999967
5813255000	0.0871305824999999978	0.0456312192999999977
5813260000	0.0860354935999999987	0.0456182766000000003
5813265000	0.0882652978999999976	0.0450784606000000018
5813270000	0.0877684219999999987	0.0472536886999999975
5813275000	0.088238191699999996	0.0466987208000000029
5813280000	0.0884839822999999998	0.0477597173999999985
5813285000	0.0886038574999999939	0.0471838792000000007
5813290000	0.0887050671000000068	0.0494690933999999971
5813295000	0.0888227317000000044	0.0446852626999999988
5813300000	0.0912034787000000069	0.048455137500000002
5813305000	0.0895647799999999966	0.0444772394000000001
5813310000	0.0879995169000000049	0.0441017036000000001
5813315000	0.0900404872000000051	0.0461577241999999999
5813320000	0.0916283107000000069	0.042008567400000002
5813325000	0.089258920699999994	0.0436973688999999985
5813330000	0.0900000878000000032	0.0445812256999999976
5813335000	0.0919848902000000024	0.0436946299999999982
5813340000	0.0898458193999999988	0.0440340834
5813345000	0.0860730950000000022	0.0445199995999999987
5813350000	0.090525014599999995	0.0413783761000000028
5813355000	0.0896146837000000029	0.0409343471999999986
5813360000	0.0921835317999999959	0.044847601899999999
5813365000	0.0893552702999999976	0.0389707114999999979
5813370000	0.0931235814000000023	0.0405573357999999967
5813375000	0.0898427056000000029	0.0448116539999999994
5813380000	0.0904727688000000058	0.0415189759999999991
5813385000	0.090057048400000006	0.0399658872000000012
5813390000	0.0900965917000000061	0.0419094324000000018
5813395000	0.0957444893999999935	0.0407438968999999998
5813400000	0.0906577722000000003	0.0457485612999999972
5813405000	0.0920787948000000023	0.0414394386000000031
5813410000	0.0947709974000000011	0.0432384488999999969
5813415000	0.0900346355000000015	0.0460724046999999998
5813420000	0.0915728276999999979	0.0471167122000000008
5813425000	0.0922249108999999984	0.0415989758000000001
5813430000	0.0882481608999999972	0.0380965049000000014
5813435000	0.0940238734999999937	0.0445990146000000004
5813440000	0.0918622454999999949	0.0443544566000000015
5813445000	0.0924247834999999962	0.0411562462000000032
5813450000	0.0924388245000000025	0.0394142670000000028
5813455000	0.094794090999999997	0.0392745180000000013
5813460000	0.0927491119999999947	0.0438212357000000025
5813465000	0.092276539099999999	0.0406128943000000006
5813470000	0.0921595597000000044	0.0415554640000000003
5813475000	0.0964241693000000011	0.0402018655999999974
5813480000	0.0950563395999999977	0.0400922137999999983
5813485000	0.0937257603000000022	0.0375585467000000006
5813490000	0.0915059037999999964	0.0430009007999999984
5813495000	0.0905508700999999999	0.0418420185000000014
5813500000	0.0895891875999999948	0.0398339043000000004
5813505000	0.0977374478000000019	0.0401376437999999974
5813510000	0.0930490077999999998	0.0411654503999999977
5813515000	0.0909275360000000032	0.0374112408000000021
5813520000	0.0943179747000000013	0.0366278547999999982
5813525000	0.091432889500000003	0.0386982193999999974
5813530000	0.0954668404000000026	0.0365377923999999979
5813535000	0.0956594471999999973	0.0391599023000000004
5813540000	0.0936975476000000002	0.041817626400000002
5813545000	0.0942400850999999956	0.0361555761000000031
5813550000	0.0924160898000000036	0.0369600843000000012
5813555000	0.0957749571999999966	0.0374235887000000031
5813560000	0.0922023175000000056	0.038051244300000002
5813565000	0.0922062351000000058	0.0379374670000000025
5813570000	0.0961240757000000057	0.0364804649999999966
5813575000	0.0975516265000000021	0.0358136733000000013
5813580000	0.0941133133000000011	0.0372389930999999993
5813585000	0.094081019599999996	0.0360934040000000025
5813590000	0.0949810081999999944	0.0366215723000000021
5813595000	0.0967693111999999994	0.0361059038999999998
5813600000	0.0945852439999999989	0.0393172115999999988
5813605000	0.0972474921999999936	0.0364914165999999998
5813610000	0.0951840932999999945	0.0359729818999999992
5813615000	0.0953221576999999931	0.035873819500000001
5813620000	0.0973977126000000054	0.0367532309000000029
5813625000	0.0945271503999999957	0.0342520185000000019
5813630000	0.0975957479999999961	0.033889045700000002
5813635000	0.096632931199999994	0.0357268384000000022
5813640000	0.0961002080000000064	0.0342878653999999991
5813645000	0.0951922672999999941	0.0340267126000000017
5813650000	0.0996588644000000051	0.0342538445999999996
5813655000	0.0959688790000000069	0.0330435472000000022
5813660000	0.0960094165999999943	0.0401254486000000021
5813665000	0.0969088934000000013	0.0379003543000000012
5813670000	0.100891167000000004	0.0343359780000000031
5813675000	0.0949315419999999938	0.0346012506000000011
5813680000	0.0989880566999999933	0.0326285108999999976
5813685000	0.0972689344000000067	0.0338565274999999971
5813690000	0.0963524152999999939	0.0329185519000000024
5813695000	0.101091826800000006	0.0330620755999999974
5813700000	0.0975252072999999997	0.033682654200000002
5813705000	0.0977718560999999986	0.0275219706999999987
5813710000	0.0997893603000000046	0.0346595780999999978
5813715000	0.097004671400000006	0.029637815599999999
5813720000	0.0983601258999999978	0.0364300264000000026
5813725000	0.0963702241999999931	0.0343899973000000025
5813730000	0.0985822278999999996	0.0333473422999999991
5813735000	0.0962519661000000026	0.0332040986000000024
5813740000	0.102758004700000002	0.0319845771000000015
5813745000	0.0979314225000000038	0.033928374499999997
5813750000	0.0960859455000000057	0.029574778999999999
5813755000	0.0979412137000000016	0.0276504131
5813760000	0.0979704829000000027	0.0332677617000000023
5813765000	0.099055001700000006	0.0339023547999999994
5813770000	0.100252927399999997	0.0324136365999999967
5813775000	0.100413118600000004	0.0304293612999999991
5813780000	0.098000780400000001	0.0307070275999999989
5813785000	0.100180803299999996	0.0313403069000000034
5813790000	0.0981976608000000029	0.0287831009999999984
5813795000	0.101571690100000001	0.0281800692000000012
5813800000	0.104854133200000005	0.0326344839999999983
5813805000	0.100685075799999996	0.0310045284999999997
5813810000	0.0983946556999999999	0.0308967427000000003
5813815000	0.0998851798999999957	0.0312032416999999986
5813820000	0.100142184300000006	0.0316232596000000019
5813825000	0.0976863756999999944	0.0290392442000000015
5813830000	0.103057934200000006	0.0253461694000000001
5813835000	0.0987518691999999948	0.0277494175000000017
5813840000	0.0989639283000000036	0.0261376466000000016
5813845000	0.100821727299999997	0.0290772614999999998
5813850000	0.0994144777999999979	0.0294748293999999994
5813855000	0.0992537210000000031	0.0307542800999999998
5813860000	0.0987922574999999942	0.0260823671
5813865000	0.0965518538999999981	0.0281253635000000002
5813870000	0.101344471300000002	0.0286635301999999988
5813875000	0.0974014433999999957	0.0261662250999999992
5813880000	0.0982864848000000041	0.0268231225999999989
5813885000	0.100127744300000002	0.0276774598999999996
5813890000	0.0995464813000000032	0.0282124685999999986
5813895000	0.100995282899999997	0.0287250128000000014
5813900000	0.1045819625	0.0254529822000000017
5813905000	0.0995375537999999976	0.0237791281999999993
5813910000	0.101775544900000001	0.0268729465999999993
5813915000	0.103203710899999995	0.0270274757000000011
5813920000	0.104102761599999996	0.0277787848000000011
5813925000	0.0991751414999999942	0.0247679947999999983
5813930000	0.0996151413000000013	0.0242667752
5813935000	0.099923813799999997	0.0265364491999999993
5813940000	0.099804376799999997	0.0244552890000000016
5813945000	0.0988692941000000047	0.0252452669000000005
5813950000	0.101468708500000004	0.0292763129000000004
5813955000	0.0961333941000000053	0.0279279773000000002
5813960000	0.101850727399999993	0.0274038046999999993
5813965000	0.0998469034000000061	0.0243246641999999985
5813970000	0.102567884600000006	0.0259434246999999986
5813975000	0.0991013959	0.0277241329000000002
5813980000	0.0996829287000000064	0.0265595185000000004
5813985000	0.100998421699999993	0.0252689026999999983
5813990000	0.102490782700000005	0.0243651473999999986
5813995000	0.102873594900000004	0.0266862081999999987
5814000000	0.103011590400000005	0.0230672082000000014
5814005000	0.100797357800000001	0.0277811924000000016
5814010000	0.0979991266999999944	0.0229477255999999998
5814015000	0.102722975499999994	0.0210669170999999988
5814020000	0.0996361729999999945	0.0206146721999999998
5814025000	0.1022373954	0.024473396599999999
5814030000	0.106493734000000007	0.0203083306999999984
5814035000	0.103107928200000004	0.024291773400000001
5814040000	0.0999232632000000009	0.0243896164999999991
5814045000	0.100596504500000003	0.0234017299999999991
5814050000	0.0992216736000000044	0.0253031166999999994
5814055000	0.104143682000000001	0.0274695886000000007
5814060000	0.102268857599999999	0.0238622910000000008
5814065000	0.100515421100000002	0.0199256280000000008
5814070000	0.104459826699999994	0.0232961661000000014
5814075000	0.102796858000000005	0.0213236953999999986
5814080000	0.105554803000000003	0.0229795359999999983
5814085000	0.100902633800000002	0.0247259441999999989
5814090000	0.103460534500000007	0.0198308137000000016
5814095000	0.100903301900000006	0.022145146000000001
5814100000	0.102790764500000006	0.0214235605999999988
5814105000	0.102630823299999993	0.0202069999999999993
5814110000	0.104211064000000006	0.0214394821000000006
5814115000	0.1022996402	0.0168837527999999987
5814120000	0.106232589599999996	0.0209629955999999992
5814125000	0.106719432399999994	0.0175768650000000005
5814130000	0.105122264399999998	0.0198489667000000015
5814135000	0.102674894799999999	0.023460270200000001
5814140000	0.1033125763	0.019088103700000001
5814145000	0.102072251000000003	0.0183091701999999988
5814150000	0.102577567499999994	0.0178499399000000003
5814155000	0.105384024000000007	0.0196314104000000003
5814160000	0.104307671300000002	0.0203914718999999994
5814165000	0.107742924200000006	0.0224287789000000015
5814170000	0.104199715999999998	0.0150194860000000003
5814175000	0.105657793900000005	0.0192428093000000001
5814180000	0.103525240500000004	0.016499675200000001
5814185000	0.103562478599999994	0.0168795230000000004
5814190000	0.103578472099999999	0.0197338420000000014
5814195000	0.105527960800000001	0.0189864315000000013
5814200000	0.102130996799999998	0.0175784112000000013
5814205000	0.106857214000000006	0.0192911020000000009
5814210000	0.107908797700000003	0.0156509147999999987
5814215000	0.106000288299999995	0.0157566129999999992
5814220000	0.105830840999999995	0.0177689852000000002
5814225000	0.106085309500000002	0.0183053190999999983
5814230000	0.102754021599999995	0.0170222629000000014
5814235000	0.103145337099999998	0.017367091099999999
5814240000	0.104340385399999999	0.0152367121000000008
5814245000	0.103715387199999995	0.0172577109999999985
5814250000	0.101993173699999995	0.0186492002000000004
5814255000	0.103815024199999995	0.0198003924999999997
5814260000	0.103899693700000004	0.0146547204999999993
5814265000	0.101066703999999993	0.0150444392000000007
5814270000	0.101671792699999999	0.0184780506000000004
5814275000	0.1003611472	0.0188156738999999996
5814280000	0.101782971299999997	0.0170786887000000005
5814285000	0.104658361399999997	0.0135750517000000001
5814290000	0.103920850800000006	0.0145387577999999996
5814295000	0.1021422778	0.0169736927999999988
5814300000	0.102008616400000002	0.0152872805
5814305000	0.104856277900000003	0.0146952768000000004
5814310000	0.102625281499999998	0.0172918167000000005
5814315000	0.104915307599999993	0.0147949543999999992
5814320000	0.105246999999999993	0.0136874487000000003
5814325000	0.101954128500000005	0.0153293278000000005
5814330000	0.103197671199999993	0.0136352683999999991
5814335000	0.100651464400000001	0.0129467568000000005
5814340000	0.106764113100000002	0.0191448807999999998
5814345000	0.100597194299999998	0.0139048433000000006
5814350000	0.103441971300000005	0.0144415727000000004
5814355000	0.103674210399999994	0.00670400140000000037
5814360000	0.105766302300000004	0.0123663956999999994
5814365000	0.107093853399999994	0.0114176628000000006
5814370000	0.106084809399999994	0.00912554299999999985
5814375000	0.102261269099999996	0.0144675218000000008
5814380000	0.106898408299999997	0.0119110844000000007
5814385000	0.1059725163	0.0120941489000000006
5814390000	0.104844224400000005	0.0123306978999999997
5814395000	0.106338764299999999	0.0138114225999999996
5814400000	0.1057289072	0.0141327807999999996
5814405000	0.104236945299999995	0.0142311759000000003
5814410000	0.104126086199999995	0.0130269016999999994
5814415000	0.100695953000000005	0.00822029839999999928
5814420000	0.101569928800000001	0.0123725539999999991
5814425000	0.108179209600000006	0.0117929991999999994
5814430000	0.107519091400000003	0.0100408175000000002
5814435000	0.108832444099999995	0.0109162997999999994
5814440000	0.1071592824	0.0109154083999999998
5814445000	0.104695528199999999	0.0132149168000000004
5814450000	0.106851591100000004	0.0129778085000000001
5814455000	0.102483791899999996	0.0140959559999999998
5814460000	0.103402229999999998	0.0127557737000000004
5814465000	0.106875289400000004	0.00656358330000000011
5814470000	0.106673594999999996	0.0105860772000000002
5814475000	0.106692431399999996	0.00698317020000000042
5814480000	0.105785117799999995	0.00793594530000000034
5814485000	0.106777643899999997	0.00614317580000000012
5814490000	0.104275053500000006	0.0101352850000000008
5814495000	0.106421451200000003	0.00806472589999999989
5814500000	0.106779882100000001	0.00831005320000000047
5814505000	0.108463757800000005	0.00893562839999999942
5814510000	0.108314711399999999	0.00680234050000000021
5814515000	0.107524478199999995	0.0117935208999999999
5814520000	0.1079311206	0.00545018680000000037
5814525000	0.109552025299999994	0.00473727379999999958
5814530000	0.109628292000000002	0.00671371949999999967
5814535000	0.1076112558	0.00488355890000000039
5814540000	0.106849159799999996	0.00714773629999999969
5814545000	0.106853162200000004	0.0076887895999999999
5814550000	0.102583047699999999	0.0091166886000000006
5814555000	0.104191499899999998	0.0110915982999999999
5814560000	0.109078507899999996	0.00552853520000000029
5814565000	0.106493155899999997	0.00590067079999999963
5814570000	0.107007763300000003	0.00789871299999999991
5814575000	0.106473207599999994	0.00828395349999999989
5814580000	0.102731975399999995	0.0062519804999999996
5814585000	0.109039226200000006	0.00572628070000000006
5814590000	0.104201047399999996	0.0041257840000000004
5814595000	0.106202894399999997	0.00459590950000000019
5814600000	0.106868259199999996	0.00508859850000000034
5814605000	0.107738601000000003	0.00129448629999999996
5814610000	0.106395319299999999	0.00584255820000000037
5814615000	0.104152480800000002	0.00457151499999999995
5814620000	0.104354044800000004	0.00422987430000000032
5814625000	0.107283622699999998	0.00242027150000000005
5814630000	0.1045413538	0.0052155967000000001
5814635000	0.106377400400000002	0.00476684469999999992
5814640000	0.105117575699999993	-0.000490391099999999995
5814645000	0.105609194200000006	0.00398271339999999984
5814650000	0.105366810699999994	0.00639378219999999983
5814655000	0.105411090999999998	0.00234959469999999979
5814660000	0.107381186099999998	0.00153245989999999999
5814665000	0.110269215599999998	0.00574028980000000025
5814670000	0.106719617899999994	0.00515645889999999992
5814675000	0.109411447699999997	0.00338639229999999989
5814680000	0.107237836899999994	0.00320115480000000016
5814685000	0.104561246699999999	0.00641035940000000016
5814690000	0.104843101499999994	0.000866727899999999952
5814695000	0.105975313000000002	0.00361076799999999988
5814700000	0.106345072200000001	-0.000146049700000000005
5814705000	0.106846283	0.0024825225000000002
5814710000	0.106811646800000007	-0.000892872999999999974
5814715000	0.107127184299999997	-0.00119207069999999996
5814720000	0.105405812700000004	0.0057979001000000004
5814725000	0.107222105299999995	-0.000963705300000000024
5814730000	0.111140171400000001	0.000518492399999999983
5814735000	0.103758574199999995	0.00100177699999999992
5814740000	0.105671176699999994	0.000735839900000000049
5814745000	0.108161512400000007	0.000908907799999999978
5814750000	0.105343270599999997	0.00124968200000000001
5814755000	0.1063746463	-0.000599264399999999988
5814760000	0.105263266600000002	0.00409804019999999991
5814765000	0.107988175199999994	-0.00344917309999999986
5814770000	0.105625340299999995	-0.000841658100000000045
5814775000	0.108206119500000003	0.0022172950999999998
5814780000	0.1063272195	0.00144162270000000006
5814785000	0.106445774800000004	-0.000587445300000000018
5814790000	0.109460676199999996	-0.000889576899999999977
5814795000	0.105565138200000005	0.00130517260000000005
5814800000	0.105795172000000007	0.000120419400000000001
5814805000	0.107434527000000002	0.00145919319999999997
5814810000	0.105140843799999995	-0.00117057639999999991
5814815000	0.108984155900000004	-0.0013634427000000001
5814820000	0.108146582199999994	-0.00171559170000000006
5814825000	0.107675365300000006	-0.000795996500000000049
5814830000	0.106171795499999999	0.000742740299999999974
5814835000	0.109278518399999997	-0.000105022500000000006
5814840000	0.107594501100000003	-0.00229462159999999993
5814845000	0.108017369799999999	0.000221132100000000003
5814850000	0.107640455100000004	0.0015466086999999999
5814855000	0.106353754100000003	-0.00352502330000000006
5814860000	0.106685441500000006	-0.000320267700000000024
5814865000	0.108572103500000003	-0.00188438800000000008
5814870000	0.107236249300000003	-0.00246789570000000014
5814875000	0.104300785100000001	-0.00509626659999999967
5814880000	0.104887623700000002	-0.00417348399999999987
5814885000	0.109684096600000003	-0.00535216750000000029
5814890000	0.111425554199999999	-0.0017268571999999999
5814895000	0.109728663300000001	-0.00234458630000000017
5814900000	0.109792813000000003	0.000476248600000000013
5814905000	0.112696229699999997	-0.00253170060000000021
5814910000	0.105120070199999999	-0.00469634960000000004
5814915000	0.106330602499999996	-0.00304158529999999996
5814920000	0.108419241400000005	-0.00156490490000000008
5814925000	0.106546657899999994	-0.0025736267000000001
5814930000	0.107781032700000001	-0.00528368790000000033
5814935000	0.110218668000000006	-0.00375388120000000021
5814940000	0.108227558099999996	-0.00210220939999999998
