# freq, I e Q
5247100000	0.395297425500000021	0.209422771600000002
5247120000	0.39871315559999998	0.210679915699999998
5247140000	0.400297543400000011	0.209964177899999993
5247160000	0.40025705490000002	0.202151899299999993
5247180000	0.401896318699999977	0.201588857499999996
5247200000	0.398069777499999999	0.20274177060000001
5247220000	0.404499850300000019	0.199796911299999991
5247240000	0.404595135900000014	0.194466561799999993
5247260000	0.407954660000000024	0.195671807000000003
5247280000	0.405763183299999997	0.191535273400000011
5247300000	0.408038550599999994	0.190286179299999997
5247320000	0.408545003199999979	0.18798852290000001
5247340000	0.408731899100000018	0.189713611599999998
5247360000	0.41194963480000002	0.185832558300000006
5247380000	0.411094193499999982	0.185087437599999988
5247400000	0.409634255300000027	0.181201879499999996
5247420000	0.412025760000000019	0.176902983699999988
5247440000	0.412112958099999982	0.176944835299999992
5247460000	0.410274719100000018	0.175403898599999997
5247480000	0.415833823499999977	0.17011705190000001
5247500000	0.415827646499999981	0.169005701600000002
5247520000	0.416720328699999976	0.169243774300000011
5247540000	0.417671454399999975	0.167146373399999992
5247560000	0.419099494199999978	0.164759568699999998
5247580000	0.41598239079999999	0.165957132300000004
5247600000	0.423155563499999998	0.15591630640000001
5247620000	0.419209542200000007	0.155888180500000001
5247640000	0.418435817599999982	0.156143349999999986
5247660000	0.421209527600000022	0.151320058899999998
5247680000	0.422882443200000013	0.150728136499999998
5247700000	0.421215958200000018	0.152526006600000014
5247720000	0.424192912500000019	0.142918749900000003
5247740000	0.423477928900000022	0.14332597250000001
5247760000	0.427830133399999979	0.144805971199999994
5247780000	0.426082779899999986	0.138599871099999994
5247800000	0.424323090600000008	0.137255440899999998
5247820000	0.42749148250000002	0.136116347299999996
5247840000	0.427115894200000012	0.130660782899999994
5247860000	0.429862299999999975	0.130974693100000011
5247880000	0.428953589700000026	0.124326028199999994
5247900000	0.430884228599999974	0.12588408009999999
5247920000	0.43310824349999999	0.119132205399999996
5247940000	0.429307002100000001	0.121201476399999994
5247960000	0.42838239290000002	0.121789187600000001
5247980000	0.430530012299999987	0.119810887000000005
5248000000	0.435087694600000019	0.116021748999999993
5248020000	0.436461590600000005	0.115121121100000001
5248040000	0.43333361170000001	0.107440386700000001
5248060000	0.435834137499999996	0.107511216800000003
5248080000	0.435488728499999977	0.105655252300000002
5248100000	0.437617949100000014	0.103882345900000006
5248120000	0.438370647999999974	0.104101675199999993
5248140000	0.438369491200000017	0.0995521209999999934
5248160000	0.437594089000000019	0.0982215570999999954
5248180000	0.440616859500000013	0.0938246077000000067
5248200000	0.440648605099999979	0.0924891728999999996
5248220000	0.438560959799999983	0.0923123775000000008
5248240000	0.4370024837	0.0894595398000000014
5248260000	0.439557652799999976	0.0873896839999999953
5248280000	0.438425273800000015	0.0821302126000000021
5248300000	0.439377463299999993	0.0801256407000000004
5248320000	0.440851769900000023	0.0795850003
5248340000	0.441510582599999979	0.0734838364000000022
5248360000	0.440551618599999972	0.0737806755000000036
5248380000	0.440291423000000015	0.0718924845000000062
5248400000	0.439878697500000027	0.0690991613999999976
5248420000	0.443928176499999994	0.0682763863999999998
5248440000	0.443619287799999984	0.0612156235000000035
5248460000	0.445821980200000023	0.0627730061000000006
5248480000	0.441696501999999991	0.0627646208000000039
5248500000	0.445975182199999987	0.0584219316999999988
5248520000	0.443352452499999994	0.0567914392000000018
5248540000	0.442589513300000015	0.0547920239000000003
5248560000	0.441148355400000025	0.0509429172
5248580000	0.442690942799999987	0.0492030146999999987
5248600000	0.44847713290000002	0.0490914662999999973
5248620000	0.445973963299999998	0.0466245503999999991
5248640000	0.4491678167	0.0416712651000000003
5248660000	0.445427789500000004	0.041064112899999998
5248680000	0.445067079099999985	0.0355759318000000019
5248700000	0.441631917799999996	0.0314746982999999994
5248720000	0.448591804099999991	0.0357485227000000003
5248740000	0.445895661900000018	0.0335888058000000031
5248760000	0.444124456800000011	0.0276610873000000014
5248780000	0.446294433200000007	0.0261633660000000004
5248800000	0.445674705800000015	0.0262767949000000008
5248820000	0.447206254299999995	0.0224567404000000012
5248840000	0.444042643000000015	0.0211162007999999984
5248860000	0.445756041599999986	0.0127607864999999994
5248880000	0.449459194299999976	0.0172204705999999992
5248900000	0.4473593186	0.00951213679999999943
5248920000	0.449952102999999992	0.00337573749999999992
5248940000	0.445359663500000003	0.0093085762999999995
5248960000	0.447645816299999999	0.00618383090000000028
5248980000	0.44594445570000002	0.00287128460000000019
5249000000	0.448553462899999977	0.000205758999999999993
5249020000	0.446526495600000017	-0.00526729320000000022
5249040000	0.448187831400000014	-0.00286785749999999987
5249060000	0.448305837500000026	-0.00635783210000000036
5249080000	0.444497084799999997	-0.0062768657000000002
5249100000	0.445330144699999986	-0.00921094079999999933
5249120000	0.447479586099999993	-0.0149179216
5249140000	0.444098803900000005	-0.0132714463999999994
5249160000	0.445188879799999992	-0.0173916562000000011
5249180000	0.446185383800000002	-0.0222752244999999995
5249200000	0.451117201400000001	-0.0177926049999999995
5249220000	0.446365937499999976	-0.0221380538000000016
5249240000	0.447002261899999975	-0.0254378102000000009
5249260000	0.441667479299999999	-0.029070756100000001
5249280000	0.442763606899999995	-0.0336308729999999986
5249300000	0.444231382299999977	-0.0363743882999999976
5249320000	0.445606172299999992	-0.0343647859
5249340000	0.444846901800000027	-0.0408450029999999978
5249360000	0.446907605200000002	-0.0396528733000000022
5249380000	0.445908693700000025	-0.0428642056999999979
5249400000	0.44463705240000001	-0.0466721675000000003
5249420000	0.445619091000000023	-0.0434876571000000003
5249440000	0.445001692000000004	-0.046065863700000001
5249460000	0.442435914200000002	-0.0499536854999999974
5249480000	0.44820946989999999	-0.0547675122
5249500000	0.445569282999999983	-0.0558576128999999991
5249520000	0.443337880299999987	-0.0565040631000000015
5249540000	0.448574846400000005	-0.0603973055999999994
5249560000	0.443543589000000016	-0.0655522258999999968
5249580000	0.442179447999999975	-0.0662452018000000004
5249600000	0.441598349999999973	-0.0679585749999999933
5249620000	0.445456142700000002	-0.0677694915999999953
5249640000	0.439620958299999975	-0.0710730559000000012
5249660000	0.44082598449999999	-0.0685127043999999991
5249680000	0.442566375899999975	-0.0781859322999999967
5249700000	0.441691422300000025	-0.0790237399000000007
5249720000	0.438684648800000021	-0.0787859530000000058
5249740000	0.439279981300000011	-0.0838445102999999942
5249760000	0.437436978500000018	-0.0883176739999999988
5249780000	0.439332893800000013	-0.0872541815999999942
5249800000	0.434750114399999998	-0.0895892491999999985
5249820000	0.4423786569	-0.091719590099999998
5249840000	0.436753463200000025	-0.0926816587999999969
5249860000	0.439064970599999993	-0.0992245058000000013
5249880000	0.432556518700000003	-0.0953798797000000032
5249900000	0.436482571200000002	-0.102506714999999998
5249920000	0.434545723200000011	-0.104220932599999996
5249940000	0.43229226770000001	-0.103498762699999997
5249960000	0.431597218100000013	-0.107380102699999994
5249980000	0.434521861700000012	-0.108611929100000004
5250000000	0.432596787300000007	-0.110698937499999997
5250020000	0.429245882799999978	-0.114935961599999997
5250040000	0.427494142500000007	-0.1183380708
5250060000	0.427045214399999984	-0.115540030299999999
5250080000	0.428345907400000003	-0.120259425200000006
5250100000	0.427544855000000001	-0.119687965399999999
5250120000	0.428381618099999972	-0.121242701199999997
5250140000	0.427194911700000013	-0.128437878899999997
5250160000	0.425840258299999996	-0.129335437299999995
5250180000	0.426917538500000027	-0.129251211599999999
5250200000	0.426689772999999994	-0.133551337699999995
5250220000	0.42527191419999999	-0.133003227899999993
5250240000	0.424409177799999981	-0.135527631300000007
5250260000	0.422865213799999973	-0.143777403299999995
5250280000	0.421718401999999992	-0.141193176400000009
5250300000	0.419874448800000022	-0.143759368400000004
5250320000	0.419302402799999974	-0.144316809600000012
5250340000	0.418621271399999995	-0.148205480800000011
5250360000	0.422529979900000019	-0.152923905400000004
5250380000	0.419711355700000011	-0.151401645899999993
5250400000	0.420447466499999978	-0.157313018700000001
5250420000	0.418299997699999981	-0.160765512700000002
5250440000	0.418088430200000027	-0.158867307699999988
5250460000	0.414316601800000017	-0.161781046300000009
5250480000	0.416849535300000018	-0.163128912200000004
5250500000	0.413908501200000001	-0.169042258599999995
5250520000	0.413394603699999974	-0.170030289299999998
5250540000	0.408434571000000024	-0.171624614199999997
5250560000	0.411392750099999982	-0.170997255300000012
5250580000	0.411518086900000024	-0.175473472399999997
5250600000	0.407749711500000001	-0.1763426981
5250620000	0.408130980500000018	-0.178804885599999991
5250640000	0.403251371700000028	-0.175776410299999991
5250660000	0.404688973800000018	-0.181800201800000005
5250680000	0.40530815050000002	-0.183698050299999999
5250700000	0.404213289099999984	-0.188570058099999993
5250720000	0.402154458400000026	-0.188766125899999998
5250740000	0.400731624200000025	-0.191646554400000002
5250760000	0.403927629999999982	-0.193354106599999992
5250780000	0.404233729200000003	-0.194701685900000004
5250800000	0.395645395600000005	-0.198125431699999993
5250820000	0.393783725500000015	-0.198858621600000007
5250840000	0.392206010400000027	-0.204456390999999987
5250860000	0.397568450999999989	-0.203401307599999998
5250880000	0.39484497070000002	-0.205003478300000014
5250900000	0.396229839299999997	-0.207610922599999997
5250920000	0.393450785400000003	-0.2078685428
5250940000	0.39370160609999999	-0.211765889600000007
5250960000	0.387660588400000006	-0.214796509599999991
5250980000	0.39186433209999999	-0.214767636300000009
5251000000	0.390425821800000017	-0.220256327499999988
5251020000	0.383435532600000017	-0.221718346000000011
5251040000	0.388235218499999979	-0.222025225599999987
5251060000	0.385616807399999983	-0.227653132899999999
5251080000	0.380646359900000009	-0.223728254900000006
5251100000	0.383668562599999985	-0.228731645700000014
5251120000	0.382023135299999983	-0.229905111100000004
5251140000	0.38038204619999999	-0.233547164499999987
5251160000	0.376430941399999996	-0.236380154499999995
5251180000	0.378620951099999992	-0.235662347599999988
5251200000	0.379118005300000005	-0.238220129599999997
5251220000	0.374322913699999982	-0.238649453499999997
5251240000	0.3723065874	-0.241513608399999996
5251260000	0.374179209899999976	-0.244018316699999988
5251280000	0.373342827799999999	-0.243718506400000007
5251300000	0.370630081399999978	-0.245169856900000011
5251320000	0.367934969599999995	-0.249685192400000006
5251340000	0.366473584399999996	-0.249638407600000001
5251360000	0.36746433249999999	-0.251341731700000015
5251380000	0.368587375800000006	-0.251816458600000015
5251400000	0.364196441300000007	-0.257421116100000014
5251420000	0.3614133712	-0.257519036099999987
5251440000	0.3600789036	-0.260528980700000024
5251460000	0.357935711900000009	-0.262276733099999992
5251480000	0.358334622400000025	-0.267594356199999994
5251500000	0.359254512000000026	-0.262331420900000001
5251520000	0.349949775700000021	-0.26402849719999999
5251540000	0.350474437500000013	-0.269179818399999993
5251560000	0.350253440400000005	-0.272612568599999994
5251580000	0.353511747300000012	-0.272646081599999979
5251600000	0.352185093100000013	-0.273526864799999991
5251620000	0.35236651870000002	-0.27780251319999999
5251640000	0.347658724400000008	-0.275961909900000024
5251660000	0.344460413899999984	-0.278331819500000022
5251680000	0.3418322949	-0.284179212999999986
5251700000	0.343620829100000025	-0.28361495040000001
5251720000	0.340367987699999985	-0.284016172399999989
5251740000	0.336286525900000022	-0.286651516399999973
5251760000	0.338503056400000002	-0.289202521200000007
5251780000	0.335605849199999973	-0.289166412300000009
5251800000	0.333744364899999979	-0.293805082499999981
5251820000	0.336827041100000002	-0.29268527900000002
5251840000	0.331042694999999998	-0.297786918999999983
5251860000	0.32723509169999998	-0.299872452000000012
5251880000	0.329673710399999986	-0.301732489200000009
5251900000	0.327865622400000001	-0.297817381200000009
5251920000	0.326818717199999997	-0.300284306499999987
5251940000	0.325562018000000009	-0.302586736000000023
5251960000	0.324542522	-0.309266223399999984
5251980000	0.321612601599999992	-0.305978401200000028
5252000000	0.321071158700000026	-0.305808863500000028
5252020000	0.318136198400000014	-0.312719608799999993
5252040000	0.315327675400000007	-0.312179385400000009
5252060000	0.314665694900000015	-0.312295011000000011
5252080000	0.311119117800000011	-0.317002931300000013
5252100000	0.312529610100000022	-0.318079000700000003
5252120000	0.306529219999999991	-0.320046520999999973
5252140000	0.305116112200000011	-0.316917330699999999
5252160000	0.30567827219999999	-0.32162445449999999
5252180000	0.303067220199999987	-0.324339419000000018
5252200000	0.303877538000000003	-0.324992361299999977
5252220000	0.301059551699999983	-0.327563697900000006
5252240000	0.296888023599999995	-0.327046084399999992
5252260000	0.296873738200000015	-0.330347103099999984
5252280000	0.29410768570000001	-0.327615862400000013
5252300000	0.29210776329999999	-0.332223767499999989
5252320000	0.294145748599999979	-0.333144888799999983
5252340000	0.294537122099999993	-0.332479827100000014
5252360000	0.28922885009999999	-0.337566371799999987
5252380000	0.286659623500000016	-0.33855467010000001
5252400000	0.285043092100000006	-0.341909533200000004
5252420000	0.282622307299999986	-0.340791210800000022
5252440000	0.285668633200000022	-0.345007111799999988
5252460000	0.281035440099999978	-0.344981444999999998
5252480000	0.279993714200000021	-0.344240015200000027
5252500000	0.279417077399999991	-0.348083698699999999
5252520000	0.2732368409	-0.346709983300000024
5252540000	0.271007272799999976	-0.349929363400000026
5252560000	0.270142707400000015	-0.349410265499999984
5252580000	0.268137593100000016	-0.357007786100000002
5252600000	0.267733580000000027	-0.349506996299999984
5252620000	0.264057973399999979	-0.358225364099999999
5252640000	0.261889710900000017	-0.353326950600000023
5252660000	0.262182283399999994	-0.355720729299999983
5252680000	0.257379521399999978	-0.358773760599999991
5252700000	0.258294016899999979	-0.363009787099999981
5252720000	0.258239936800000014	-0.359815141000000005
5252740000	0.254171569400000019	-0.369292468900000004
5252760000	0.249942797299999991	-0.364567679600000027
5252780000	0.251728065300000026	-0.366094415000000006
5252800000	0.245521251299999993	-0.365969234199999993
5252820000	0.246828974700000009	-0.365877600600000019
5252840000	0.241548106099999993	-0.370382023499999991
5252860000	0.241043294299999988	-0.37058534030000001
5252880000	0.239171368899999987	-0.374783946099999987
5252900000	0.239638418399999997	-0.374009183600000017
5252920000	0.24032916239999999	-0.377707799999999982
5252940000	0.231676805399999991	-0.376270236199999997
5252960000	0.233151405000000006	-0.379207124100000015
5252980000	0.232855428199999992	-0.38063668439999998
5253000000	0.226564989900000013	-0.381663843100000011
5253020000	0.224465658799999995	-0.377438456799999988
5253040000	0.220965589399999995	-0.381468570000000007
5253060000	0.222283068299999997	-0.382893531000000009
5253080000	0.222565471999999986	-0.384058147399999994
5253100000	0.219073625599999988	-0.383503816800000008
5253120000	0.2148496664	-0.388772449899999983
5253140000	0.215903703000000002	-0.391499590000000008
5253160000	0.210682942000000012	-0.389115838400000025
5253180000	0.214095019500000011	-0.390370612399999983
5253200000	0.212656899099999991	-0.391139736399999993
5253220000	0.208551715299999996	-0.39034453429999999
5253240000	0.207245029599999991	-0.390729214400000024
5253260000	0.204166959000000009	-0.392635855600000028
5253280000	0.201191771299999989	-0.391989549200000009
5253300000	0.198542859799999999	-0.394084400200000018
5253320000	0.194135352600000005	-0.396901083400000021
5253340000	0.195156284099999994	-0.401183190099999976
5253360000	0.192661128300000012	-0.398715711099999981
5253380000	0.186504731700000009	-0.399625111799999988
5253400000	0.187947244399999991	-0.400281192800000019
5253420000	0.187983088999999992	-0.402097835700000017
5253440000	0.184941695600000011	-0.403717935000000028
5253460000	0.182037162000000002	-0.401905065700000008
5253480000	0.181752492900000007	-0.407612790700000005
5253500000	0.178231206100000011	-0.408161583300000019
5253520000	0.172873490500000004	-0.412550479099999978
5253540000	0.170799811800000007	-0.40597905070000001
5253560000	0.171635574200000002	-0.407895552100000003
5253580000	0.167006456999999997	-0.405285078600000015
5253600000	0.164377892100000006	-0.409963871899999999
5253620000	0.159964025799999993	-0.407433900999999987
5253640000	0.164384454499999999	-0.411183649500000026
5253660000	0.159145860100000008	-0.411742364500000013
5253680000	0.158074478800000001	-0.414207078800000017
5253700000	0.157034851100000011	-0.410510003899999976
5253720000	0.159006225599999995	-0.412613625500000025
5253740000	0.151222783500000013	-0.416065797800000026
5253760000	0.147968799600000006	-0.414608051500000019
5253780000	0.145948193000000004	-0.421453339500000024
5253800000	0.143211825399999992	-0.416754322600000005
5253820000	0.141016493100000001	-0.418202338900000026
5253840000	0.13775473299999999	-0.422991065900000018
5253860000	0.137548818699999992	-0.419524878900000009
5253880000	0.135579310799999991	-0.421903877599999977
5253900000	0.135945966499999987	-0.41631138099999998
5253920000	0.134243214599999994	-0.41808726340000002
5253940000	0.125207241299999994	-0.420503520199999981
5253960000	0.126769815099999988	-0.424544089700000016
5253980000	0.122812110700000005	-0.4230773793
5254000000	0.120572742299999994	-0.425212227800000009
5254020000	0.119538410999999997	-0.425189620599999984
5254040000	0.117476535000000007	-0.423602376200000019
5254060000	0.116015685699999996	-0.425024280600000026
5254080000	0.113123934600000003	-0.426782439700000016
5254100000	0.110059904	-0.426244106700000014
5254120000	0.104492689299999997	-0.428047056699999984
5254140000	0.106977671100000005	-0.428401991400000015
5254160000	0.0988953689999999969	-0.428777306899999988
5254180000	0.102863986800000001	-0.427865373699999996
5254200000	0.100047235799999995	-0.431984456199999978
5254220000	0.0954936819999999964	-0.429807205000000025
5254240000	0.0984746969000000055	-0.432493370499999974
5254260000	0.0952442601000000055	-0.433587848499999984
5254280000	0.0938996834999999974	-0.432312914800000003
5254300000	0.0845333920999999933	-0.431389382499999974
5254320000	0.0837931618999999961	-0.435323798900000003
5254340000	0.0840867872999999932	-0.430533260600000023
5254360000	0.0831737792000000059	-0.43311292680000002
5254380000	0.0790663528999999976	-0.433613691899999987
5254400000	0.0764180868000000069	-0.435522614299999999
5254420000	0.0725126303000000055	-0.432441802900000005
5254440000	0.073886426000000005	-0.436624077499999985
5254460000	0.0699986796000000022	-0.432442224799999997
5254480000	0.0642444566999999939	-0.438184641200000002
5254500000	0.0641415845000000012	-0.437181116099999989
5254520000	0.0599999654000000007	-0.43514893830000001
5254540000	0.058847202500000001	-0.439166562599999977
5254560000	0.0552778143999999999	-0.436757744399999981
5254580000	0.054535065700000003	-0.436752412599999973
5254600000	0.0542092003000000031	-0.434991158400000022
5254620000	0.0476069166000000002	-0.440932414200000011
5254640000	0.0487219045000000031	-0.436828123800000023
5254660000	0.0446706592999999985	-0.436296539500000025
5254680000	0.0401389419999999969	-0.442179639800000024
5254700000	0.0380346640000000027	-0.436399338500000011
5254720000	0.0367381473999999972	-0.437248333099999997
5254740000	0.0333217521999999988	-0.439931346100000009
5254760000	0.0340131631000000004	-0.4371686038
5254780000	0.031835032800000003	-0.440407234699999983
5254800000	0.0281105092000000015	-0.43958065070000002
5254820000	0.0278565992999999998	-0.441430140099999979
5254840000	0.0237187365000000004	-0.437210365400000023
5254860000	0.0205988242999999988	-0.439568098399999996
5254880000	0.0203294096999999986	-0.435191554599999975
5254900000	0.0147990130999999994	-0.440062369900000028
5254920000	0.0113226609999999995	-0.438162667900000025
5254940000	0.00938630319999999956	-0.437748590800000004
5254960000	0.0114680491000000006	-0.440820577400000024
5254980000	0.00603490020000000023	-0.443308468600000005
5255000000	0.00602256510000000016	-0.442523791900000019
5255020000	0.00144963300000000008	-0.439663037799999989
5255040000	0.00205022600000000004	-0.442785513100000028
5255060000	-0.00400730020000000017	-0.43928587600000002
5255080000	-0.00927215059999999917	-0.439238446100000013
5255100000	-0.0124597603000000008	-0.440382883700000005
5255120000	-0.0111929292	-0.437867050899999999
5255140000	-0.0137144091999999995	-0.438566013699999979
5255160000	-0.0148541260000000005	-0.442132807999999988
5255180000	-0.0190681003000000016	-0.437291246700000025
5255200000	-0.0203814278000000008	-0.440490893599999989
5255220000	-0.0189206054999999998	-0.438796445199999996
5255240000	-0.0279954159999999987	-0.433841601500000007
5255260000	-0.0331324055000000034	-0.43927172040000001
5255280000	-0.0298490884000000012	-0.436984683900000004
5255300000	-0.0344139082999999971	-0.436116775899999976
5255320000	-0.0370972624999999986	-0.439375507300000023
5255340000	-0.0397051900000000013	-0.438435535300000012
5255360000	-0.0401026153999999996	-0.438166719099999991
5255380000	-0.0430366764000000013	-0.435309546499999978
5255400000	-0.0438317687999999969	-0.435617369799999987
5255420000	-0.0472989793000000019	-0.434821210800000024
5255440000	-0.0520671612999999978	-0.433007026199999978
5255460000	-0.0536121691000000025	-0.434929715400000028
5255480000	-0.0562740440999999966	-0.43357332799999998
5255500000	-0.0620710606999999998	-0.434941604599999976
5255520000	-0.0589369040999999996	-0.430823960299999975
5255540000	-0.0630354402000000008	-0.430578128299999974
5255560000	-0.0678066883999999953	-0.432770955800000023
5255580000	-0.0710578902999999956	-0.432127305799999972
5255600000	-0.0751964150000000026	-0.431219916699999983
5255620000	-0.0722709792000000018	-0.430061240199999972
5255640000	-0.0758494579000000002	-0.430463686000000012
5255660000	-0.0793190888000000066	-0.430877854000000005
5255680000	-0.0835484996000000063	-0.430142481600000015
5255700000	-0.0829729711999999953	-0.425079377400000014
5255720000	-0.0864007487000000018	-0.426112187699999978
5255740000	-0.0899560731000000058	-0.425013385999999993
5255760000	-0.0946570815999999982	-0.425389482500000027
5255780000	-0.0979766415000000029	-0.421914024399999976
5255800000	-0.101825760500000001	-0.424006038500000015
5255820000	-0.101033202000000003	-0.425047336200000014
5255840000	-0.104913105699999995	-0.424043494999999993
5255860000	-0.108838829900000003	-0.419164960699999978
5255880000	-0.110911687999999994	-0.416254944800000026
5255900000	-0.110295639700000003	-0.420730627799999979
5255920000	-0.117613727700000004	-0.415974444399999976
5255940000	-0.117740464399999994	-0.421654186900000005
5255960000	-0.122147501300000003	-0.417228238600000023
5255980000	-0.124681094199999995	-0.415311171199999996
5256000000	-0.126745246499999992	-0.413697886700000017
5256020000	-0.127370122700000005	-0.412249494100000002
5256040000	-0.1316758549	-0.4104867076
5256060000	-0.135101022600000009	-0.406987233900000023
5256080000	-0.138463920900000009	-0.411925554400000005
5256100000	-0.141881640899999995	-0.409569043799999977
5256120000	-0.143897007800000004	-0.406117439600000019
5256140000	-0.14563762529999999	-0.41286080759999999
5256160000	-0.146062203000000002	-0.403261319499999993
5256180000	-0.15196082629999999	-0.405708556399999976
5256200000	-0.152087468199999992	-0.403733884900000006
5256220000	-0.154256161599999997	-0.401849746900000027
5256240000	-0.161299774899999998	-0.394748413199999981
5256260000	-0.165253613100000002	-0.399698857700000021
5256280000	-0.165125323699999993	-0.394010044900000023
5256300000	-0.170800752599999994	-0.393099429700000003
5256320000	-0.1730394086	-0.395205413900000024
5256340000	-0.177973297700000005	-0.389954212899999986
5256360000	-0.183754825099999991	-0.387511184800000019
5256380000	-0.180565630700000007	-0.385150709099999988
5256400000	-0.18747911980000001	-0.38629290329999999
5256420000	-0.18742633580000001	-0.379221691999999999
5256440000	-0.194472138600000011	-0.378100812499999994
5256460000	-0.195456542700000013	-0.375031186199999977
5256480000	-0.197404676000000001	-0.374207039399999997
5256500000	-0.202815643999999989	-0.368763041100000022
5256520000	-0.207240795400000011	-0.36814772480000002
5256540000	-0.210331349400000006	-0.362739095399999989
5256560000	-0.212684107099999992	-0.358781277899999973
5256580000	-0.214103608700000003	-0.354920190600000018
5256600000	-0.220048014200000003	-0.351589247599999988
5256620000	-0.224593023899999994	-0.350850924299999978
5256640000	-0.225970637700000004	-0.342943808700000019
5256660000	-0.228324204199999992	-0.338269829199999983
5256680000	-0.234829724399999995	-0.334462703199999989
5256700000	-0.239281408000000001	-0.32574889130000001
5256720000	-0.242867490999999991	-0.31975651049999998
5256740000	-0.248575414800000005	-0.312034127900000013
5256760000	-0.248997731800000011	-0.307436810499999991
5256780000	-0.251618287900000015	-0.293949231300000002
5256800000	-0.255461792399999998	-0.290811656199999991
5256820000	-0.258057542500000014	-0.281811377899999993
5256840000	-0.263040242099999988	-0.271144294100000016
5256860000	-0.258356814800000001	-0.256417123899999988
5256880000	-0.259509332699999984	-0.24375938250000001
5256900000	-0.258525923300000016	-0.229615737399999992
5256920000	-0.253921032800000002	-0.212792568900000006
5256940000	-0.252394053399999985	-0.191540372300000011
5256960000	-0.238045414300000008	-0.175318583899999991
5256980000	-0.2262083644	-0.157582476100000007
5257000000	-0.209639202100000005	-0.134046378399999999
5257020000	-0.184589018100000002	-0.119409509400000002
5257040000	-0.156081905500000007	-0.107890728399999997
5257060000	-0.123692838799999996	-0.100965669399999999
5257080000	-0.0846844035999999994	-0.107245489400000005
5257100000	-0.0506645983000000022	-0.119552411400000003
5257120000	-0.0162167907999999986	-0.138621752300000012
5257140000	0.00720975970000000028	-0.168793652799999999
5257160000	0.0224542040999999998	-0.202142245700000001
5257180000	0.0273229177000000011	-0.22761899029999999
5257200000	0.0308895754999999987	-0.258937812400000023
5257220000	0.0201993381999999999	-0.287026825699999988
5257240000	0.0150445999000000004	-0.310056489300000016
5257260000	0.00237158759999999986	-0.330047678200000028
5257280000	-0.00951374049999999943	-0.343730940699999987
5257300000	-0.0209146568999999984	-0.356052276100000009
5257320000	-0.0363917420999999991	-0.367188116100000017
5257340000	-0.0461344384999999996	-0.375583281800000002
5257360000	-0.0619384783000000022	-0.379905269200000006
5257380000	-0.0665207676000000026	-0.384648714999999974
5257400000	-0.080544468300000005	-0.391328481200000022
5257420000	-0.0906549210999999938	-0.390310259499999979
5257440000	-0.0996287503999999935	-0.396721506399999979
5257460000	-0.105117312199999993	-0.394699974000000009
5257480000	-0.115202182700000003	-0.394478112699999994
5257500000	-0.125132712000000007	-0.396941010400000016
5257520000	-0.132081150499999994	-0.395459037399999991
5257540000	-0.137633747499999987	-0.396689402000000024
5257560000	-0.146659848499999995	-0.395540129399999996
5257580000	-0.147666968199999998	-0.400613780500000016
5257600000	-0.157743490699999989	-0.392935951800000016
5257620000	-0.162153380399999991	-0.393796247799999999
5257640000	-0.166504902300000007	-0.392383020600000021
5257660000	-0.173122100899999992	-0.391335120799999991
5257680000	-0.175249032500000013	-0.389254285400000011
5257700000	-0.181391373800000005	-0.390021993399999989
5257720000	-0.188982618699999994	-0.389148231499999997
5257740000	-0.192420500100000003	-0.385514763699999985
5257760000	-0.195263976799999989	-0.384479990900000013
5257780000	-0.198226382600000001	-0.385011779499999984
5257800000	-0.200662974699999996	-0.382406507900000026
5257820000	-0.2051209846	-0.381714225100000026
5257840000	-0.214399168299999998	-0.377029064299999994
5257860000	-0.212968265399999995	-0.377401935899999985
5257880000	-0.217248361700000003	-0.380313020399999979
5257900000	-0.22228497559999999	-0.371199631799999985
5257920000	-0.222897610400000001	-0.371827751699999987
5257940000	-0.225385930300000009	-0.373443337300000011
5257960000	-0.227260929899999992	-0.368023689599999981
5257980000	-0.231582230700000002	-0.367934998499999999
5258000000	-0.236007436300000012	-0.36704947910000002
5258020000	-0.242384679399999997	-0.364377307099999992
5258040000	-0.242074202399999994	-0.36085093159999998
5258060000	-0.245773700000000012	-0.362357244999999994
5258080000	-0.249869297299999987	-0.361442511799999977
5258100000	-0.254412482499999981	-0.355353657699999992
5258120000	-0.25317683689999998	-0.351712202899999993
5258140000	-0.254539559000000026	-0.350397964399999984
5258160000	-0.258251485800000014	-0.352962877499999994
5258180000	-0.264306085199999985	-0.347954583400000017
5258200000	-0.262876446400000019	-0.352778922499999981
5258220000	-0.261661095100000018	-0.349712407900000022
5258240000	-0.269685042300000011	-0.344040348900000015
5258260000	-0.270714996699999988	-0.33985119749999998
5258280000	-0.27240882529999999	-0.339872796799999988
5258300000	-0.278962962500000022	-0.342021654600000002
5258320000	-0.280044729800000003	-0.334248902399999992
5258340000	-0.278925275799999983	-0.332803174699999982
5258360000	-0.279989506599999993	-0.334538828700000013
5258380000	-0.288157300499999991	-0.330879145900000005
5258400000	-0.283902583400000019	-0.33341342559999998
5258420000	-0.287035692399999987	-0.329074494599999989
5258440000	-0.289855963800000005	-0.322299858200000011
5258460000	-0.291467900800000013	-0.324218079400000025
5258480000	-0.297547978099999999	-0.322925759899999998
5258500000	-0.294910447999999992	-0.322442388600000018
5258520000	-0.29797656090000002	-0.318537898099999994
5258540000	-0.301623916599999986	-0.317005025200000012
5258560000	-0.302761653399999997	-0.315942489499999979
5258580000	-0.305040426799999986	-0.314328495200000002
5258600000	-0.305273218999999985	-0.315519105199999983
5258620000	-0.308767354800000005	-0.311703638100000013
5258640000	-0.312023212800000005	-0.306805808999999985
5258660000	-0.309421722800000021	-0.308702034899999977
5258680000	-0.312531808199999983	-0.302172664500000021
5258700000	-0.315407631600000016	-0.30541720830000002
5258720000	-0.317846478799999999	-0.297112633899999978
5258740000	-0.3180179588	-0.301140644899999976
5258760000	-0.322515713300000006	-0.296086428299999982
5258780000	-0.323903982300000004	-0.295134646599999995
5258800000	-0.321192306400000016	-0.291353105000000001
5258820000	-0.328416782500000004	-0.289473351099999998
5258840000	-0.326723716300000022	-0.289724712100000004
5258860000	-0.326368400100000011	-0.286972426499999989
5258880000	-0.330974737500000005	-0.288033394800000009
5258900000	-0.335955424800000013	-0.283797736899999986
5258920000	-0.338068931299999986	-0.282676711400000003
5258940000	-0.334972408200000016	-0.273442934199999987
5258960000	-0.33882880999999998	-0.275466563900000017
5258980000	-0.340200336400000025	-0.277627126200000018
5259000000	-0.339498600599999978	-0.270884418000000016
5259020000	-0.340744035300000025	-0.270202073200000004
5259040000	-0.344116767499999976	-0.268984087699999985
5259060000	-0.343930177700000006	-0.264316355999999975
5259080000	-0.348848704299999979	-0.265379371699999977
5259100000	-0.348053560200000001	-0.264914768099999975
5259120000	-0.353576178600000013	-0.260586382299999975
5259140000	-0.350713201899999993	-0.259265147600000023
5259160000	-0.353252607499999982	-0.262895086
5259180000	-0.356401115499999976	-0.256906366800000008
5259200000	-0.35629096859999998	-0.254719524699999977
5259220000	-0.360739957	-0.253459903499999972
5259240000	-0.359908958800000012	-0.248454310399999989
5259260000	-0.360540990999999977	-0.249495609899999998
5259280000	-0.361008962699999991	-0.244729278299999992
5259300000	-0.364839770200000024	-0.243779247599999999
5259320000	-0.36443849989999999	-0.241431239200000008
5259340000	-0.363224865100000016	-0.241553737099999999
5259360000	-0.368148875499999972	-0.235634085900000012
5259380000	-0.367244901000000012	-0.235514070900000011
5259400000	-0.367972485000000016	-0.236350738499999991
5259420000	-0.370266634400000016	-0.235178638400000001
5259440000	-0.371164249300000026	-0.232386512200000006
5259460000	-0.369857528599999985	-0.226699949600000006
5259480000	-0.372644109399999979	-0.225844034299999996
5259500000	-0.377814799199999996	-0.223644626499999999
5259520000	-0.373474965300000017	-0.222777562300000009
5259540000	-0.377975023799999976	-0.219824141199999989
5259560000	-0.380399138299999995	-0.218724199499999994
5259580000	-0.377162748800000003	-0.215700825799999996
5259600000	-0.374975162600000023	-0.217432189199999987
5259620000	-0.383813905700000013	-0.209941128000000005
5259640000	-0.383703760599999999	-0.21005196940000001
5259660000	-0.383702306499999979	-0.205326351600000012
5259680000	-0.381801232900000009	-0.208822376899999995
5259700000	-0.388671385300000005	-0.203607777900000009
5259720000	-0.384875290199999998	-0.201363942200000007
5259740000	-0.3883149085	-0.198739885300000002
5259760000	-0.389401398499999996	-0.195456731599999989
5259780000	-0.391399482099999974	-0.196664476300000002
5259800000	-0.394416531100000023	-0.196223607699999997
5259820000	-0.392799062300000001	-0.193654619899999991
5259840000	-0.394034230900000004	-0.190689103400000004
5259860000	-0.395072993799999994	-0.185240637399999991
5259880000	-0.393319030100000022	-0.185333279500000003
5259900000	-0.396766000600000002	-0.179468813599999999
5259920000	-0.397310962499999976	-0.178052712499999988
5259940000	-0.395951960400000025	-0.175284063299999987
5259960000	-0.398545990199999978	-0.179648033600000007
5259980000	-0.403680253099999997	-0.173104161400000012
5260000000	-0.403302887200000015	-0.172727180199999997
5260020000	-0.3979776706	-0.170558069199999995
5260040000	-0.40317528549999998	-0.169459013600000014
5260060000	-0.401989933600000016	-0.168733730800000009
5260080000	-0.408467212799999979	-0.164807656299999994
5260100000	-0.404019264099999997	-0.15972975519999999
5260120000	-0.406874688699999987	-0.160723972699999995
5260140000	-0.409724510799999997	-0.154129667800000009
5260160000	-0.406456955299999978	-0.155697585899999991
5260180000	-0.410123902900000004	-0.150756618300000006
5260200000	-0.409436043799999982	-0.149102994500000002
5260220000	-0.412972366300000004	-0.147482045499999992
5260240000	-0.411383935899999997	-0.145240424899999998
5260260000	-0.412801409499999994	-0.143018380299999998
5260280000	-0.412669782599999979	-0.140500735399999993
5260300000	-0.415583385199999988	-0.139281099600000013
5260320000	-0.411971452700000018	-0.1330587201
5260340000	-0.416255910999999978	-0.134498329500000013
5260360000	-0.417401451199999995	-0.131939668300000007
5260380000	-0.412460569200000016	-0.128418194499999999
5260400000	-0.415370130299999973	-0.124703822300000003
5260420000	-0.415905259400000005	-0.123621217300000003
5260440000	-0.420945287200000018	-0.126483920299999997
5260460000	-0.419325782400000013	-0.118817814800000005
5260480000	-0.418159160099999982	-0.119075902400000003
5260500000	-0.420127280400000025	-0.116788153000000006
5260520000	-0.419550878000000016	-0.116175871799999997
5260540000	-0.421476653199999995	-0.113153938699999998
5260560000	-0.422222411099999972	-0.109489373700000003
5260580000	-0.423992842300000006	-0.109395911499999998
5260600000	-0.417297094500000021	-0.105517080999999999
5260620000	-0.422643590600000008	-0.0996313590999999971
5260640000	-0.428870625900000024	-0.101632201000000005
5260660000	-0.426692129699999978	-0.0976291130000000035
5260680000	-0.422387951799999994	-0.0941146803999999976
5260700000	-0.419541098999999973	-0.0986682583000000057
5260720000	-0.425935422299999977	-0.0960568108000000032
5260740000	-0.425197541499999998	-0.0904926766999999965
5260760000	-0.421529274899999973	-0.0903065084999999934
5260780000	-0.425935933900000008	-0.0877260178000000002
5260800000	-0.427398496299999986	-0.0854117578000000016
5260820000	-0.42905902429999998	-0.0828898170000000045
5260840000	-0.427616003799999977	-0.0815182140000000055
5260860000	-0.424952339700000015	-0.0743003156999999942
5260880000	-0.425135995599999983	-0.071849641899999997
5260900000	-0.426016402700000019	-0.072479461600000003
5260920000	-0.429670377300000017	-0.0709047086000000049
5260940000	-0.426965344199999985	-0.070008873799999996
5260960000	-0.433378569200000008	-0.0642156841999999978
5260980000	-0.430463119800000016	-0.062382847499999998
5261000000	-0.428508126699999992	-0.0615822117000000002
5261020000	-0.434689820399999982	-0.0595201553999999966
5261040000	-0.434006581999999974	-0.0580060654000000009
5261060000	-0.431959738500000023	-0.0552129462000000015
5261080000	-0.43330720519999999	-0.0514251815000000001
5261100000	-0.432598068499999988	-0.0498481802000000015
5261120000	-0.433451955499999986	-0.0496597125000000014
5261140000	-0.431897016000000022	-0.0436286281999999984
5261160000	-0.434248125099999993	-0.0445165475999999977
5261180000	-0.434930346500000009	-0.0424402510999999996
5261200000	-0.436656340099999984	-0.0366673994000000017
5261220000	-0.43355015819999998	-0.0354177447999999978
5261240000	-0.43793549599999998	-0.0337854444999999975
5261260000	-0.428125918900000013	-0.0342544004999999971
5261280000	-0.434649467299999981	-0.0309778757999999987
5261300000	-0.433401193299999987	-0.0298411568000000009
5261320000	-0.432998729099999979	-0.0264472723000000014
5261340000	-0.437670467999999979	-0.0196530066999999996
5261360000	-0.431988853299999975	-0.0236524790999999984
5261380000	-0.431550907099999992	-0.0201876633999999999
5261400000	-0.437740250200000014	-0.0139060556999999994
5261420000	-0.439153010200000027	-0.0140572730000000003
5261440000	-0.4358502977	-0.0116752620000000005
5261460000	-0.429003405599999998	-0.0102265893
5261480000	-0.433585882799999989	-0.00804440409999999939
5261500000	-0.434144601299999988	-0.00348322119999999995
5261520000	-0.435656900600000008	-0.00653122979999999978
5261540000	-0.437974489999999994	-0.000383873600000000004
5261560000	-0.433698934199999997	0.0011151453
5261580000	-0.434674764699999994	0.00541233560000000009
5261600000	-0.435869094199999974	0.00533856309999999976
5261620000	-0.433947921100000022	0.0100474338
5261640000	-0.434447330500000006	0.0117448116999999998
5261660000	-0.433627009200000024	0.0104479590999999993
5261680000	-0.437967458899999995	0.0171908196000000006
5261700000	-0.434537980400000023	0.016089754500000001
5261720000	-0.432010610399999995	0.0165113585
5261740000	-0.433191835199999986	0.0245125201000000008
5261760000	-0.433842447500000006	0.0234493583999999984
5261780000	-0.433537356799999996	0.0243671092000000006
5261800000	-0.436385016700000017	0.0246584632000000012
5261820000	-0.43135136730000001	0.0287946624999999984
5261840000	-0.435592762899999986	0.0351973588000000018
5261860000	-0.434005522099999985	0.0347713582999999993
5261880000	-0.42908045680000001	0.0341035215999999988
5261900000	-0.432885281399999988	0.0391511407000000033
5261920000	-0.430550673499999981	0.0412824669000000019
5261940000	-0.434501312299999998	0.0446929193000000016
5261960000	-0.429113407800000013	0.0487184105999999978
5261980000	-0.429347348000000018	0.0473745023000000029
5262000000	-0.429974655500000025	0.0517163937000000018
5262020000	-0.43096222620000002	0.0523002497000000025
5262040000	-0.432972288900000002	0.0586267070000000001
5262060000	-0.431128874100000004	0.0606846409999999975
5262080000	-0.43105775540000002	0.0601892409000000031
5262100000	-0.432690185299999974	0.0572887196000000029
5262120000	-0.428399751399999973	0.0672196238000000029
5262140000	-0.432161612699999975	0.0685589877000000042
5262160000	-0.426898806899999983	0.0722683679999999995
5262180000	-0.427145717599999974	0.0656276783000000058
5262200000	-0.430245380899999974	0.0740557389999999954
5262220000	-0.428452309199999992	0.0699891245999999939
5262240000	-0.428685441300000025	0.0762515584999999968
5262260000	-0.426300575500000001	0.0802071129000000022
5262280000	-0.428717754700000009	0.0802069828000000068
5262300000	-0.425853647999999974	0.0845658091999999945
5262320000	-0.42886373160000002	0.0861652794999999971
5262340000	-0.427169036700000004	0.0845075198
5262360000	-0.423052610800000006	0.0909067875999999969
5262380000	-0.42506874859999999	0.0920299839999999952
5262400000	-0.423177707000000014	0.0962975506999999981
5262420000	-0.424812079200000026	0.0969178829999999963
5262440000	-0.4248397753	0.0995710590999999978
5262460000	-0.423477078200000023	0.100395938599999998
5262480000	-0.421696981299999996	0.101252087500000004
5262500000	-0.417735435499999974	0.103148468699999996
5262520000	-0.420925667000000003	0.111506132899999999
5262540000	-0.423263632000000001	0.107804482500000007
5262560000	-0.418373107600000016	0.109868805299999997
5262580000	-0.418137618599999983	0.117562689499999998
5262600000	-0.415349372300000019	0.114828310200000006
5262620000	-0.413397761400000008	0.123568449299999994
5262640000	-0.41800947220000001	0.119367403100000005
5262660000	-0.420756772999999973	0.123606752
5262680000	-0.412719211099999983	0.124607913900000006
5262700000	-0.412882877300000006	0.125910557799999989
5262720000	-0.416640784500000028	0.129359666799999995
5262740000	-0.414223574599999977	0.1307902279
5262760000	-0.419310578099999998	0.133524188300000013
5262780000	-0.413038423900000007	0.136164695599999996
5262800000	-0.409712817999999979	0.137321068200000007
5262820000	-0.407754663199999978	0.141563151800000009
5262840000	-0.410593936699999995	0.143323432000000001
5262860000	-0.411316031500000012	0.145762384800000006
5262880000	-0.408258146400000022	0.145943897099999997
5262900000	-0.405480650399999976	0.147287586700000001
5262920000	-0.403391759800000027	0.152514558599999989
5262940000	-0.403986658200000015	0.15383841379999999
5262960000	-0.404155849600000006	0.156627573200000009
5262980000	-0.404801119499999973	0.155561420199999995
5263000000	-0.403841824999999988	0.157610766699999988
5263020000	-0.40583288369999998	0.155872730600000009
5263040000	-0.401538208399999985	0.160131657300000008
5263060000	-0.399396788300000027	0.164179470900000013
5263080000	-0.400507995100000014	0.165994540200000013
5263100000	-0.400424609200000003	0.164254487799999987
5263120000	-0.396325068800000013	0.169754592499999996
5263140000	-0.396994110700000014	0.170383189399999996
5263160000	-0.397743849599999977	0.17293147419999999
5263180000	-0.396231352099999989	0.180412588699999987
5263200000	-0.39420870320000001	0.17523173119999999
5263220000	-0.39623703469999999	0.183490901200000001
5263240000	-0.393673168199999979	0.179148166500000011
5263260000	-0.39010968330000001	0.181398474700000006
5263280000	-0.390911946200000027	0.187084180600000011
5263300000	-0.392291507099999992	0.188647738399999987
5263320000	-0.388924981100000011	0.187783485100000008
5263340000	-0.38830334430000002	0.190527492399999998
5263360000	-0.388695931599999989	0.193315238100000009
5263380000	-0.386997632500000022	0.192992529899999987
5263400000	-0.383188500900000006	0.196756818100000008
5263420000	-0.380844491999999979	0.201640808599999999
5263440000	-0.383955319000000017	0.2019804184
5263460000	-0.382652580600000014	0.204019028399999997
5263480000	-0.384850065100000027	0.205119496900000003
5263500000	-0.38035976589999998	0.208119312700000003
5263520000	-0.383076734400000007	0.213506941499999991
5263540000	-0.376305451299999982	0.209107534000000012
5263560000	-0.376973599100000001	0.212020503199999988
5263580000	-0.373862695099999975	0.216060644899999987
5263600000	-0.374886832700000006	0.218076153200000011
5263620000	-0.371284932999999984	0.218852039700000001
5263640000	-0.372360415300000025	0.219208548700000005
5263660000	-0.372352685500000002	0.221338256000000011
5263680000	-0.369769879600000018	0.225093078400000007
5263700000	-0.370313240599999982	0.230629892000000003
5263720000	-0.366952027399999992	0.226034265300000009
5263740000	-0.363622576699999978	0.235721694700000012
5263760000	-0.366042342199999982	0.234060812400000012
5263780000	-0.366285809899999981	0.233711342099999997
5263800000	-0.360703642699999993	0.237207414899999997
5263820000	-0.3613492747	0.237646355100000012
5263840000	-0.359196100199999979	0.240359907600000006
5263860000	-0.360036831499999987	0.242659082299999995
5263880000	-0.361055753400000012	0.243232686799999986
5263900000	-0.357023827399999993	0.2440657356
5263920000	-0.355347158399999974	0.248081732100000008
5263940000	-0.355754715499999985	0.249374090399999998
5263960000	-0.351625708199999998	0.248615482700000001
5263980000	-0.35404864920000001	0.251212956799999998
5264000000	-0.348248465100000015	0.255748939600000003
5264020000	-0.350285401699999999	0.260391335499999987
5264040000	-0.346307659300000015	0.25789674600000001
5264060000	-0.344930851599999977	0.261165947200000026
5264080000	-0.342108904499999977	0.26401514949999999
5264100000	-0.343888948500000013	0.263460598300000015
5264120000	-0.344383915699999987	0.264243400799999972
5264140000	-0.341034122699999998	0.262752688499999998
5264160000	-0.337640458600000026	0.267323896299999975
5264180000	-0.33621913539999998	0.272064363300000001
5264200000	-0.338905892799999997	0.269889563499999985
5264220000	-0.335013002800000015	0.270019102100000019
5264240000	-0.332793797700000005	0.276010464999999983
5264260000	-0.33080843729999998	0.275904962699999978
5264280000	-0.330042672300000006	0.278701374900000021
5264300000	-0.328059669300000023	0.2790419871
5264320000	-0.324743492999999994	0.285038375800000021
5264340000	-0.325948043799999976	0.279932873799999982
5264360000	-0.32778113510000001	0.285482458200000011
5264380000	-0.323909255700000009	0.287020949999999997
5264400000	-0.323634747100000009	0.286214749300000015
5264420000	-0.321832140400000022	0.290973048800000023
5264440000	-0.318558690099999986	0.290092082299999998
5264460000	-0.317435423400000027	0.290628304999999976
5264480000	-0.315219994100000012	0.295614882799999978
5264500000	-0.315647425400000015	0.292389716799999977
5264520000	-0.315130861599999978	0.297100035699999987
5264540000	-0.312554048500000015	0.298541973299999985
5264560000	-0.309233636099999987	0.298929939099999986
5264580000	-0.311861916199999978	0.305628647199999992
5264600000	-0.305415640099999997	0.304731067600000016
5264620000	-0.303369582699999973	0.305344056400000008
5264640000	-0.300585565599999993	0.305670743199999984
5264660000	-0.305108825500000014	0.306397611199999975
5264680000	-0.298197117199999973	0.311200891500000021
5264700000	-0.300224932399999977	0.307928536500000016
5264720000	-0.297886040100000027	0.315014248900000016
5264740000	-0.294114422900000005	0.312162919599999977
5264760000	-0.293395271299999982	0.3138944595
5264780000	-0.295073117200000012	0.315477287100000003
5264800000	-0.291930292699999983	0.316583194999999984
5264820000	-0.287707467699999997	0.322527291599999988
5264840000	-0.287928892400000025	0.320738976000000009
5264860000	-0.285544457400000007	0.323468820099999999
5264880000	-0.282995942800000011	0.322377286200000002
5264900000	-0.285411438000000017	0.324808614699999998
5264920000	-0.280418195400000014	0.324766813599999982
5264940000	-0.283261172800000016	0.33103334470000001
5264960000	-0.277975960600000016	0.329368727600000022
5264980000	-0.280322576900000009	0.332976722499999989
5265000000	-0.274059193300000004	0.331056639799999997
5265020000	-0.276066951100000013	0.334069234699999995
5265040000	-0.269278419300000016	0.333163427999999984
5265060000	-0.265440453999999992	0.340186772500000012
5265080000	-0.266146590999999988	0.339276910300000012
5265100000	-0.268523186700000027	0.338258059599999994
5265120000	-0.267264799599999991	0.341943331100000025
5265140000	-0.260384408700000014	0.340547089299999994
5265160000	-0.262747425699999981	0.342967044100000007
5265180000	-0.258823502900000002	0.343710186600000023
5265200000	-0.258988536200000008	0.347702853300000003
5265220000	-0.254654361699999998	0.347813418500000027
5265240000	-0.255441040900000027	0.350254556699999997
5265260000	-0.255742005300000019	0.353449377700000011
5265280000	-0.249175021599999991	0.352832728400000017
5265300000	-0.249906086700000002	0.350087167199999993
5265320000	-0.2475840547	0.351593014400000015
5265340000	-0.246648264000000006	0.357207436599999983
5265360000	-0.240564889799999987	0.355698766399999977
5265380000	-0.244186121400000011	0.355718471799999991
5265400000	-0.241603134899999988	0.356126549399999992
5265420000	-0.235417122899999998	0.358249602800000011
5265440000	-0.231677213699999995	0.357728706800000018
5265460000	-0.232106153600000004	0.361091444799999994
5265480000	-0.232559582099999995	0.361110790899999978
5265500000	-0.232213291300000013	0.365353434500000018
5265520000	-0.230837135299999996	0.366531739000000023
5265540000	-0.226154715199999995	0.363323852900000022
5265560000	-0.225246993600000001	0.368518784099999996
5265580000	-0.221551223299999989	0.366050152000000018
5265600000	-0.219015348400000004	0.369367333999999992
5265620000	-0.217418652099999998	0.370066222900000019
5265640000	-0.215763541899999994	0.372320894000000013
5265660000	-0.216668920099999995	0.376244052100000004
5265680000	-0.215244777500000012	0.374724116100000004
5265700000	-0.211424306700000009	0.375494398900000026
5265720000	-0.212060434800000003	0.377509101999999985
5265740000	-0.21026434329999999	0.377284968700000001
5265760000	-0.205277612500000012	0.375661132100000017
5265780000	-0.203246322400000012	0.376811244300000014
5265800000	-0.19995767989999999	0.381196432799999985
5265820000	-0.196006474799999997	0.381181304100000007
5265840000	-0.199053449800000004	0.382980484999999982
5265860000	-0.196639341800000006	0.383532592499999991
5265880000	-0.196460960399999995	0.380671274299999973
5265900000	-0.192268525899999987	0.382720629699999981
5265920000	-0.191736064499999997	0.385054353100000024
5265940000	-0.185474852200000012	0.383834148200000003
5265960000	-0.189584603800000001	0.383876845299999991
5265980000	-0.183814624900000001	0.387845326499999976
5266000000	-0.182203707999999992	0.389715461799999996
5266020000	-0.179973240099999987	0.391273787300000009
5266040000	-0.179205538100000006	0.391542106999999973
5266060000	-0.178487937000000013	0.392118106799999977
5266080000	-0.175877259799999991	0.394433971100000003
5266100000	-0.175406432800000012	0.390519598199999984
5266120000	-0.170820108999999998	0.393375179799999974
5266140000	-0.167738201100000012	0.393129293200000007
5266160000	-0.168478847200000004	0.394166922500000017
5266180000	-0.165194585199999994	0.399795622600000011
5266200000	-0.1632338448	0.401040572900000003
5266220000	-0.162265608499999991	0.400257882600000003
5266240000	-0.157694541100000002	0.400687838100000027
5266260000	-0.159762368900000007	0.400723934100000012
5266280000	-0.154309457600000005	0.400364899200000013
5266300000	-0.155194877399999986	0.401466541600000004
5266320000	-0.150712787999999986	0.406359472499999985
5266340000	-0.146164229400000012	0.403249098500000014
5266360000	-0.146292064299999997	0.405505260300000003
5266380000	-0.147065442200000007	0.404903846600000006
5266400000	-0.140585396599999995	0.403581875400000012
5266420000	-0.13904632489999999	0.406902405799999978
5266440000	-0.138179606300000007	0.409026580799999984
5266460000	-0.137985780499999988	0.412950011399999983
5266480000	-0.133886601699999996	0.407718403800000018
5266500000	-0.134045542399999995	0.408868836600000007
5266520000	-0.130492171500000004	0.412155018500000025
5266540000	-0.133726455299999991	0.411778151699999984
5266560000	-0.122871230100000006	0.410972582500000017
5266580000	-0.122420611499999998	0.412348083899999995
5266600000	-0.121093446600000001	0.413494847300000024
5266620000	-0.117394139600000003	0.414089229800000014
5266640000	-0.116899915199999996	0.412102930799999989
5266660000	-0.116018652900000005	0.414811364299999985
5266680000	-0.111022228099999995	0.416273924299999987
5266700000	-0.108964592999999998	0.416632827900000002
5266720000	-0.109620297800000002	0.415269422100000007
5266740000	-0.107656520199999994	0.419211763800000026
5266760000	-0.102692406	0.415585606900000015
5266780000	-0.104672918200000006	0.418612542500000018
5266800000	-0.105949171300000006	0.41849549920000001
5266820000	-0.100074136199999997	0.421660789799999991
5266840000	-0.0949928782000000055	0.422378725700000013
5266860000	-0.0914577726999999951	0.421787114100000027
5266880000	-0.092932776100000003	0.422148574200000015
5266900000	-0.0908083764000000015	0.422460009199999986
5266920000	-0.089755947099999997	0.422211231700000023
5266940000	-0.0889573324000000054	0.424537210599999992
5266960000	-0.0843790747000000008	0.420071264700000002
5266980000	-0.0831467681999999986	0.424136909800000017
5267000000	-0.0808166456000000005	0.421254722000000026
5267020000	-0.0775712711999999999	0.420566376700000022
5267040000	-0.0732954707000000039	0.424511194500000022
5267060000	-0.0768545389000000051	0.424164827199999983
5267080000	-0.0685096344000000051	0.427138573899999985
5267100000	-0.0696520043999999949	0.422496399199999983
