# freq, I e Q
6233420000	0.0721500691999999999	0.00983603639999999953
6233425000	0.0658078294000000036	0.0114657106999999994
6233430000	0.073649023600000002	0.0102318989999999992
6233435000	0.0733181494000000045	0.00880091359999999982
6233440000	0.0714803791999999993	0.0126420205999999997
6233445000	0.0708325964999999974	0.0166495626000000008
6233450000	0.0735723199999999966	0.0115833398000000001
6233455000	0.0739913237000000001	0.0138255223000000003
6233460000	0.0725678840999999936	0.00954398530000000016
6233465000	0.0722339097000000013	0.0117339838999999998
6233470000	0.0701410155000000007	0.00831658140000000011
6233475000	0.070658017399999995	0.00831078139999999986
6233480000	0.0711723481000000047	0.00972595000000000057
6233485000	0.0694006506999999967	0.0111940896000000002
6233490000	0.0738305722999999942	0.00883705150000000002
6233495000	0.0718256510000000042	0.0138594392000000004
6233500000	0.0724160657000000041	0.0114255021999999998
6233505000	0.0740142273999999933	0.0121134903999999995
6233510000	0.0720436530999999936	0.0122740291999999997
6233515000	0.0702825193999999931	0.0124346861999999996
6233520000	0.073269943000000004	0.00935701300000000083
6233525000	0.076521443699999997	0.00853846559999999963
6233530000	0.0737426934000000034	0.0108399922000000006
6233535000	0.0752429441000000004	0.00934582070000000015
6233540000	0.0676099483000000001	0.0105354898000000006
6233545000	0.0746471457999999949	0.0129825436000000002
6233550000	0.0734866874999999947	0.00714779859999999968
6233555000	0.0707364588999999933	0.0104429226999999993
6233560000	0.0691709732999999938	0.0119472715000000004
6233565000	0.0725487164999999989	0.0091678968000000003
6233570000	0.0722976760000000052	0.00707598430000000011
6233575000	0.0740541319999999947	0.0102881607999999996
6233580000	0.074655868799999997	0.0106344083000000002
6233585000	0.0711123500999999991	0.00714391049999999958
6233590000	0.0722923522000000068	0.0101009233
6233595000	0.0728974317000000011	0.0116325509999999997
6233600000	0.0708017888000000012	0.00725776139999999986
6233605000	0.074012105100000003	0.00804043320000000054
6233610000	0.0771860047000000049	0.00885586149999999933
6233615000	0.0730454323999999988	0.00584164899999999997
6233620000	0.0699337292999999971	0.00869865920000000015
6233625000	0.0748131701000000066	0.00684597089999999971
6233630000	0.0701427017999999985	0.00563541550000000013
6233635000	0.0740950395000000012	0.00757540180000000011
6233640000	0.0687539681000000069	0.0090864156999999994
6233645000	0.0722076556000000036	0.00489844149999999964
6233650000	0.0743938219999999983	0.00773029759999999989
6233655000	0.0705277606999999973	0.00686796209999999963
6233660000	0.0720170923000000018	0.00442589179999999978
6233665000	0.0720109302999999978	0.00663407319999999995
6233670000	0.0716148863999999941	0.00712684169999999988
6233675000	0.0756715639000000023	0.00623427970000000036
6233680000	0.0751913324999999994	0.00635220460000000039
6233685000	0.0726708647000000041	0.00430978710000000029
6233690000	0.0715498784000000027	0.00569848219999999957
6233695000	0.0739644094000000002	0.00715893620000000036
6233700000	0.0725215733999999973	0.0053163593999999998
6233705000	0.0727671175000000059	0.00815105560000000014
6233710000	0.0737353899999999979	0.00623321910000000038
6233715000	0.0738825535000000033	0.00392926169999999967
6233720000	0.0698723990999999961	0.00291275810000000013
6233725000	0.0689543202000000022	0.0037061761999999999
6233730000	0.0744155571000000016	0.00754162349999999964
6233735000	0.0712888695000000044	0.00623852439999999977
6233740000	0.0749396984999999988	0.00308850939999999984
6233745000	0.0725983094000000051	0.00455168819999999998
6233750000	0.0749960372999999986	0.00341088899999999985
6233755000	0.0725426140999999997	0.00452060110000000043
6233760000	0.0733636701000000002	0.00811629349999999986
6233765000	0.0731523275000000028	0.00468804119999999963
6233770000	0.0715555622000000058	0.00449172630000000024
6233775000	0.0745647755999999939	0.0066068934999999997
6233780000	0.0711267783999999931	0.00692193629999999973
6233785000	0.0717129256999999992	0.00212786849999999994
6233790000	0.0741979256000000059	0.00312831560000000021
6233795000	0.073468720500000001	0.00383332590000000015
6233800000	0.0703659524000000008	0.00727740680000000043
6233805000	0.0709652625000000009	0.00442116030000000004
6233810000	0.077148058699999994	0.0021345791999999998
6233815000	0.0739446626999999967	0.00526739830000000006
6233820000	0.0744648462999999983	0.00337049019999999993
6233825000	0.0755656029999999951	0.00383615219999999986
6233830000	0.070714787799999998	0.0056527156000000002
6233835000	0.074412801400000006	0.000549815900000000029
6233840000	0.0747282756999999992	0.00238461179999999986
6233845000	0.0763027857000000004	0.00343907279999999989
6233850000	0.0743112216000000048	0.00137377099999999998
6233855000	0.073976733899999994	0.00256688020000000018
6233860000	0.074185737099999996	-0.00342333660000000012
6233865000	0.0754685865000000039	0.00167989589999999992
6233870000	0.0719060777000000012	0.00183047219999999994
6233875000	0.0721714980000000006	0.00373401050000000002
6233880000	0.0742214281000000003	0.00151307299999999998
6233885000	0.0763951373999999933	0.00471992100000000019
6233890000	0.0750132178999999982	0.00177387240000000004
6233895000	0.0727675685999999988	0.000563622500000000013
6233900000	0.0775142949999999969	-0.00188421490000000003
6233905000	0.0724570187999999948	0.00226861349999999979
6233910000	0.0716688015000000039	0.000871842200000000019
6233915000	0.0706795590999999973	0.000718117499999999949
6233920000	0.071813828499999996	0.000930972900000000053
6233925000	0.0772419193000000032	0.000743866199999999997
6233930000	0.0702101314999999948	0.00139805399999999992
6233935000	0.0691932606000000006	0.00324262099999999978
6233940000	0.0707651366999999948	0.00265910870000000011
6233945000	0.0745038147000000039	0.0011486758000000001
6233950000	0.0730198385999999977	-0.00269706249999999981
6233955000	0.0744964867000000031	0.000795078200000000021
6233960000	0.0758337204999999931	0.0025912680999999999
6233965000	0.070936046099999997	-0.00139490560000000009
6233970000	0.0729717710000000047	-0.0016153198000000001
6233975000	0.073728704000000006	0.000340867800000000016
6233980000	0.069939841700000005	-0.00404164080000000026
6233985000	0.0740869838000000058	0.00515448890000000035
6233990000	0.0751124108000000013	-0.00244858110000000006
6233995000	0.0751924095999999959	-0.00390117450000000004
6234000000	0.0738369214999999995	-0.00104073350000000002
6234005000	0.0731531789999999987	0.000633130999999999993
6234010000	0.0733846058000000023	-0.00121257700000000006
6234015000	0.0746728282999999937	-2.76496000000000004e-05
6234020000	0.0716573877000000053	-0.00137184929999999996
6234025000	0.0682570271000000062	-0.00445513759999999984
6234030000	0.0739492317000000066	-0.00382452910000000016
6234035000	0.0739165219999999984	-0.00171285899999999995
6234040000	0.0719532811999999966	-0.00328849009999999985
6234045000	0.0731103433999999996	-0.00130151830000000009
6234050000	0.0754088128000000024	-5.59898999999999973e-05
6234055000	0.0746463941999999936	-0.00391402889999999982
6234060000	0.0735221080999999971	-0.00341643779999999987
6234065000	0.0763897798999999961	-0.00126323759999999994
6234070000	0.0699589436999999981	-0.00149557709999999992
6234075000	0.072936994000000005	-0.00242858640000000008
6234080000	0.0699791148000000057	-0.00165894999999999996
6234085000	0.0730944350999999937	-7.85367999999999966e-05
6234090000	0.073497235300000005	-0.00399024739999999985
6234095000	0.0713462913999999976	-0.00548978559999999983
6234100000	0.0709059872000000063	-0.00152609370000000009
6234105000	0.0719897327999999975	-0.00372753240000000012
6234110000	0.0746918996999999946	-0.00305866790000000003
6234115000	0.073274870899999997	-0.00434570549999999979
6234120000	0.0719933652000000063	-0.0021179558999999998
6234125000	0.0772620972999999989	-0.00371389540000000018
6234130000	0.0708906935000000044	-0.00475661050000000026
6234135000	0.0735985232000000017	-0.0020561758000000002
6234140000	0.0729087543000000032	-0.00913637259999999958
6234145000	0.0738246211000000013	-0.00518888620000000026
6234150000	0.0744896273999999942	-0.00529204850000000032
6234155000	0.0711352009000000007	-0.00443586380000000023
6234160000	0.071658944799999999	-0.00377086239999999996
6234165000	0.0735741693000000058	-0.0042420890999999997
6234170000	0.072438461400000001	-0.00456994369999999973
6234175000	0.0735759279999999988	-0.00522959379999999967
6234180000	0.0736039618000000062	-0.00690971760000000032
6234185000	0.0749608130999999955	-0.00645080700000000024
6234190000	0.0739201079999999983	-0.00483920089999999997
6234195000	0.0748090317999999949	-0.00611169119999999989
6234200000	0.0746016392	-0.00431560289999999985
6234205000	0.0718605774000000003	-0.0056202572000000001
6234210000	0.0728141565000000046	-0.00708581429999999984
6234215000	0.0725576212000000054	-0.00666453049999999984
6234220000	0.0750775199999999948	-0.00328780199999999983
6234225000	0.0729328065999999969	-0.00685049900000000035
6234230000	0.0715767286999999947	-0.0049953272
6234235000	0.0749458843999999957	-0.00438601130000000009
6234240000	0.0738724384999999983	-0.00662724460000000022
6234245000	0.0727084531000000006	-0.00671762460000000037
6234250000	0.0728713391000000016	-0.00538506770000000013
6234255000	0.0705592681000000027	-0.00685987550000000026
6234260000	0.0741831845999999934	-0.00618399870000000025
6234265000	0.0705384381000000033	-0.00516221500000000038
6234270000	0.0720971028000000069	-0.00514168750000000042
6234275000	0.0716521457999999972	-0.00455321009999999984
6234280000	0.0745669523000000029	-0.00615331680000000009
6234285000	0.0739045220999999947	-0.00717690439999999971
6234290000	0.0737507808999999931	-0.00653505979999999959
6234295000	0.0734789247999999978	-0.00872331500000000058
6234300000	0.0749531492999999938	-0.00688835279999999977
6234305000	0.0722681327000000012	-0.00721109889999999986
6234310000	0.070733349900000006	-0.0109452448999999997
6234315000	0.0739354702000000058	-0.00664504359999999999
6234320000	0.0756084493000000052	-0.00582275869999999973
6234325000	0.070791276799999997	-0.0104374550999999996
6234330000	0.0759844380000000014	-0.00891653400000000027
6234335000	0.0738208879000000068	-0.00819449390000000048
6234340000	0.0711385072000000063	-0.0111749558000000006
6234345000	0.0739461294000000047	-0.00867623489999999956
6234350000	0.0753662271000000022	-0.00736174709999999968
6234355000	0.0723143936999999931	-0.0101747040999999993
6234360000	0.0753905423999999963	-0.0122064448000000006
6234365000	0.0718173057999999948	-0.0122733941999999992
6234370000	0.0737243226000000029	-0.0115349878000000003
6234375000	0.0768030638000000015	-0.00854240900000000081
6234380000	0.0735772504000000022	-0.00903776719999999957
6234385000	0.0706795184000000021	-0.0112548982999999998
6234390000	0.0702431035999999953	-0.0120941823000000007
6234395000	0.0738324345000000021	-0.00871575009999999914
6234400000	0.0735257980999999977	-0.0117487539000000005
6234405000	0.0754122532999999956	-0.0156750714999999985
6234410000	0.0763559865000000004	-0.0122392001999999996
6234415000	0.0726140014999999972	-0.00822307480000000063
6234420000	0.0719182077999999947	-0.0116417204999999992
6234425000	0.0750049646999999958	-0.0121890874999999992
6234430000	0.069510527399999994	-0.0148653928999999997
6234435000	0.0690619365000000041	-0.0108485604000000003
6234440000	0.0700647679999999995	-0.00897185269999999958
6234445000	0.0711438560999999997	-0.0115797016000000006
6234450000	0.0755687845999999941	-0.0141298754000000002
6234455000	0.0724879716000000063	-0.0108850877000000006
6234460000	0.0764032768999999973	-0.0103030524000000002
6234465000	0.0735444606999999945	-0.0123011757999999995
6234470000	0.0754677854999999953	-0.0139698468999999992
6234475000	0.0732773352999999961	-0.0128903947000000001
6234480000	0.0688712115000000014	-0.0149541698999999997
6234485000	0.0762777936000000045	-0.0139786519999999994
6234490000	0.0727809516000000045	-0.0112388868000000003
6234495000	0.0723953742999999955	-0.0152050819000000004
6234500000	0.075598003900000002	-0.0142407439999999996
6234505000	0.0688802814000000069	-0.0122745040999999999
6234510000	0.0767048344000000049	-0.0145361998999999995
6234515000	0.0733578173999999972	-0.0149605594999999997
6234520000	0.0699602475999999973	-0.0129264124000000001
6234525000	0.0743537239000000016	-0.0169535560000000016
6234530000	0.0740889297999999946	-0.0161513783000000015
6234535000	0.0734479975000000007	-0.0124338889000000005
6234540000	0.070706778299999995	-0.0135562546999999992
6234545000	0.0706820591999999942	-0.0159008233999999998
6234550000	0.0721146190999999992	-0.0167538253999999984
6234555000	0.0702980977000000062	-0.0183586376999999995
6234560000	0.0722116202000000068	-0.0150508629999999994
6234565000	0.0705339980000000005	-0.0156716237000000015
6234570000	0.0743505066000000048	-0.0142657622000000005
6234575000	0.071260917300000004	-0.0163467817000000001
6234580000	0.0738116508999999976	-0.0151471478
6234585000	0.0725139392999999965	-0.0184711665999999983
6234590000	0.0704655727000000065	-0.0190632329999999989
6234595000	0.0727776051999999979	-0.0158361451000000007
6234600000	0.0696491885999999949	-0.0176858285000000004
6234605000	0.0708426857000000049	-0.019827031299999999
6234610000	0.0720233113000000036	-0.0169870516999999985
6234615000	0.0735643671999999943	-0.0183072747000000008
6234620000	0.0705102226000000054	-0.0189050875999999986
6234625000	0.0709549953000000039	-0.0152916909999999996
6234630000	0.0700679525000000025	-0.0171466325000000017
6234635000	0.0743523222000000011	-0.0182434819000000005
6234640000	0.0718059318000000002	-0.0152121287000000008
6234645000	0.0725872830000000024	-0.0156491308999999988
6234650000	0.0698473143000000046	-0.0184206222000000003
6234655000	0.0746993459000000054	-0.0133973636999999996
6234660000	0.0717064168000000057	-0.0215141673999999991
6234665000	0.071666743000000005	-0.0157978689000000012
6234670000	0.0723621801000000064	-0.0233384925999999999
6234675000	0.0708254662000000063	-0.0202304446999999991
6234680000	0.0714572403000000023	-0.0178371023999999989
6234685000	0.0756586816999999939	-0.0175551543999999983
6234690000	0.0736651361000000005	-0.0201590825000000015
6234695000	0.072354505999999999	-0.0169749029999999995
6234700000	0.0709076616999999992	-0.0193493076000000007
6234705000	0.072042005800000003	-0.0187163194000000005
6234710000	0.0705843042000000032	-0.0173221398999999984
6234715000	0.0708930950999999976	-0.0220134591000000004
6234720000	0.0706693751999999953	-0.0209980384999999999
6234725000	0.0699940368000000063	-0.0205037900000000009
6234730000	0.0692996760999999989	-0.0196117339000000009
6234735000	0.0733059335999999978	-0.0186397514000000014
6234740000	0.0704655242999999987	-0.0199550891000000001
6234745000	0.0699132685999999948	-0.0161896184999999991
6234750000	0.0703400933000000034	-0.0238145890000000006
6234755000	0.0708079070999999977	-0.0228744206999999984
6234760000	0.0726251938000000014	-0.0201069484999999992
6234765000	0.0709149780000000035	-0.023614448100000001
6234770000	0.0703316192999999951	-0.0224394787999999991
6234775000	0.0711909549000000058	-0.0208046394999999995
6234780000	0.0680224296999999978	-0.0257145047000000015
6234785000	0.0718248890000000029	-0.0234295417000000006
6234790000	0.0661858448000000044	-0.0220279991999999987
6234795000	0.0733685005000000029	-0.0241066784999999992
6234800000	0.0681233276999999998	-0.0234294186000000015
6234805000	0.0695488682999999969	-0.0240264318000000011
6234810000	0.0709216881000000049	-0.0226145123000000003
6234815000	0.072620660399999995	-0.0251046298000000001
6234820000	0.0721455532000000038	-0.0219696862999999992
6234825000	0.0699228045999999992	-0.0248317186000000002
6234830000	0.0687339574000000036	-0.0276441880000000001
6234835000	0.0721008533000000035	-0.0247833917999999986
6234840000	0.0697302335999999967	-0.0234740642999999999
6234845000	0.0725442481999999944	-0.0236426981000000015
6234850000	0.0681021970000000032	-0.0264038732000000005
6234855000	0.064800409500000003	-0.0263696793999999984
6234860000	0.0683591857000000053	-0.0261947140000000009
6234865000	0.0698769095999999951	-0.0232049375999999995
6234870000	0.0708915309999999937	-0.0255121378999999988
6234875000	0.0705881876000000047	-0.0260795589000000008
6234880000	0.0704957360999999977	-0.0271122682000000011
6234885000	0.0662666727999999955	-0.0266743478000000013
6234890000	0.0683488414999999933	-0.0269024988999999985
6234895000	0.069978077400000005	-0.0265818674000000005
6234900000	0.0704016979999999987	-0.0291541331000000001
6234905000	0.0688529469999999977	-0.025387086100000001
6234910000	0.0684667882999999977	-0.0260916602999999997
6234915000	0.0711426753999999939	-0.0279309156000000017
6234920000	0.0690501416999999978	-0.0246111668999999984
6234925000	0.0659657936999999972	-0.0288222053000000006
6234930000	0.0679271052000000042	-0.0297178236999999998
6234935000	0.0653682235000000028	-0.0289236032999999997
6234940000	0.0674780571000000023	-0.0280874644999999992
6234945000	0.0665513013000000042	-0.0286389156999999998
6234950000	0.0682572632999999956	-0.0277248414999999998
6234955000	0.0686682284000000032	-0.028460589599999999
6234960000	0.0649937267000000041	-0.0317367636999999966
6234965000	0.0708707088000000013	-0.0326525220999999977
6234970000	0.0721175354000000018	-0.0306275945000000008
6234975000	0.0664589753000000005	-0.0300202383999999996
6234980000	0.0686087472999999948	-0.0307946686999999997
6234985000	0.0681817098999999982	-0.0300837584999999984
6234990000	0.0664538840000000047	-0.0302475559000000005
6234995000	0.0666752043999999933	-0.0327457136999999981
6235000000	0.0682707679000000012	-0.0305421544000000003
6235005000	0.0646360777000000025	-0.0323891243999999967
6235010000	0.0664490243000000064	-0.0276534340999999989
6235015000	0.0670130064000000053	-0.0325228598999999993
6235020000	0.0671729962000000014	-0.0357842765999999979
6235025000	0.0671346929000000009	-0.0263172744
6235030000	0.0654257386000000052	-0.0347656693999999974
6235035000	0.0685152324000000007	-0.0337979450000000028
6235040000	0.0680044201999999987	-0.0278436033999999999
6235045000	0.0677854479999999981	-0.0344094017000000016
6235050000	0.0670397365000000023	-0.0328747884000000004
6235055000	0.0649382270000000011	-0.0324262323999999977
6235060000	0.0681968542999999983	-0.0345751768999999973
6235065000	0.065106253599999997	-0.0337188225000000022
6235070000	0.0640149460000000031	-0.0326515205000000031
6235075000	0.067091153700000003	-0.0314165122000000033
6235080000	0.0663561725999999991	-0.0306527226000000014
6235085000	0.0631894132999999969	-0.0344104979999999977
6235090000	0.0678782926999999953	-0.0329243140000000031
6235095000	0.0681305720000000004	-0.0362201731000000027
6235100000	0.0631100376999999962	-0.0329835038000000011
6235105000	0.0644365523999999995	-0.0376371450999999982
6235110000	0.0625506331000000027	-0.0346085215999999973
6235115000	0.0650543100000000041	-0.0362395727000000001
6235120000	0.0658749401000000012	-0.0376222675000000006
6235125000	0.0643743856999999947	-0.0361640587000000013
6235130000	0.0628198281000000025	-0.0353986127999999997
6235135000	0.063434776499999998	-0.0363970627999999977
6235140000	0.0633774929999999931	-0.0359109192000000021
6235145000	0.0631483270000000041	-0.0355737827000000006
6235150000	0.0605727473000000002	-0.0341331915
6235155000	0.0638814627999999968	-0.0399875832000000028
6235160000	0.0621267090000000022	-0.0368581881000000014
6235165000	0.0597029256999999994	-0.0391351101000000021
6235170000	0.0631340739999999984	-0.0377349204999999979
6235175000	0.0639419380000000037	-0.0412794147999999972
6235180000	0.060269571600000002	-0.0417854703999999966
6235185000	0.0602792979000000007	-0.0351405418000000011
6235190000	0.0620396532999999972	-0.0376889477000000028
6235195000	0.0631741553000000067	-0.0368457264000000007
6235200000	0.0601223788000000009	-0.0397377114000000004
6235205000	0.0659432130000000005	-0.0393620131000000026
6235210000	0.0637770490999999967	-0.0389248727000000017
6235215000	0.0600595297999999972	-0.0408869483999999977
6235220000	0.059267379000000002	-0.0435942241999999966
6235225000	0.0628938603000000068	-0.0378208058999999971
6235230000	0.0613596242999999986	-0.0375889717000000012
6235235000	0.0599311453000000022	-0.0407287381000000018
6235240000	0.0598699722000000031	-0.0395986991000000024
6235245000	0.0589131233000000018	-0.0409624303999999995
6235250000	0.0589388475999999967	-0.0416467748000000013
6235255000	0.0550797898000000008	-0.0443269693999999992
6235260000	0.0597515862999999994	-0.0424452132999999995
6235265000	0.0602304985000000001	-0.0435907466000000007
6235270000	0.0613520545999999972	-0.0454246290000000011
6235275000	0.0621712779000000021	-0.0420119861000000025
6235280000	0.0592346502999999969	-0.0450379504999999999
6235285000	0.0580309222000000013	-0.0452514920999999987
6235290000	0.055038943899999998	-0.0419948261000000003
6235295000	0.057888506499999999	-0.0448248511000000002
6235300000	0.0574483141000000017	-0.0450387777999999989
6235305000	0.0562063382999999986	-0.0430199548999999973
6235310000	0.0563427597000000016	-0.0445945245000000032
6235315000	0.056881381100000003	-0.047126755200000002
6235320000	0.0562037791999999981	-0.0444932483000000031
6235325000	0.057428690999999997	-0.0434196043999999989
6235330000	0.0540690222999999984	-0.0426008209999999971
6235335000	0.053662434299999999	-0.0462076224999999965
6235340000	0.0525976077	-0.0504458287000000005
6235345000	0.0544164587000000033	-0.0457091687999999982
6235350000	0.0524481892000000019	-0.0418535432999999971
6235355000	0.0529991016000000009	-0.0487839949000000023
6235360000	0.0527983252000000028	-0.0458429904999999999
6235365000	0.0494479757000000006	-0.0501047006999999975
6235370000	0.0483780066999999966	-0.0474066713000000015
6235375000	0.0517627026000000018	-0.047607811600000001
6235380000	0.0508362648999999972	-0.0503429051000000016
6235385000	0.0485324659000000019	-0.0486584917000000006
6235390000	0.0508760440000000022	-0.0462383421000000031
6235395000	0.0467301762000000009	-0.0471692011000000022
6235400000	0.0505602756000000028	-0.0494727480999999983
6235405000	0.0481233163000000033	-0.0493276929999999988
6235410000	0.0457466258999999972	-0.0491957635000000032
6235415000	0.0476633342999999987	-0.0492617913000000032
6235420000	0.0478015051999999968	-0.0492056238000000007
6235425000	0.0473086801000000001	-0.0529221350000000021
6235430000	0.0450908626000000035	-0.0484623777999999977
6235435000	0.0455881328000000002	-0.0484158463000000025
6235440000	0.0463504012000000021	-0.047294508300000003
6235445000	0.0427852017999999987	-0.0476307782000000013
6235450000	0.0457501734999999979	-0.0487482816999999999
6235455000	0.0417462825999999967	-0.0486590237999999994
6235460000	0.0438496931999999978	-0.0484772891000000011
6235465000	0.0395757233999999986	-0.0445396171999999993
6235470000	0.0418626820999999996	-0.0451172140000000027
6235475000	0.041536347500000001	-0.050159895000000003
6235480000	0.0390404259000000017	-0.0478154500999999968
6235485000	0.0376662696000000033	-0.0520403031999999988
6235490000	0.0389810987000000012	-0.0496242221999999983
6235495000	0.0410325276000000003	-0.0497684280999999978
6235500000	0.0411961966999999998	-0.0488473272999999999
6235505000	0.0365790355000000025	-0.0478282540000000006
6235510000	0.0351098535000000031	-0.052219170199999998
6235515000	0.0369394461000000021	-0.0484882981000000005
6235520000	0.0337002809999999986	-0.0502976659000000034
6235525000	0.0336747428999999987	-0.0489171965000000028
6235530000	0.0316745228000000004	-0.0486704458999999978
6235535000	0.0344474742000000014	-0.0498763092999999977
6235540000	0.027817553200000001	-0.0480171240000000013
6235545000	0.0352523324999999971	-0.0509117723999999994
6235550000	0.0275256348999999984	-0.0452472604000000028
6235555000	0.0298539305000000005	-0.044730855600000001
6235560000	0.0324274006000000031	-0.048270067899999998
6235565000	0.0295202222999999993	-0.0468979673999999971
6235570000	0.0265943808000000011	-0.0473128729999999983
6235575000	0.0279648169999999995	-0.0474012295000000028
6235580000	0.0258025277000000011	-0.0464246933000000001
6235585000	0.0261866855000000009	-0.0475043089000000002
6235590000	0.0267825687999999999	-0.0451009339000000009
6235595000	0.0266877561000000013	-0.0447874322999999991
6235600000	0.0214422920000000017	-0.0456364201999999997
6235605000	0.0238311873999999986	-0.0437106531999999978
6235610000	0.0196725100000000007	-0.0458578052999999985
6235615000	0.0222544416000000009	-0.042676739800000002
6235620000	0.0223878877000000011	-0.0406098926000000027
6235625000	0.0147068679000000001	-0.0465120295999999975
6235630000	0.0196357627	-0.0413911698000000022
6235635000	0.0213151816000000001	-0.0402183284999999974
6235640000	0.018565274100000001	-0.0409016629000000034
6235645000	0.0188380057000000004	-0.0413311072000000015
6235650000	0.0166697098999999994	-0.0326655038000000023
6235655000	0.0158309834000000017	-0.0426600566999999972
6235660000	0.0138673293999999996	-0.0350769994999999973
6235665000	0.0149037547000000006	-0.0345896373999999979
6235670000	0.0159985745999999991	-0.0378351032999999989
6235675000	0.0165808035999999992	-0.0308686191999999991
6235680000	0.0156147271999999993	-0.0390106252999999972
6235685000	0.0141756820000000002	-0.031739908499999997
6235690000	0.0130391264	-0.0313500987000000023
6235695000	0.00978808060000000042	-0.0323290498999999967
6235700000	0.0127062449000000001	-0.0308244823999999987
6235705000	0.0132246780000000001	-0.031297490800000001
6235710000	0.0136973365000000007	-0.0310099277999999999
6235715000	0.0116902887000000007	-0.0239777800999999985
6235720000	0.0117579486	-0.024953677300000001
6235725000	0.00995900660000000049	-0.0235756329000000008
6235730000	0.0114772147000000001	-0.0262696349999999995
6235735000	0.0104549816999999993	-0.0224666747999999993
6235740000	0.0136380413000000006	-0.0245281141000000015
6235745000	0.00750666619999999958	-0.0248951560999999995
6235750000	0.00967373579999999955	-0.0210846366000000014
6235755000	0.0144704064	-0.0179618646999999999
6235760000	0.0128877095000000004	-0.0164211956999999985
6235765000	0.00968101090000000018	-0.0180758440999999985
6235770000	0.0108900500000000001	-0.0179647955999999998
6235775000	0.0146779189999999993	-0.0178924293999999998
6235780000	0.0107924092999999999	-0.0148915105999999995
6235785000	0.0116787420000000006	-0.0140201605999999996
6235790000	0.0114103497000000009	-0.0129960131999999999
6235795000	0.0134824925999999998	-0.0141679280999999994
6235800000	0.0120233936999999992	-0.0136825665999999995
6235805000	0.0141585196000000007	-0.0114212559999999994
6235810000	0.0134941000999999998	-0.00879280659999999957
6235815000	0.0142737396999999995	-0.0111221362000000004
6235820000	0.0157557559999999992	-0.0101490726999999992
6235825000	0.0149372805000000004	-0.00893916839999999921
6235830000	0.0129136780999999992	-0.00726247500000000001
6235835000	0.0117073980000000008	-0.00717727409999999958
6235840000	0.0157326531999999984	-0.00400390000000000034
6235845000	0.0163173169	-0.00395503289999999969
6235850000	0.0184338385999999986	-0.00301982369999999984
6235855000	0.0194480687000000013	-0.00490903349999999988
6235860000	0.0186494546000000004	-0.0013831869000000001
6235865000	0.0199627715999999983	-0.00379788099999999991
6235870000	0.0218813633999999993	-0.00293594370000000012
6235875000	0.0227197641999999991	-0.0015760259999999999
6235880000	0.0222616633999999994	-0.00131198959999999994
6235885000	0.0198600454999999995	-0.00132569260000000005
6235890000	0.0230121058000000017	-0.00369071399999999989
6235895000	0.0226244370999999986	0.0013510868000000001
6235900000	0.0260299392000000011	-0.00182599929999999991
6235905000	0.0241794021999999983	-0.00290688029999999981
6235910000	0.0316588749000000017	-0.000675672100000000025
6235915000	0.0266677734000000007	-0.00095188
6235920000	0.0246231168999999986	0.00104313980000000006
6235925000	0.0309995747999999988	-0.000197449899999999995
6235930000	0.0239691021000000004	0.00291558579999999989
6235935000	0.0311127052000000001	-0.00226514469999999999
6235940000	0.0274320675000000007	0.00279762590000000007
6235945000	0.0308285906999999984	0.00326024110000000013
6235950000	0.0337179198999999971	0.00230851819999999992
6235955000	0.028745185999999999	0.00476306859999999985
6235960000	0.0350357504999999972	0.00344360929999999992
6235965000	0.0333641626999999982	0.00241037880000000019
6235970000	0.0330783909999999987	0.00383542849999999984
6235975000	0.0330946089999999971	0.00758456219999999962
6235980000	0.0347617997999999997	0.00411505209999999972
6235985000	0.0361892513999999971	0.00426429610000000035
6235990000	0.0359762308000000017	0.00228027560000000021
6235995000	0.0355499718999999978	0.00503400839999999968
6236000000	0.0396987207000000022	0.00511418020000000036
6236005000	0.0375961376999999972	0.00447562680000000018
6236010000	0.038372788900000003	0.00555744590000000014
6236015000	0.0389889071999999989	0.0014629758000000001
6236020000	0.0378212803000000028	0.00222271449999999994
6236025000	0.0395585038999999999	0.00274428810000000014
6236030000	0.0389100928999999984	0.00197933349999999996
6236035000	0.0413307804000000029	0.00272087179999999998
6236040000	0.0426437283999999972	0.00289678759999999983
6236045000	0.0393029727000000009	0.000430314399999999974
6236050000	0.0402044650000000017	0.000607934800000000026
6236055000	0.0393556979000000001	0.00275906350000000014
6236060000	0.0423861263000000002	-0.000779069900000000054
6236065000	0.046817574100000002	-0.00140888990000000006
6236070000	0.0437879673000000011	0.00332987310000000016
6236075000	0.0430664116	0.00218827209999999982
6236080000	0.0427972163999999974	0.00118118559999999995
6236085000	0.044116259300000002	-0.000148765599999999991
6236090000	0.0454709481999999998	0.000967409000000000021
6236095000	0.0435047310999999992	0.000478354399999999982
6236100000	0.0460511155999999977	0.00138718169999999994
6236105000	0.0422696254999999979	0.00432318269999999987
6236110000	0.0459803068999999967	-0.00118165210000000008
6236115000	0.0491882593000000021	-0.00266295779999999992
6236120000	0.0468362872	0.00150422420000000004
6236125000	0.0490791423000000032	0.00220702309999999983
6236130000	0.0504119719999999993	-0.00523351980000000012
6236135000	0.0488623150000000034	-0.00277079459999999981
6236140000	0.0479345569000000013	0.00104305749999999997
6236145000	0.0517274964999999975	0.000425313399999999999
6236150000	0.0489644580000000024	-0.00219159460000000004
6236155000	0.0490066181999999975	-0.00210895839999999989
6236160000	0.0503227442999999997	-0.00539148700000000036
6236165000	0.0505416174999999968	0.00296337930000000003
6236170000	0.0524693622000000012	-0.00298162999999999987
6236175000	0.0507265795000000005	-0.00307043539999999997
6236180000	0.0549422481000000004	-0.000969710199999999998
6236185000	0.0519330953000000026	-0.00298056329999999998
6236190000	0.0507114784999999971	-0.00356218909999999993
6236195000	0.0525822960000000006	-0.00185691460000000008
6236200000	0.0516658196000000028	-0.000949214299999999976
6236205000	0.0526087630999999972	-0.00337320740000000016
6236210000	0.0535496676999999976	-0.00649581830000000009
6236215000	0.0519378725000000027	-0.00296509240000000004
6236220000	0.0516680612999999983	-0.00377191830000000007
6236225000	0.0528575057000000015	-0.00289963100000000017
6236230000	0.0536173439000000029	-0.00492931950000000032
6236235000	0.0561997007000000007	-0.00529200880000000023
6236240000	0.0532391014999999967	-0.00592434749999999968
6236245000	0.0506732928999999999	-0.00856380990000000022
6236250000	0.0547370007999999977	-0.00297646019999999985
6236255000	0.0553022685000000014	-0.00486945840000000026
6236260000	0.0538116242999999994	-0.00829183720000000075
6236265000	0.0558160305999999967	-0.00231202339999999999
6236270000	0.0548624106000000014	-0.0070727174999999998
6236275000	0.0510964742999999999	-0.00722623690000000034
6236280000	0.057209158000000003	-0.00338672900000000021
6236285000	0.0541233148999999969	-0.00926650610000000034
6236290000	0.0530616195999999984	-0.00911503919999999933
6236295000	0.0571509307999999994	-0.0103451653000000005
6236300000	0.0537910636000000011	-0.00710293420000000005
6236305000	0.0539689039999999981	-0.0102227295999999992
6236310000	0.0579540065000000021	-0.00997258829999999978
6236315000	0.0574175929000000015	-0.0117833091000000001
6236320000	0.0545324441000000007	-0.0102753766999999999
6236325000	0.0565298850000000019	-0.0120051884999999997
6236330000	0.0580261410000000033	-0.00775837330000000037
6236335000	0.0548170440000000023	-0.0116919745000000005
6236340000	0.0569350991999999986	-0.0118906932
6236345000	0.0586150691000000001	-0.0075422531999999997
6236350000	0.0517391785999999979	-0.00718125899999999973
6236355000	0.0586747773000000014	-0.00531285089999999991
6236360000	0.0530406376999999971	-0.0128357418999999993
6236365000	0.0566842197999999978	-0.0105771610999999995
6236370000	0.055626777500000002	-0.00967194770000000086
6236375000	0.0570380252000000018	-0.00828030530000000049
6236380000	0.0560921885000000009	-0.0102462827999999992
6236385000	0.0526435957999999982	-0.0132413415
6236390000	0.0575091835999999995	-0.0114794716000000008
6236395000	0.0592245964999999971	-0.0111308563000000003
6236400000	0.0610350888999999994	-0.0104847724999999996
6236405000	0.061755223300000002	-0.0128859798000000008
6236410000	0.055026286700000003	-0.00998029419999999987
6236415000	0.0570370125999999991	-0.0162879714000000002
6236420000	0.0594057866000000032	-0.0129815064000000004
6236425000	0.0584587303999999988	-0.0155474659999999994
6236430000	0.0550392448999999992	-0.0146976204999999995
6236435000	0.0581865621999999999	-0.0102519714000000005
6236440000	0.0585749116000000014	-0.0165245120000000016
6236445000	0.0575071045999999975	-0.0152651088999999993
6236450000	0.0610887308999999989	-0.0169823358000000015
6236455000	0.0587552054000000032	-0.0133335345000000008
6236460000	0.0575455969000000025	-0.0134486216000000002
6236465000	0.059554102099999999	-0.0125079652999999999
6236470000	0.0563491362999999981	-0.0151892985999999997
6236475000	0.0586863505999999993	-0.0151828304999999993
6236480000	0.0566423724000000017	-0.0189166025000000008
6236485000	0.0598886313000000017	-0.0153519020000000006
6236490000	0.0571494438999999993	-0.0173510104999999998
6236495000	0.0584859552000000019	-0.0141560069000000004
6236500000	0.0605834235999999984	-0.0140795172000000007
6236505000	0.0600842945999999975	-0.0183798621000000016
6236510000	0.0603660774999999969	-0.0144246089999999997
6236515000	0.0618700692999999968	-0.0169726343999999987
6236520000	0.0594697879000000013	-0.0137811025999999993
6236525000	0.0589557170999999991	-0.0200246924999999999
6236530000	0.0590328107000000005	-0.0200581857999999995
6236535000	0.0596782668999999988	-0.0168238955999999995
6236540000	0.0594117752000000027	-0.0208025103000000003
6236545000	0.0606713366000000004	-0.0183189349000000001
6236550000	0.0595662819999999982	-0.0185108184000000002
6236555000	0.0587450794999999984	-0.0207507525000000005
6236560000	0.0574064724999999998	-0.0186534421000000006
6236565000	0.0587817220000000015	-0.0176771426000000009
6236570000	0.0593618360000000012	-0.0175252589
6236575000	0.0596644872999999992	-0.018545181899999999
6236580000	0.0588908170999999994	-0.0189954410999999997
6236585000	0.0593798890999999995	-0.0219851188999999995
6236590000	0.0589971046000000027	-0.0219844886999999989
6236595000	0.0642616743999999962	-0.0182762399999999992
6236600000	0.061015502800000003	-0.0223754957000000011
6236605000	0.0619250843999999967	-0.0199449641000000004
6236610000	0.0607168853000000022	-0.0202288678999999992
6236615000	0.0616381822000000024	-0.023882430100000001
6236620000	0.0601475363999999998	-0.0173102644999999986
6236625000	0.0567717738000000013	-0.0213074075000000002
6236630000	0.0607988028000000028	-0.0199121181999999987
6236635000	0.0589029609000000023	-0.0152679329999999992
6236640000	0.0593632284000000024	-0.0219925202999999986
6236645000	0.0576637088999999992	-0.0225161673999999985
6236650000	0.0593479468999999968	-0.0206619000999999983
6236655000	0.0598573631999999994	-0.0233462130999999989
6236660000	0.0619806674000000016	-0.0209408110000000001
6236665000	0.0602568441999999996	-0.0193309153000000011
6236670000	0.0592923789999999992	-0.0193713546999999993
6236675000	0.0609632120999999971	-0.0203528788999999995
6236680000	0.0593835472999999989	-0.0227662772000000006
6236685000	0.0599942120999999995	-0.0218477124000000002
6236690000	0.0589482247000000029	-0.0229960443000000007
6236695000	0.0624341966999999998	-0.0173334844000000016
6236700000	0.0607802625000000013	-0.0247079642999999995
6236705000	0.0610607187999999967	-0.0227766610000000001
6236710000	0.058689714300000001	-0.0226723950000000014
6236715000	0.0562145812999999966	-0.0218789729000000016
6236720000	0.0623888630000000027	-0.0206664379999999988
6236725000	0.0584363946999999981	-0.0224074953
6236730000	0.0588616718000000011	-0.0200330293000000013
6236735000	0.0609297447000000034	-0.0230025782999999998
6236740000	0.0598399613000000011	-0.0244432174999999995
6236745000	0.0649853606999999944	-0.0266522556000000008
6236750000	0.0584982217999999998	-0.0220696473999999997
6236755000	0.0601022718000000025	-0.0246911590000000007
6236760000	0.0585893292999999996	-0.0266002042999999994
6236765000	0.0610679546000000018	-0.0239711233999999988
6236770000	0.057916944300000002	-0.0233553565999999983
6236775000	0.0619878078999999971	-0.0286613275000000001
6236780000	0.0648321094999999986	-0.0223033101000000011
6236785000	0.0619313930000000012	-0.0253295893000000001
6236790000	0.0580296036000000001	-0.0206093861999999996
6236795000	0.0596680963000000009	-0.0288208219000000015
6236800000	0.0581127237000000005	-0.0239162106000000013
6236805000	0.0611596245000000024	-0.0257887314999999985
6236810000	0.0598029253999999982	-0.0251851911999999983
6236815000	0.0643722553999999947	-0.022243991099999999
6236820000	0.0592444480999999995	-0.0264617535999999987
6236825000	0.0610930099000000018	-0.0261365975999999986
6236830000	0.0599513955999999987	-0.0272817904999999999
6236835000	0.0623390322999999996	-0.0288244325000000003
6236840000	0.0611994398999999994	-0.029744927899999999
6236845000	0.0581248523000000017	-0.0309978643999999984
6236850000	0.0567598589000000014	-0.0276582522999999983
6236855000	0.0620535259000000033	-0.0264962600999999985
6236860000	0.0610203633999999995	-0.0277139279999999988
6236865000	0.0604065117999999998	-0.0258257164000000004
6236870000	0.0583243515000000032	-0.0299682746999999985
6236875000	0.0615123190000000028	-0.0221720995000000004
6236880000	0.060326248300000003	-0.0304051338000000011
6236885000	0.0616421710999999969	-0.0271001799000000002
6236890000	0.0586194867000000008	-0.0288297502999999983
6236895000	0.059615022400000002	-0.029694222499999999
6236900000	0.0601982209000000018	-0.0308855073000000001
6236905000	0.0611757625000000013	-0.0293674178000000001
6236910000	0.0593919993999999993	-0.0291252814999999991
6236915000	0.0637119745000000043	-0.0281221226999999983
6236920000	0.0604855648000000024	-0.029485422800000001
6236925000	0.0610598870000000002	-0.026191126700000001
6236930000	0.0574589184999999975	-0.0301579390000000017
6236935000	0.0593735904000000023	-0.0294021866999999992
6236940000	0.0579966144000000003	-0.0297330326999999985
6236945000	0.0595130416999999981	-0.0287509162000000006
6236950000	0.0597468896999999999	-0.0247155974999999986
6236955000	0.0522877076999999982	-0.0312162607000000016
6236960000	0.0589156997999999987	-0.0284533229000000012
6236965000	0.0602137670000000014	-0.0313270301000000001
6236970000	0.0578012030000000024	-0.0311118192000000016
6236975000	0.0582510431999999981	-0.0311876578000000008
6236980000	0.0573429038999999988	-0.0303108166999999998
6236985000	0.0591436819000000016	-0.031117855199999999
6236990000	0.061256140399999999	-0.0317573619000000029
6236995000	0.0593761044999999987	-0.0331867715999999979
6237000000	0.0603800982999999972	-0.0319808077000000024
6237005000	0.0579699809000000024	-0.0339912590999999972
6237010000	0.0625635922000000039	-0.0349401418999999991
6237015000	0.0591595566000000031	-0.0300023228000000017
6237020000	0.057345055300000003	-0.0293392386000000012
6237025000	0.0603632659999999988	-0.032310547600000003
6237030000	0.0588569651999999999	-0.0355647815000000034
6237035000	0.0578857289000000025	-0.0338387991999999985
6237040000	0.0587566978000000004	-0.0313223425999999971
6237045000	0.0584118747999999993	-0.0331529923000000032
6237050000	0.0577421207000000034	-0.0314198800999999986
6237055000	0.0558473809000000002	-0.0326177314999999968
6237060000	0.0567380685000000023	-0.0350943917999999994
6237065000	0.0579390652000000006	-0.0313497168999999978
6237070000	0.059252935399999998	-0.0365716662999999997
6237075000	0.0613321875999999974	-0.0331782603999999995
6237080000	0.0595183433999999997	-0.0353686127000000031
6237085000	0.0599277619000000011	-0.0303974119000000008
6237090000	0.0599155957999999988	-0.0317615622000000028
6237095000	0.0578233496999999985	-0.0335178762999999991
6237100000	0.054725856199999999	-0.0356422980999999972
6237105000	0.0592216578000000007	-0.0382249033000000016
6237110000	0.0604117675999999992	-0.0342132961999999999
6237115000	0.0535386433000000009	-0.0363321838000000008
6237120000	0.0602246035000000013	-0.0336857288000000019
6237125000	0.0601879001999999982	-0.0335161671000000008
6237130000	0.0566374463999999994	-0.033065728400000001
6237135000	0.0570992312999999974	-0.0300608553999999993
6237140000	0.0574709289000000026	-0.0369109323999999989
6237145000	0.0573205881	-0.0341954193000000017
6237150000	0.0567001083000000031	-0.0345549732999999998
6237155000	0.0585886127000000007	-0.0348863270000000017
6237160000	0.0572641623999999988	-0.0364236969999999979
6237165000	0.0604906393999999972	-0.031992189800000001
6237170000	0.0575075009000000012	-0.0310440451999999985
6237175000	0.0571706406999999972	-0.0347053320999999998
6237180000	0.0598380771999999991	-0.0354365338999999974
6237185000	0.0524767444999999985	-0.0361891124000000008
6237190000	0.0558704033999999974	-0.0375724180000000033
6237195000	0.0558967076999999993	-0.0359652847000000025
6237200000	0.058759115100000002	-0.0379638003999999973
6237205000	0.0608591678000000025	-0.033185187900000003
6237210000	0.0555525894999999992	-0.0350856365000000031
6237215000	0.0578909307000000026	-0.0364699068000000001
6237220000	0.0597971985000000025	-0.0347856687000000012
6237225000	0.060046337499999998	-0.0348779062999999973
6237230000	0.0582328410000000005	-0.0349243788999999971
6237235000	0.0576421779000000009	-0.0374314665000000033
6237240000	0.0584381366000000027	-0.035741848100000001
6237245000	0.0569273272999999969	-0.0375715837000000011
6237250000	0.0551120455999999995	-0.0368093715000000002
6237255000	0.0543673308999999966	-0.0405517941000000035
6237260000	0.0578679097999999989	-0.0401657601999999975
6237265000	0.0572467685999999976	-0.0340805988000000004
6237270000	0.0576082101000000013	-0.0377019923000000007
6237275000	0.0558789209999999981	-0.0348754483000000004
6237280000	0.0546060784000000007	-0.0378323035999999988
6237285000	0.0545414914999999972	-0.0397484695000000013
6237290000	0.0565134445999999971	-0.0391561839999999967
6237295000	0.0603122317999999977	-0.0398101549999999998
6237300000	0.0579000180999999989	-0.0349084984000000015
6237305000	0.057257994399999998	-0.0409779233999999978
6237310000	0.0593362025999999987	-0.0391881634999999978
6237315000	0.0579166674000000034	-0.0393108242999999982
6237320000	0.0551261425999999971	-0.0414550982999999998
6237325000	0.0572685361999999976	-0.0387482566999999972
6237330000	0.0540575379000000009	-0.0394000811999999992
6237335000	0.0537550473999999986	-0.0363232796000000011
6237340000	0.059994517800000001	-0.0397398209000000002
6237345000	0.0583101781999999999	-0.0417161999000000006
6237350000	0.0555850048999999985	-0.0389496455999999991
6237355000	0.0570709018999999984	-0.0381252506000000005
6237360000	0.0567645338000000027	-0.0418048859999999994
6237365000	0.0533457594999999993	-0.0397468990000000022
6237370000	0.0551973868999999992	-0.0417970885000000028
6237375000	0.0564439176999999986	-0.0406283095000000011
6237380000	0.0586350913999999987	-0.040393643299999997
6237385000	0.0558391537999999993	-0.0390532390999999979
6237390000	0.0589366610000000013	-0.036813338000000001
6237395000	0.0598576587999999979	-0.0375629461000000012
6237400000	0.0565153988999999995	-0.0419767564999999968
6237405000	0.0542224530999999982	-0.0383865415999999973
6237410000	0.0580103350000000031	-0.0450122312999999968
6237415000	0.057996786699999997	-0.041959408400000002
6237420000	0.0563132686000000007	-0.0389058192999999983
6237425000	0.057767288600000001	-0.0432596681999999969
6237430000	0.0558412234000000007	-0.0422418583999999986
6237435000	0.0565923066999999974	-0.0421785345999999978
6237440000	0.0562505095999999982	-0.0422180449000000013
6237445000	0.0604058250000000033	-0.0426881051999999997
6237450000	0.0561270862000000023	-0.0421256181999999993
6237455000	0.0543029465999999988	-0.0401474362999999987
6237460000	0.0568678258000000006	-0.0422261707000000028
6237465000	0.0574733610000000006	-0.0427889764999999991
6237470000	0.0517269197999999999	-0.0411289988999999981
6237475000	0.0523701536999999981	-0.0424827107999999967
6237480000	0.0548031537999999971	-0.0382116972999999999
6237485000	0.0555990276000000033	-0.0414956078000000006
6237490000	0.0551575378000000033	-0.0429863543000000015
6237495000	0.0567516725000000027	-0.0435162783000000025
6237500000	0.0557996728999999997	-0.0393462316999999978
6237505000	0.0548990249999999971	-0.0406345055000000011
6237510000	0.0546014235999999972	-0.0427718571999999991
6237515000	0.0534960194999999986	-0.0472661348999999995
6237520000	0.0541179016999999984	-0.0413857133000000016
6237525000	0.053644163100000003	-0.0440625868999999989
6237530000	0.0538513940999999982	-0.040365608800000001
6237535000	0.0558745518999999996	-0.0421105089999999974
6237540000	0.0555457311999999967	-0.0437110371000000025
6237545000	0.053049651199999999	-0.0458780473999999966
6237550000	0.0568542856999999999	-0.045439578199999997
6237555000	0.054006141399999999	-0.0432974349000000008
6237560000	0.0543036549999999993	-0.046826325600000003
6237565000	0.0543042658000000011	-0.0404969175000000001
6237570000	0.0565894238999999979	-0.0423493590999999975
6237575000	0.0547976011999999971	-0.0432163834000000024
6237580000	0.0544929626	-0.0456023048
6237585000	0.0474365516000000015	-0.0437661317000000022
6237590000	0.0525834089999999976	-0.0477948787000000014
6237595000	0.0519578835000000031	-0.0416384945999999992
6237600000	0.0568267384	-0.0438534989999999972
6237605000	0.0505849936999999972	-0.0448037412999999982
6237610000	0.0561677439999999986	-0.0459390804999999999
6237615000	0.0542885888999999969	-0.0465416742000000008
6237620000	0.0483203204999999997	-0.045678663199999997
6237625000	0.0523408615999999965	-0.0437450225000000012
6237630000	0.0504131700000000002	-0.0425147083999999967
6237635000	0.0540791851999999976	-0.0432319056000000021
6237640000	0.053718997999999997	-0.0454091677000000027
6237645000	0.053376359499999998	-0.0468115041999999995
6237650000	0.053948700799999999	-0.0425451033999999992
6237655000	0.0524946870999999995	-0.0445621611999999986
6237660000	0.0540154663000000021	-0.0446393522000000029
6237665000	0.0530497590000000019	-0.0454516891999999992
6237670000	0.0530729685999999992	-0.0457249362000000034
6237675000	0.0514608208000000011	-0.0455399125000000016
6237680000	0.0539989287999999984	-0.0443623305999999995
6237685000	0.0495248801000000016	-0.0446821811000000027
6237690000	0.0537165669999999998	-0.0435315572000000012
6237695000	0.0550343115999999966	-0.0470610134999999985
6237700000	0.0524985921999999994	-0.0463111502999999994
6237705000	0.0573768866999999974	-0.0467659320999999975
6237710000	0.0532411923999999981	-0.0439257792000000008
6237715000	0.0540629378000000022	-0.044742797899999999
6237720000	0.0532197693999999985	-0.046758822999999998
6237725000	0.0568008954999999968	-0.0466335257999999989
6237730000	0.0528977019999999978	-0.0488322179999999967
6237735000	0.0520089006999999992	-0.0490827516000000019
6237740000	0.0508550716999999972	-0.0444128264000000009
6237745000	0.0494551202000000009	-0.0448124966000000013
6237750000	0.0555791708000000009	-0.0496443879999999976
6237755000	0.0513902608999999982	-0.0460976276999999976
6237760000	0.0523100449999999995	-0.0486010885000000004
6237765000	0.0506152467999999994	-0.0466920408000000009
6237770000	0.0514733653999999985	-0.0461244655000000031
6237775000	0.0502134304000000017	-0.0453556198999999979
6237780000	0.0542233542999999985	-0.043708826800000003
6237785000	0.0534163454999999968	-0.0464317003000000034
6237790000	0.0536350464999999985	-0.0455004343999999977
6237795000	0.0538956563999999985	-0.0495159758000000005
6237800000	0.0505224422000000034	-0.0452216402999999975
6237805000	0.050438156900000003	-0.0506727428999999979
6237810000	0.0510722488999999988	-0.0468838234000000034
6237815000	0.0555423924000000013	-0.0503926500999999985
6237820000	0.0547759514000000017	-0.0463764685999999982
6237825000	0.0516053990999999976	-0.0467673991999999969
6237830000	0.0487357783999999988	-0.0505604896000000012
6237835000	0.0517002215999999987	-0.0490480397999999984
6237840000	0.0513019484999999997	-0.0500315050999999983
6237845000	0.0520328659000000027	-0.0512960841000000001
6237850000	0.0522899284999999991	-0.0448119520000000021
6237855000	0.0496099760000000001	-0.0479184271000000009
6237860000	0.0508325862000000017	-0.0473891055000000005
6237865000	0.0515648713999999966	-0.0510004583999999969
6237870000	0.0489234392000000018	-0.0472411675000000003
6237875000	0.0513405421999999986	-0.0487716695000000033
6237880000	0.0514303304000000017	-0.0440186016999999999
6237885000	0.0539873025000000006	-0.048329389200000003
6237890000	0.0506626006000000031	-0.0493931674000000001
6237895000	0.0468003121999999994	-0.0462884054000000031
6237900000	0.0492474483000000032	-0.0508846328000000028
6237905000	0.048136615100000002	-0.0503694251999999981
6237910000	0.0494169002999999968	-0.0492862223000000016
6237915000	0.0504101905000000003	-0.0470979768999999979
6237920000	0.0489381150999999986	-0.0492713018000000003
6237925000	0.0477270778999999978	-0.0489354068999999989
6237930000	0.0505670416000000011	-0.0463410785000000006
6237935000	0.0498406912000000021	-0.0510809568000000006
6237940000	0.050933080399999997	-0.0510722945999999983
6237945000	0.0471309931999999987	-0.0480060204000000018
6237950000	0.0481537827000000015	-0.0490969760000000005
6237955000	0.0495061110999999998	-0.0475429258999999979
6237960000	0.0501806555999999987	-0.0508433019999999999
6237965000	0.0452840465000000011	-0.0492572428999999978
6237970000	0.0478652502000000007	-0.0532056358999999993
6237975000	0.0502595644999999994	-0.0507045257000000027
6237980000	0.0469343472999999983	-0.0491346996999999994
6237985000	0.0498475561000000025	-0.0537978612999999994
6237990000	0.0487389373000000001	-0.052613211
6237995000	0.0488881379999999977	-0.0514417419999999986
6238000000	0.0497145640000000028	-0.0525891133999999982
6238005000	0.0487468988000000006	-0.0489638073000000021
6238010000	0.0479391576999999985	-0.0487691345999999998
6238015000	0.0490864404000000004	-0.0474161186000000012
6238020000	0.0469490185000000018	-0.0534634968999999974
6238025000	0.0520992513999999976	-0.0499232437000000015
6238030000	0.0461524925999999974	-0.0454128453999999987
6238035000	0.0492970719000000029	-0.0536900616999999997
6238040000	0.0514390866999999974	-0.0510065666999999986
6238045000	0.0470318824999999968	-0.0524559199000000018
6238050000	0.0515530436000000009	-0.0533108898999999983
6238055000	0.0452769262999999991	-0.0503234359999999992
6238060000	0.0520113690000000017	-0.0547313364999999982
6238065000	0.0497384894000000022	-0.0526177842000000034
6238070000	0.0491037217999999998	-0.0490732101000000004
6238075000	0.0482184604000000031	-0.0545183898999999986
6238080000	0.0449784271999999971	-0.0518603306999999986
6238085000	0.0476673031000000025	-0.0542775497999999981
6238090000	0.0510552579999999992	-0.0548265813000000032
6238095000	0.0488314555000000025	-0.0540044024999999997
6238100000	0.0465283639000000013	-0.0500377274000000025
6238105000	0.0466167821999999982	-0.0535646186999999968
6238110000	0.0452442639999999993	-0.054171290300000001
6238115000	0.0467972415999999974	-0.0531565542999999988
6238120000	0.0469923624000000012	-0.0534022420999999969
6238125000	0.0483061936999999997	-0.0539814298000000012
6238130000	0.0479786996000000007	-0.0544011142999999975
6238135000	0.0451149199000000015	-0.0509189093000000023
6238140000	0.0436319036000000007	-0.0500003562999999998
6238145000	0.0513686765000000017	-0.056249255300000002
6238150000	0.0481841995999999981	-0.0509957823000000005
6238155000	0.0446160857999999966	-0.0523994973000000003
6238160000	0.0494458364999999997	-0.0562541516000000033
6238165000	0.0461966317999999987	-0.051921806600000002
6238170000	0.0457261492000000033	-0.0566576339999999984
6238175000	0.0501643344000000033	-0.0543130882999999995
6238180000	0.0479273382000000026	-0.0515355855000000015
6238185000	0.0477479863999999976	-0.0518221703999999991
6238190000	0.0478376013999999988	-0.0556930399999999992
6238195000	0.0481292623999999974	-0.0556941441000000023
6238200000	0.0462443958999999988	-0.0509757117999999967
6238205000	0.0478456863000000024	-0.0540056819999999993
6238210000	0.0451050841999999994	-0.053729004900000002
6238215000	0.0462939715000000029	-0.0526061197999999966
6238220000	0.0406665256999999974	-0.0552765919999999994
6238225000	0.0474834404000000002	-0.0505570249999999985
6238230000	0.0488171800000000017	-0.051649382700000003
6238235000	0.0462372427000000003	-0.054674783099999999
6238240000	0.0439473447000000017	-0.0548235544000000019
6238245000	0.0452797373999999989	-0.0591274962999999987
6238250000	0.0442995204000000004	-0.0558409261000000004
6238255000	0.0438740858999999983	-0.0568513946000000006
6238260000	0.0465721134999999981	-0.0514539846999999967
6238265000	0.0455247766999999984	-0.0567726049999999968
6238270000	0.046713696300000003	-0.0568447611000000019
6238275000	0.0451618963999999984	-0.0553703019000000018
6238280000	0.0411922809000000029	-0.0580287662999999995
6238285000	0.0422775442999999973	-0.0538647372999999999
6238290000	0.0416238440000000001	-0.0523280507999999978
6238295000	0.0427566746000000025	-0.0526438357000000023
6238300000	0.0456160536999999991	-0.0561184360000000007
6238305000	0.0442912924000000013	-0.0567936037000000005
6238310000	0.0448131899000000014	-0.0556816389999999981
6238315000	0.0414359764999999991	-0.0542211980999999996
6238320000	0.0463277527999999966	-0.0550088956000000032
6238325000	0.0442573912999999972	-0.0547175163999999992
6238330000	0.0477375652999999997	-0.0562592235999999982
6238335000	0.0452828701999999986	-0.0567260646000000007
6238340000	0.0484701956000000017	-0.0560276959000000005
6238345000	0.0415971097000000026	-0.0575875035999999993
6238350000	0.0430461644999999976	-0.0577569532999999968
6238355000	0.0426622794999999971	-0.0575052823000000018
6238360000	0.0446970286000000008	-0.0554325317000000026
6238365000	0.0401652435999999974	-0.0559328898999999977
6238370000	0.0424908026999999966	-0.057639304199999998
6238375000	0.0433593225999999998	-0.0557854557000000001
6238380000	0.0472153588000000027	-0.0560365209999999989
6238385000	0.0442654649999999969	-0.0557401987000000002
6238390000	0.042498697299999999	-0.0530143064999999969
6238395000	0.0468840952999999977	-0.0547606554999999981
6238400000	0.0433073543000000033	-0.0559699769999999971
6238405000	0.0467358490000000029	-0.0580593680000000001
6238410000	0.0427119019000000016	-0.0573794739999999998
6238415000	0.0402643281999999977	-0.054640294300000003
6238420000	0.0405073716000000014	-0.0579344103000000027
