# freq, I e Q
5809940000	-0.189903126300000002	0.324261600799999994
5809945000	-0.190359961900000013	0.324359570900000005
5809950000	-0.189008264199999998	0.324559078800000012
5809955000	-0.187317421699999986	0.323542753299999986
5809960000	-0.188052364599999994	0.325805865299999997
5809965000	-0.187478761999999993	0.3236652847
5809970000	-0.186901671999999991	0.326914261900000003
5809975000	-0.185745983700000006	0.32758361250000001
5809980000	-0.186257619900000004	0.326248576800000023
5809985000	-0.184820470699999989	0.327991027200000007
5809990000	-0.184681975700000001	0.327877261400000009
5809995000	-0.184227359499999993	0.328548935300000011
5810000000	-0.183414610199999994	0.328216449999999993
5810005000	-0.18279730059999999	0.327777697199999996
5810010000	-0.182078217999999986	0.328635016000000002
5810015000	-0.18241943590000001	0.329095761599999981
5810020000	-0.180645125299999987	0.329401420399999978
5810025000	-0.180393572899999993	0.33009377550000002
5810030000	-0.179567851899999992	0.32950157870000002
5810035000	-0.180022601700000007	0.330585737599999985
5810040000	-0.179046595400000008	0.330972283599999972
5810045000	-0.177426875499999998	0.33098945489999998
5810050000	-0.177269975800000007	0.330929952299999997
5810055000	-0.177402038900000003	0.331080711199999989
5810060000	-0.176674051999999998	0.331225611899999994
5810065000	-0.174555730599999986	0.333351206100000019
5810070000	-0.175593891299999999	0.332859487200000026
5810075000	-0.174404422499999989	0.332742988999999989
5810080000	-0.1733342306	0.333503835299999996
5810085000	-0.173562176699999987	0.334846790499999991
5810090000	-0.173598963200000012	0.335056161799999974
5810095000	-0.1726272472	0.334715772799999978
5810100000	-0.172031108300000013	0.335274411599999989
5810105000	-0.171046061100000008	0.335108342000000003
5810110000	-0.169976106799999999	0.335803251000000025
5810115000	-0.170948181199999993	0.335144286199999974
5810120000	-0.170507959300000012	0.336019330000000005
5810125000	-0.168846630899999989	0.337237771700000022
5810130000	-0.16729685729999999	0.337174008099999978
5810135000	-0.166078218299999997	0.336888888499999983
5810140000	-0.167752867400000005	0.337686840699999991
5810145000	-0.166449374000000011	0.338182698999999976
5810150000	-0.165743358300000004	0.339269421299999985
5810155000	-0.164838913400000009	0.338463353000000022
5810160000	-0.164359373800000014	0.339445542300000014
5810165000	-0.165145458999999994	0.339041240000000021
5810170000	-0.163639509699999991	0.340294307600000012
5810175000	-0.162518781100000009	0.339963764399999979
5810180000	-0.163443540299999995	0.340434547699999979
5810185000	-0.162238948999999993	0.340766200700000021
5810190000	-0.161949451100000003	0.340142950599999994
5810195000	-0.158987437700000012	0.340892594300000018
5810200000	-0.160709195700000002	0.341918845199999988
5810205000	-0.160231168300000004	0.342236159900000003
5810210000	-0.159143807800000009	0.342766599700000008
5810215000	-0.157690300000000005	0.343307481699999972
5810220000	-0.15658268110000001	0.343592986699999992
5810225000	-0.157201224899999992	0.343204218200000022
5810230000	-0.157075807000000012	0.343941560099999988
5810235000	-0.155663257599999993	0.3433808364
5810240000	-0.155544703499999992	0.343686131100000014
5810245000	-0.155685602099999987	0.345460141100000007
5810250000	-0.154325567200000013	0.345389690199999988
5810255000	-0.15265555480000001	0.345855025400000016
5810260000	-0.153170643899999986	0.344461403599999993
5810265000	-0.153627442800000014	0.345078302700000006
5810270000	-0.151005710399999993	0.346868451199999983
5810275000	-0.150222175799999996	0.345581441699999992
5810280000	-0.150214970599999997	0.347555694099999979
5810285000	-0.148607680500000006	0.346366166600000025
5810290000	-0.149047573900000008	0.346371237800000009
5810295000	-0.148079000399999994	0.347521974000000011
5810300000	-0.147940960399999988	0.34894724760000001
5810305000	-0.146526702099999989	0.349179524700000021
5810310000	-0.145785655099999994	0.347983955399999989
5810315000	-0.145128716200000007	0.350059138300000017
5810320000	-0.145102924900000013	0.349900799400000018
5810325000	-0.143612746799999996	0.349282252700000018
5810330000	-0.143029460599999991	0.350110947000000006
5810335000	-0.142684755599999991	0.350661965500000006
5810340000	-0.142568008200000013	0.351225830000000017
5810345000	-0.141048361700000013	0.351145472700000016
5810350000	-0.141663201699999991	0.351985316400000026
5810355000	-0.140251552299999999	0.351821540699999991
5810360000	-0.139980805900000005	0.351668585099999986
5810365000	-0.137788481500000004	0.353419441599999995
5810370000	-0.139193424700000012	0.353399437900000002
5810375000	-0.139194075800000011	0.353390171899999994
5810380000	-0.136971983500000005	0.352533624699999992
5810385000	-0.136346415599999993	0.353674152100000028
5810390000	-0.136011532399999996	0.354269132499999972
5810395000	-0.13486735620000001	0.354136926600000013
5810400000	-0.134699140500000009	0.354278551599999991
5810405000	-0.134238296899999998	0.354507023600000026
5810410000	-0.132251344900000012	0.354559947900000005
5810415000	-0.131577270999999996	0.355466661700000019
5810420000	-0.132539995999999993	0.355844111500000004
5810425000	-0.130006545499999987	0.355887766400000027
5810430000	-0.130135617199999998	0.357259589599999983
5810435000	-0.129066760000000003	0.356795870899999978
5810440000	-0.127671938600000007	0.357293425499999984
5810445000	-0.128394371199999996	0.357322214199999988
5810450000	-0.12742142649999999	0.358310680100000001
5810455000	-0.126509380899999996	0.357900607400000015
5810460000	-0.125927051300000009	0.358710733800000015
5810465000	-0.125485400100000005	0.359133433399999979
5810470000	-0.125531559099999995	0.358849473500000016
5810475000	-0.123662039400000007	0.359033597500000023
5810480000	-0.124104589299999998	0.360077436699999975
5810485000	-0.122310385199999996	0.359997357399999995
5810490000	-0.120386709199999997	0.360930224799999977
5810495000	-0.1201009787	0.361445243299999996
5810500000	-0.119132859399999999	0.360411394499999982
5810505000	-0.120417735499999998	0.361771353600000012
5810510000	-0.119705329700000002	0.362800392000000027
5810515000	-0.1186603029	0.361917844900000008
5810520000	-0.116590960699999996	0.363122491499999978
5810525000	-0.116445310600000004	0.362190906199999996
5810530000	-0.115916905299999998	0.36207125699999998
5810535000	-0.115416081599999998	0.362479973700000013
5810540000	-0.11408944	0.364398111199999986
5810545000	-0.112875940300000005	0.363160784700000017
5810550000	-0.113028983400000005	0.364308628899999987
5810555000	-0.112509841799999996	0.364855419999999986
5810560000	-0.110359383399999997	0.365078181599999996
5810565000	-0.110298890100000005	0.364961927899999983
5810570000	-0.108791954199999999	0.364863358299999996
5810575000	-0.108962526099999998	0.365649461999999981
5810580000	-0.107816321899999998	0.366445356200000016
5810585000	-0.1068302431	0.366853517000000018
5810590000	-0.106216396899999996	0.366424698800000004
5810595000	-0.106578827799999998	0.366465427700000013
5810600000	-0.1054499671	0.367358077000000005
5810605000	-0.103062856999999994	0.366916575899999986
5810610000	-0.103070984700000007	0.367388199699999973
5810615000	-0.103045550599999994	0.366832377499999973
5810620000	-0.101647283399999996	0.368276080499999992
5810625000	-0.101218825499999998	0.368117143099999988
5810630000	-0.0997663483999999962	0.368828284499999992
5810635000	-0.0985339766000000034	0.368768798100000017
5810640000	-0.0985476416999999938	0.369104113700000014
5810645000	-0.0975989968000000041	0.369537112100000009
5810650000	-0.0962937135000000027	0.369850458100000001
5810655000	-0.0962799569999999993	0.370190047799999977
5810660000	-0.0945314686999999959	0.369671649599999985
5810665000	-0.0932882695000000067	0.371047214399999992
5810670000	-0.0934369134000000018	0.370876407000000019
5810675000	-0.0929765723999999988	0.371623646799999985
5810680000	-0.091678612399999998	0.3714134449
5810685000	-0.0906023410000000029	0.371842189200000006
5810690000	-0.0891403130999999932	0.372072848199999973
5810695000	-0.0877799115999999963	0.372096746899999997
5810700000	-0.0873102766999999946	0.371724524999999972
5810705000	-0.0867391651000000014	0.372492760199999995
5810710000	-0.0858096223999999935	0.373061977599999983
5810715000	-0.0857659243000000043	0.374056600299999986
5810720000	-0.083788368000000002	0.373615896800000014
5810725000	-0.0832725044000000025	0.374453379600000025
5810730000	-0.0827546675000000037	0.374014470599999982
5810735000	-0.0821994194999999955	0.374870352600000012
5810740000	-0.0808026112999999935	0.374550162099999973
5810745000	-0.0800793201999999982	0.375442855600000014
5810750000	-0.0782750735999999947	0.375344913300000027
5810755000	-0.0788339440999999974	0.374092460399999993
5810760000	-0.0756954786000000046	0.376985628299999986
5810765000	-0.0761902656000000011	0.374217876000000005
5810770000	-0.0761703219000000042	0.375883566800000013
5810775000	-0.0740591941999999975	0.376278306600000001
5810780000	-0.0743880175999999949	0.376067555200000014
5810785000	-0.0724072218999999989	0.376187952499999978
5810790000	-0.070329655899999996	0.378090368499999996
5810795000	-0.0699126263000000026	0.377618801299999973
5810800000	-0.0688411941999999971	0.376882400299999976
5810805000	-0.0686103170999999984	0.37755422230000002
5810810000	-0.0674434874999999961	0.378041195800000007
5810815000	-0.0659986025000000032	0.378499434199999985
5810820000	-0.0667106412999999981	0.379805359600000003
5810825000	-0.0639404006000000025	0.378350638999999989
5810830000	-0.0633425494999999977	0.378652270299999982
5810835000	-0.0626951733999999983	0.379303015099999974
5810840000	-0.0616713465000000016	0.379225865900000014
5810845000	-0.0608727325999999999	0.378968880000000008
5810850000	-0.0600776444999999992	0.379389149099999989
5810855000	-0.0589241451999999999	0.379757994200000004
5810860000	-0.0577514188000000026	0.37993169269999999
5810865000	-0.0555987774000000004	0.380156186000000007
5810870000	-0.0566164206000000017	0.380068913800000019
5810875000	-0.0547692564000000007	0.3800814213
5810880000	-0.0531444672000000035	0.379776212499999988
5810885000	-0.0523027308999999968	0.380629806899999978
5810890000	-0.0509349970999999971	0.380909929500000022
5810895000	-0.0493698434000000019	0.382163500699999992
5810900000	-0.0485190081999999981	0.381588281699999976
5810905000	-0.0476590451999999998	0.381564228999999977
5810910000	-0.0467102621999999981	0.382047483999999993
5810915000	-0.0455370339000000027	0.381701386400000009
5810920000	-0.0453652554999999999	0.381477071399999978
5810925000	-0.0427172209999999997	0.381984323899999978
5810930000	-0.0420839375000000016	0.382646163500000025
5810935000	-0.0394083995999999978	0.3821801487
5810940000	-0.0397928542999999996	0.383115403399999999
5810945000	-0.0393966998999999984	0.382491781799999986
5810950000	-0.0372625072000000029	0.384055818699999996
5810955000	-0.037272263600000001	0.384013523299999993
5810960000	-0.0345022097000000014	0.382971793800000015
5810965000	-0.0342918467000000032	0.383482212499999975
5810970000	-0.0327914253000000031	0.384326246599999977
5810975000	-0.031723357399999999	0.384527570400000018
5810980000	-0.0301369816999999991	0.384475333899999994
5810985000	-0.0283037515999999996	0.384798534999999997
5810990000	-0.0278464936999999989	0.383526233599999988
5810995000	-0.0264915998999999992	0.384771128399999995
5811000000	-0.0250874454999999996	0.384964024000000016
5811005000	-0.0238987766000000011	0.384551438600000017
5811010000	-0.0230377176000000003	0.38431356379999998
5811015000	-0.0217138521000000001	0.384855388099999973
5811020000	-0.0202424847999999984	0.384273847999999973
5811025000	-0.0191265460999999991	0.384196315600000005
5811030000	-0.0181359671999999986	0.384337770899999986
5811035000	-0.0175144841999999995	0.385173806499999993
5811040000	-0.0139522145000000007	0.385598651100000023
5811045000	-0.0139830106999999995	0.384041768000000006
5811050000	-0.0126088242000000003	0.385192495799999979
5811055000	-0.0107621425000000003	0.386176810400000015
5811060000	-0.00909625359999999966	0.384752080300000021
5811065000	-0.00896505920000000012	0.385649144900000018
5811070000	-0.0069076023999999998	0.385340645699999984
5811075000	-0.00587897840000000012	0.385451794999999986
5811080000	-0.00461478250000000017	0.384154684299999993
5811085000	-0.00350652950000000015	0.384606055900000021
5811090000	-0.00154426080000000005	0.385148532200000004
5811095000	0.000367983700000000026	0.385599786200000016
5811100000	0.00175594440000000009	0.384283865499999988
5811105000	0.00372487359999999984	0.385893547299999973
5811110000	0.00384573960000000013	0.384439236999999989
5811115000	0.00620819070000000039	0.384603410699999981
5811120000	0.00603745830000000042	0.384227409199999981
5811125000	0.00879009780000000046	0.383913828600000007
5811130000	0.0104578688000000006	0.385834010399999983
5811135000	0.0123710494000000004	0.383851276500000005
5811140000	0.0137408313000000008	0.384986102699999999
5811145000	0.0154523848999999994	0.384687553700000018
5811150000	0.017579451900000001	0.383514986599999996
5811155000	0.0174568888999999984	0.384211497399999991
5811160000	0.0197636633999999992	0.384818525999999994
5811165000	0.0203630880000000014	0.384201956700000014
5811170000	0.0223839460999999997	0.384126701399999992
5811175000	0.0238535794999999995	0.383428553000000005
5811180000	0.026340005100000001	0.383778799100000012
5811185000	0.0275227208999999987	0.383542398200000023
5811190000	0.0299756639999999991	0.382068776100000007
5811195000	0.0319895342000000027	0.382156322499999979
5811200000	0.0337942885999999998	0.381202750300000004
5811205000	0.0339311478999999999	0.382265741499999978
5811210000	0.0357534809999999967	0.381713379700000022
5811215000	0.0370885712000000034	0.381285701799999988
5811220000	0.0392720554999999999	0.379881470499999985
5811225000	0.041037832500000003	0.380782289399999974
5811230000	0.0438898293999999967	0.381604122400000023
5811235000	0.0450799855000000027	0.378346616400000002
5811240000	0.0473325534999999992	0.378082871599999981
5811245000	0.0483015097000000018	0.380054139999999985
5811250000	0.049541491	0.378458273199999973
5811255000	0.0515093523999999997	0.378518948600000016
5811260000	0.0549689214999999967	0.37805036219999999
5811265000	0.0574680924999999981	0.377509456799999976
5811270000	0.0576900124999999986	0.377160275300000014
5811275000	0.059145176100000002	0.375550262000000024
5811280000	0.0609793606999999988	0.374659933200000017
5811285000	0.0628955576999999932	0.374834417699999978
5811290000	0.0656983894000000013	0.37402272390000002
5811295000	0.0674231250999999948	0.37322530009999999
5811300000	0.0685388759999999986	0.372765880900000013
5811305000	0.0722102248999999946	0.371203945699999982
5811310000	0.0734004875999999945	0.370555242499999993
5811315000	0.0755333812999999937	0.369603387700000008
5811320000	0.0775128157999999956	0.368456833699999986
5811325000	0.0802582559000000056	0.369451275299999993
5811330000	0.0808074144999999938	0.367530230999999985
5811335000	0.0835551082000000056	0.366132734500000001
5811340000	0.0853542964999999959	0.364864901500000005
5811345000	0.0863836184999999951	0.365052406200000013
5811350000	0.089482442199999998	0.363433810099999977
5811355000	0.0920850255000000006	0.363470908199999998
5811360000	0.0935188410000000053	0.361339140399999981
5811365000	0.0958607657999999974	0.360822332199999984
5811370000	0.0974798099000000057	0.359730262700000025
5811375000	0.100861678299999993	0.358080663600000015
5811380000	0.103125956800000002	0.356834708300000025
5811385000	0.104276569799999996	0.355120457100000009
5811390000	0.107322241999999998	0.355119944799999976
5811395000	0.108874001600000006	0.352533064000000007
5811400000	0.111392194700000002	0.352143639800000019
5811405000	0.112769244500000004	0.351213480600000016
5811410000	0.115337515200000004	0.348669510299999985
5811415000	0.119286163599999995	0.346011223599999973
5811420000	0.121327403400000006	0.345227230800000007
5811425000	0.1226342245	0.343964147599999992
5811430000	0.124255449000000004	0.34233571140000002
5811435000	0.127112051100000012	0.340518551100000011
5811440000	0.128375931700000001	0.338051679400000027
5811445000	0.130928996999999991	0.336857868900000024
5811450000	0.133594888699999997	0.334305616500000014
5811455000	0.136002241400000001	0.332339654699999987
5811460000	0.137868404700000002	0.330159977499999979
5811465000	0.140365426099999996	0.32619677359999999
5811470000	0.14175102240000001	0.325978850599999981
5811475000	0.144780148899999989	0.323989853100000003
5811480000	0.147000140499999987	0.320908750999999992
5811485000	0.147549601599999997	0.319137031800000026
5811490000	0.151094664699999992	0.31586470350000001
5811495000	0.153912747600000011	0.313665329599999987
5811500000	0.155900616600000014	0.310945438899999982
5811505000	0.157477764200000009	0.309450960800000008
5811510000	0.160095685399999993	0.305244451500000014
5811515000	0.161151100900000011	0.302411393600000022
5811520000	0.162912510600000005	0.299444766699999976
5811525000	0.165585339400000003	0.294943473700000014
5811530000	0.167689861400000001	0.294046019699999994
5811535000	0.169638910400000009	0.290197510400000025
5811540000	0.170630402099999995	0.287430754200000027
5811545000	0.172924250000000002	0.282970717400000016
5811550000	0.174623115500000009	0.279544964499999993
5811555000	0.175369086600000001	0.277072969800000013
5811560000	0.178000491199999999	0.272010430199999986
5811565000	0.180139761399999987	0.267330620299999988
5811570000	0.1798985528	0.265631944499999995
5811575000	0.182614496399999993	0.261462777099999988
5811580000	0.183770573699999995	0.257126457099999983
5811585000	0.183421176500000005	0.254602110599999987
5811590000	0.185975908500000009	0.249216512400000006
5811595000	0.187127202399999998	0.245576904200000001
5811600000	0.18764294740000001	0.239877402600000011
5811605000	0.188281626499999993	0.237470715400000004
5811610000	0.188934374799999999	0.231868695000000014
5811615000	0.1891925837	0.227804439999999997
5811620000	0.190141888099999989	0.224539724299999993
5811625000	0.19132633730000001	0.218589080299999988
5811630000	0.190128298299999998	0.214292553899999988
5811635000	0.192463205700000001	0.2091766813
5811640000	0.191978355999999989	0.205742041799999997
5811645000	0.190020893800000007	0.200810704600000001
5811650000	0.190962481200000006	0.196113395200000012
5811655000	0.190539698499999993	0.191580518799999988
5811660000	0.190714831800000012	0.187270719299999999
5811665000	0.189526661900000004	0.181144311700000005
5811670000	0.188302579400000003	0.17589325950000001
5811675000	0.186919945000000004	0.172434605800000001
5811680000	0.186494104500000007	0.167010659799999989
5811685000	0.184660462500000011	0.163664488100000005
5811690000	0.182567146399999991	0.158189685100000005
5811695000	0.181549875500000013	0.153398401699999992
5811700000	0.180636188800000014	0.1494954379
5811705000	0.178966536900000001	0.14349154850000001
5811710000	0.176942290599999996	0.139614397599999995
5811715000	0.173563530699999996	0.135441274499999986
5811720000	0.171840147800000009	0.130048368599999992
5811725000	0.168165585000000006	0.1254677337
5811730000	0.166684167800000005	0.121187370599999997
5811735000	0.164000038300000012	0.116944178100000004
5811740000	0.160009476399999989	0.113675785900000006
5811745000	0.159358509399999987	0.109801958099999999
5811750000	0.15429587010000001	0.105489941300000001
5811755000	0.151781536599999989	0.103111705100000006
5811760000	0.148622029900000008	0.0988468284999999974
5811765000	0.145159748100000013	0.0946117736999999986
5811770000	0.142551008700000009	0.0914399951000000044
5811775000	0.137586739000000013	0.0871949407999999954
5811780000	0.13411024660000001	0.0844322831999999995
5811785000	0.130300556799999995	0.0815386223000000021
5811790000	0.127471360300000003	0.0794544585999999997
5811795000	0.121922936400000001	0.0775875228999999972
5811800000	0.119147810899999998	0.0737036098999999945
5811805000	0.115237669200000004	0.0703989203000000008
5811810000	0.109776939800000001	0.0669589795999999959
5811815000	0.107459015899999996	0.0661176391000000002
5811820000	0.101289348200000004	0.0654923709999999937
5811825000	0.0978810536000000037	0.0626963004999999962
5811830000	0.0940601181000000064	0.0615871601999999976
5811835000	0.0900582218000000045	0.0588691703000000024
5811840000	0.0860505631999999993	0.0574868882000000025
5811845000	0.0817444519999999952	0.0560860060000000007
5811850000	0.0766696669000000025	0.055211777699999999
5811855000	0.071963777399999998	0.0547611288999999973
5811860000	0.0686624688000000011	0.0541217408999999997
5811865000	0.0652077865999999978	0.0528134575000000009
5811870000	0.0588227691999999996	0.0516644554999999978
5811875000	0.0549153756999999978	0.0504835247999999986
5811880000	0.0529296905000000012	0.0508815643000000012
5811885000	0.0471013071999999977	0.0493235341999999979
5811890000	0.0428925437000000007	0.0511838734999999975
5811895000	0.0396378866999999996	0.0506649829000000024
5811900000	0.0341170317000000015	0.0505921670000000004
5811905000	0.0302123176	0.0502326991
5811910000	0.0277497241000000013	0.0500305815999999987
5811915000	0.0230347360000000001	0.0506596050999999978
5811920000	0.0195314853999999996	0.0512852825000000012
5811925000	0.0150229526000000002	0.0516655878999999971
5811930000	0.0121694343999999999	0.052793059500000003
5811935000	0.00730989399999999994	0.0549517953000000017
5811940000	0.00553899420000000028	0.0547300671000000016
5811945000	0.00226802310000000012	0.0557979383000000023
5811950000	-0.00219654409999999996	0.0561394684999999977
5811955000	-0.00560655500000000005	0.0576000669000000035
5811960000	-0.0103389937000000001	0.0592330376000000033
5811965000	-0.0127448898000000008	0.0600820467999999969
5811970000	-0.0155290116999999995	0.0598561334999999986
5811975000	-0.0181623162000000005	0.0616332614000000001
5811980000	-0.0206421658000000008	0.0642002433999999955
5811985000	-0.0242304501999999998	0.0654386475000000023
5811990000	-0.0265903029000000013	0.0658993731999999999
5811995000	-0.0301560955000000006	0.0678252391999999982
5812000000	-0.034451944499999998	0.0689873768999999942
5812005000	-0.0358718411000000029	0.0715891369999999971
5812010000	-0.0387008965999999996	0.0736930761000000045
5812015000	-0.0423560964000000012	0.0753700702999999944
5812020000	-0.0433859660999999994	0.0763025331999999945
5812025000	-0.0465730285999999966	0.0787409153000000056
5812030000	-0.0486046410999999984	0.0802934468999999956
5812035000	-0.0498261356000000016	0.0810815277999999973
5812040000	-0.0537788769000000014	0.0852872773000000056
5812045000	-0.0555791377000000031	0.0856548518000000009
5812050000	-0.056737198699999998	0.0876087187000000045
5812055000	-0.0597676458999999993	0.0888262149000000056
5812060000	-0.0616121263000000002	0.0929293409000000042
5812065000	-0.0629348279999999982	0.0934327588999999958
5812070000	-0.0645163747000000037	0.0956812221000000046
5812075000	-0.0661759211000000069	0.0969890023999999962
5812080000	-0.0685074965000000008	0.0991983627000000007
5812085000	-0.0698484422999999938	0.101768497099999994
5812090000	-0.0712045679000000015	0.103169418999999998
5812095000	-0.0732293534000000024	0.104819449300000006
5812100000	-0.0748465009000000014	0.1072001276
5812105000	-0.0761812635999999932	0.1104036199
5812110000	-0.0772134713000000028	0.110599937999999995
5812115000	-0.078199793700000006	0.112733905800000006
5812120000	-0.0805178681000000007	0.115289588799999995
5812125000	-0.0808926959000000056	0.117171988399999996
5812130000	-0.0819616427000000036	0.119785215299999998
5812135000	-0.0828587444999999978	0.121066852000000003
5812140000	-0.0839804368999999967	0.124057123399999997
5812145000	-0.0858654425999999943	0.125932986100000005
5812150000	-0.0875612463000000063	0.127583180500000004
5812155000	-0.0882091878999999995	0.129603194499999991
5812160000	-0.0884580851000000001	0.130665006599999994
5812165000	-0.0899630534000000065	0.133979356699999996
5812170000	-0.0894557589000000014	0.135447679200000004
5812175000	-0.0905915575000000028	0.136214054400000006
5812180000	-0.0911668515000000068	0.138741736199999993
5812185000	-0.0917047663000000041	0.141195453100000007
5812190000	-0.0932840801999999941	0.142251394199999992
5812195000	-0.0931173334000000019	0.14362984740000001
5812200000	-0.0947426974000000061	0.146191586000000012
5812205000	-0.0951284037000000027	0.149787046300000004
5812210000	-0.0958156646999999972	0.150664652600000004
5812215000	-0.0962085243000000007	0.152428682900000001
5812220000	-0.0966056401999999953	0.154350369999999987
5812225000	-0.0967920716000000014	0.156399373700000011
5812230000	-0.0968218084000000007	0.15671330189999999
5812235000	-0.0974547840000000026	0.157688631999999995
5812240000	-0.0970557486000000053	0.161495866399999993
5812245000	-0.0977676209000000046	0.162130245700000009
5812250000	-0.0981121761000000037	0.164829907800000008
5812255000	-0.0983449388999999979	0.167111901499999993
5812260000	-0.0987785270000000049	0.167504568900000012
5812265000	-0.0993809714000000038	0.170669576299999987
5812270000	-0.0989494251999999963	0.170619989599999994
5812275000	-0.099133134100000006	0.173745926999999994
5812280000	-0.0981253968000000004	0.173585215999999987
5812285000	-0.100167811999999995	0.175797249300000014
5812290000	-0.0991615718000000007	0.177211037300000013
5812295000	-0.0997719576000000025	0.17850618339999999
5812300000	-0.0998450270999999973	0.182375555599999989
5812305000	-0.0993064637	0.182246916000000009
5812310000	-0.0994574644999999952	0.185011062799999987
5812315000	-0.0995860085999999978	0.184723223800000003
5812320000	-0.101332049300000004	0.18694636349999999
5812325000	-0.0997379807000000063	0.188858830000000005
5812330000	-0.0999176127999999997	0.189823064000000014
5812335000	-0.0986417638000000041	0.191785523200000002
5812340000	-0.0981898278000000041	0.193714391099999994
5812345000	-0.0992466971999999975	0.19400491680000001
5812350000	-0.0986987866999999991	0.196434797800000005
5812355000	-0.098911202700000006	0.197253515800000001
5812360000	-0.0989024312999999961	0.198957043899999991
5812365000	-0.0991668145000000056	0.20057941709999999
5812370000	-0.0977261125000000036	0.202314305500000013
5812375000	-0.0985811166000000044	0.203660300399999994
5812380000	-0.0980879352999999982	0.204514820000000014
5812385000	-0.0989524454999999997	0.205194366399999994
5812390000	-0.0991435417999999985	0.207508442500000001
5812395000	-0.0978843271999999959	0.207031506000000004
5812400000	-0.0973307238000000047	0.209557279399999991
5812405000	-0.0973068470999999963	0.210883495300000001
5812410000	-0.0974931172000000068	0.211582582600000013
5812415000	-0.0956720895000000016	0.212956509099999997
5812420000	-0.0952282747999999984	0.214164608799999989
5812425000	-0.0961079370000000044	0.2150785734
5812430000	-0.0954500291999999945	0.216678111799999989
5812435000	-0.0943431326999999986	0.217667447799999997
5812440000	-0.0936716097000000053	0.2197680464
5812445000	-0.093527417700000004	0.219660493699999987
5812450000	-0.0939405586999999959	0.221136705099999997
5812455000	-0.0935337331999999966	0.2225811714
5812460000	-0.0934323937000000049	0.2248342599
5812465000	-0.0929071466999999984	0.223801460400000013
5812470000	-0.0927506334000000043	0.224777362600000002
5812475000	-0.0918326242999999987	0.225828752500000007
5812480000	-0.0910345731999999963	0.228283739699999988
5812485000	-0.0903210299999999966	0.227358765299999988
5812490000	-0.0904485515000000018	0.229382710099999998
5812495000	-0.0904779577999999945	0.231232474800000004
5812500000	-0.0889212156000000059	0.233008052999999993
5812505000	-0.0888065710000000008	0.232955872300000005
5812510000	-0.0896221254999999967	0.233291636899999988
5812515000	-0.0877341611999999937	0.236467741000000009
5812520000	-0.088425432499999998	0.236452227600000009
5812525000	-0.0872385969000000067	0.237637017400000011
5812530000	-0.0868440644999999983	0.239157421700000011
5812535000	-0.0869485031999999991	0.239213083999999993
5812540000	-0.0853807466999999959	0.239403096199999998
5812545000	-0.085130349300000005	0.241051056799999996
5812550000	-0.0861918539000000039	0.24185630729999999
5812555000	-0.084806444100000003	0.242926059899999991
5812560000	-0.0847813102999999957	0.243685089900000013
5812565000	-0.0841740260999999934	0.244226035300000005
5812570000	-0.083810427899999998	0.244244162399999992
5812575000	-0.0819133333999999963	0.245669650699999992
5812580000	-0.0828748883000000047	0.246381780100000003
5812585000	-0.0823907338000000045	0.246780643399999999
5812590000	-0.0812982379999999949	0.248316011499999989
5812595000	-0.0813080852000000048	0.248897677699999986
5812600000	-0.0801545486999999945	0.2496544869
5812605000	-0.0797766356000000065	0.2498732008
5812610000	-0.0793837713999999972	0.252091608299999992
5812615000	-0.0785177999999999987	0.252376861499999994
5812620000	-0.0790507976000000001	0.253018744600000012
5812625000	-0.0778220455000000061	0.253383269999999994
5812630000	-0.0776998074999999955	0.255201754300000028
5812635000	-0.0774974457000000005	0.255279674600000006
5812640000	-0.0759026822000000018	0.255927778900000014
5812645000	-0.0753439283000000015	0.256443447800000002
5812650000	-0.0750543860999999951	0.25921258749999998
5812655000	-0.0757432514999999973	0.258503851100000015
5812660000	-0.0742702729999999978	0.258358370399999981
5812665000	-0.0723340266999999981	0.260551231400000027
5812670000	-0.0726219404999999957	0.261061937799999977
5812675000	-0.072130681000000002	0.260316871000000005
5812680000	-0.0716877575000000045	0.262073052899999992
5812685000	-0.0715568434000000003	0.262517216300000022
5812690000	-0.0702212200999999953	0.262978454099999981
5812695000	-0.0689473949999999947	0.263432829899999998
5812700000	-0.0695888337999999995	0.26357341179999999
5812705000	-0.0684263256000000042	0.263867912400000015
5812710000	-0.0690304624000000061	0.266962372100000012
5812715000	-0.0678964576000000014	0.265755846199999979
5812720000	-0.0677970957000000041	0.267016181799999974
5812725000	-0.0672534941999999997	0.267038960300000017
5812730000	-0.0648119877000000039	0.267252049599999986
5812735000	-0.0657390783999999978	0.269204605400000019
5812740000	-0.0648445155999999995	0.270095919999999989
5812745000	-0.0640720899000000038	0.270063643600000014
5812750000	-0.0629971185999999989	0.27062492840000002
5812755000	-0.0640336781999999993	0.270653539900000017
5812760000	-0.063945499599999997	0.2707378956
5812765000	-0.0617164379999999985	0.272401521400000013
5812770000	-0.0624527640000000009	0.272187868499999985
5812775000	-0.0610653873000000028	0.272188347800000008
5812780000	-0.0611310243000000031	0.27467250059999998
5812785000	-0.0597861246999999985	0.273979845700000002
5812790000	-0.0588598638000000021	0.27492933260000002
5812795000	-0.0584296923000000024	0.275680839700000013
5812800000	-0.0581475431999999987	0.27654152609999999
5812805000	-0.0579092209000000024	0.276559175200000007
5812810000	-0.0563150597999999974	0.277237268699999984
5812815000	-0.0565147579999999983	0.277839527400000008
5812820000	-0.0568928634000000003	0.276842172100000006
5812825000	-0.0554780652000000027	0.278388924799999993
5812830000	-0.0548056769000000027	0.278108045500000012
5812835000	-0.0537111643999999971	0.280547652799999991
5812840000	-0.0525918802000000032	0.280677385300000026
5812845000	-0.0526004555999999984	0.280077295900000023
5812850000	-0.0532392869000000019	0.280730834699999987
5812855000	-0.0516023644999999975	0.281684074000000007
5812860000	-0.0508597917999999982	0.280794922800000013
5812865000	-0.0510425898999999975	0.282603784199999986
5812870000	-0.0490772155000000002	0.28286488529999998
5812875000	-0.0495525361999999969	0.282795134499999989
5812880000	-0.0483904707000000003	0.282886880600000001
5812885000	-0.0478153802000000003	0.284391066099999978
5812890000	-0.0483061181000000034	0.283527613000000012
5812895000	-0.0473459478999999975	0.285185030000000006
5812900000	-0.0466854582000000018	0.28568858829999999
5812905000	-0.0454101181000000007	0.285217469399999979
5812910000	-0.0458325466999999973	0.286389256199999997
5812915000	-0.0448597349000000034	0.286690776300000005
5812920000	-0.0435038130999999967	0.287366652800000011
5812925000	-0.0432354684999999989	0.288856012200000012
5812930000	-0.0434482749000000001	0.288427978699999976
5812935000	-0.0419965663000000031	0.288097027499999991
5812940000	-0.0415984354000000014	0.28849129480000002
5812945000	-0.0410941661000000028	0.288914177200000011
5812950000	-0.0398118386000000032	0.289282614100000002
5812955000	-0.0397326089000000007	0.288639262299999977
5812960000	-0.0391947755000000009	0.290266753499999974
5812965000	-0.0380021954000000009	0.291005547699999978
5812970000	-0.0381609257000000007	0.291156613399999986
5812975000	-0.0372225051999999987	0.291124323199999979
5812980000	-0.037744659899999998	0.2913260238
5812985000	-0.0368904722000000032	0.290756165200000027
5812990000	-0.0354170680000000029	0.291706764600000001
5812995000	-0.034985443300000002	0.292167818000000024
5813000000	-0.034929950199999997	0.293345438700000016
5813005000	-0.0337940002000000003	0.293722539000000005
5813010000	-0.0334131625999999973	0.292921322200000001
5813015000	-0.0338420367000000014	0.293848020499999973
5813020000	-0.0318952414999999975	0.294002470399999993
5813025000	-0.0311360050999999992	0.294893465899999985
5813030000	-0.0321776109000000005	0.294987397799999995
5813035000	-0.0299112139000000006	0.294462513300000006
5813040000	-0.0302329216999999983	0.2951474033
5813045000	-0.0301978032999999993	0.296445070500000019
5813050000	-0.0290899439000000017	0.295704028100000016
5813055000	-0.0284379355999999986	0.297043209099999983
5813060000	-0.0282812991999999985	0.296102228299999992
5813065000	-0.0276405652999999994	0.296686588799999984
5813070000	-0.0273969875000000009	0.296953878000000004
5813075000	-0.0266998765999999985	0.297560817799999988
5813080000	-0.025431969799999999	0.298058120699999984
5813085000	-0.0250799010000000017	0.298156570299999979
5813090000	-0.0246561822000000014	0.298487448200000005
5813095000	-0.0234308273999999997	0.298152099599999998
5813100000	-0.0242525108999999996	0.297963911400000003
5813105000	-0.0230307122999999989	0.299287836400000007
5813110000	-0.0226210049000000017	0.300000634900000007
5813115000	-0.0218605267999999985	0.299306744999999985
5813120000	-0.0205155311000000014	0.299665126000000004
5813125000	-0.019312937799999999	0.300139855100000019
5813130000	-0.0188811200000000012	0.301093914899999981
5813135000	-0.0199070257000000007	0.300899341499999973
5813140000	-0.0175668694000000007	0.300312153299999995
5813145000	-0.0174338583999999984	0.302116000399999973
5813150000	-0.0165514826000000004	0.300529534300000012
5813155000	-0.0166640919000000005	0.301545893899999973
5813160000	-0.0161850473000000016	0.301422834199999989
5813165000	-0.0155905308000000003	0.302778155900000012
5813170000	-0.0144832572999999999	0.302408260699999987
5813175000	-0.0145484918000000005	0.302413861499999992
5813180000	-0.0144895948	0.303438205399999994
5813185000	-0.0132316542999999995	0.303615061399999997
5813190000	-0.0128192658000000001	0.303157026900000015
5813195000	-0.0122875235999999992	0.303798453799999979
5813200000	-0.0116809011000000001	0.3030835791
5813205000	-0.0105495478999999993	0.304197765200000025
5813210000	-0.00987994849999999925	0.304807252899999992
5813215000	-0.00898780159999999946	0.304305171699999988
5813220000	-0.00903053619999999967	0.303877988499999974
5813225000	-0.00856023570000000004	0.305116181400000019
5813230000	-0.00779731950000000021	0.303699408999999976
5813235000	-0.00767815569999999968	0.305919662699999984
5813240000	-0.00648080789999999976	0.304203605499999974
5813245000	-0.00615646979999999976	0.305134411100000003
5813250000	-0.00528576039999999973	0.305524152800000004
5813255000	-0.00518421450000000009	0.304574860999999975
5813260000	-0.00438518970000000008	0.30662691139999998
5813265000	-0.00350826459999999986	0.305307173200000004
5813270000	-0.00338200770000000005	0.306678255800000021
5813275000	-0.00269046339999999985	0.306758964500000009
5813280000	-0.0024927495	0.307560244400000016
5813285000	-0.00149251989999999997	0.306448082200000027
5813290000	-0.00111875329999999999	0.306553915899999974
5813295000	-0.000995756900000000075	0.306783114299999993
5813300000	-0.000793391299999999947	0.307402567299999985
5813305000	-0.000559589500000000047	0.306295267599999976
5813310000	0.00124685870000000002	0.308270057099999994
5813315000	0.0016788962000000001	0.307820314799999994
5813320000	0.000910986700000000044	0.306826254099999973
5813325000	0.00353495399999999987	0.307716130799999987
5813330000	0.00291503170000000002	0.308067220799999986
5813335000	0.0041343758999999999	0.308738546300000027
5813340000	0.00419200400000000004	0.308293644799999988
5813345000	0.00476372360000000029	0.309096140999999991
5813350000	0.00521682239999999957	0.308384006599999982
5813355000	0.00543415810000000016	0.309732323699999978
5813360000	0.00737832970000000012	0.309137350300000002
5813365000	0.00653485040000000017	0.309545281800000016
5813370000	0.00783724059999999986	0.310026395200000027
5813375000	0.0071101176000000002	0.308198697000000021
5813380000	0.00915766460000000046	0.30943194340000002
5813385000	0.00994799459999999927	0.310320641900000027
5813390000	0.0114887444000000005	0.309360019400000019
5813395000	0.0106015880999999999	0.309647635500000018
5813400000	0.0106214831000000006	0.310012820099999975
5813405000	0.0118474787000000005	0.311038367500000024
5813410000	0.0120425564999999991	0.310868650700000027
5813415000	0.0130092873999999997	0.310594212699999983
5813420000	0.0134787594	0.309881862100000016
5813425000	0.0135803360999999997	0.310583370899999989
5813430000	0.0136513307000000004	0.310683712000000001
5813435000	0.0152817161999999999	0.308971802500000003
5813440000	0.0155441703999999997	0.310310055500000015
5813445000	0.0159583678000000014	0.311453419899999973
5813450000	0.0160612493000000002	0.311336753199999983
5813455000	0.0166777143000000003	0.311746908499999975
5813460000	0.0178518166999999985	0.311642719499999998
5813465000	0.0178141537000000016	0.311481348499999977
5813470000	0.0180054642999999993	0.312424506599999985
5813475000	0.0188322591999999997	0.311827501999999979
5813480000	0.0200108584999999992	0.311549993400000003
5813485000	0.0200153336999999987	0.311437934199999988
5813490000	0.0209272448999999992	0.313104492800000023
5813495000	0.0212048973999999987	0.311242590799999996
5813500000	0.0216628845	0.311852378799999996
5813505000	0.0221451826999999983	0.312521894899999986
5813510000	0.0235706125999999988	0.312799733600000018
5813515000	0.0242404165000000005	0.311837616200000001
5813520000	0.0245074220999999988	0.312930840300000013
5813525000	0.0251430610999999991	0.312650515500000004
5813530000	0.0253641746999999987	0.312194664899999974
5813535000	0.0264070757999999989	0.313075594800000023
5813540000	0.0268699020000000011	0.312523297500000019
5813545000	0.0267325423999999999	0.312725188599999981
5813550000	0.0281042482999999989	0.313112405199999999
5813555000	0.0268978918000000004	0.313261943099999995
5813560000	0.0283445985999999997	0.312699847899999994
5813565000	0.0276952820000000016	0.312574593000000012
5813570000	0.0296879851000000014	0.313078546899999977
5813575000	0.0310741305999999995	0.313050151599999993
5813580000	0.0314427679000000015	0.313221472599999995
5813585000	0.0314908877999999989	0.313863679700000009
5813590000	0.0315382089999999976	0.312551397800000019
5813595000	0.032407437499999997	0.314442222900000012
5813600000	0.0328752376000000027	0.312600074800000016
5813605000	0.0337362517999999986	0.313437486900000006
5813610000	0.0344488952999999973	0.314481378600000028
5813615000	0.0340699482999999997	0.314257390099999978
5813620000	0.0339619826000000027	0.313908977099999986
5813625000	0.0359589141000000029	0.313239002099999997
5813630000	0.0365022123000000032	0.312591622499999999
5813635000	0.0374779865999999989	0.313951239699999995
5813640000	0.0369447800999999978	0.314414406899999999
5813645000	0.0369802919999999979	0.314606515400000009
5813650000	0.0385938820999999974	0.313287776299999987
5813655000	0.0381926588000000011	0.314452736499999996
5813660000	0.0391985709000000002	0.313457219899999973
5813665000	0.041406494000000002	0.313669176699999996
5813670000	0.0405954581999999967	0.314103874900000024
5813675000	0.0413122803999999982	0.313822369499999976
5813680000	0.0405208158999999998	0.314453035699999994
5813685000	0.0414012471999999979	0.313606719199999995
5813690000	0.0426469869000000029	0.314705912899999996
5813695000	0.0434470008000000033	0.314555991699999982
5813700000	0.0434345069000000028	0.314099449699999977
5813705000	0.0442692712000000016	0.314604641899999982
5813710000	0.0439039176000000017	0.313792399499999985
5813715000	0.0450224528000000013	0.315017430200000004
5813720000	0.0464398020999999966	0.314508977999999995
5813725000	0.0462333456000000032	0.313935613900000021
5813730000	0.0467884528999999993	0.314039487999999978
5813735000	0.0472760383999999978	0.313620797600000001
5813740000	0.0477709691999999991	0.314366415999999982
5813745000	0.0488168885000000025	0.31333530770000001
5813750000	0.0487792368000000004	0.314174561899999982
5813755000	0.0484883259999999983	0.313400077300000024
5813760000	0.050055454499999999	0.315679149300000017
5813765000	0.0496021753999999968	0.315441005300000021
5813770000	0.052087385600000001	0.314205460699999994
5813775000	0.051466812100000002	0.315152484700000013
5813780000	0.0522725975999999981	0.314320523299999988
5813785000	0.052498918700000001	0.314616402799999972
5813790000	0.0540545407000000006	0.314406151099999975
5813795000	0.0543869006999999974	0.314091876599999986
5813800000	0.0540484687999999991	0.31411059600000002
5813805000	0.0549199736999999993	0.315315190400000001
5813810000	0.0553825211999999997	0.314227195700000017
5813815000	0.0550484011999999995	0.314334858100000003
5813820000	0.0563648523999999984	0.313677047499999972
5813825000	0.0565055479000000013	0.313841907600000025
5813830000	0.0571152788999999966	0.314364089199999974
5813835000	0.0584166891000000021	0.314587284600000017
5813840000	0.0580601525999999979	0.314626030700000003
5813845000	0.0585385403999999984	0.314923041700000017
5813850000	0.0598289138000000012	0.314153635300000011
5813855000	0.0609573357999999982	0.314458553500000015
5813860000	0.0606425593999999971	0.314411407799999987
5813865000	0.0604137793999999992	0.314747732700000005
5813870000	0.0624461215	0.31421814720000002
5813875000	0.0622983739000000022	0.314428922200000016
5813880000	0.0625813305999999986	0.314804852199999985
5813885000	0.0627039409000000048	0.314177225800000015
5813890000	0.0629435171999999932	0.314867017500000013
5813895000	0.0646154156000000035	0.31420278359999998
5813900000	0.0640124948999999943	0.314199044300000008
5813905000	0.064938844699999998	0.313167910400000027
5813910000	0.065031502599999999	0.314381683500000009
5813915000	0.0663781501000000052	0.314662974500000026
5813920000	0.0669921730000000021	0.312829848500000007
5813925000	0.0666613566999999935	0.313763135400000004
5813930000	0.0677523337000000003	0.315029839199999995
5813935000	0.0674801473999999957	0.314717034700000009
5813940000	0.0682738360000000044	0.314272536200000008
5813945000	0.068541023699999995	0.314265846000000015
5813950000	0.0705365372999999934	0.313085542300000019
5813955000	0.0700115370999999931	0.313587890799999991
5813960000	0.0696195809000000054	0.313400277599999999
5813965000	0.0711110192999999946	0.31392240170000002
5813970000	0.0714287819999999962	0.313608828299999975
5813975000	0.0718053114999999964	0.312427489300000027
5813980000	0.071997612399999994	0.312872980700000025
5813985000	0.0733322339999999961	0.313115998600000001
5813990000	0.0736295017999999968	0.313448690099999983
5813995000	0.0735804300000000022	0.314562601900000016
5814000000	0.0753275816999999931	0.3135323733
5814005000	0.076059740400000006	0.313339672899999977
5814010000	0.0743641627	0.313388198499999993
5814015000	0.0759143322999999981	0.313209334000000006
5814020000	0.0764694959999999979	0.313429353399999999
5814025000	0.0772262414000000064	0.311674508800000027
5814030000	0.0769396618999999976	0.312502848300000025
5814035000	0.0780562382000000027	0.312742423900000011
5814040000	0.0775481400999999959	0.31301215910000002
5814045000	0.0785046806000000014	0.313319189900000017
5814050000	0.0794687124999999966	0.312767968999999979
5814055000	0.0802761426000000028	0.311706804200000021
5814060000	0.0806679963999999972	0.311113230100000027
5814065000	0.0815065122000000059	0.312468652999999985
5814070000	0.0812999536999999967	0.31294823690000001
5814075000	0.0830976454999999975	0.312421314100000014
5814080000	0.083260289500000001	0.311901687599999977
5814085000	0.0825711746000000052	0.312368327999999973
5814090000	0.0842593962999999974	0.31209924280000001
5814095000	0.0842865757999999993	0.311957334699999977
5814100000	0.0851094854999999983	0.311968322799999975
5814105000	0.0847175002000000038	0.311847319700000014
5814110000	0.0866726688000000051	0.311801478700000023
5814115000	0.0863106956999999952	0.312225337499999978
5814120000	0.0870761399000000019	0.311972032800000021
5814125000	0.0865561895000000053	0.311371146099999996
5814130000	0.0881906551000000011	0.311302279700000017
5814135000	0.0875727208000000035	0.311392797499999985
5814140000	0.0893501735000000047	0.311824223199999973
5814145000	0.0892121414999999945	0.311558688899999991
5814150000	0.0900747429999999988	0.311239129800000014
5814155000	0.0895844759000000018	0.310788448200000011
5814160000	0.0910641682000000036	0.310680821699999998
5814165000	0.0919783272999999957	0.310261127099999978
5814170000	0.0916726040000000048	0.311191862099999994
5814175000	0.0919384758000000024	0.310096316400000016
5814180000	0.0921061138000000001	0.312045194799999981
5814185000	0.0937453253000000014	0.310808688499999985
5814190000	0.0942354266000000051	0.311144991400000015
5814195000	0.0937889311999999947	0.310934486100000018
5814200000	0.0945306125999999941	0.31060241059999999
5814205000	0.0948029214999999981	0.311397533700000007
5814210000	0.0957758925000000011	0.309575721299999995
5814215000	0.0956840617999999976	0.310357992000000027
5814220000	0.0970825173000000041	0.309555657799999995
5814225000	0.0959651995999999952	0.308422081999999986
5814230000	0.0976512628999999938	0.310567539599999998
5814235000	0.0983518389999999965	0.308486957700000008
5814240000	0.0991537584999999944	0.308884907799999997
5814245000	0.0984800749000000059	0.310787531900000025
5814250000	0.0992685940999999961	0.309453950300000002
5814255000	0.100787957799999994	0.309314246899999978
5814260000	0.0999816257000000069	0.309695583300000021
5814265000	0.100467693400000002	0.309681034099999974
5814270000	0.1018621106	0.308669094099999985
5814275000	0.101904421300000006	0.308857133999999978
5814280000	0.102490907199999995	0.309713061199999973
5814285000	0.103971391900000001	0.309630060400000018
5814290000	0.103354545699999995	0.308864761200000004
5814295000	0.103500796300000003	0.309048052100000026
5814300000	0.104881161400000006	0.308463862799999988
5814305000	0.104930762299999994	0.308014222399999982
5814310000	0.104163779400000003	0.307722121500000001
5814315000	0.104306934899999995	0.307033169100000003
5814320000	0.105766199500000005	0.308028600400000019
5814325000	0.105916413700000003	0.307243331299999978
5814330000	0.106759067400000004	0.307798343799999985
5814335000	0.107283513100000005	0.307890736499999984
5814340000	0.108795308800000004	0.307834946399999976
5814345000	0.108292944200000005	0.307248429200000006
5814350000	0.108344460000000004	0.307394247899999973
5814355000	0.109965503000000006	0.307733946400000014
5814360000	0.110267461799999994	0.306797176999999976
5814365000	0.110425240100000002	0.306851433100000015
5814370000	0.111382491700000003	0.307559839300000026
5814375000	0.110979597900000004	0.306332115999999988
5814380000	0.113051927299999994	0.306277002500000006
5814385000	0.111367203400000003	0.307234057599999999
5814390000	0.112615447800000004	0.305336378999999991
5814395000	0.113183300000000001	0.306062808199999981
5814400000	0.113875103000000005	0.305944040799999983
5814405000	0.114049639499999994	0.305351440199999991
5814410000	0.114796012200000005	0.306181229300000024
5814415000	0.115474996699999999	0.305777345899999997
5814420000	0.115389958200000003	0.306805215799999975
5814425000	0.115401216099999995	0.305386437399999988
5814430000	0.116911607599999995	0.304893729200000019
5814435000	0.116853706700000004	0.30500594139999998
5814440000	0.117453779300000005	0.305138225699999988
5814445000	0.118707592599999995	0.305054588000000015
5814450000	0.118446031600000001	0.304396721400000014
5814455000	0.119818083899999997	0.305148098899999998
5814460000	0.119026228799999995	0.304762290499999977
5814465000	0.120404602700000002	0.30347035830000002
5814470000	0.1198657256	0.303225809499999999
5814475000	0.120083540399999994	0.302738193200000005
5814480000	0.120784373700000003	0.303975958699999993
5814485000	0.123059738299999999	0.303640921800000019
5814490000	0.123094222000000003	0.303722534300000013
5814495000	0.122472519399999993	0.304090483500000008
5814500000	0.123855050899999999	0.303458729199999999
5814505000	0.122876144300000004	0.30285043239999998
5814510000	0.123296856600000004	0.30298396620000001
5814515000	0.123822255199999995	0.303271931900000014
5814520000	0.1257230872	0.303210580299999977
5814525000	0.125680001099999994	0.302481963999999992
5814530000	0.126745086600000001	0.302085056500000004
5814535000	0.127155065900000003	0.302694151299999992
5814540000	0.126519417699999998	0.302089183599999977
5814545000	0.127013241700000001	0.302730443800000026
5814550000	0.127979707800000009	0.301451538999999991
5814555000	0.127570035999999998	0.301650345300000011
5814560000	0.129453019400000008	0.303043701100000007
5814565000	0.129245389699999991	0.300865481200000007
5814570000	0.129893998499999996	0.302057113499999974
5814575000	0.1302364097	0.301871370600000022
5814580000	0.130192157100000011	0.30055409919999998
5814585000	0.131154978899999997	0.301180406899999975
5814590000	0.131862492899999989	0.301633120199999993
5814595000	0.131529503200000009	0.301126293400000022
5814600000	0.133136308700000011	0.300913325200000026
5814605000	0.132807954199999995	0.300317509199999999
5814610000	0.134391282499999987	0.299422068799999996
5814615000	0.134860840900000001	0.299769402500000004
5814620000	0.134230158399999994	0.300373910500000008
5814625000	0.133949798000000009	0.300004673100000008
5814630000	0.135662028900000009	0.299984578200000018
5814635000	0.135454160699999993	0.299694364099999999
5814640000	0.135395492000000006	0.299121164499999981
5814645000	0.136744294399999994	0.297983908799999975
5814650000	0.137156340999999987	0.298701781599999994
5814655000	0.137073009200000012	0.299659617300000014
5814660000	0.138028010499999992	0.299354786300000009
5814665000	0.138677314299999993	0.298122368400000004
5814670000	0.136968032099999998	0.298117295399999982
5814675000	0.138690910899999992	0.297836545900000027
5814680000	0.140162333700000002	0.297550641399999982
5814685000	0.13928453830000001	0.297212512500000026
5814690000	0.139956514300000001	0.297761297300000005
5814695000	0.140270435400000004	0.296797832799999994
5814700000	0.140838292100000012	0.297395567899999991
5814705000	0.14167421999999999	0.297214317900000025
5814710000	0.141902147499999992	0.297125076300000013
5814715000	0.142561938299999996	0.296598844699999975
5814720000	0.142806849099999994	0.295836378600000005
5814725000	0.144711438899999989	0.296830907199999994
5814730000	0.143558289799999989	0.296126927300000009
5814735000	0.145515411600000005	0.296905442999999991
5814740000	0.144371360100000012	0.295859253400000022
5814745000	0.144971127700000008	0.295128019999999991
5814750000	0.145517187299999989	0.295771905200000018
5814755000	0.14553206769999999	0.295527095399999995
5814760000	0.146038295499999998	0.294860370900000002
5814765000	0.146771205200000004	0.294475261900000007
5814770000	0.148198777100000012	0.294778108500000025
5814775000	0.148800770100000007	0.293805474899999974
5814780000	0.148330560899999991	0.294397105900000011
5814785000	0.148820926599999986	0.293763071599999981
5814790000	0.148356663500000013	0.293812497299999975
5814795000	0.150107332399999988	0.29377159759999999
5814800000	0.15151019730000001	0.293975819000000027
5814805000	0.149509827900000003	0.292105043900000028
5814810000	0.151138013300000013	0.293533238699999977
5814815000	0.150879216399999988	0.293237119599999985
5814820000	0.1520747187	0.292480115799999996
5814825000	0.152235443400000003	0.292263969000000012
5814830000	0.152451983399999991	0.292042928400000013
5814835000	0.152820767800000007	0.292151908299999985
5814840000	0.152166537299999988	0.291921769800000008
5814845000	0.153883553899999997	0.292019101700000006
5814850000	0.153932167700000011	0.292304043199999974
5814855000	0.154806207599999995	0.291206534199999978
5814860000	0.156020686900000011	0.290625464399999978
5814865000	0.155296469399999998	0.290801801299999996
5814870000	0.156399515200000006	0.289489985299999975
5814875000	0.15661430300000001	0.291176396999999976
5814880000	0.155417989499999992	0.290739038000000005
5814885000	0.157295505299999999	0.289422830099999973
5814890000	0.158184336799999992	0.289142014700000005
5814895000	0.159043309399999999	0.289389116700000004
5814900000	0.158494810300000011	0.2894065267
5814905000	0.159498799100000005	0.288830058300000025
5814910000	0.159145109300000004	0.288634183699999991
5814915000	0.159876305800000007	0.287793856800000025
5814920000	0.160577408700000007	0.289118170900000027
5814925000	0.159994102999999999	0.288053090000000012
5814930000	0.161005035600000013	0.288186259800000011
5814935000	0.161705477699999989	0.287365579699999985
5814940000	0.161124200599999989	0.286977525000000011
