# freq, I e Q
4385803800	-0.0413367955999999967	-0.0897934227999999945
4385823800	-0.0401059066999999991	-0.0857841069000000039
4385843800	-0.0425682962000000012	-0.0850864025000000052
4385863800	-0.0427217504000000012	-0.0878106151000000029
4385883800	-0.0428894900999999967	-0.0835856516000000049
4385903800	-0.0431130263999999971	-0.0853752752000000031
4385923800	-0.0394003453000000003	-0.0895179096999999951
4385943800	-0.0408171706000000009	-0.0880018615999999948
4385963800	-0.0434274707999999995	-0.0865538849000000027
4385983800	-0.0455183669999999971	-0.0858505172999999983
4386003800	-0.0436666600999999974	-0.0858750791000000013
4386023800	-0.0449683682999999987	-0.0834093848999999943
4386043800	-0.0457902079999999989	-0.0838462194999999993
4386063800	-0.0485253307000000009	-0.082397958199999996
4386083800	-0.0457274574999999989	-0.083862704499999996
4386103800	-0.0448929201999999986	-0.0819757831000000048
4386123800	-0.0452370902000000033	-0.0860859944999999988
4386143800	-0.0466141045999999976	-0.0841656206000000046
4386163800	-0.0482165872000000009	-0.0858722199000000047
4386183800	-0.0516399079999999983	-0.084453702699999994
4386203800	-0.050154642200000002	-0.0842878457000000025
4386223800	-0.0480662987999999972	-0.0805601556000000024
4386243800	-0.0500974139999999998	-0.0819793476000000021
4386263800	-0.0512067157000000023	-0.0793604242999999959
4386283800	-0.0526680413000000028	-0.0806103962999999979
4386303800	-0.0532923174999999985	-0.0811808905000000053
4386323800	-0.0489885881000000009	-0.0790332118999999972
4386343800	-0.0556786616999999998	-0.0832308669000000056
4386363800	-0.0526625375000000021	-0.0829815138999999979
4386383800	-0.0533451928000000034	-0.0778277953999999966
4386403800	-0.0527328412999999996	-0.0813967622000000002
4386423800	-0.0518492893999999982	-0.0770517913999999998
4386443800	-0.0545570400000000011	-0.0814323393999999978
4386463800	-0.0547832976999999971	-0.081999144600000004
4386483800	-0.0527208653000000027	-0.0755531443999999941
4386503800	-0.0540185032999999995	-0.0783425551000000026
4386523800	-0.0543652962000000031	-0.0778687502999999975
4386543800	-0.0637272995000000009	-0.0743270464999999936
4386563800	-0.0555339259999999973	-0.0771986189999999961
4386583800	-0.0560211290000000028	-0.0800590639999999992
4386603800	-0.057412002099999998	-0.0731885080999999937
4386623800	-0.0588188124000000034	-0.0788207432000000013
4386643800	-0.0589777797999999978	-0.0771056041000000025
4386663800	-0.058114071199999999	-0.0783714360000000027
4386683800	-0.0548332419000000029	-0.0762381597000000022
4386703800	-0.060290714799999999	-0.0795277939000000045
4386723800	-0.0546361267999999969	-0.0763496270999999976
4386743800	-0.0560674985000000001	-0.0751861538999999968
4386763800	-0.0608928109999999981	-0.0685633731999999996
4386783800	-0.0595231504000000022	-0.0760186369000000056
4386803800	-0.061621654900000003	-0.0765960425999999972
4386823800	-0.0615836192000000018	-0.073503307899999995
4386843800	-0.0606935393000000017	-0.0745361134000000064
4386863800	-0.0589335444999999972	-0.0726557981999999963
4386883800	-0.0628922648999999945	-0.0722799494000000015
4386903800	-0.0609847603999999974	-0.075721307700000004
4386923800	-0.0625530403000000013	-0.0725655713000000063
4386943800	-0.0641402435999999937	-0.0712851786999999931
4386963800	-0.0632328528000000029	-0.0716270155999999963
4386983800	-0.0659902353999999997	-0.0729949597000000006
4387003800	-0.0650005362000000003	-0.0704827637000000062
4387023800	-0.0628329462999999977	-0.0686328281999999956
4387043800	-0.0655705751000000003	-0.0703826278
4387063800	-0.0675772070999999946	-0.0742784744000000025
4387083800	-0.0677078215000000011	-0.069684995099999994
4387103800	-0.0695904994000000054	-0.0697629832999999977
4387123800	-0.0660874815999999976	-0.0707014039999999955
4387143800	-0.0634637217000000031	-0.0665152267999999935
4387163800	-0.0680884481999999985	-0.0658537965000000058
4387183800	-0.0670009250000000028	-0.0690488278000000039
4387203800	-0.0694773216000000027	-0.0663946435000000029
4387223800	-0.0647146091000000007	-0.0650610788999999995
4387243800	-0.0704281204999999966	-0.065127723999999998
4387263800	-0.0714175336999999938	-0.0678035678000000058
4387283800	-0.0690207077999999974	-0.0645506230999999958
4387303800	-0.0670090012000000013	-0.0658091564999999934
4387323800	-0.0707960160999999977	-0.0651481398999999989
4387343800	-0.069280263100000003	-0.0660286431000000062
4387363800	-0.0730047278000000022	-0.0642410295999999992
4387383800	-0.069453290599999995	-0.0658004288999999992
4387403800	-0.0680573099999999959	-0.063312270899999995
4387423800	-0.0710010759999999963	-0.0600749308000000024
4387443800	-0.0740338262999999941	-0.0609315645000000003
4387463800	-0.071448071599999996	-0.0654557463000000062
4387483800	-0.0718603062999999959	-0.0650495056000000016
4387503800	-0.0726336033999999964	-0.063220623700000006
4387523800	-0.0724196145000000069	-0.0656016175999999951
4387543800	-0.0716470210000000052	-0.0620324157000000029
4387563800	-0.0749847673999999992	-0.0637846507000000007
4387583800	-0.0771632352999999938	-0.0611969616000000022
4387603800	-0.0748255411999999981	-0.0603578667999999999
4387623800	-0.0720099995000000048	-0.0639334653000000058
4387643800	-0.0762804737000000038	-0.0592947039999999967
4387663800	-0.0790764080000000008	-0.0580877329000000012
4387683800	-0.0767330150000000016	-0.0578205775999999991
4387703800	-0.0783117775999999932	-0.0592239693999999997
4387723800	-0.0742111790000000021	-0.0576639021999999987
4387743800	-0.0754504455000000046	-0.0567294285999999995
4387763800	-0.0726986319999999991	-0.0522812532000000024
4387783800	-0.0740501305000000054	-0.0551946273000000001
4387803800	-0.0764912996000000067	-0.0560424237000000033
4387823800	-0.0793501394999999998	-0.0553259960999999967
4387843800	-0.0786621222999999981	-0.0584359773999999985
4387863800	-0.0786918518999999983	-0.0586160703999999977
4387883800	-0.0789951633999999986	-0.0544375220000000021
4387903800	-0.0801137583999999986	-0.0523422103999999985
4387923800	-0.0798786605999999982	-0.0544776590999999991
4387943800	-0.080985615900000002	-0.0542282027999999999
4387963800	-0.0803184556999999993	-0.0522020928999999967
4387983800	-0.0787200611000000022	-0.0510977484999999981
4388003800	-0.0800698083999999977	-0.0519364530000000005
4388023800	-0.0827052935999999933	-0.0537539813999999977
4388043800	-0.080448626199999998	-0.052750673900000003
4388063800	-0.0805240442000000056	-0.0512487531000000024
4388083800	-0.0827842822000000034	-0.0553206595000000009
4388103800	-0.0818845982000000056	-0.0502597749999999996
4388123800	-0.0832331292000000056	-0.0505492452000000023
4388143800	-0.0843565854999999976	-0.051465337299999997
4388163800	-0.0777834951000000024	-0.0505310848000000007
4388183800	-0.0839877497999999972	-0.0492283862000000016
4388203800	-0.085232959600000005	-0.0525936238999999972
4388223800	-0.0827673968999999982	-0.045236940500000003
4388243800	-0.0859776738999999957	-0.0476171576000000013
4388263800	-0.0831496310000000016	-0.0470052528000000011
4388283800	-0.0886112601999999999	-0.0508981365000000033
4388303800	-0.0864645435000000046	-0.0489942025000000003
4388323800	-0.0854372117000000014	-0.0432075804000000008
4388343800	-0.0839789387999999998	-0.0465922563000000026
4388363800	-0.0836407463999999934	-0.0416407445000000001
4388383800	-0.0820767282999999986	-0.0447989857000000019
4388403800	-0.0867872709000000048	-0.0441600130999999993
4388423800	-0.0844504667999999986	-0.0421425385
4388443800	-0.0881439173999999936	-0.042277707099999999
4388463800	-0.0857302206000000039	-0.0434750636999999968
4388483800	-0.0857286319000000047	-0.0417485532999999978
4388503800	-0.0874051358000000056	-0.0377206720999999981
4388523800	-0.0869744072000000062	-0.0424194670000000024
4388543800	-0.0878198300000000015	-0.0412483510999999969
4388563800	-0.0871789535999999976	-0.0437900608999999968
4388583800	-0.084721305100000005	-0.0427554687000000003
4388603800	-0.0873065232999999941	-0.0396185631999999982
4388623800	-0.0888357609000000048	-0.0403515008999999966
4388643800	-0.0887376864999999959	-0.0419616243
4388663800	-0.0904910584000000046	-0.0396168292000000019
4388683800	-0.0866691582999999932	-0.038285177699999999
4388703800	-0.087108742599999997	-0.0387546392000000031
4388723800	-0.0882259472000000017	-0.0388574241999999972
4388743800	-0.0908553608000000068	-0.0372571568000000033
4388763800	-0.0869113257999999944	-0.0350426682000000017
4388783800	-0.0892248236999999972	-0.0371111157000000025
4388803800	-0.0895058492999999955	-0.036174389799999998
4388823800	-0.0853250390000000053	-0.0346368386999999986
4388843800	-0.0908781075999999938	-0.0324229780999999995
4388863800	-0.0880437208000000027	-0.0332734734000000032
4388883800	-0.0944556847999999949	-0.0342603090000000027
4388903800	-0.091209667499999994	-0.0327298551999999979
4388923800	-0.0917015312000000055	-0.0316214407000000031
4388943800	-0.0917481554999999976	-0.0296507765
4388963800	-0.0895066956000000052	-0.0303057278999999992
4388983800	-0.0917869139999999972	-0.0314033423999999992
4389003800	-0.0920025847000000008	-0.0318626622000000026
4389023800	-0.0927977719000000062	-0.0313399794999999967
4389043800	-0.0897456618999999955	-0.0315932806000000024
4389063800	-0.0935439465999999969	-0.0282601684999999984
4389083800	-0.088634259300000004	-0.0259614869999999984
4389103800	-0.0916055548000000025	-0.0251134653999999999
4389123800	-0.0923283475000000048	-0.0287986611999999989
4389143800	-0.0947578995000000063	-0.0242836818000000017
4389163800	-0.0935014175000000031	-0.0231683274000000008
4389183800	-0.0929893328999999991	-0.0262931238999999997
4389203800	-0.0938721948000000028	-0.0260502420999999991
4389223800	-0.0932777077999999982	-0.0278447993000000005
4389243800	-0.0931242411000000048	-0.0236621059999999987
4389263800	-0.0943047627000000027	-0.0239029571000000003
4389283800	-0.095036913700000003	-0.022891201600000001
4389303800	-0.0934887976000000065	-0.0262645079999999989
4389323800	-0.0963026513999999945	-0.0241444736000000007
4389343800	-0.0917632230000000049	-0.0215774206999999989
4389363800	-0.0941267479000000018	-0.0202726732999999985
4389383800	-0.0920697763999999974	-0.0243504164000000016
4389403800	-0.0919702914999999954	-0.0174305286999999996
4389423800	-0.0985657857999999998	-0.0217302179000000012
4389443800	-0.095181100099999999	-0.0212920844999999991
4389463800	-0.0937366872000000018	-0.0181134108000000002
4389483800	-0.0938699147000000012	-0.0199205336999999996
4389503800	-0.0947134342000000018	-0.0171924118000000015
4389523800	-0.0983365328000000011	-0.0197660235000000004
4389543800	-0.0962711193999999937	-0.0135828530000000006
4389563800	-0.0972694146000000065	-0.0141188271999999997
4389583800	-0.0935265626999999961	-0.0179348821000000005
4389603800	-0.0965012561999999963	-0.0137789828000000007
4389623800	-0.0939030074999999964	-0.0149199998999999996
4389643800	-0.0948741159000000001	-0.0174665866000000003
4389663800	-0.0939576071000000068	-0.0134515299999999997
4389683800	-0.0961819924999999937	-0.0159342087999999986
4389703800	-0.0973746211999999972	-0.0130080839999999996
4389723800	-0.096718561999999994	-0.00899257430000000024
4389743800	-0.0964998824999999949	-0.0132946377000000004
4389763800	-0.098118747800000003	-0.0119994235000000001
4389783800	-0.0970362815000000017	-0.0127957495000000001
4389803800	-0.0949397765999999976	-0.0108617456000000001
4389823800	-0.098720540999999995	-0.0101471267
4389843800	-0.0964708492000000001	-0.0103217583000000009
4389863800	-0.093455424499999995	-0.0088462126000000002
4389883800	-0.0964071583000000037	-0.00940970049999999975
4389903800	-0.0944634211999999945	-0.00773573689999999987
4389923800	-0.0977508180000000032	-0.00817935130000000017
4389943800	-0.100150585299999997	-0.00869603470000000073
4389963800	-0.0960201794999999969	-0.00685963980000000011
4389983800	-0.0967777162999999968	-0.00825174780000000052
4390003800	-0.0948769634999999945	-0.00498734820000000002
4390023800	-0.098055292799999999	-0.00246297900000000012
4390043800	-0.0974789853999999956	-0.00376958809999999997
4390063800	-0.0978925159999999989	-0.00459236170000000034
4390083800	-0.0991028060000000016	-0.00508221560000000037
4390103800	-0.0948998231999999969	-0.00680724340000000028
4390123800	-0.0957479703999999932	-0.00257342399999999994
4390143800	-0.0995967053999999991	-0.00329833550000000007
4390163800	-0.0988559323999999989	0.000630903499999999995
4390183800	-0.0973571317000000019	-0.00311061600000000008
4390203800	-0.0977160001000000056	-0.00249883170000000021
4390223800	-0.0944233990000000051	-0.000114320899999999998
4390243800	-0.100781279599999996	-5.3631799999999997e-05
4390263800	-0.0962110183000000063	-0.000158521700000000004
4390283800	-0.0939933495999999979	0.00162956290000000007
4390303800	-0.098057786300000005	0.00137781319999999994
4390323800	-0.0933082803000000044	0.00095935279999999996
4390343800	-0.101469796500000001	0.00320888970000000016
4390363800	-0.0972005464000000041	0.00079100640000000005
4390383800	-0.102132380199999998	0.0030262329000000001
4390403800	-0.0981609637000000063	0.00397822359999999969
4390423800	-0.0989661483000000008	0.00181805120000000007
4390443800	-0.0968658589000000042	0.00644955470000000038
4390463800	-0.0973437288000000012	0.00555220320000000041
4390483800	-0.0972956320000000069	0.00545229890000000026
4390503800	-0.0972984261000000017	0.00774572639999999979
4390523800	-0.0992463970999999945	0.0104943989999999997
4390543800	-0.094812567200000003	0.00697304270000000028
4390563800	-0.0954101143000000013	0.0130485394999999994
4390583800	-0.0970476661999999934	0.00693741949999999996
4390603800	-0.0939747873999999955	0.00838219100000000064
4390623800	-0.0969794251999999968	0.00924583300000000018
4390643800	-0.0964169626999999974	0.0126701170999999994
4390663800	-0.0978627784999999972	0.00684195050000000003
4390683800	-0.0962551111999999931	0.00737843280000000015
4390703800	-0.0946187710000000043	0.0115860366999999999
4390723800	-0.0988504476999999965	0.0105659602000000002
4390743800	-0.0947411509999999957	0.0103265325000000008
4390763800	-0.0985121402999999951	0.0120097984000000005
4390783800	-0.0936984636000000037	0.0162181700000000005
4390803800	-0.100159561899999999	0.0129724422999999995
4390823800	-0.0981277438000000002	0.0135276370999999999
4390843800	-0.0985088969000000036	0.0113112043000000006
4390863800	-0.0956070061000000027	0.0142833180999999993
4390883800	-0.100718832100000003	0.0128267386999999997
4390903800	-0.095512454699999999	0.0199713629000000011
4390923800	-0.0940116488	0.0162256312
4390943800	-0.0941865954999999977	0.0165045836999999987
4390963800	-0.095975519499999995	0.018625357700000001
4390983800	-0.0984807028000000001	0.0168777984999999991
4391003800	-0.0967402101999999958	0.0188495883999999989
4391023800	-0.0966190920000000036	0.0198738039999999984
4391043800	-0.0965519321000000014	0.018463686
4391063800	-0.0960585919999999982	0.0207866851000000005
4391083800	-0.0933725521000000058	0.0231716055000000011
4391103800	-0.0947760249000000055	0.0218684533
4391123800	-0.0928065507999999983	0.0252723315999999996
4391143800	-0.093796647900000002	0.0215664674999999986
4391163800	-0.0966963227000000036	0.0241575698000000005
4391183800	-0.0974797436999999961	0.0258649568000000017
4391203800	-0.0950576729000000009	0.0229916491999999986
4391223800	-0.0952007081000000033	0.0227714783999999996
4391243800	-0.0940000185000000044	0.0233943318000000011
4391263800	-0.0918140593999999949	0.0246525304000000008
4391283800	-0.0938742595999999957	0.0271261325999999983
4391303800	-0.0944726951000000037	0.0264962011999999997
4391323800	-0.0933251526000000026	0.0251068373000000004
4391343800	-0.0955765969000000049	0.0265414484999999985
4391363800	-0.0939803178999999989	0.0274828543000000015
4391383800	-0.0948067969999999982	0.0268178784000000017
4391403800	-0.0902668524	0.0278029631000000013
4391423800	-0.0917397238000000059	0.0295656140000000005
4391443800	-0.0905549315999999993	0.0326549583000000018
4391463800	-0.0929583184999999979	0.031984202199999999
4391483800	-0.094620482899999997	0.0319391800999999989
4391503800	-0.0915815254999999967	0.0318596214999999974
4391523800	-0.0930233599999999994	0.0337927932999999986
4391543800	-0.0913298775999999979	0.0324441468999999982
4391563800	-0.092191079499999995	0.0353797955999999997
4391583800	-0.0902159772000000054	0.0319130505999999994
4391603800	-0.0944084226999999943	0.0336224602000000025
4391623800	-0.0874675522000000066	0.0344861087999999982
4391643800	-0.0923907209000000007	0.0315056541000000023
4391663800	-0.0898984198999999984	0.0347085824000000001
4391683800	-0.088683056499999996	0.0374184587999999985
4391703800	-0.0883697563000000047	0.0339535113000000027
4391723800	-0.093487113400000002	0.0337611888000000013
4391743800	-0.094666711099999995	0.034460853399999998
4391763800	-0.0923696090999999997	0.0355055931999999977
4391783800	-0.0888675119999999957	0.0377875178000000034
4391803800	-0.0878917458999999984	0.0369358892999999966
4391823800	-0.0915139566999999959	0.0371222579999999983
4391843800	-0.089651900399999998	0.0399221229999999969
4391863800	-0.0880290638000000014	0.0403138244999999978
4391883800	-0.0919407510999999955	0.0434621400000000033
4391903800	-0.0866818731000000009	0.0401471263000000023
4391923800	-0.086322228599999995	0.0415775102000000008
4391943800	-0.0834899885999999952	0.0428419618000000016
4391963800	-0.0910861703999999994	0.0408304295000000012
4391983800	-0.0870987218999999951	0.0433249470999999969
4392003800	-0.0871455277000000028	0.044516331800000003
4392023800	-0.0863255166999999934	0.0449456589999999989
4392043800	-0.0873220990000000002	0.0426059961000000015
4392063800	-0.0869331235999999952	0.0477540376000000003
4392083800	-0.087923290799999998	0.0493363694999999977
4392103800	-0.0872962419000000017	0.0467928791999999982
4392123800	-0.0878806800000000027	0.0484508827999999975
4392143800	-0.0868854897999999931	0.0503803016000000034
4392163800	-0.0865939733999999961	0.0446425940000000007
4392183800	-0.0881791415000000023	0.045940611499999999
4392203800	-0.0869988076000000055	0.047895434100000002
4392223800	-0.0849842833999999991	0.048400396499999998
4392243800	-0.0829011838999999945	0.0505077972000000028
4392263800	-0.0836589197999999951	0.0493949945999999987
4392283800	-0.084947542599999995	0.0473449043999999986
4392303800	-0.0859309652999999951	0.0506336499000000009
4392323800	-0.082947190300000001	0.0521775142999999983
4392343800	-0.0819760315000000045	0.0503007633000000023
4392363800	-0.083838832000000002	0.0509293265999999981
4392383800	-0.0823940236999999992	0.0565642993000000024
4392403800	-0.0818843981000000054	0.050990150599999999
4392423800	-0.0838595766999999936	0.0542353615999999969
4392443800	-0.0823524151000000065	0.0542237319999999967
4392463800	-0.0801656490000000055	0.0520204999999999973
4392483800	-0.0784204493999999946	0.0579811435999999999
4392503800	-0.0798172771999999947	0.0551815003999999998
4392523800	-0.0817147990000000046	0.0551602745000000019
4392543800	-0.0803792566000000042	0.0561395169999999999
4392563800	-0.0790489052999999997	0.0569629431999999977
4392583800	-0.081778165299999997	0.0571671239999999997
4392603800	-0.0784218604000000014	0.0580986891000000033
4392623800	-0.0771081529999999987	0.0562570187000000013
4392643800	-0.078107055100000003	0.0584151373000000029
4392663800	-0.0774308499000000011	0.0540850995999999987
4392683800	-0.0795248811	0.0563231557999999966
4392703800	-0.0765080531999999952	0.0578045285000000006
4392723800	-0.0781973296999999984	0.0582940835000000032
4392743800	-0.0801837890000000053	0.0608155287999999974
4392763800	-0.0821960989000000003	0.0569329860999999993
4392783800	-0.0777850296999999941	0.0582874981000000014
4392803800	-0.0749867934000000014	0.0611275512999999993
4392823800	-0.0761784189000000028	0.0611159599000000026
4392843800	-0.0758450264000000013	0.0582067127000000031
4392863800	-0.075707465099999996	0.0623388122000000031
4392883800	-0.0752618466999999958	0.0637119780999999968
4392903800	-0.0776257763000000045	0.0636503679000000044
4392923800	-0.0780063891000000037	0.0599526280000000009
4392943800	-0.0735012547000000044	0.0656297289999999978
4392963800	-0.0713260418000000035	0.0623720534000000021
4392983800	-0.0762247853999999947	0.0630172846000000009
4393003800	-0.0730692062000000003	0.0635858593999999999
4393023800	-0.0754913631000000002	0.0692441377999999941
4393043800	-0.0736378882000000012	0.0639031233000000032
4393063800	-0.0730768365000000059	0.0679866449000000039
4393083800	-0.0717304908000000047	0.0641440724999999962
4393103800	-0.0743726826000000035	0.0648471615999999945
4393123800	-0.0720985232999999948	0.0642613155999999935
4393143800	-0.0697434276000000047	0.0698634444999999965
4393163800	-0.0716212608999999972	0.0686085436000000021
4393183800	-0.0686052996000000026	0.0660838272000000004
4393203800	-0.0689152734999999989	0.0682836963000000019
4393223800	-0.068799689799999994	0.0662088933999999962
4393243800	-0.0694481745999999955	0.0677982820000000014
4393263800	-0.0664345699999999983	0.0656651998000000042
4393283800	-0.0699682524999999944	0.067336908900000006
4393303800	-0.0680552378000000013	0.0663148224999999952
4393323800	-0.0738666084000000056	0.0693308581000000035
4393343800	-0.068299396200000001	0.0734811296999999947
4393363800	-0.0716819843000000012	0.066869848699999998
4393383800	-0.0663565443000000005	0.0697309046999999987
4393403800	-0.0633013654000000037	0.069652884499999998
4393423800	-0.0640676092999999947	0.0726671601000000028
4393443800	-0.0603399053000000032	0.0712175569000000064
4393463800	-0.0691085176999999967	0.0749375716000000025
4393483800	-0.0650855823999999944	0.0722617668999999962
4393503800	-0.0655039174999999946	0.0718826384999999984
4393523800	-0.0620651537000000003	0.075908882900000002
4393543800	-0.0631181489999999984	0.0740474363000000052
4393563800	-0.0620578640999999986	0.0728940916999999966
4393583800	-0.0614875414999999995	0.0713587611000000011
4393603800	-0.0639900047999999999	0.0769306728000000023
4393623800	-0.0620412591000000027	0.0789623722000000056
4393643800	-0.0581690464000000004	0.072866099700000006
4393663800	-0.0610025041000000004	0.0815052963000000019
4393683800	-0.0603173471000000017	0.0741367854000000021
4393703800	-0.0617052198999999968	0.081121452400000002
4393723800	-0.0605425449000000018	0.0784315894000000013
4393743800	-0.0604257018000000021	0.0773515434999999946
4393763800	-0.0592720439000000016	0.0754192726000000035
4393783800	-0.057114512499999999	0.0767112585999999985
4393803800	-0.0579933414000000022	0.0779920736999999975
4393823800	-0.0569651768999999975	0.0770116321000000048
4393843800	-0.0587385268999999974	0.0825465709000000047
4393863800	-0.0592430759999999987	0.0803826725999999964
4393883800	-0.0549785253999999987	0.0801790708000000019
4393903800	-0.0561015523999999974	0.0806936964999999951
4393923800	-0.054092310099999999	0.0804374551999999937
4393943800	-0.0534003486000000013	0.0785403950999999934
4393963800	-0.052391235199999997	0.0769615532999999991
4393983800	-0.0558546132000000001	0.0834737544000000026
4394003800	-0.0558137215000000034	0.0845290996999999988
4394023800	-0.0488022500999999997	0.0836888206000000051
4394043800	-0.0504473220000000028	0.0833798407999999935
4394063800	-0.0497330158999999966	0.0831497253999999991
4394083800	-0.0512207419999999997	0.0844077941000000026
4394103800	-0.0508942953000000031	0.0838811505000000013
4394123800	-0.0544235746999999978	0.0848092891999999987
4394143800	-0.0491149258000000005	0.0850833165000000058
4394163800	-0.0507760143999999997	0.0841193048000000027
4394183800	-0.0494187811000000032	0.0853834811999999999
4394203800	-0.0509804402999999989	0.0794963201000000036
4394223800	-0.0482597566000000019	0.0864119643999999992
4394243800	-0.046048336799999999	0.0855465834999999952
4394263800	-0.0510366328000000022	0.0859662151000000069
4394283800	-0.0467772194000000002	0.0829711741999999974
4394303800	-0.0468546654000000021	0.087137362600000004
4394323800	-0.0456120308000000016	0.0822134226999999967
4394343800	-0.0451987588000000023	0.0889208476999999997
4394363800	-0.0448753106999999971	0.0843455226999999946
4394383800	-0.0438808908999999969	0.0844615999999999978
4394403800	-0.0452646487	0.0888743211000000005
4394423800	-0.0457389293000000016	0.087080072999999994
4394443800	-0.0428166842000000034	0.0852553889000000065
4394463800	-0.0448891652999999988	0.085555014400000004
4394483800	-0.0411788792999999986	0.0864039397999999959
4394503800	-0.042446298200000003	0.091340592499999998
4394523800	-0.0382319017000000011	0.0916953585000000043
4394543800	-0.0401346900000000006	0.0904301673999999972
4394563800	-0.0401651750999999987	0.0900519793000000013
4394583800	-0.0410410452000000009	0.0922942248000000048
4394603800	-0.0378400071999999976	0.0912129832000000002
4394623800	-0.0385602499999999973	0.0869150902000000031
4394643800	-0.0392084638999999971	0.0867291706000000023
4394663800	-0.0349159476999999982	0.0902445486999999963
4394683800	-0.036648906299999999	0.0919833179999999945
4394703800	-0.0336652585999999976	0.0911948674999999986
4394723800	-0.037124607900000002	0.0902992831000000024
4394743800	-0.0339979059	0.0938527405000000037
4394763800	-0.0354704600000000023	0.0914705244000000028
4394783800	-0.0330444841000000003	0.0941041430000000012
4394803800	-0.0317808291999999992	0.0930442813999999979
4394823800	-0.0301286329999999984	0.0956625316999999975
4394843800	-0.032027213899999997	0.093660291100000001
4394863800	-0.0296455254999999987	0.0984622368000000053
4394883800	-0.0299877944	0.0910292255999999994
4394903800	-0.0291610666999999983	0.0900565375000000057
4394923800	-0.0277257378000000006	0.0910083170000000052
4394943800	-0.0270333958999999999	0.094003086099999994
4394963800	-0.0291848769000000001	0.0928749611999999947
4394983800	-0.0273653799000000003	0.0941734899999999986
4395003800	-0.0264349499999999987	0.0940244583000000023
4395023800	-0.0212639321000000006	0.096179125800000001
4395043800	-0.0232066993000000013	0.0942958653999999979
4395063800	-0.0204366895999999985	0.0920568130000000012
4395083800	-0.0229790215999999999	0.0950670277000000008
4395103800	-0.0190783149999999985	0.0949610669000000018
4395123800	-0.0186541050999999986	0.0932558371999999969
4395143800	-0.0196737703000000007	0.0977290511000000056
4395163800	-0.0194160661000000005	0.0950314966999999955
4395183800	-0.0178306872000000005	0.0974336239999999965
4395203800	-0.0156959787000000017	0.0971544788999999936
4395223800	-0.0145035613000000004	0.0955474471999999964
4395243800	-0.0121978183999999993	0.0956952420999999942
4395263800	-0.0120816071000000008	0.0955598165999999999
4395283800	-0.00999610109999999989	0.0944545596000000015
4395303800	-0.0111937983000000001	0.0945570738999999966
4395323800	-0.0109557786000000004	0.0954855881000000045
4395343800	-0.00818947390000000081	0.0958733430999999942
4395363800	-0.00896648610000000054	0.0925493394999999941
4395383800	-0.00754507479999999998	0.0960741757000000002
4395403800	-0.00976475329999999982	0.095023611600000002
4395423800	-0.00809205189999999928	0.0937868364000000038
4395443800	-0.0017663237	0.0946561791999999957
4395463800	-0.00149959919999999997	0.0926076841000000039
4395483800	-0.00250753729999999989	0.092790859200000006
4395503800	-0.000216113000000000009	0.0923217439000000029
4395523800	0.0032962950999999999	0.0939560559000000017
4395543800	0.00350461140000000006	0.0908883075000000012
4395563800	0.00760452760000000002	0.0849550082999999956
4395583800	0.00785624669999999969	0.0873040885000000016
4395603800	0.0106975817999999997	0.0846890582999999947
4395623800	0.0134545750999999995	0.0814194881000000065
4395643800	0.0161249933000000012	0.0799605349999999993
4395663800	0.0165937375999999984	0.0753451841000000039
4395683800	0.0181573681999999993	0.0685720518000000057
4395703800	0.0222629436999999993	0.0666556563000000046
4395723800	0.0166263624000000006	0.0597289091999999994
4395743800	0.0200098899000000011	0.0569277991999999969
4395763800	0.0157452330000000008	0.0490984168000000026
4395783800	0.00636506319999999987	0.0411395570000000002
4395803800	0.00609850319999999998	0.0406897084999999978
4395823800	-0.00768396970000000037	0.0332595082000000028
4395843800	-0.0159811569000000014	0.0364491865000000012
4395863800	-0.0168690763000000007	0.0375715827000000016
4395883800	-0.0271186004000000015	0.0431080679999999994
4395903800	-0.034189548799999997	0.0533066243000000009
4395923800	-0.0345804601000000017	0.0538949786999999986
4395943800	-0.0380744775999999965	0.0597314935000000033
4395963800	-0.0400616849999999997	0.0666975521000000016
4395983800	-0.037141397399999998	0.0717919687000000001
4396003800	-0.035671589699999999	0.0709022240999999942
4396023800	-0.0339578583999999989	0.0768528069000000008
4396043800	-0.0363476057000000005	0.0768646593999999933
4396063800	-0.0310928949999999989	0.0795321643999999939
4396083800	-0.0324274144	0.0796779372000000069
4396103800	-0.0304967454999999985	0.0829843143000000005
4396123800	-0.0296981730999999992	0.0853962417999999945
4396143800	-0.0243967816000000004	0.0873065251000000042
4396163800	-0.0277715826999999985	0.0841887216000000022
4396183800	-0.0267869384999999995	0.0884709926000000063
4396203800	-0.0277878314999999987	0.0935511953000000007
4396223800	-0.0239046319000000007	0.0896869747999999994
4396243800	-0.0222104795999999993	0.0893625908000000024
4396263800	-0.023576238900000001	0.0910866946000000038
4396283800	-0.0201332154999999992	0.0937334910999999965
4396303800	-0.0189638451000000013	0.0886305072999999943
4396323800	-0.0177680895999999984	0.0941917183000000047
4396343800	-0.0166862342000000004	0.0954224310999999964
4396363800	-0.0186485210999999991	0.0974060380999999947
4396383800	-0.0169423226000000003	0.0930179039999999985
4396403800	-0.0160235947999999989	0.0931456427000000031
4396423800	-0.0137444318999999995	0.0937192619000000032
4396443800	-0.00903512230000000013	0.0960647512000000064
4396463800	-0.0130646254999999996	0.0928614252999999945
4396483800	-0.00966312079999999927	0.0927837034000000005
4396503800	-0.0108229041000000008	0.0965227874000000041
4396523800	-0.00798169100000000083	0.0908411419999999997
4396543800	-0.00980997739999999938	0.0954622611999999954
4396563800	-0.00741096379999999985	0.0971466324999999964
4396583800	-0.00819900439999999946	0.0991925315000000002
4396603800	-0.00689336579999999966	0.0944734044999999967
4396623800	-0.00141502220000000001	0.0967303860000000015
4396643800	-0.00272246840000000016	0.098058007399999994
4396663800	-0.00352879329999999979	0.093064906899999994
4396683800	-0.00723252899999999969	0.0969544081999999946
4396703800	-0.00518112499999999997	0.0985397707999999956
4396723800	-0.00222170270000000012	0.0999829812999999956
4396743800	-0.0041092469000000003	0.0960513773000000043
4396763800	-0.000618450199999999949	0.0943553290000000017
4396783800	-0.0023120383999999999	0.098633050599999994
4396803800	0.00275595280000000015	0.0940734767000000055
4396823800	-0.000855330099999999992	0.096146965900000006
4396843800	0.000479556199999999974	0.0956636686999999958
4396863800	0.000551217899999999986	0.0972972973000000019
4396883800	0.00337953060000000015	0.0977730567999999939
4396903800	0.00348321359999999997	0.101713702399999995
4396923800	0.0069674057000000001	0.0953204653000000041
4396943800	0.00482030290000000014	0.0973058507000000017
4396963800	0.00536347879999999992	0.0965714302999999968
4396983800	0.00565642599999999999	0.096401846200000002
4397003800	0.0052466717999999999	0.0986485735999999974
4397023800	0.00454540270000000027	0.0955748275999999952
4397043800	0.00510518369999999992	0.0992687354999999966
4397063800	0.00601249900000000014	0.0976526127999999966
4397083800	0.0134909873999999996	0.0948790858999999931
4397103800	0.00921493580000000076	0.0993880879999999994
4397123800	0.0101488085999999998	0.101676535799999995
4397143800	0.0127118422000000002	0.0998892328000000052
4397163800	0.0113959812000000004	0.0979730879000000054
4397183800	0.0127318511999999998	0.100128014099999996
4397203800	0.0108521411000000005	0.0984267961999999996
4397223800	0.0100162076000000003	0.0927601418999999955
4397243800	0.0136932658999999995	0.0938453694000000033
4397263800	0.0139282264999999999	0.0962459061999999949
4397283800	0.0156520058000000004	0.0997969142999999975
4397303800	0.0142503412000000006	0.0948674159999999961
4397323800	0.0145494583	0.0939813251999999932
4397343800	0.0171510685999999996	0.0958501504999999948
4397363800	0.0189847424000000008	0.0990013468000000008
4397383800	0.0197495021	0.0970050134000000064
4397403800	0.0187026970999999986	0.0927824497000000054
4397423800	0.0172619430999999997	0.0944297095000000003
4397443800	0.0151354968000000003	0.0970729050999999954
4397463800	0.0202272348999999983	0.0967535404999999987
4397483800	0.0182273231000000015	0.0992686868000000056
4397503800	0.0207529535999999987	0.0935793922
4397523800	0.0190897590000000013	0.0935710359999999963
4397543800	0.0233624706999999987	0.0969716582999999993
4397563800	0.0213293088999999998	0.0946510841999999991
4397583800	0.0243176394000000004	0.0947254398999999997
4397603800	0.0213034822000000013	0.0959289271999999998
4397623800	0.0262580723999999988	0.0931691419999999965
4397643800	0.0254524630000000016	0.0958469183999999946
4397663800	0.0258214730999999989	0.0932470234000000037
4397683800	0.0268223671000000011	0.0967355010000000015
4397703800	0.0265816304000000003	0.0938489678999999966
4397723800	0.0273276842999999985	0.0932701378999999942
4397743800	0.0293353325999999998	0.0938110067999999991
4397763800	0.0253099694	0.0964149509999999987
4397783800	0.0355546001	0.0937590182000000022
4397803800	0.028917279399999999	0.0923865457999999973
4397823800	0.0294689149000000004	0.094160522999999996
4397843800	0.0304126829000000015	0.0980528935999999962
4397863800	0.0282360982000000003	0.0951216450000000047
4397883800	0.0315406151999999967	0.091243518400000001
4397903800	0.0298298965000000013	0.0939690589999999937
4397923800	0.0355040889000000012	0.0936369469000000038
4397943800	0.034050145599999998	0.0918108029999999964
4397963800	0.0342927825000000006	0.0927812860000000045
4397983800	0.0331450240000000021	0.0912349887999999998
4398003800	0.0328050146000000015	0.0902046237000000001
4398023800	0.0295289349000000013	0.0916963191000000066
4398043800	0.0359785092000000015	0.0912769855000000047
4398063800	0.0357068481000000007	0.089621992999999997
4398083800	0.0362478627000000012	0.0894989104000000063
4398103800	0.0371895492999999994	0.0877767636999999962
4398123800	0.0366881202000000003	0.0926928961999999995
4398143800	0.040216136700000002	0.0936342658999999994
4398163800	0.0408203861000000015	0.0908875816000000031
4398183800	0.0359230815000000023	0.0883871725999999941
4398203800	0.0387818998999999998	0.0876752870000000045
4398223800	0.0390246042000000001	0.0918509876000000031
4398243800	0.0380770866999999985	0.0900782145000000034
4398263800	0.0413501580999999993	0.0891927975999999983
4398283800	0.0419216124999999967	0.0873378271999999956
4398303800	0.0394196575999999979	0.0878362951000000031
4398323800	0.0431234528000000034	0.0878795992999999998
4398343800	0.0408642753999999969	0.0896761819999999932
4398363800	0.0415823800000000021	0.0896640966000000067
4398383800	0.0417239635000000025	0.0902916458999999949
4398403800	0.0425297171000000029	0.0860940615999999936
4398423800	0.0453446450000000029	0.0878071822000000002
4398443800	0.0417626165000000021	0.0862449800999999933
4398463800	0.0442643356999999973	0.0832753945999999967
4398483800	0.046503491000000001	0.0863482007000000024
4398503800	0.0466222613000000022	0.0872086757999999962
4398523800	0.0480544489999999991	0.0870884408999999943
4398543800	0.0499554188999999996	0.0875932216000000069
4398563800	0.046369539199999997	0.0833659129999999998
4398583800	0.0467582777999999977	0.0863689131999999943
4398603800	0.0512406046999999976	0.0832635587999999982
4398623800	0.0458096678000000021	0.0826128245000000011
4398643800	0.0498086582000000014	0.086237082100000001
4398663800	0.046105515100000001	0.0855195133000000024
4398683800	0.0532445183000000016	0.0848085808999999996
4398703800	0.0514643866000000019	0.0858374801999999965
4398723800	0.0480636286999999995	0.0859778476999999985
4398743800	0.0504067583	0.084847392100000002
4398763800	0.0521603865000000028	0.0816308505000000045
4398783800	0.0524165584000000004	0.0784309130999999993
4398803800	0.0529674378000000029	0.0822478031000000026
4398823800	0.0556808458000000034	0.0854037049999999964
4398843800	0.0542884974000000034	0.0833974219000000044
4398863800	0.0534624250000000009	0.0819593767999999973
4398883800	0.0534793383999999997	0.0771291340999999964
4398903800	0.0531983363999999972	0.0804685192000000049
4398923800	0.0538428857999999969	0.0830306289999999947
4398943800	0.0583311053999999996	0.0785164428000000025
4398963800	0.0573498252999999972	0.0823948901000000067
4398983800	0.0526768059999999996	0.0759892201999999989
4399003800	0.0567331236999999988	0.0792847064000000018
4399023800	0.0604487370000000024	0.0783278161000000028
4399043800	0.0547997336999999987	0.0780568254999999961
4399063800	0.0613547940999999986	0.0795552333
4399083800	0.0614285113000000021	0.079157303200000001
4399103800	0.0591547217000000028	0.0758575499000000014
4399123800	0.0593967185000000009	0.0794971225999999975
4399143800	0.0597666537999999997	0.0749296388000000035
4399163800	0.0600972780999999984	0.0736531834000000024
4399183800	0.0563792539999999967	0.0758898177999999951
4399203800	0.0569148735999999988	0.0784736810000000035
4399223800	0.0634527279999999999	0.0745199151999999948
4399243800	0.0613132269999999979	0.076525682400000003
4399263800	0.0609757844999999979	0.0755968526000000002
4399283800	0.0616854691000000011	0.074039164399999996
4399303800	0.0657307449999999932	0.0724146236999999998
4399323800	0.0647324135000000023	0.0780625154999999987
4399343800	0.0646078680999999932	0.0762857140999999989
4399363800	0.0636254158000000014	0.072864229399999994
4399383800	0.0624413483999999991	0.0736868338000000039
4399403800	0.0647233774999999983	0.0735317402000000009
4399423800	0.0631128383000000015	0.0689081222000000049
4399443800	0.0659558271000000029	0.0723843594999999951
4399463800	0.0655325793000000045	0.0741468450999999973
4399483800	0.0698601407999999979	0.0711785739000000001
4399503800	0.0716836450999999986	0.0727130297000000009
4399523800	0.0657548124000000012	0.074323959600000003
4399543800	0.0623360552999999984	0.066976920199999998
4399563800	0.0717850453000000027	0.0730668636999999982
4399583800	0.0711568774999999931	0.0700028808000000002
4399603800	0.0683226818000000069	0.0713072901999999981
4399623800	0.0692634211	0.0682989670999999965
4399643800	0.0671694164999999954	0.0704412402999999993
4399663800	0.0695186611000000038	0.070699153400000006
4399683800	0.0719967452000000036	0.0682782400000000039
4399703800	0.0717119420000000007	0.0687419789000000003
4399723800	0.0752942063999999939	0.0684758938000000067
4399743800	0.0709378553999999995	0.0670815689999999937
4399763800	0.0699777456999999964	0.0693228121000000058
4399783800	0.073152136399999998	0.0668599114999999938
4399803800	0.0725281153000000012	0.0668397287000000034
4399823800	0.0700377284999999933	0.0659767482999999988
4399843800	0.0702421324000000041	0.0623046179999999991
4399863800	0.0707222599999999951	0.0642693867999999946
4399883800	0.069025516300000006	0.0626785240999999937
4399903800	0.0752689854999999963	0.0626786191999999936
4399923800	0.072425995300000004	0.0627007182000000052
4399943800	0.0771573007000000005	0.0625166516000000005
4399963800	0.0699652731999999972	0.0605148334000000024
4399983800	0.0749006772999999959	0.0606592929000000017
4400003800	0.0778643383999999966	0.0603450215999999998
4400023800	0.0775018982000000023	0.0680369366999999947
4400043800	0.0772825206999999959	0.0626926899999999954
4400063800	0.0783754819999999963	0.0605916245999999978
4400083800	0.0787180234999999978	0.0611347986999999995
4400103800	0.0796553026000000053	0.0594441520000000001
4400123800	0.0800329590999999951	0.0603413509000000001
4400143800	0.0748270872999999975	0.0568301230000000032
4400163800	0.0791226795000000011	0.0592428134999999981
4400183800	0.0784071872000000059	0.0576190668000000003
4400203800	0.078388857199999995	0.0565572358000000011
4400223800	0.0801567323999999998	0.0580483041999999977
4400243800	0.0808524208999999994	0.053528175499999997
4400263800	0.0793215902	0.0568594077000000031
4400283800	0.078761950499999997	0.0590085585999999968
4400303800	0.0781092627000000012	0.0536855445000000014
4400323800	0.0842277245999999979	0.0588262946000000023
4400343800	0.0808478586000000027	0.0588124667000000032
4400363800	0.0846200624000000012	0.0568223574000000023
4400383800	0.0819311276999999949	0.0581103908000000016
4400403800	0.0804210545999999998	0.0542020952000000014
4400423800	0.0801673277999999934	0.0541597029999999965
4400443800	0.082069791000000003	0.0541820054999999981
4400463800	0.0813030081000000043	0.0525585672999999975
4400483800	0.0806653568000000043	0.0500393031000000016
4400503800	0.0807776179999999955	0.0514201053999999991
4400523800	0.0841089654999999936	0.0513777521000000001
4400543800	0.0847522626000000029	0.0508794799000000034
4400563800	0.0819300721999999954	0.0495597785999999998
4400583800	0.0821443783000000011	0.0498116761000000005
4400603800	0.0846231179999999972	0.0503152852999999983
4400623800	0.0830734327999999994	0.0499253373999999986
4400643800	0.0865710534999999948	0.0469120983999999977
4400663800	0.0808875522000000041	0.0478317117000000014
4400683800	0.0829049387999999943	0.0491609035999999999
4400703800	0.0854776017999999971	0.0515846753000000005
4400723800	0.0876542240000000028	0.0471925499999999998
4400743800	0.0853021870000000015	0.0443845340000000033
4400763800	0.0878950686000000009	0.0475461968000000026
4400783800	0.085213564399999997	0.0460641446999999968
4400803800	0.0846983245999999995	0.0456410294999999994
4400823800	0.0860759782999999945	0.0461723957000000004
4400843800	0.0852245560000000069	0.0472449138999999976
4400863800	0.0906349282000000062	0.0454045338000000007
4400883800	0.0881702116000000063	0.0432487909000000004
4400903800	0.0884685221999999966	0.0463341140000000026
4400923800	0.0895324846000000035	0.0436308285999999976
4400943800	0.0899316653000000049	0.0424360011000000023
4400963800	0.0889767939000000035	0.040042649399999998
4400983800	0.0917088318999999957	0.0427262679000000034
4401003800	0.0867104707999999946	0.0396673833999999989
4401023800	0.088913016999999997	0.0403583183000000012
4401043800	0.0882952411999999992	0.0428317501999999975
4401063800	0.0906396076999999994	0.0410603120000000016
4401083800	0.090904289799999996	0.0393241303999999972
4401103800	0.091340646999999997	0.0370989806999999991
4401123800	0.0905372227999999973	0.0354343105999999977
4401143800	0.0904633135000000033	0.0368931789999999982
4401163800	0.0901847577000000067	0.0330207539999999994
4401183800	0.0896515333000000025	0.0354562787999999976
4401203800	0.0907402796999999955	0.0336770829999999965
4401223800	0.0918157844000000029	0.0363386767000000027
4401243800	0.0886902232999999957	0.0354858440000000025
4401263800	0.0919748566000000017	0.0339238774999999979
4401283800	0.0938279068999999938	0.0355022795999999988
4401303800	0.0955881707000000025	0.0369531359000000031
4401323800	0.095234983499999995	0.035165787599999998
4401343800	0.0921470962999999949	0.0322156975000000012
4401363800	0.0925437233999999997	0.0333152734999999992
4401383800	0.0923194767999999943	0.0316637019000000006
4401403800	0.0937112947999999973	0.0335085466000000012
4401423800	0.0931976894000000056	0.0302463731999999992
4401443800	0.094111281000000005	0.0312910216999999977
4401463800	0.0920304190000000022	0.0314159057999999977
4401483800	0.0926104291999999968	0.032496188500000002
4401503800	0.0961601532999999953	0.0302852119999999989
4401523800	0.0926267947000000008	0.0286719960999999995
4401543800	0.0926171664000000061	0.0307739463000000005
4401563800	0.0948073591000000021	0.0268992847000000014
4401583800	0.0935555938000000031	0.0268692578000000008
4401603800	0.0916909667000000012	0.0246822382999999992
4401623800	0.0960654568999999986	0.0228482232
4401643800	0.0924218487000000033	0.0220579057999999995
4401663800	0.0946587400999999995	0.0265829063999999983
4401683800	0.0948344254000000053	0.0245963231000000011
4401703800	0.0920565289999999981	0.0214896832999999995
4401723800	0.0933655342999999971	0.0217209177000000017
4401743800	0.0946678600000000064	0.0238331090999999995
4401763800	0.0946083409000000042	0.0206756165000000006
4401783800	0.0936618436000000026	0.0200769795000000015
4401803800	0.0947186433999999966	0.0193084606999999985
4401823800	0.0968433540000000065	0.0201518141999999997
4401843800	0.0963141208999999943	0.0190512067
4401863800	0.0958115432999999961	0.018559743699999999
4401883800	0.0936940096000000028	0.019518602999999999
4401903800	0.095745630799999995	0.0184685175
4401923800	0.0954976203000000023	0.0196919891000000014
4401943800	0.0984586340000000032	0.0190073686999999991
4401963800	0.0967852242000000057	0.0201996317999999994
4401983800	0.0945508297000000053	0.0153660389999999997
4402003800	0.0994287346999999933	0.0153697668000000003
4402023800	0.0968508986999999932	0.0164498346000000011
4402043800	0.0939615661000000046	0.0128190966999999992
4402063800	0.0965670301000000064	0.0134221202000000001
4402083800	0.0967342917000000024	0.0146729636
4402103800	0.0964149133000000019	0.0143441248999999996
4402123800	0.097087088299999999	0.0150781041999999994
4402143800	0.0937567286000000055	0.0155159089
4402163800	0.100968594100000003	0.00999602869999999949
4402183800	0.0990009230000000046	0.0118800542000000002
4402203800	0.100199224399999995	0.00949055480000000028
4402223800	0.0968715522999999967	0.0111491900999999994
4402243800	0.0985270765999999992	0.00990719630000000059
4402263800	0.102259430900000003	0.0121861120000000007
4402283800	0.100123897000000003	0.00910014649999999967
4402303800	0.0988181823999999959	0.00977738499999999955
4402323800	0.0986864937999999969	0.00731051600000000041
4402343800	0.0970158274000000043	0.00760081819999999971
4402363800	0.0992590386999999963	0.00534887090000000023
4402383800	0.0995003884999999949	0.0122981462000000003
4402403800	0.0969150071000000057	0.00985674559999999943
4402423800	0.100250427700000005	0.00379135659999999984
4402443800	0.0972680888999999937	0.00810437619999999914
4402463800	0.0977181733000000025	0.00557098440000000032
4402483800	0.0973541524999999991	0.00705340629999999958
4402503800	0.0978829298000000042	0.00303167980000000007
4402523800	0.101171795999999994	0.00119446219999999994
4402543800	0.0957897823000000009	-0.00076800499999999999
4402563800	0.100140895899999999	0.00383834810000000014
4402583800	0.0992178048999999979	0.00209008200000000005
4402603800	0.0989069471999999977	0.00242483240000000017
4402623800	0.0987317035999999981	-0.00227782759999999983
4402643800	0.0990917770000000059	0.00424580379999999966
4402663800	0.0992617632000000055	-0.00121138650000000001
4402683800	0.0995268740000000013	-0.00433640299999999996
4402703800	0.101813435399999999	0.00115888220000000004
4402723800	0.0993030923000000065	-0.00165236989999999998
4402743800	0.0969957245999999995	-0.00380845939999999985
4402763800	0.0973359275000000024	-0.0032216845
4402783800	0.1011849524	-0.00353470729999999988
4402803800	0.095851281999999996	-0.00197409759999999995
4402823800	0.100222354700000002	-0.0036859359999999999
4402843800	0.0985788226999999989	-0.00627080999999999993
4402863800	0.0983055986999999964	-0.00409215210000000041
4402883800	0.100332828400000004	-0.00527413610000000005
4402903800	0.0961888793999999964	-0.00597254650000000019
4402923800	0.0994061323000000052	-0.00882576610000000011
4402943800	0.0974306521999999953	-0.00414792760000000024
4402963800	0.0982368913000000038	-0.00646387379999999959
4402983800	0.0961527610999999977	-0.00561655680000000025
4403003800	0.0999776373000000051	-0.00678145400000000013
4403023800	0.0960620902999999998	-0.00661614099999999986
4403043800	0.0985034411000000054	-0.0116065109000000003
4403063800	0.0951899531000000021	-0.00791838119999999958
4403083800	0.0955102302000000042	-0.00751909029999999964
4403103800	0.1005234718	-0.00696228449999999974
4403123800	0.0965051412999999997	-0.0118757316999999994
4403143800	0.0971517372000000046	-0.0159369185999999989
4403163800	0.0939688862999999985	-0.00710425910000000039
4403183800	0.0975601984000000061	-0.0107009419000000001
4403203800	0.0953575240999999935	-0.0126756452999999998
4403223800	0.0953848394000000044	-0.0144781551000000008
4403243800	0.0974815126999999948	-0.0123483596000000008
4403263800	0.0965609973000000066	-0.0163048312000000015
4403283800	0.0943292762000000062	-0.0165003786000000006
4403303800	0.0959370192000000011	-0.0170509870000000001
4403323800	0.0971422002000000007	-0.0186188761000000008
4403343800	0.0961125495999999996	-0.0148231309000000002
4403363800	0.0953349200999999979	-0.0168194753000000009
4403383800	0.0951638003999999982	-0.0173888960999999988
4403403800	0.0949955900000000047	-0.0187433993999999993
4403423800	0.0939101108999999962	-0.0163923860999999997
4403443800	0.0997197501000000042	-0.0186983003000000016
4403463800	0.0963380067000000062	-0.0216371129999999995
4403483800	0.0984169064999999982	-0.0202411527000000008
4403503800	0.0936324837999999993	-0.0194634397999999993
4403523800	0.092325957799999997	-0.0201576195999999992
4403543800	0.0977288285999999978	-0.0207555931999999985
4403563800	0.0941729632000000011	-0.0216150587999999998
4403583800	0.095440978100000004	-0.0220945037000000004
4403603800	0.0969545084999999945	-0.0226917664000000005
4403623800	0.0953542181999999933	-0.0235157538999999985
4403643800	0.0938728654999999995	-0.0278904872999999991
4403663800	0.0920986059999999995	-0.0253722774999999984
4403683800	0.0933659953000000042	-0.0245348591999999983
4403703800	0.0969005609000000018	-0.0262829839999999988
4403723800	0.0955029560999999944	-0.0270016107000000012
4403743800	0.0982876901999999997	-0.0254943034000000013
4403763800	0.0928154793000000033	-0.0272126705999999989
4403783800	0.0958951365000000056	-0.0267949520000000004
4403803800	0.0956351596000000054	-0.0260865872999999984
4403823800	0.0923507883999999946	-0.0284553819
4403843800	0.0922793952999999972	-0.0289119390999999989
4403863800	0.0906308484999999997	-0.0259139882000000016
4403883800	0.0979372376999999988	-0.030786756299999999
4403903800	0.0913345898000000045	-0.0312527184999999985
4403923800	0.0911254824999999935	-0.0307071975999999996
4403943800	0.0922406451999999988	-0.0298987180000000012
4403963800	0.0937007002000000006	-0.029205090999999999
4403983800	0.0915926296000000029	-0.0329766519000000008
4404003800	0.0925968795000000067	-0.0340883832000000025
4404023800	0.0941476133999999965	-0.0331377329000000012
4404043800	0.0925723266999999989	-0.0358126180999999988
4404063800	0.0960969348000000056	-0.0368118772999999969
4404083800	0.0926914580999999987	-0.0338286326999999998
4404103800	0.0911811448000000024	-0.0377183655000000034
4404123800	0.091085619399999998	-0.0322143464000000032
4404143800	0.0882411312000000031	-0.0299084020999999985
4404163800	0.0929679434999999971	-0.0382451943000000003
4404183800	0.0908670750000000055	-0.0368406495999999972
4404203800	0.0898041568000000068	-0.0337393085000000023
4404223800	0.0907174558999999936	-0.0379465278999999989
4404243800	0.0927710149999999983	-0.0337896327999999968
4404263800	0.0861616322000000046	-0.0401362022999999998
4404283800	0.0883232993999999993	-0.0396913976999999987
4404303800	0.0875493313999999995	-0.0401727869000000001
4404323800	0.0890545974000000046	-0.0364835238000000006
4404343800	0.0904943396999999955	-0.0381065017000000034
4404363800	0.0872135611999999977	-0.044543401500000003
4404383800	0.0881496588999999969	-0.0419647632999999992
4404403800	0.0888272893000000008	-0.0395486453999999987
4404423800	0.087700648000000006	-0.0463838915999999976
4404443800	0.0860862530000000015	-0.0420325938999999982
4404463800	0.0889432896999999972	-0.0481399334000000012
4404483800	0.0893874474000000002	-0.0463271010999999969
4404503800	0.085045138199999995	-0.0429963379000000007
4404523800	0.0899375753000000028	-0.0483943734999999972
4404543800	0.0854193765000000049	-0.0456151408000000022
4404563800	0.0852904849999999992	-0.0450283366999999976
4404583800	0.0883301395000000017	-0.0460711322000000034
4404603800	0.0859618377999999961	-0.0472576790999999982
4404623800	0.0879040898999999959	-0.0440729953000000008
4404643800	0.0867228654999999959	-0.0470739072000000008
4404663800	0.0833765018000000024	-0.0491414712000000017
4404683800	0.0859570867000000044	-0.0505114175000000026
4404703800	0.0841582290000000011	-0.0488876843999999991
4404723800	0.0866218953999999958	-0.0482190778999999972
4404743800	0.082727079300000006	-0.0487648500999999998
4404763800	0.0825576125000000022	-0.0495608517999999998
4404783800	0.083672429399999998	-0.0529654322000000025
4404803800	0.0817734992999999966	-0.0489926699000000007
4404823800	0.0808458355999999989	-0.0496586202000000032
4404843800	0.0812569806000000006	-0.0540138594999999971
4404863800	0.0826114285000000004	-0.0507227524000000013
4404883800	0.0814439036000000061	-0.0529981512999999974
4404903800	0.0856033556000000001	-0.0525737777999999989
4404923800	0.0852097069999999956	-0.0499792261999999973
4404943800	0.0808347987000000018	-0.0524772354000000024
4404963800	0.0817163273999999967	-0.0539660112999999983
4404983800	0.0810870573999999955	-0.0545177692999999977
4405003800	0.077768912699999998	-0.0535670883000000028
4405023800	0.0808080545999999983	-0.0546447177999999992
4405043800	0.0794251366000000014	-0.0581000003999999973
4405063800	0.0794716731999999954	-0.0572963027999999971
4405083800	0.0808831836999999998	-0.0506335148000000013
4405103800	0.0771854005999999954	-0.058028811700000002
4405123800	0.0806627258000000014	-0.0574523529000000033
4405143800	0.0799446040000000024	-0.0574765851999999994
4405163800	0.0783249988000000036	-0.0596915532999999984
4405183800	0.0813785338999999941	-0.0587701866000000031
4405203800	0.0754740428000000019	-0.0588889630999999969
4405223800	0.0792931125999999931	-0.0573455603000000008
4405243800	0.0726749716999999934	-0.0625549234999999981
4405263800	0.0813593452000000023	-0.0621206516
4405283800	0.0757089098000000016	-0.059168793499999997
4405303800	0.0781363868999999933	-0.0605154614999999993
4405323800	0.0745942718000000005	-0.0615237548999999981
4405343800	0.0780819861999999948	-0.0607575403000000028
4405363800	0.0750404159999999987	-0.0602343903999999972
4405383800	0.0753250193999999984	-0.059075802400000002
4405403800	0.0751496806999999989	-0.0624337350999999985
4405423800	0.0766848794999999972	-0.0626072542999999981
4405443800	0.0765823348999999931	-0.0638505312999999991
4405463800	0.0739240627999999955	-0.0646326893000000041
4405483800	0.0768252175000000009	-0.0631482146000000022
4405503800	0.0765226276000000039	-0.0603780254000000002
4405523800	0.0738847027999999934	-0.0620706171000000029
4405543800	0.0714246335999999954	-0.0658415599999999934
4405563800	0.0706310452000000061	-0.0686243752999999984
4405583800	0.0714367416000000061	-0.0643392787999999965
4405603800	0.0703340340000000036	-0.0685831372999999994
4405623800	0.0713169116000000047	-0.0682384055999999961
4405643800	0.0729886716999999935	-0.0673858927000000052
4405663800	0.065399738900000004	-0.0664969774999999985
4405683800	0.0720620789000000067	-0.0671988319000000056
4405703800	0.070143316799999994	-0.0679432427999999977
4405723800	0.0718238211999999987	-0.0691488600000000064
4405743800	0.069705916100000001	-0.0689417085000000041
4405763800	0.0716496957000000018	-0.0682056459999999948
4405783800	0.0713754983000000065	-0.071482737399999996
4405803800	0.0698904332000000045	-0.0691290573000000047
