# freq, I e Q
5808440000	0.0442822132999999979	0.0568241536999999977
5808448000	0.0349905361999999984	0.0558699955999999998
5808456000	0.0434400908999999988	0.0550999709999999976
5808464000	0.0431919849000000008	0.0563608228000000017
5808472000	0.0390967523000000025	0.0564548902999999977
5808480000	0.0419604742000000003	0.0558952367999999977
5808488000	0.0412222516999999969	0.0560058382999999993
5808496000	0.0427353635999999995	0.0552948933000000017
5808504000	0.0396413032999999998	0.0554025694999999985
5808512000	0.0434259031000000031	0.0553508923000000028
5808520000	0.0400819583999999993	0.0553197752999999987
5808528000	0.0443292003000000032	0.0540870350999999999
5808536000	0.0406941971999999971	0.0546615173999999981
5808544000	0.0423972978999999986	0.0578570914999999991
5808552000	0.0447812669999999996	0.0574792169999999991
5808560000	0.0416391067999999989	0.0543741718000000027
5808568000	0.0436081663000000008	0.0537911240000000027
5808576000	0.0420864680000000019	0.0535234358999999993
5808584000	0.0364385113999999982	0.0548710443999999992
5808592000	0.0439044859999999995	0.0541868141000000011
5808600000	0.0413155004999999978	0.0518217184000000011
5808608000	0.0448206724999999986	0.056138065600000002
5808616000	0.0391649929000000008	0.057790171199999997
5808624000	0.0406395168999999987	0.0550291720000000012
5808632000	0.040580823000000002	0.0596727340999999994
5808640000	0.0472474823999999988	0.0534464326999999975
5808648000	0.040406981699999997	0.0538967464000000007
5808656000	0.0491073975999999982	0.0551415280000000022
5808664000	0.044650944900000003	0.0538070200999999984
5808672000	0.0456070635999999974	0.0537644966999999974
5808680000	0.0428288756000000034	0.0535658108000000022
5808688000	0.0449537834000000025	0.0529907178000000034
5808696000	0.0429530684999999968	0.0530202625999999996
5808704000	0.045067698500000003	0.0556841142999999969
5808712000	0.0439881884000000029	0.0542725646999999978
5808720000	0.0452467921999999967	0.0509576689999999971
5808728000	0.0471311818999999993	0.0541322014999999976
5808736000	0.0422026980999999982	0.0539909081999999999
5808744000	0.0433992668000000026	0.0527644057000000027
5808752000	0.0483507022999999994	0.0553746592999999968
5808760000	0.0467568738000000012	0.0536902705999999993
5808768000	0.047572320199999997	0.0529161330999999985
5808776000	0.0446215633	0.0532058336000000021
5808784000	0.0432859458999999974	0.0550428246999999995
5808792000	0.0450114686	0.0519740101000000024
5808800000	0.0468540423999999969	0.0516003905000000027
5808808000	0.046459486799999998	0.0532700039000000014
5808816000	0.0450793245999999981	0.0508655719000000034
5808824000	0.0432015692999999992	0.0557590514999999967
5808832000	0.0467677520999999971	0.0478431866999999983
5808840000	0.0498221588000000021	0.0520007171999999976
5808848000	0.0449071896000000012	0.0503532008999999989
5808856000	0.0479387384	0.0505605785000000016
5808864000	0.0466072209000000029	0.0464431665000000007
5808872000	0.0489690901000000012	0.0548642406000000027
5808880000	0.0468193412000000031	0.0480983858999999986
5808888000	0.0484183928000000013	0.0478076330999999966
5808896000	0.0522353426999999995	0.0515917170999999966
5808904000	0.0502330850999999981	0.0484989899999999988
5808912000	0.0478323116999999978	0.052663333100000001
5808920000	0.0485236634	0.0511919679999999974
5808928000	0.0447010397000000004	0.0505161969999999988
5808936000	0.0472855904000000007	0.0478898140999999972
5808944000	0.0486461996000000022	0.0493657684999999971
5808952000	0.0496502698000000006	0.0535588316999999967
5808960000	0.0476540241999999989	0.0478142579999999984
5808968000	0.0477918245999999977	0.052457150000000001
5808976000	0.0524884482999999971	0.0519071398000000017
5808984000	0.0470379913999999996	0.0485786824000000034
5808992000	0.0523696309999999998	0.0437532949000000032
5809000000	0.0515283313000000007	0.0515483420999999983
5809008000	0.0481549507999999987	0.0535113302999999998
5809016000	0.0499774208999999997	0.0532177684999999984
5809024000	0.0520350877000000031	0.0494800177999999979
5809032000	0.0456722629000000033	0.0480217590999999985
5809040000	0.0486368396000000022	0.0477424135999999985
5809048000	0.0502151184000000014	0.0505658017000000029
5809056000	0.0479656110999999996	0.0503938496999999999
5809064000	0.0456131680000000025	0.0507037679000000019
5809072000	0.0524042494999999997	0.0449082712999999967
5809080000	0.049583051000000003	0.0485421897000000019
5809088000	0.0494347410999999987	0.0497236945999999999
5809096000	0.0477278125000000011	0.0485932157999999989
5809104000	0.0466270193999999971	0.0458443785999999992
5809112000	0.0504244593000000019	0.0502802851000000023
5809120000	0.0476625291000000034	0.0455348165999999999
5809128000	0.0485703608999999981	0.0477850459000000033
5809136000	0.0513931735000000001	0.049244323399999998
5809144000	0.051008888500000002	0.0501637440000000032
5809152000	0.0518226630999999993	0.0491175458000000023
5809160000	0.0500369262999999995	0.049546525299999998
5809168000	0.0527867450999999974	0.0471492042999999972
5809176000	0.0518532254000000012	0.0459599672000000001
5809184000	0.0510931967000000029	0.0468736807999999977
5809192000	0.0506330572999999992	0.0486372238999999984
5809200000	0.0535444457999999998	0.0466915816999999983
5809208000	0.0522632238000000013	0.0490965048000000029
5809216000	0.0519161985000000034	0.0479028203999999971
5809224000	0.0537730395000000014	0.0482886808999999986
5809232000	0.0519895028999999981	0.046806301699999997
5809240000	0.0530027506999999967	0.0427473073999999967
5809248000	0.0520942897999999988	0.0491618866999999973
5809256000	0.0534046011999999987	0.0441757242999999966
5809264000	0.0558607622999999984	0.0472983699999999993
5809272000	0.054644947499999999	0.0491547988999999977
5809280000	0.0549001372999999987	0.0464339061999999997
5809288000	0.0527786344999999976	0.0416972846999999966
5809296000	0.0506850064000000031	0.0494344890999999995
5809304000	0.0534119674999999974	0.0443179496000000034
5809312000	0.0551384228000000032	0.046716912200000002
5809320000	0.053458450099999999	0.0413669965000000028
5809328000	0.0547365646000000025	0.0504429959000000025
5809336000	0.055075336699999998	0.0458980767999999997
5809344000	0.0532441390999999972	0.0438049343000000008
5809352000	0.0551120588000000022	0.0457627322999999975
5809360000	0.0536901980000000015	0.0450071573999999974
5809368000	0.0519602518999999971	0.0480635773000000002
5809376000	0.0542204782999999996	0.0425317800999999995
5809384000	0.056596745599999998	0.0417400502999999978
5809392000	0.0545470273000000019	0.0424383446999999983
5809400000	0.0547701586000000004	0.0415192777000000027
5809408000	0.0545856359999999999	0.0446270918999999988
5809416000	0.0527106342000000019	0.040693194000000002
5809424000	0.0573138717999999991	0.0436985897999999998
5809432000	0.0546840211000000007	0.0447422692999999982
5809440000	0.0574852603000000004	0.0449991307000000007
5809448000	0.0569167936000000013	0.0408470161000000012
5809456000	0.0554966574000000032	0.0418503132000000028
5809464000	0.0540306436999999987	0.0384899660000000005
5809472000	0.0562986830000000021	0.0441365069999999984
5809480000	0.0578734158000000012	0.0428066152000000019
5809488000	0.0533894795000000033	0.0427702670000000007
5809496000	0.0555529415000000013	0.041649941900000001
5809504000	0.055606066400000001	0.0445775945999999992
5809512000	0.0565866412000000027	0.0418007857999999968
5809520000	0.0578875417999999975	0.0420444958999999993
5809528000	0.0568399423000000015	0.040704804800000001
5809536000	0.0566208244999999999	0.0420747129999999997
5809544000	0.0587392820999999982	0.0403334816999999998
5809552000	0.059713902800000003	0.0406174168000000002
5809560000	0.0577694909999999992	0.0395324218000000019
5809568000	0.0558849251000000033	0.0415254467999999974
5809576000	0.0583053153000000005	0.0368802721
5809584000	0.0562587899000000016	0.0406776761999999986
5809592000	0.0585059579999999968	0.0417876822000000023
5809600000	0.0554799753999999992	0.0388910953999999989
5809608000	0.0550385316999999971	0.0411335516999999998
5809616000	0.0605592090000000027	0.0401118951000000029
5809624000	0.0586407720000000007	0.0403700244000000028
5809632000	0.0579931822	0.0417058777999999991
5809640000	0.0584355720999999995	0.0408451227
5809648000	0.0572958141000000018	0.0403371132999999979
5809656000	0.0576713740999999988	0.0411349654000000009
5809664000	0.0568884448000000001	0.0400246910000000011
5809672000	0.0598299420999999984	0.0396895706000000015
5809680000	0.0552654469000000009	0.0425127459999999971
5809688000	0.0539471203999999996	0.0390154348999999998
5809696000	0.0616046087000000006	0.0404149581000000022
5809704000	0.0546104484999999987	0.039327286000000003
5809712000	0.0607224892000000002	0.0365500472999999992
5809720000	0.0610410116000000003	0.0361622491000000018
5809728000	0.0594931854000000024	0.0354495987000000012
5809736000	0.0591134135000000033	0.0357305429000000022
5809744000	0.059897851600000003	0.0413594629999999991
5809752000	0.0631970087999999958	0.0357087282999999991
5809760000	0.0586470768000000031	0.0378055031999999999
5809768000	0.0614484075000000032	0.039024409000000003
5809776000	0.0600303957999999971	0.0378961803999999999
5809784000	0.0595145190000000018	0.0378161492999999974
5809792000	0.0603437158999999973	0.0374283066999999969
5809800000	0.0588430491999999972	0.0348974134000000005
5809808000	0.0579870138000000007	0.0373048538999999971
5809816000	0.0632071921999999981	0.0381227484000000033
5809824000	0.0607470198999999975	0.0365714534999999966
5809832000	0.0615489717000000033	0.0355503378999999994
5809840000	0.0560789408999999989	0.0361760333000000003
5809848000	0.0627148465999999988	0.0365462557000000021
5809856000	0.0608466547999999968	0.0397679831000000011
5809864000	0.0611211127000000007	0.0336309930999999993
5809872000	0.0655737343000000056	0.0349333896000000033
5809880000	0.0637632058000000002	0.0382644191000000022
5809888000	0.0617706121999999982	0.0351444507000000031
5809896000	0.0616831082999999974	0.0328291986999999993
5809904000	0.0649687062999999981	0.031854043999999998
5809912000	0.0677485230999999993	0.0316486352999999984
5809920000	0.059714684300000001	0.033463931199999998
5809928000	0.0594639547000000018	0.0340042248000000033
5809936000	0.0635849792000000025	0.0388738105000000014
5809944000	0.0619119490000000008	0.0383326287999999973
5809952000	0.0630586139999999989	0.029079186600000001
5809960000	0.0608058045999999991	0.0373237090999999979
5809968000	0.0612191321999999982	0.0353762342000000021
5809976000	0.060916472800000003	0.031056893700000001
5809984000	0.0618610626999999969	0.0318615966
5809992000	0.0627688442000000069	0.0319043804000000014
5810000000	0.0594440831999999975	0.0359491206999999965
5810008000	0.0622310873000000014	0.0324736097000000029
5810016000	0.0645700315999999941	0.0331127914000000009
5810024000	0.0618729738000000015	0.0312585250999999967
5810032000	0.064536120200000005	0.0328589223999999971
5810040000	0.0633893331999999948	0.033281564399999998
5810048000	0.0630951604999999971	0.0280083638000000017
5810056000	0.0676709558999999961	0.0297212168999999998
5810064000	0.0617422588999999994	0.0292697098999999995
5810072000	0.0636385467000000066	0.0293009052000000013
5810080000	0.0655893381999999997	0.0302699646999999988
5810088000	0.0652607186999999977	0.0257399783999999986
5810096000	0.0622184000000000001	0.0317028338999999978
5810104000	0.0641581388000000002	0.0317690400999999997
5810112000	0.0650195949000000051	0.0316247261000000002
5810120000	0.0628005813000000052	0.0293341769999999995
5810128000	0.0649636769000000031	0.0300980199999999996
5810136000	0.0657619797000000006	0.0271272426999999983
5810144000	0.0622335055000000012	0.0304549461000000014
5810152000	0.065822882499999999	0.0281201256000000004
5810160000	0.0666418651999999972	0.0295576009999999993
5810168000	0.0657546992000000025	0.0277761525000000016
5810176000	0.0657420333000000023	0.0262230906999999999
5810184000	0.0636049468000000062	0.0275742326999999995
5810192000	0.066304963699999997	0.0269818899000000001
5810200000	0.067139592600000006	0.0243178052999999984
5810208000	0.0643850757999999967	0.0295451213000000011
5810216000	0.0671752320000000014	0.025329405499999999
5810224000	0.0664323889000000001	0.024217212200000001
5810232000	0.0674103043000000013	0.0272268308000000007
5810240000	0.0676010689000000053	0.0282678583000000004
5810248000	0.0680033626000000058	0.0266231221999999983
5810256000	0.0640176082000000063	0.0255352281999999993
5810264000	0.0664373835000000024	0.0278606656000000008
5810272000	0.0669583193999999937	0.0265592789000000003
5810280000	0.0670583411000000018	0.0249756263000000013
5810288000	0.068667536799999998	0.0246591884999999983
5810296000	0.0676434062000000058	0.0266750309999999984
5810304000	0.0668761952000000021	0.0255603600999999986
5810312000	0.067453940300000001	0.0251049541000000001
5810320000	0.0675410907999999949	0.027220576199999999
5810328000	0.0674766012999999942	0.0253470070000000013
5810336000	0.0668843979000000033	0.0272536094
5810344000	0.0663772910000000049	0.0245788368
5810352000	0.0669424024000000034	0.022982359899999999
5810360000	0.0688482187000000051	0.0229793081000000017
5810368000	0.065890805100000005	0.0251408602000000002
5810376000	0.0674104043000000042	0.0239688090000000006
5810384000	0.0700538218999999934	0.0221181494999999999
5810392000	0.0653253000000000028	0.0251943766999999999
5810400000	0.0655784125999999967	0.0239952418000000008
5810408000	0.064885283299999999	0.0260931408999999989
5810416000	0.0632298879000000036	0.0227421439999999989
5810424000	0.0703041300000000063	0.0232813210000000007
5810432000	0.0697305337999999941	0.0214837912000000013
5810440000	0.0692749393000000047	0.0225763575000000015
5810448000	0.0683000381000000018	0.0224797095000000002
5810456000	0.0679674551999999987	0.0211976239000000004
5810464000	0.0685926218000000032	0.0185052251999999993
5810472000	0.0680590987000000008	0.0197204061999999986
5810480000	0.0687728224999999971	0.0195537143000000004
5810488000	0.0675498224999999952	0.0216231435999999985
5810496000	0.0679076247999999966	0.021425867500000001
5810504000	0.0682974882000000061	0.0220704107999999989
5810512000	0.0676544931000000044	0.0215865527999999987
5810520000	0.0705109428999999982	0.0190082428999999997
5810528000	0.0672921427000000016	0.0232754872000000002
5810536000	0.0690405753999999983	0.0212195433999999988
5810544000	0.0686881792999999991	0.0175934921000000001
5810552000	0.0666597084000000034	0.0220937190999999991
5810560000	0.0711318719000000044	0.0180597296000000011
5810568000	0.0678680588000000057	0.0179094969999999999
5810576000	0.0685944725999999977	0.0166837402000000017
5810584000	0.0690319436000000064	0.0184935726999999987
5810592000	0.0730620168999999986	0.0142366222999999997
5810600000	0.0668774795000000033	0.0183968533999999996
5810608000	0.0706927066000000021	0.0175416705999999999
5810616000	0.0692314624999999934	0.0165443325999999995
5810624000	0.0710496666000000054	0.016404109699999999
5810632000	0.0709461351999999962	0.0156683625999999993
5810640000	0.0675511904999999968	0.0149260888000000008
5810648000	0.0702875508999999954	0.0152436968999999992
5810656000	0.070726328000000005	0.0153777997
5810664000	0.0687298130999999951	0.0133681113000000008
5810672000	0.0703142997999999936	0.0131505418999999998
5810680000	0.0701440499999999995	0.0153985582000000006
5810688000	0.0676852294999999993	0.0134169977000000006
5810696000	0.0686995893000000024	0.0171816160000000002
5810704000	0.0718269787999999965	0.00909193500000000064
5810712000	0.0720717005000000022	0.0132762621000000001
5810720000	0.0704684983999999959	0.0135907166000000003
5810728000	0.070652691399999995	0.0104982497000000001
5810736000	0.0697192269999999947	0.0098864789000000005
5810744000	0.070316482099999994	0.00880366970000000075
5810752000	0.0725791593000000013	0.0138276765000000003
5810760000	0.0711801397000000058	0.0113546939000000006
5810768000	0.0682800860000000037	0.0132407710000000001
5810776000	0.0690137088000000037	0.0116906949999999992
5810784000	0.0695992146000000006	0.0104940541000000005
5810792000	0.0755068906000000012	0.00962736749999999926
5810800000	0.0736225868000000006	0.0127086058999999994
5810808000	0.0696577817999999988	0.0119156162999999992
5810816000	0.0711231514000000009	0.0144987278999999993
5810824000	0.0723838957000000061	0.0105437364999999995
5810832000	0.0754419389999999995	0.00887718709999999953
5810840000	0.0731798349999999986	0.00926830439999999992
5810848000	0.0762721524000000012	0.0106508822999999992
5810856000	0.0720162198999999975	0.00617381670000000018
5810864000	0.0711472464999999971	0.00869443100000000073
5810872000	0.0727483126999999979	0.00714825349999999998
5810880000	0.0700702170000000041	0.0105566693999999996
5810888000	0.0729651396000000063	0.00591449109999999962
5810896000	0.0728346873000000061	0.00786061549999999935
5810904000	0.0692493737999999998	0.00563731229999999989
5810912000	0.0677814944999999974	0.00488605709999999967
5810920000	0.073085310700000003	0.00570796250000000019
5810928000	0.0714856428999999932	0.00407784589999999995
5810936000	0.0691214240999999951	0.00640883309999999966
5810944000	0.0728055425000000006	0.00425094909999999999
5810952000	0.0726700276000000062	0.00712230999999999975
5810960000	0.0732571055000000027	0.00445767590000000023
5810968000	0.0740078019999999975	0.00325134079999999997
5810976000	0.0744264587999999977	0.00170927670000000005
5810984000	0.0712691265000000018	0.00463627680000000021
5810992000	0.0724849483999999988	-0.000747512400000000009
5811000000	0.0739136306999999965	0.00286083969999999981
5811008000	0.0756544970999999955	-0.000916471599999999962
5811016000	0.0733407799999999943	0.00221568730000000014
5811024000	0.0728343486999999956	-0.00199277920000000015
5811032000	0.0712304044000000025	4.57512000000000034e-05
5811040000	0.0750707493999999975	0.00107140319999999992
5811048000	0.0752536434000000004	-0.00218192639999999997
5811056000	0.0707572417999999953	-0.000568673799999999956
5811064000	0.0711416051999999993	-0.00120225780000000003
5811072000	0.0717342824999999962	-0.000359391999999999991
5811080000	0.0733744840000000037	-0.00608285270000000038
5811088000	0.0727479488000000035	-0.00195632020000000018
5811096000	0.0696195163999999977	-0.000321776199999999977
5811104000	0.0710739437999999973	-0.00198644940000000008
5811112000	0.0717827030000000033	-0.00423803949999999961
5811120000	0.0694537333999999951	-0.000263172500000000001
5811128000	0.0715405459999999965	-0.00465072100000000002
5811136000	0.0738909596999999946	-0.00485738389999999971
5811144000	0.0712494164999999957	-0.00268365110000000004
5811152000	0.0726969046999999952	-0.00709851429999999988
5811160000	0.0721010203999999932	-0.00658192030000000032
5811168000	0.0690454315000000041	-0.0054427579000000002
5811176000	0.0752872277000000006	-0.00663244589999999971
5811184000	0.0733622995999999999	-0.00626129970000000036
5811192000	0.0707092123000000045	-0.00740221879999999974
5811200000	0.067200186300000006	-0.00642842250000000021
5811208000	0.0685952808000000053	-0.00708972060000000008
5811216000	0.0713323089999999965	-0.00876968640000000063
5811224000	0.0715483269000000005	-0.00865178580000000065
5811232000	0.0707093639999999968	-0.00679814919999999993
5811240000	0.0706434202000000011	-0.0143104828999999992
5811248000	0.0694431850999999989	-0.00885315939999999947
5811256000	0.0689736412000000049	-0.0115868941999999996
5811264000	0.0729085285	-0.0146713251999999999
5811272000	0.0722974740000000005	-0.0113307432
5811280000	0.073465833800000005	-0.0118288973000000002
5811288000	0.0701773943000000011	-0.0151575967999999991
5811296000	0.0713077210000000045	-0.0126844226000000001
5811304000	0.0718831942000000002	-0.0162674725000000013
5811312000	0.0700672108000000016	-0.0151460555999999996
5811320000	0.0699083810999999999	-0.0138359904999999991
5811328000	0.0678812307999999975	-0.0148505458
5811336000	0.0684448269999999998	-0.016078457899999999
5811344000	0.0652115587000000052	-0.0164677904000000014
5811352000	0.0664134096000000007	-0.0179480160999999985
5811360000	0.0699533239999999973	-0.016596056599999999
5811368000	0.0679792580000000007	-0.0226549181000000009
5811376000	0.0676816489000000021	-0.0218232180999999997
5811384000	0.065910577600000006	-0.0196118360999999984
5811392000	0.0670090512000000027	-0.0210737211000000015
5811400000	0.0650019542999999977	-0.024175094099999999
5811408000	0.0632045631999999941	-0.0204666125999999997
5811416000	0.0639852169000000026	-0.0258448374999999987
5811424000	0.0626303106000000026	-0.0238416571000000001
5811432000	0.0636869610000000003	-0.0215890728000000011
5811440000	0.0634461508999999979	-0.0257222122000000004
5811448000	0.0631399453999999943	-0.0244298137999999984
5811456000	0.0620974284000000015	-0.0278650652000000006
5811464000	0.0628222947999999975	-0.0283432462000000017
5811472000	0.0594139839000000017	-0.0282634060999999992
5811480000	0.0630552149000000034	-0.0259489705000000015
5811488000	0.0599113764000000007	-0.0293155923999999998
5811496000	0.0559041555999999981	-0.0268655925000000004
5811504000	0.062319579299999997	-0.0295288897000000015
5811512000	0.0558090248000000025	-0.0290474925000000009
5811520000	0.0559702805999999983	-0.0279234949000000017
5811528000	0.0546842956000000019	-0.0308835426999999989
5811536000	0.0574782409999999994	-0.0341411655000000008
5811544000	0.0583358508999999997	-0.0306802060999999994
5811552000	0.0507610401000000017	-0.0331675506999999994
5811560000	0.0491754964999999988	-0.0312396791999999986
5811568000	0.0516758687000000022	-0.032702270700000001
5811576000	0.0522104181999999972	-0.0371957241000000008
5811584000	0.0485280562000000026	-0.0295379563000000012
5811592000	0.0471103764000000008	-0.0367567750999999998
5811600000	0.0452015036999999995	-0.0342803952000000009
5811608000	0.0448827844000000004	-0.0359437338000000023
5811616000	0.0490773706999999976	-0.0332847705999999993
5811624000	0.0457855745000000022	-0.0358362720000000023
5811632000	0.0441135267000000025	-0.0380962888000000027
5811640000	0.0435767957999999983	-0.0326510492999999985
5811648000	0.0417827862999999994	-0.0349195501000000019
5811656000	0.0382368740999999984	-0.0347572390999999967
5811664000	0.0363049852000000006	-0.0346062441000000026
5811672000	0.0376836590000000013	-0.0351275981999999987
5811680000	0.0339195866000000026	-0.0355787394000000035
5811688000	0.0355437415000000034	-0.0336844292999999989
5811696000	0.0324390515000000032	-0.0332735860000000008
5811704000	0.0285062516999999987	-0.0307499411999999986
5811712000	0.0306149380999999991	-0.0343287081000000008
5811720000	0.028580435500000001	-0.0347644715999999993
5811728000	0.0303723876999999996	-0.033609820700000001
5811736000	0.0271048932999999985	-0.0357866646999999982
5811744000	0.0256902882999999992	-0.0328037673000000016
5811752000	0.0246462503999999999	-0.0294300156999999993
5811760000	0.0248680467000000002	-0.0267409958000000003
5811768000	0.0210915506999999995	-0.0300746698999999999
5811776000	0.0227531997000000007	-0.0260752796999999988
5811784000	0.0233146351000000016	-0.0292671291999999986
5811792000	0.0167667210999999997	-0.0287438412999999997
5811800000	0.0155969070000000001	-0.0254137387999999985
5811808000	0.0151170292999999994	-0.0237971504999999993
5811816000	0.0180870973000000004	-0.0240888023
5811824000	0.016504332699999999	-0.0231594053999999994
5811832000	0.0124154316000000004	-0.0206528939000000002
5811840000	0.0168427017000000005	-0.0200751761000000015
5811848000	0.0165122683000000006	-0.0203395661000000012
5811856000	0.0152254377000000003	-0.0154736926999999996
5811864000	0.0129100967999999997	-0.0188106954000000007
5811872000	0.0124902480000000007	-0.00974496950000000063
5811880000	0.0105594898999999999	-0.016148261399999999
5811888000	0.0144171386000000006	-0.0120815256999999999
5811896000	0.0117380229000000006	-0.0106739828000000005
5811904000	0.0104905668000000001	-0.0107965015999999994
5811912000	0.0112886153000000006	-0.00680798049999999967
5811920000	0.0077694375000000003	-0.00784376319999999932
5811928000	0.00737046479999999959	-0.00535641109999999976
5811936000	0.00918514529999999926	-0.00261126600000000011
5811944000	0.0127654323000000007	-0.00664072959999999993
5811952000	0.0143172313999999998	-0.00527205630000000033
5811960000	0.0127043586999999996	-0.0033935209
5811968000	0.00907108849999999946	-0.00735747649999999968
5811976000	0.00864613390000000016	-0.00118954039999999992
5811984000	0.0131284253999999993	0.000789150200000000033
5811992000	0.0145138999999999997	0.00350394939999999983
5812000000	0.0153212834999999995	0.00241594559999999984
5812008000	0.0115205979999999999	0.00166647200000000001
5812016000	0.0154095684000000004	0.00529304869999999966
5812024000	0.0153746557999999995	0.00246718019999999988
5812032000	0.0163818075999999993	0.00775129870000000002
5812040000	0.0123448268	0.00400878390000000001
5812048000	0.0169562184999999983	0.00837674159999999939
5812056000	0.0176544081999999991	0.00647121660000000033
5812064000	0.0200072838999999988	0.0104210445000000006
5812072000	0.0191566393000000001	0.0062322215000000002
5812080000	0.0150802794000000004	0.0111341834000000008
5812088000	0.0179513047000000002	0.00727560309999999988
5812096000	0.0206101565999999986	0.00938326890000000004
5812104000	0.0197661732000000007	0.0119956370999999996
5812112000	0.0217779781999999991	0.0123498387000000008
5812120000	0.0237030831000000011	0.0115654256
5812128000	0.0233628750000000017	0.0107608501000000002
5812136000	0.0226514677000000005	0.0132427104999999993
5812144000	0.0249197905000000004	0.0145775182999999999
5812152000	0.0264433058999999984	0.0134082968000000004
5812160000	0.0263351708999999996	0.0157805344999999986
5812168000	0.0237348578999999997	0.0128989263000000003
5812176000	0.0272024953999999985	0.0171214847000000017
5812184000	0.0283565814000000006	0.0111597704999999991
5812192000	0.0267104082000000007	0.0128036829999999997
5812200000	0.0302977681999999984	0.0152964911000000002
5812208000	0.0263822124999999984	0.0154860712999999994
5812216000	0.0312940402999999992	0.017798893100000001
5812224000	0.0300085634000000004	0.0138368442000000001
5812232000	0.0310104886000000003	0.0174182431999999991
5812240000	0.0295231669999999995	0.0142843922000000009
5812248000	0.0326503411000000007	0.0191355531999999988
5812256000	0.0317352642000000018	0.0157188361999999991
5812264000	0.0308843825000000016	0.0131186063000000002
5812272000	0.0321928237999999992	0.0183793933999999992
5812280000	0.0372577986000000028	0.0128460116999999999
5812288000	0.0335703181999999975	0.0189227996000000016
5812296000	0.0311751450999999992	0.0141330382999999993
5812304000	0.0376779839000000033	0.0165157870000000005
5812312000	0.0339107302000000027	0.0191977514000000009
5812320000	0.0384810225000000034	0.0188506630000000001
5812328000	0.0370235843000000023	0.0156527405999999994
5812336000	0.0328580675999999988	0.0167795121999999991
5812344000	0.0372071392999999973	0.0168223491000000017
5812352000	0.0387343796000000004	0.0169217849000000004
5812360000	0.0393183797000000029	0.0159672900999999999
5812368000	0.0396668456000000003	0.0151698409999999999
5812376000	0.0367734850000000016	0.0170953460999999987
5812384000	0.0404387360000000029	0.0157758713000000009
5812392000	0.0368311856999999979	0.0150726062999999993
5812400000	0.0393172562999999989	0.0166126803999999996
5812408000	0.0458271215999999995	0.0134700528999999996
5812416000	0.0382991040000000005	0.0176637931999999998
5812424000	0.0422898986000000005	0.0148079252000000005
5812432000	0.0444554476999999976	0.0180410062999999989
5812440000	0.0414820111000000005	0.0165081340000000007
5812448000	0.0421203137000000019	0.0138821475000000007
5812456000	0.0430369841000000017	0.0147076723000000003
5812464000	0.0437338485999999999	0.0189756093999999993
5812472000	0.0452224059999999997	0.0148577645000000005
5812480000	0.0443111053000000005	0.0154180101000000007
5812488000	0.0439354822000000006	0.0167087456999999995
5812496000	0.0464539305999999985	0.0168218472000000001
5812504000	0.0446766566999999976	0.0158222545999999985
5812512000	0.0443704908999999967	0.0117838951000000004
5812520000	0.0470370650999999973	0.0155786802000000002
5812528000	0.0431312692000000025	0.0143114439999999996
5812536000	0.0470356042999999988	0.0141233963000000004
5812544000	0.0495430541999999988	0.0134571119000000006
5812552000	0.0443784601000000029	0.0138407944999999998
5812560000	0.0494144119000000034	0.0172780265000000016
5812568000	0.0460037909000000009	0.0109305498999999993
5812576000	0.0469716887	0.0140224624999999992
5812584000	0.0483563180999999967	0.0142572662000000003
5812592000	0.0499947404000000012	0.0161413455000000011
5812600000	0.0456016623999999995	0.0102910183999999991
5812608000	0.0468726766999999975	0.0163805271000000002
5812616000	0.0432272725999999982	0.0123952305999999995
5812624000	0.0468762480000000023	0.0166149669
5812632000	0.0468864942000000035	0.0134956133000000006
5812640000	0.0496181738999999997	0.0121149446999999997
5812648000	0.0459957537000000027	0.0130437325000000003
5812656000	0.0479968055999999976	0.0128943808000000007
5812664000	0.048302218299999998	0.0131354594000000005
5812672000	0.0469354708999999981	0.0135647700000000003
5812680000	0.0502251084000000028	0.0118306166999999993
5812688000	0.050950649100000002	0.0125439807000000004
5812696000	0.0528088317000000029	0.0110012695000000008
5812704000	0.0503618407000000004	0.00931247460000000048
5812712000	0.0511113763999999984	0.00939127179999999992
5812720000	0.0528121159999999992	0.0108564878
5812728000	0.0520969671999999967	0.0102347848000000005
5812736000	0.0518862475999999975	0.00969155470000000047
5812744000	0.0499585981000000012	0.00768133110000000004
5812752000	0.0498318201000000002	0.00951816720000000019
5812760000	0.0485765758000000006	0.0103234102000000008
5812768000	0.0556500918999999969	0.0115069435999999997
5812776000	0.0516301612999999979	0.00861644410000000048
5812784000	0.0528762856000000031	0.0113339792999999998
5812792000	0.0540326998000000003	0.0090126248000000006
5812800000	0.0545518456000000027	0.0124726408000000004
5812808000	0.0489765688000000018	0.00794155499999999945
5812816000	0.050279567499999997	0.0122594030000000003
5812824000	0.0504936423000000023	0.00882299199999999999
5812832000	0.0519676147999999991	0.00984332360000000038
5812840000	0.0506621386000000035	0.00673848060000000002
5812848000	0.054086608199999997	0.00855558579999999951
5812856000	0.055734618100000001	0.0107251389999999999
5812864000	0.0506723815000000022	0.00909878310000000051
5812872000	0.053400142400000003	0.00959759810000000019
5812880000	0.0545323799999999984	0.00442430560000000011
5812888000	0.0516543965999999993	0.00630307309999999978
5812896000	0.0541097674000000015	0.00398328180000000025
5812904000	0.0561814459000000016	0.0118436870000000003
5812912000	0.0552141344000000034	0.00778727819999999998
5812920000	0.0563427074999999986	0.00922445000000000036
5812928000	0.0533877415999999966	0.00841219219999999983
5812936000	0.0550573005000000032	0.0054654457999999996
5812944000	0.0532412303999999989	0.00456684640000000041
5812952000	0.0523571468999999984	0.00520783130000000011
5812960000	0.0559445675000000003	0.00426944890000000021
5812968000	0.055276011600000001	0.00283058209999999992
5812976000	0.0560961656999999989	0.00419853990000000014
5812984000	0.0540583853999999989	0.0057770740999999997
5812992000	0.0558664690000000019	0.00214381430000000006
5813000000	0.0536662047999999989	0.00218376519999999991
5813008000	0.0554811916000000002	0.00485900290000000016
5813016000	0.0534695057999999973	0.0053235712000000001
5813024000	0.0546517141999999997	0.00423024819999999989
5813032000	0.0552994923999999971	0.000654687000000000042
5813040000	0.052841355999999999	0.000172899700000000008
5813048000	0.0521461443000000024	0.00505289759999999998
5813056000	0.0570906722999999991	0.00461615050000000002
5813064000	0.0556794060000000007	0.00291627999999999983
5813072000	0.0565905484000000028	0.00563280050000000004
5813080000	0.0567696326000000015	0.00227244730000000002
5813088000	0.0571662345999999974	0.0020348889999999998
5813096000	0.0552325803000000004	0.00330253990000000004
5813104000	0.0565895709999999982	0.00472268300000000009
5813112000	0.059780121700000001	0.000858636100000000004
5813120000	0.0560671204000000034	0.00104430220000000006
5813128000	0.058874839800000002	0.00409003770000000016
5813136000	0.0578865853000000014	0.00432788280000000018
5813144000	0.0545536168999999974	-0.000214168799999999988
5813152000	0.0547330581000000024	0.00371670230000000022
5813160000	0.0539780468999999999	0.0011154521000000001
5813168000	0.0608887259000000028	0.00229668770000000019
5813176000	0.0538663824999999971	0.00432541840000000028
5813184000	0.0574689186000000019	0.00272528530000000014
5813192000	0.0547373759999999973	0.00156192570000000005
5813200000	0.0585583180999999994	0.00135831179999999991
5813208000	0.0599615683999999982	-0.00246090179999999999
5813216000	0.0545152007000000022	-0.00164345459999999991
5813224000	0.0565676785000000029	-0.000210007599999999998
5813232000	0.0586457053000000034	-0.00261608159999999991
5813240000	0.0589691850000000004	0.00153053489999999993
5813248000	0.0586653645999999987	-0.00273482789999999988
5813256000	0.0607317273000000032	-0.000669126600000000018
5813264000	0.0594200318000000019	0.000278003100000000008
5813272000	0.0590398285000000023	-0.00640274819999999984
5813280000	0.0584593994000000006	-0.00254773809999999995
5813288000	0.0551055304999999995	-0.00385107549999999998
5813296000	0.0577756243000000017	-3.55335000000000012e-05
5813304000	0.0591163544000000013	-0.00128244519999999996
5813312000	0.0614052700999999992	-0.00340358590000000008
5813320000	0.0583385107999999999	-0.000631148599999999983
5813328000	0.0613272944000000028	-0.000874932099999999957
5813336000	0.0570840828999999994	-0.00199397050000000003
5813344000	0.0611408651999999983	-0.00220436419999999996
5813352000	0.0556799011999999996	-0.00194398690000000007
5813360000	0.0550945127000000007	-0.00266950199999999981
5813368000	0.059106399300000001	-0.00123404630000000003
5813376000	0.0590844988999999973	-0.00786409820000000086
5813384000	0.0574602577000000031	-0.00543456510000000018
5813392000	0.0579229039000000029	-2.46498999999999992e-05
5813400000	0.0607346854000000019	-0.00118953260000000008
5813408000	0.0584560329000000031	-0.00712895330000000004
5813416000	0.0595460475999999989	-0.00101898240000000001
5813424000	0.0594077964999999986	-0.00699712679999999962
5813432000	0.059668573699999998	-0.00770615850000000002
5813440000	0.0598925771999999981	-0.0043520407000000004
5813448000	0.0601328595999999979	-0.00451643840000000036
5813456000	0.0579791186999999986	-0.00650723690000000032
5813464000	0.0611437988999999973	-0.00689318099999999996
5813472000	0.0583388970000000007	-0.00825986580000000019
5813480000	0.0569223811000000024	-0.00218438370000000005
5813488000	0.0613686963999999988	-0.00652064590000000013
5813496000	0.0617676713000000002	-0.00686739229999999961
5813504000	0.0570380103999999985	-0.00500053799999999968
5813512000	0.0608470495	-0.00790048779999999971
5813520000	0.0596739593000000026	-0.00759322700000000014
5813528000	0.0576485104999999998	-0.00525686819999999968
5813536000	0.0573237087999999978	-0.00456139529999999987
5813544000	0.0629242930000000061	-0.00893142320000000003
5813552000	0.059993518400000001	-0.00952749739999999949
5813560000	0.0568490702999999986	-0.00664195479999999967
5813568000	0.0591036916000000009	-0.00390742329999999981
5813576000	0.0586858462999999969	-0.00687895759999999998
5813584000	0.0574668789999999985	-0.0100255411000000003
5813592000	0.0560503636	-0.00998606229999999921
5813600000	0.0591588692999999999	-0.00824246629999999918
5813608000	0.0587231532999999972	-0.00641190100000000023
5813616000	0.0581821718000000015	-0.00580705040000000037
5813624000	0.0602917733999999983	-0.0113217504000000004
5813632000	0.0608661619000000001	-0.00842048419999999985
5813640000	0.0599101538999999988	-0.00958673709999999929
5813648000	0.0607889598000000003	-0.00604933639999999991
5813656000	0.0618723642000000018	-0.00858497589999999977
5813664000	0.0553320751000000027	-0.00978605609999999917
5813672000	0.0601586489000000002	-0.00552178489999999994
5813680000	0.0546093427000000006	-0.00871975609999999998
5813688000	0.0562224772000000025	-0.00908384989999999962
5813696000	0.0609906817000000004	-0.00660837440000000033
5813704000	0.0596247961000000021	-0.00638448729999999999
5813712000	0.0613136560000000011	-0.0082866584000000007
5813720000	0.055601939000000003	-0.00901601320000000074
5813728000	0.0609065768000000007	-0.00959318290000000032
5813736000	0.0569987646000000014	-0.0114013047999999995
5813744000	0.0594170431999999984	-0.0119945160999999998
5813752000	0.0590323718999999983	-0.0104219133000000002
5813760000	0.0553803885000000023	-0.0109781199999999992
5813768000	0.057459148699999997	-0.0103485111000000008
5813776000	0.0636742903000000054	-0.0123767163999999995
5813784000	0.058703607900000003	-0.0116828737000000005
5813792000	0.0586172012999999978	-0.0142147118999999995
5813800000	0.0611068369000000028	-0.0114872632000000002
5813808000	0.0563639978999999972	-0.0128778406000000008
5813816000	0.0571321175999999972	-0.0132458977999999998
5813824000	0.0578946752000000023	-0.0127549544000000008
5813832000	0.0580218373999999981	-0.0179301894999999989
5813840000	0.0584216458999999994	-0.0138259249999999993
5813848000	0.0583176164000000011	-0.0103194940999999998
5813856000	0.0575366383999999995	-0.0121376599000000002
5813864000	0.0595608731000000016	-0.0120911148999999999
5813872000	0.0605201007000000027	-0.0124647226999999999
5813880000	0.057061623899999997	-0.0143519228999999995
5813888000	0.0565001231000000007	-0.0146389993999999999
5813896000	0.0595791509000000025	-0.0158688479
5813904000	0.0559261919999999996	-0.0153469192999999993
5813912000	0.0553906841999999983	-0.0129701989000000004
5813920000	0.0598622042999999993	-0.0129784183000000008
5813928000	0.0591628475999999986	-0.0158740736
5813936000	0.060753541799999998	-0.0151066311999999998
5813944000	0.0586709649999999985	-0.0167738189999999988
5813952000	0.0593608309000000015	-0.0188849994999999993
5813960000	0.0613878989000000014	-0.0165456666000000016
5813968000	0.0545624214999999996	-0.0158812234999999996
5813976000	0.0576272905999999988	-0.0185909144999999998
5813984000	0.0606208932999999991	-0.0159343748999999993
5813992000	0.0567961189999999991	-0.0150540085000000004
5814000000	0.0581115316000000021	-0.0180249030999999997
5814008000	0.0578688906000000003	-0.0190073439999999989
5814016000	0.061431448700000002	-0.0184091164999999994
5814024000	0.0626031786000000035	-0.0181144303999999992
5814032000	0.0584172157999999983	-0.0200780516000000006
5814040000	0.0588423440999999992	-0.0164362000999999994
5814048000	0.0586451710999999973	-0.0155418120000000003
5814056000	0.0569788502000000002	-0.0174033864999999996
5814064000	0.0570193277999999984	-0.0161820423000000012
5814072000	0.0612727323000000004	-0.0152831272999999993
5814080000	0.0576372945999999997	-0.0151166205000000005
5814088000	0.0583345189	-0.0187386670000000005
5814096000	0.0542868223000000025	-0.0189174915999999992
5814104000	0.0597033650000000013	-0.0175687367999999983
5814112000	0.0587946307999999973	-0.0172659091999999986
5814120000	0.0591542649000000031	-0.0196006009000000009
5814128000	0.0588968606999999977	-0.0193222135999999989
5814136000	0.0570218021999999991	-0.0169330099999999983
5814144000	0.0599750958999999972	-0.0193777354999999998
5814152000	0.0609156913999999994	-0.0184902077000000005
5814160000	0.0587649578000000034	-0.0169679242000000015
5814168000	0.0611793460000000025	-0.0207959480000000016
5814176000	0.0564742036000000017	-0.0168706763000000017
5814184000	0.0581317803999999994	-0.0202267128000000011
5814192000	0.0587562220999999982	-0.0184094991999999985
5814200000	0.0593723790999999973	-0.0218907080999999996
5814208000	0.0555253112999999979	-0.0225737548000000017
5814216000	0.0582525570000000034	-0.0194304590000000006
5814224000	0.0559888160999999981	-0.0199856937000000012
5814232000	0.0565671054999999992	-0.0202329761999999989
5814240000	0.0557691015000000012	-0.0209904352000000009
5814248000	0.0538794417999999969	-0.0190354400999999986
5814256000	0.0547702851999999976	-0.0223717013999999992
5814264000	0.0567565808999999991	-0.0190513307999999985
5814272000	0.0566888394999999976	-0.0234235638000000017
5814280000	0.059655815299999998	-0.0214175682000000006
5814288000	0.0599274857999999994	-0.0215143856999999994
5814296000	0.0577388477999999997	-0.0213993892000000005
5814304000	0.0589616708999999989	-0.0219123149000000003
5814312000	0.0563879507000000016	-0.0224475864999999983
5814320000	0.0557659604000000017	-0.0210924676000000012
5814328000	0.0590774784000000011	-0.0209754423000000009
5814336000	0.056491293300000002	-0.0207511366999999988
5814344000	0.0515675848999999978	-0.0237897305999999996
5814352000	0.0577444853000000022	-0.0230299630999999984
5814360000	0.0590423805999999995	-0.0197230741000000015
5814368000	0.0581024587999999995	-0.0252743931000000005
5814376000	0.0586583244999999975	-0.0234961690999999986
5814384000	0.0584197252000000014	-0.0207368266000000009
5814392000	0.0580234145000000021	-0.0248593193999999997
5814400000	0.0579915554999999999	-0.025253539299999999
5814408000	0.0566036390999999986	-0.0234963787999999986
5814416000	0.0593946397000000015	-0.024724264499999999
5814424000	0.0578132816000000022	-0.0234086660000000016
5814432000	0.0544393177000000034	-0.0246487914000000016
5814440000	0.0539790144999999985	-0.0202093386999999992
5814448000	0.055379449800000001	-0.023796439400000001
5814456000	0.0573318323000000032	-0.0227931055999999986
5814464000	0.0537261015999999994	-0.0261721762000000011
5814472000	0.056126037400000002	-0.0255889436999999983
5814480000	0.0582414347999999985	-0.0261831101000000004
5814488000	0.0575333719999999993	-0.0242993727999999999
5814496000	0.0586332374999999975	-0.0276604794000000001
5814504000	0.0569262697999999984	-0.0258720183999999985
5814512000	0.0525777575999999969	-0.0278492135999999987
5814520000	0.0566985809999999979	-0.0238288811999999989
5814528000	0.055593622199999998	-0.0240655586999999997
5814536000	0.0540059109000000023	-0.0237527015000000008
5814544000	0.0532998169999999993	-0.0280839971000000008
5814552000	0.0565992856000000003	-0.0249241748000000006
5814560000	0.0507865732999999986	-0.0272163205999999998
5814568000	0.0568308973000000023	-0.0249081560999999986
5814576000	0.0557704959000000014	-0.0266465798000000004
5814584000	0.0548231704000000028	-0.0262766598000000011
5814592000	0.0565094657999999986	-0.0292863873000000011
5814600000	0.0517642954000000002	-0.0256080461000000002
5814608000	0.0494488251999999975	-0.0254560918000000004
5814616000	0.0530522120000000014	-0.0263661414000000011
5814624000	0.0563825519000000011	-0.0322063004999999999
5814632000	0.0524757127999999975	-0.0244541324999999997
5814640000	0.0575992228999999967	-0.0257813367999999987
5814648000	0.0552611620000000026	-0.0283238970000000007
5814656000	0.0551773876000000024	-0.0271444688999999996
5814664000	0.0560602726000000023	-0.0295605409999999992
5814672000	0.0511819158999999996	-0.0266116287000000007
5814680000	0.0540939042000000009	-0.0265117945000000015
5814688000	0.0526905214000000024	-0.0280090019000000003
5814696000	0.0514884699000000001	-0.0262683215000000005
5814704000	0.0550040108999999972	-0.0283796888999999983
5814712000	0.0536881739999999982	-0.0311529187999999985
5814720000	0.0560494980999999975	-0.0287182173000000013
5814728000	0.0553589467000000016	-0.0269368448999999996
5814736000	0.0565434501999999978	-0.0298492004999999991
5814744000	0.056623151699999999	-0.0301917799000000001
5814752000	0.0538184795000000021	-0.0285855645000000005
5814760000	0.0508131522999999974	-0.0290179566999999999
5814768000	0.0554317032000000015	-0.0317334716000000003
5814776000	0.0510983776000000015	-0.0273156362
5814784000	0.0549737881999999983	-0.0313111644000000008
5814792000	0.0549178588999999981	-0.0306523193000000013
5814800000	0.0553504125000000013	-0.0291664038999999986
5814808000	0.0515080274000000032	-0.0271580189000000007
5814816000	0.054745982399999997	-0.0316878885999999985
5814824000	0.0577659032000000031	-0.0280193487999999997
5814832000	0.0553320776000000014	-0.0302072848000000012
5814840000	0.0531758229000000027	-0.0288221090999999999
5814848000	0.0587003042999999988	-0.0293243927000000001
5814856000	0.0582169905000000029	-0.0329110701000000019
5814864000	0.0547383372000000007	-0.0338904136000000022
5814872000	0.0526452689000000001	-0.0305627374999999993
5814880000	0.0527124519999999999	-0.0311848246000000009
5814888000	0.0551328176000000017	-0.0330530402000000015
5814896000	0.0565541213999999973	-0.0329641721000000013
5814904000	0.054931906400000001	-0.0324971459999999976
5814912000	0.0525064189999999986	-0.032853944000000003
5814920000	0.0510102377999999967	-0.0297594522000000014
5814928000	0.0546179073999999987	-0.0350788479000000014
5814936000	0.0539471050000000021	-0.0305994339000000004
5814944000	0.0558751578999999998	-0.0324148022000000022
5814952000	0.0523030171000000016	-0.0309193801000000011
5814960000	0.0509224403999999978	-0.0308757365999999984
5814968000	0.0531804815000000014	-0.0317591383999999977
5814976000	0.0521320425999999976	-0.0306808993000000016
5814984000	0.0515448451000000002	-0.0338495108000000031
5814992000	0.0529610552000000026	-0.0355633694999999972
5815000000	0.0522906705999999985	-0.0329561484999999973
5815008000	0.0540564096000000008	-0.034970490600000001
5815016000	0.0543710605999999999	-0.0371377312999999973
5815024000	0.0516759541999999988	-0.0336239901000000008
5815032000	0.0485917850999999998	-0.0338579649000000024
5815040000	0.0513761359000000015	-0.0334685986999999976
5815048000	0.0488775143000000009	-0.0353456041999999984
5815056000	0.0524299119000000008	-0.0371813224000000012
5815064000	0.0505425498000000029	-0.0339084134999999981
5815072000	0.052213832100000003	-0.0305228165999999988
5815080000	0.051046004300000003	-0.037696943400000002
5815088000	0.0513334947000000028	-0.0334145050999999985
5815096000	0.0504353619000000031	-0.034732012700000002
5815104000	0.0517687583000000021	-0.0367463592000000019
5815112000	0.0551360643000000025	-0.0366121379000000011
5815120000	0.0509295700000000004	-0.0340934718999999983
5815128000	0.0547356778000000002	-0.037635180800000001
5815136000	0.0504651625000000006	-0.0353281084999999967
5815144000	0.0527904233000000001	-0.0351316908999999983
5815152000	0.0499486636999999997	-0.0335365774000000033
5815160000	0.0519155973999999992	-0.0333226687000000021
5815168000	0.0489113107000000019	-0.0365984228999999966
5815176000	0.0523881245000000009	-0.0359707261999999972
5815184000	0.0490624802000000013	-0.037286265300000003
5815192000	0.051899474000000001	-0.0364921529999999994
5815200000	0.0540081325000000001	-0.0351890987999999988
5815208000	0.0453168444000000004	-0.0371249785999999971
5815216000	0.0513855184999999978	-0.0335112987999999987
5815224000	0.0518782685999999993	-0.0369036132999999988
5815232000	0.0515474921000000016	-0.0360951475000000008
5815240000	0.0489309186999999993	-0.0353372719000000016
5815248000	0.0513219135999999979	-0.0345235299000000023
5815256000	0.0501747717999999968	-0.0336583889999999969
5815264000	0.0504613196999999999	-0.0356293386999999989
5815272000	0.053068986399999997	-0.0399500085000000019
5815280000	0.0489691443999999976	-0.0383015085999999991
5815288000	0.0499718451999999966	-0.0371430077000000011
5815296000	0.0518994712999999996	-0.0344102577000000021
5815304000	0.0488933214000000019	-0.0391401992000000032
5815312000	0.0489191801000000009	-0.0400006602000000031
5815320000	0.0486404387999999979	-0.037684916899999997
5815328000	0.049662755599999997	-0.0359215992000000012
5815336000	0.0480259088999999972	-0.0359353216000000003
5815344000	0.0511878606999999972	-0.0396138351000000014
5815352000	0.0486387773999999995	-0.0400447043999999988
5815360000	0.0498259075000000023	-0.0391596333000000033
5815368000	0.0538679072000000023	-0.0395936490000000016
5815376000	0.0505372160999999973	-0.0389344124
5815384000	0.0492907803000000033	-0.0363834462999999969
5815392000	0.0481631881999999983	-0.0425025020999999989
5815400000	0.0481206720999999976	-0.0415356985000000026
5815408000	0.0489691663999999999	-0.0419371908999999973
5815416000	0.0482765527999999972	-0.0377797097999999984
5815424000	0.0468198100999999978	-0.0362124232999999976
5815432000	0.049905334099999997	-0.0404489260999999975
5815440000	0.0496811128000000032	-0.0394465021999999971
5815448000	0.0475804803999999998	-0.0404126880999999966
5815456000	0.0485362988999999967	-0.0432217212000000003
5815464000	0.0478600155999999999	-0.0374818445
5815472000	0.0462842795999999987	-0.0391153795999999998
5815480000	0.0454821337000000034	-0.0388816477000000008
5815488000	0.0458772286000000001	-0.039339499
5815496000	0.0447335941000000029	-0.0420854252999999998
5815504000	0.0481553454000000006	-0.0383217837000000006
5815512000	0.049088481199999999	-0.0404556781999999976
5815520000	0.0506006220999999992	-0.0390298630999999993
5815528000	0.0485386335999999988	-0.0428352995
5815536000	0.0467927247999999976	-0.0425452263000000025
5815544000	0.0465394433999999982	-0.0423110896999999986
5815552000	0.044840600500000001	-0.0438878229999999994
5815560000	0.0437670262999999976	-0.040544884500000003
5815568000	0.0432896020000000034	-0.0420639536999999966
5815576000	0.0454904522000000033	-0.039214536500000001
5815584000	0.0437601219999999985	-0.0412690523999999989
5815592000	0.0475630537999999978	-0.0418773668999999973
5815600000	0.0463583608999999994	-0.0403785272000000001
5815608000	0.0436304622999999989	-0.0438301519000000028
5815616000	0.0491551504	-0.0436463324000000014
5815624000	0.0451700451000000003	-0.040223318299999998
5815632000	0.0444136556999999987	-0.0412258927000000025
5815640000	0.0478132242999999985	-0.0395999309999999979
5815648000	0.0439181739999999973	-0.042684276799999997
5815656000	0.041630724899999999	-0.0411620369999999985
5815664000	0.0481059018000000033	-0.0434555479000000022
5815672000	0.0470069326999999967	-0.0435391208999999987
5815680000	0.0467661059000000004	-0.0420475334999999978
5815688000	0.042588774900000001	-0.0435990216999999972
5815696000	0.0473327646000000005	-0.0420338192999999971
5815704000	0.0475986711000000035	-0.0438068174000000032
5815712000	0.0438074533000000002	-0.0422959742999999971
5815720000	0.0473724121999999984	-0.0437256852999999973
5815728000	0.0466427171000000015	-0.0442390537999999972
5815736000	0.0431174974999999974	-0.0403345469999999984
5815744000	0.0467796051999999976	-0.0432835974999999998
5815752000	0.0455519980000000033	-0.0420165283000000014
5815760000	0.0491820960000000015	-0.0447669155999999985
5815768000	0.0435349182000000015	-0.0435676918000000024
5815776000	0.0412745161999999999	-0.044426349900000002
5815784000	0.0450177111000000033	-0.0445158060999999994
5815792000	0.0403493971000000035	-0.0419783474999999989
5815800000	0.044876018400000002	-0.0439382039000000002
5815808000	0.0430643073000000001	-0.0474258834000000004
5815816000	0.0410031734999999967	-0.0450963407000000011
5815824000	0.0439797489999999985	-0.0485196186000000015
5815832000	0.0416595813999999995	-0.0428845253999999981
5815840000	0.0427289744000000013	-0.0437114623999999979
5815848000	0.0405785617000000015	-0.048462950099999999
5815856000	0.0447799930999999984	-0.0444935050000000026
5815864000	0.0434067599000000012	-0.0472786767000000011
5815872000	0.0414472026999999979	-0.0428574966999999973
5815880000	0.0417330503999999991	-0.0440874840999999976
5815888000	0.0386664830000000015	-0.0439090302999999987
5815896000	0.0453193277000000019	-0.0481050779000000012
5815904000	0.0474170252999999986	-0.0450005933000000025
5815912000	0.0430301867000000005	-0.0458135080000000028
5815920000	0.0419346939000000002	-0.0496680304000000003
5815928000	0.042308093300000002	-0.0467186419999999977
5815936000	0.0451355952000000032	-0.0458959403000000002
5815944000	0.0449651448999999967	-0.0465138152999999971
5815952000	0.0421366016999999982	-0.046332902799999999
5815960000	0.0420938606999999992	-0.0454468603000000027
5815968000	0.0466819602999999986	-0.0436525555999999967
5815976000	0.0407079495	-0.045999038300000003
5815984000	0.0419978413999999994	-0.0452158873000000003
5815992000	0.0431321443000000013	-0.0483941666000000034
5816000000	0.0443584482999999988	-0.0470564450000000023
5816008000	0.0421741912999999968	-0.0496387614000000019
5816016000	0.0411048006999999993	-0.0493355928000000013
5816024000	0.0392497092000000034	-0.0507590373999999983
5816032000	0.0433893195000000023	-0.0515961791000000003
5816040000	0.0394799455000000021	-0.0452182786000000017
5816048000	0.041004725899999997	-0.0472224108000000031
5816056000	0.043417855499999998	-0.0488750369000000018
5816064000	0.0445304177999999995	-0.0451986767999999969
5816072000	0.040785991700000003	-0.046661117299999999
5816080000	0.0396513147000000024	-0.0508758604000000003
5816088000	0.0398956234000000035	-0.0468701241000000005
5816096000	0.0402282199000000007	-0.0456843196000000021
5816104000	0.0357774411000000014	-0.0472639177999999993
5816112000	0.039067524800000003	-0.0476696084000000006
5816120000	0.0404159857999999983	-0.0504305508000000013
5816128000	0.0414483844000000032	-0.0471111566000000023
5816136000	0.0397598489999999999	-0.047733941299999999
5816144000	0.0414850395000000011	-0.0487680117999999968
5816152000	0.041831397200000002	-0.0507952846999999985
5816160000	0.0380985024999999991	-0.0496651275000000031
5816168000	0.0409445881999999997	-0.046864528699999998
5816176000	0.0419931918000000029	-0.0492429217999999988
5816184000	0.0379634304999999991	-0.0510122322000000003
5816192000	0.0428102194000000019	-0.0496141951000000012
5816200000	0.0378774908999999979	-0.0496972835000000016
5816208000	0.0389796805999999968	-0.0489469971000000004
5816216000	0.0386568390999999997	-0.0511741864000000019
5816224000	0.0387958388000000029	-0.051216413199999998
5816232000	0.0402972286999999998	-0.0529427032000000033
5816240000	0.0420594483999999977	-0.0460570740000000034
5816248000	0.0361320826999999983	-0.0489615272000000004
5816256000	0.0362156371999999976	-0.0506694110999999989
5816264000	0.0401252667000000021	-0.0534501293999999974
5816272000	0.0368787925000000003	-0.050493386799999998
5816280000	0.0397694746000000002	-0.0517929681000000031
5816288000	0.0360334903999999998	-0.0496805592000000018
5816296000	0.0364943319999999974	-0.0490047677000000001
5816304000	0.039113346799999997	-0.049139077199999999
5816312000	0.0386280111999999995	-0.0491999099999999995
5816320000	0.0360142889999999979	-0.0503211390000000008
5816328000	0.0332743538999999977	-0.0511802937999999985
5816336000	0.0372830212000000022	-0.0508574778000000019
5816344000	0.0380035204999999987	-0.0490050345000000026
5816352000	0.0359325635000000004	-0.0501830984000000008
5816360000	0.034429275799999999	-0.0522302858999999994
5816368000	0.0342597093999999977	-0.0520844645999999981
5816376000	0.0377994668000000006	-0.0530362675999999991
5816384000	0.0389019918000000006	-0.0498078001000000006
5816392000	0.039995559299999997	-0.0469909600999999996
5816400000	0.0372444088000000034	-0.0483877613999999998
5816408000	0.0356753981999999997	-0.0517841657000000025
5816416000	0.0365719950999999974	-0.0513580653999999998
5816424000	0.0372285075000000007	-0.0543007579999999976
5816432000	0.0336662859000000023	-0.0514957130999999999
5816440000	0.0363283496999999983	-0.0524946567999999975
