# freq, I e Q
4394803800	-0.523688850600000033	0.0426680067999999982
4394805800	-0.525129296799999978	0.0442581907999999996
4394807800	-0.522508109799999954	0.0447438765000000016
4394809800	-0.520789253699999954	0.0446709850999999977
4394811800	-0.523131982600000045	0.0452709301000000022
4394813800	-0.52225931839999995	0.0448509241000000017
4394815800	-0.521313830900000053	0.0457727573000000013
4394817800	-0.522821096499999971	0.0444731276999999967
4394819800	-0.523811500099999994	0.045444192500000001
4394821800	-0.522071014100000008	0.0463752706999999986
4394823800	-0.521157075600000019	0.0475221803000000012
4394825800	-0.522318328799999954	0.0472858811999999976
4394827800	-0.521377140200000033	0.0479407856000000007
4394829800	-0.523082980400000008	0.0502987582000000016
4394831800	-0.519719258399999995	0.0483551043
4394833800	-0.522126055099999986	0.0481881683000000005
4394835800	-0.521739661999999993	0.049225580900000003
4394837800	-0.522288904499999984	0.0490039848999999986
4394839800	-0.520501417700000024	0.0484155574000000033
4394841800	-0.520916227099999962	0.0502803520000000004
4394843800	-0.520794045900000002	0.0512004918999999989
4394845800	-0.521039130599999956	0.0500639302999999966
4394847800	-0.523104535300000006	0.051369123400000001
4394849800	-0.520841139399999986	0.0506472566999999971
4394851800	-0.523315765300000013	0.0526133566000000011
4394853800	-0.521213911100000038	0.052261007800000002
4394855800	-0.524204310200000023	0.0511944142000000033
4394857800	-0.521981726899999998	0.0528302204000000025
4394859800	-0.522299208800000025	0.0541487299999999991
4394861800	-0.52215069209999998	0.053566241399999999
4394863800	-0.522586962400000021	0.0536799929000000009
4394865800	-0.522081619499999983	0.0534723554999999989
4394867800	-0.521445994499999954	0.0538348804
4394869800	-0.52184384539999995	0.0545235863999999973
4394871800	-0.519581449300000053	0.0541577838999999991
4394873800	-0.520786371000000026	0.053438974799999997
4394875800	-0.521735220700000002	0.0571548616999999967
4394877800	-0.520806349999999973	0.0557269549000000003
4394879800	-0.520693896399999967	0.0551476979000000006
4394881800	-0.521504027500000022	0.0580682802000000026
4394883800	-0.518453609499999968	0.0589090421000000031
4394885800	-0.518781963500000054	0.0568371142999999981
4394887800	-0.520269620400000021	0.0586331842000000006
4394889800	-0.519563553899999975	0.0585982872000000016
4394891800	-0.520204134600000034	0.0577465460000000028
4394893800	-0.519229731100000036	0.0607262130000000011
4394895800	-0.518737553499999948	0.0596987660000000003
4394897800	-0.520426190400000044	0.0602316583999999988
4394899800	-0.519884988699999995	0.0627340630000000066
4394901800	-0.520148907000000049	0.0622365302000000009
4394903800	-0.51867011789999995	0.059882333900000001
4394905800	-0.518049538800000042	0.0602492498000000015
4394907800	-0.51961864390000001	0.0618282736999999985
4394909800	-0.520100614299999986	0.061491383400000002
4394911800	-0.518642142100000036	0.0643018328999999944
4394913800	-0.520678721400000044	0.0642207568000000006
4394915800	-0.519418540200000001	0.0619319933000000017
4394917800	-0.519158555500000007	0.0632314003000000041
4394919800	-0.518495221599999945	0.0653652106000000011
4394921800	-0.518715067300000054	0.0645710460000000069
4394923800	-0.51970302359999998	0.0656224759000000046
4394925800	-0.518646579300000021	0.0641375027999999958
4394927800	-0.519511639800000036	0.0665400777999999998
4394929800	-0.519726895200000039	0.0668706161999999965
4394931800	-0.518185653099999977	0.0661006118000000004
4394933800	-0.519638523200000035	0.0664598764000000064
4394935800	-0.517737542600000045	0.0666647912999999981
4394937800	-0.516993983099999999	0.0673298402000000046
4394939800	-0.519169922500000047	0.0680434206999999958
4394941800	-0.51794912780000002	0.0682450192000000067
4394943800	-0.520068541999999967	0.068935166000000006
4394945800	-0.519320280600000017	0.0684793555999999998
4394947800	-0.517215055700000037	0.0705127348000000043
4394949800	-0.519027405500000039	0.068160233099999995
4394951800	-0.516867203799999952	0.0717404457999999967
4394953800	-0.518143770100000012	0.0706955576999999946
4394955800	-0.517885569100000054	0.0713025843999999936
4394957800	-0.517043911999999994	0.0726535014000000007
4394959800	-0.518231557500000051	0.0739797269999999951
4394961800	-0.518063089700000035	0.0729340168999999955
4394963800	-0.516725981300000026	0.0718133023000000065
4394965800	-0.518186078599999989	0.0732729515000000026
4394967800	-0.518279660899999994	0.0738070546999999993
4394969800	-0.51825505780000003	0.0727239997999999943
4394971800	-0.517251070499999965	0.0740403069999999996
4394973800	-0.518130072800000008	0.0747382419999999964
4394975800	-0.518279589399999963	0.0755555188999999933
4394977800	-0.518635433599999973	0.073740085900000002
4394979800	-0.517091029799999991	0.0751921935999999985
4394981800	-0.516812944300000021	0.0754016936999999943
4394983800	-0.517576136900000039	0.0755214013999999934
4394985800	-0.517284516499999958	0.0763826633000000005
4394987800	-0.518823695799999984	0.0758196267000000035
4394989800	-0.51772008479999998	0.0778461916000000032
4394991800	-0.516252612000000055	0.076658742299999999
4394993800	-0.517524274699999953	0.0779573650999999951
4394995800	-0.51700335959999999	0.0786053693999999997
4394997800	-0.516192925699999972	0.0792798819000000016
4394999800	-0.516944168199999998	0.0795190456000000045
4395001800	-0.516678073599999954	0.0795260802999999961
4395003800	-0.515115863200000024	0.0804503460000000059
4395005800	-0.515122675600000024	0.0812607694999999963
4395007800	-0.514926660099999989	0.0795162039999999931
4395009800	-0.517582759700000006	0.0806847316999999981
4395011800	-0.517307391699999952	0.0819376064999999959
4395013800	-0.516919463799999979	0.0825262987999999947
4395015800	-0.514607307400000047	0.0834684809999999971
4395017800	-0.517410902700000008	0.0814759171999999976
4395019800	-0.514156090399999988	0.083292572199999998
4395021800	-0.514968280399999978	0.0837743734000000045
4395023800	-0.518395928100000014	0.0849544470000000024
4395025800	-0.514743952999999976	0.0843482083999999993
4395027800	-0.516750755500000047	0.0850639138999999961
4395029800	-0.514485796200000012	0.0863299403000000048
4395031800	-0.515428769899999972	0.0855696083000000024
4395033800	-0.514872537499999949	0.0854033391000000031
4395035800	-0.514990615700000043	0.0872205523000000038
4395037800	-0.514658242200000005	0.0867431844000000063
4395039800	-0.514151471399999949	0.0867738227000000029
4395041800	-0.512220363700000014	0.0893720789999999932
4395043800	-0.515110539899999997	0.0881674191999999995
4395045800	-0.513686164200000017	0.0885779715999999995
4395047800	-0.513932433400000055	0.0892664942000000045
4395049800	-0.514780972199999964	0.0916643345999999942
4395051800	-0.514418148900000038	0.0906447385000000022
4395053800	-0.513959110800000007	0.0885031951999999955
4395055800	-0.516292457900000001	0.0933574508999999997
4395057800	-0.516085470599999985	0.0887870117999999958
4395059800	-0.515146033399999981	0.0933478757999999936
4395061800	-0.514074835800000018	0.0925706986999999953
4395063800	-0.513417286000000028	0.0922228315000000048
4395065800	-0.513051351700000047	0.0920663572999999985
4395067800	-0.51365831790000005	0.0946774278999999996
4395069800	-0.512402992499999987	0.0942695679000000036
4395071800	-0.512903246699999982	0.0930402372999999949
4395073800	-0.51161077850000003	0.0933755552000000016
4395075800	-0.512160881899999976	0.096071479200000004
4395077800	-0.512946788299999956	0.0950146427999999932
4395079800	-0.513120984299999972	0.0959713419000000068
4395081800	-0.512477159899999979	0.0957891827999999973
4395083800	-0.511968829299999983	0.0952532157000000046
4395085800	-0.512611025899999961	0.0943713882000000032
4395087800	-0.514039824399999956	0.097663721600000003
4395089800	-0.510260137499999988	0.0962225517000000058
4395091800	-0.510553651299999967	0.0988353304999999988
4395093800	-0.511659553200000006	0.100551959299999993
4395095800	-0.510797204700000007	0.0975130221999999935
4395097800	-0.510915893800000021	0.0997937279000000038
4395099800	-0.511147129299999947	0.0992025675000000051
4395101800	-0.512129012599999989	0.100131578900000004
4395103800	-0.510777308899999949	0.100299182599999995
4395105800	-0.511624714900000055	0.103729268200000002
4395107800	-0.511373190599999972	0.103361098100000007
4395109800	-0.510916947899999974	0.101547267199999999
4395111800	-0.511716680599999973	0.1003317128
4395113800	-0.510367008400000044	0.101664738099999999
4395115800	-0.509650641200000032	0.101463199300000001
4395117800	-0.511542546100000051	0.102737779900000006
4395119800	-0.510230359400000055	0.104127379500000006
4395121800	-0.510971642799999959	0.102788156399999997
4395123800	-0.509091819899999964	0.103703505799999998
4395125800	-0.509277499099999975	0.106125571899999993
4395127800	-0.509182693500000005	0.106220894799999993
4395129800	-0.509536676299999991	0.105080763800000004
4395131800	-0.510431595100000024	0.104715475500000002
4395133800	-0.511787735800000032	0.1073726079
4395135800	-0.507523284300000044	0.1071405302
4395137800	-0.509359830499999999	0.105905770999999996
4395139800	-0.509638924100000001	0.107988028700000002
4395141800	-0.508742805300000045	0.108565231200000001
4395143800	-0.506020480899999958	0.108549413999999997
4395145800	-0.508646023599999997	0.107974981999999997
4395147800	-0.510265851300000017	0.109207298100000003
4395149800	-0.509904390999999957	0.111075371899999997
4395151800	-0.507059959000000005	0.109753609500000002
4395153800	-0.508002625100000049	0.111285305200000004
4395155800	-0.507696498900000015	0.112007482000000005
4395157800	-0.507931306599999965	0.112862697400000003
4395159800	-0.509226849699999984	0.113490455300000001
4395161800	-0.508678567499999956	0.113272451499999996
4395163800	-0.50708990789999997	0.113432245299999998
4395165800	-0.509109056500000046	0.114071919300000005
4395167800	-0.507718897499999988	0.1143425525
4395169800	-0.508632109400000032	0.114726835200000002
4395171800	-0.506877033700000035	0.115115608699999997
4395173800	-0.507978544500000018	0.115733356600000004
4395175800	-0.507335718999999963	0.116516254999999999
4395177800	-0.505897129099999954	0.116829644799999993
4395179800	-0.505917273400000034	0.116356363700000007
4395181800	-0.507566064399999961	0.117053115099999994
4395183800	-0.507529005900000052	0.119198505600000004
4395185800	-0.506317732199999981	0.118259886999999994
4395187800	-0.506387980700000018	0.120492358899999999
4395189800	-0.50593406910000005	0.120889960099999999
4395191800	-0.506741114100000001	0.118917477499999993
4395193800	-0.505684588699999993	0.121537491499999997
4395195800	-0.504159340700000014	0.120534498899999995
4395197800	-0.5048045632	0.119026466900000003
4395199800	-0.503928632100000051	0.123029418000000001
4395201800	-0.504719721900000029	0.121421672699999997
4395203800	-0.504311496100000034	0.123581048600000007
4395205800	-0.504462623600000049	0.123499985000000007
4395207800	-0.504112527300000002	0.123807073500000003
4395209800	-0.504988047100000004	0.122658973899999996
4395211800	-0.504040067200000053	0.125671851800000012
4395213800	-0.503264951400000049	0.124576243099999998
4395215800	-0.503977117599999969	0.126912847100000004
4395217800	-0.503367738999999981	0.124824836300000006
4395219800	-0.501428224099999986	0.1271049286
4395221800	-0.503284350100000055	0.125584019800000002
4395223800	-0.502903027400000036	0.127974238800000001
4395225800	-0.500254888399999986	0.1292120873
4395227800	-0.500390713699999989	0.128067819199999988
4395229800	-0.503209268600000037	0.127889394200000006
4395231800	-0.502608540300000017	0.13132692130000001
4395233800	-0.502207879800000034	0.12844202360000001
4395235800	-0.5025132296	0.13069156979999999
4395237800	-0.504335713400000052	0.129079123200000007
4395239800	-0.500725691500000014	0.1305843166
4395241800	-0.499915715799999993	0.129994256100000011
4395243800	-0.498749669800000017	0.13281003520000001
4395245800	-0.498919633099999982	0.131702998099999996
4395247800	-0.501257622599999952	0.131921947900000003
4395249800	-0.499536301299999985	0.133609483800000012
4395251800	-0.500378064600000005	0.136540317699999997
4395253800	-0.501166446199999949	0.13481788959999999
4395255800	-0.501253017100000031	0.132866173599999998
4395257800	-0.498654236600000023	0.135978264799999998
4395259800	-0.497766803300000005	0.135610236299999992
4395261800	-0.500330016100000052	0.135059796499999996
4395263800	-0.499288090999999989	0.137695532300000006
4395265800	-0.500671080800000001	0.136138920999999996
4395267800	-0.498192161999999994	0.136927367200000011
4395269800	-0.497919787100000011	0.137737196000000006
4395271800	-0.496627079500000013	0.137600654900000008
4395273800	-0.498154817500000013	0.140029686200000003
4395275800	-0.496164092800000012	0.14139918139999999
4395277800	-0.496902189800000005	0.137898793500000005
4395279800	-0.496993772700000003	0.139493066299999996
4395281800	-0.496342729300000007	0.141091068799999997
4395283800	-0.497581563599999999	0.14205188190000001
4395285800	-0.495018350100000004	0.14217761579999999
4395287800	-0.49560807400000001	0.143024668100000002
4395289800	-0.49531124230000001	0.14263503420000001
4395291800	-0.495974810300000013	0.144225382900000004
4395293800	-0.493769495700000005	0.144781288099999988
4395295800	-0.494677319800000015	0.146144700300000013
4395297800	-0.494892309899999994	0.146031225300000012
4395299800	-0.495938295600000023	0.1473346086
4395301800	-0.494127752400000009	0.146394563899999997
4395303800	-0.493895417800000014	0.146570771999999988
4395305800	-0.495421971000000017	0.148424384599999987
4395307800	-0.494523585200000004	0.147740110099999988
4395309800	-0.492691136600000024	0.147484647299999994
4395311800	-0.494010545000000023	0.149076141699999998
4395313800	-0.493048325399999987	0.148834612799999988
4395315800	-0.492520266699999987	0.148673023399999993
4395317800	-0.492787469199999995	0.150538535499999987
4395319800	-0.493247628900000012	0.152576407100000006
4395321800	-0.49099850220000002	0.151317778099999994
4395323800	-0.491709933099999996	0.153949468000000006
4395325800	-0.490116559000000007	0.150726106700000001
4395327800	-0.490149720399999989	0.153602488399999987
4395329800	-0.490036899000000026	0.154831017500000001
4395331800	-0.49001012129999999	0.153276881599999998
4395333800	-0.491525154999999991	0.155915182799999996
4395335800	-0.489624057800000012	0.154266325300000007
4395337800	-0.487714210300000006	0.15615301949999999
4395339800	-0.487837465400000003	0.158603693900000009
4395341800	-0.487626212399999981	0.156751953100000008
4395343800	-0.48886452829999999	0.157874018700000007
4395345800	-0.488277782599999988	0.159919109899999995
4395347800	-0.487847525999999976	0.161117016499999988
4395349800	-0.487900399400000018	0.160167362899999999
4395351800	-0.486598040700000012	0.162155545600000006
4395353800	-0.486667840000000018	0.160646302600000013
4395355800	-0.486575173600000022	0.162398109900000004
4395357800	-0.486310425099999999	0.163694689199999993
4395359800	-0.486750830799999978	0.161813453299999993
4395361800	-0.485438953299999976	0.160915939799999991
4395363800	-0.486112525000000018	0.161681802699999988
4395365800	-0.484968724100000026	0.162665277500000011
4395367800	-0.485240512100000021	0.164018243300000005
4395369800	-0.484980959200000006	0.16441745490000001
4395371800	-0.486110221200000026	0.164617626399999994
4395373800	-0.482642991000000021	0.165382914600000014
4395375800	-0.485817686999999998	0.167740099300000001
4395377800	-0.484158481899999993	0.169232060500000003
4395379800	-0.485487642599999991	0.168105425199999992
4395381800	-0.483644552499999991	0.168504030700000001
4395383800	-0.482356245600000011	0.16909424910000001
4395385800	-0.481044214999999997	0.171240936499999996
4395387800	-0.482210013800000004	0.171149556799999991
4395389800	-0.480944034500000006	0.170987473700000003
4395391800	-0.4823057912	0.171933004400000006
4395393800	-0.47991687420000001	0.171718669800000001
4395395800	-0.480528424999999981	0.172150188900000001
4395397800	-0.481657034500000025	0.173949804600000008
4395399800	-0.477473443499999983	0.172598978900000005
4395401800	-0.480573916499999976	0.175283338799999994
4395403800	-0.4783358942	0.175277920899999995
4395405800	-0.476626141399999981	0.174653683700000006
4395407800	-0.477235648299999982	0.175812254800000012
4395409800	-0.477281402299999991	0.176294371300000002
4395411800	-0.477011466499999981	0.179309928300000004
4395413800	-0.47529366620000002	0.1814528101
4395415800	-0.47450346459999998	0.180872888399999987
4395417800	-0.475627171100000024	0.180859563000000001
4395419800	-0.473790220500000026	0.180555361299999995
4395421800	-0.475923569099999999	0.181052735500000006
4395423800	-0.472866534200000022	0.182199260499999988
4395425800	-0.47297663080000002	0.180792307799999996
4395427800	-0.472498832099999988	0.181934854300000004
4395429800	-0.471165172399999999	0.182512542400000005
4395431800	-0.471473677099999988	0.184939236099999987
4395433800	-0.469928967899999994	0.186227916900000012
4395435800	-0.471446198099999991	0.184698271599999991
4395437800	-0.469976896500000019	0.187560987000000012
4395439800	-0.469361800300000021	0.187706137100000003
4395441800	-0.468447410800000019	0.188076729999999998
4395443800	-0.468258112100000012	0.18706030030000001
4395445800	-0.466886398899999999	0.190500514199999998
4395447800	-0.467726558399999992	0.190866775399999994
4395449800	-0.46361439929999998	0.1914826731
4395451800	-0.465419475400000004	0.193143713200000011
4395453800	-0.464839704700000023	0.193335988399999992
4395455800	-0.465413012800000025	0.193377024799999991
4395457800	-0.466452255199999999	0.192330839700000006
4395459800	-0.465217903300000013	0.194319291000000005
4395461800	-0.464004464100000014	0.194989972600000006
4395463800	-0.463223790199999985	0.194642841700000013
4395465800	-0.462960466600000009	0.194113149600000007
4395467800	-0.463081629800000005	0.197080186900000009
4395469800	-0.460648856399999973	0.198221343800000005
4395471800	-0.461088874300000007	0.198866051300000013
4395473800	-0.459485371099999984	0.200051732499999996
4395475800	-0.458490030300000018	0.200780155300000013
4395477800	-0.460278807600000006	0.200637090600000012
4395479800	-0.458854636599999977	0.200345181300000008
4395481800	-0.458032076399999988	0.200344601099999992
4395483800	-0.456772865099999981	0.203315417400000004
4395485800	-0.457635348200000014	0.204322933900000003
4395487800	-0.456867634099999975	0.203343209699999999
4395489800	-0.454347537600000018	0.204426352799999989
4395491800	-0.45599335190000001	0.204617810000000011
4395493800	-0.454498498500000014	0.206017672900000004
4395495800	-0.452588768699999977	0.205310925799999988
4395497800	-0.452067601799999996	0.206880805499999987
4395499800	-0.451532504300000026	0.20965246609999999
4395501800	-0.45024112970000002	0.209361231199999998
4395503800	-0.448161677199999997	0.211598980900000011
4395505800	-0.450464562700000015	0.209599190299999988
4395507800	-0.448984580899999985	0.212465881999999995
4395509800	-0.448730832700000026	0.210723007699999992
4395511800	-0.445735467200000013	0.212603874700000001
4395513800	-0.447275455099999997	0.213142516300000001
4395515800	-0.445650744599999982	0.213773097400000001
4395517800	-0.444973329699999975	0.213441840699999996
4395519800	-0.444527996799999991	0.215677966100000007
4395521800	-0.442650732300000016	0.216750828600000001
4395523800	-0.441049859499999974	0.217552529299999992
4395525800	-0.441360000400000008	0.216381164900000006
4395527800	-0.440909326099999999	0.219157838699999996
4395529800	-0.439097140300000022	0.220205117000000006
4395531800	-0.437339983300000013	0.219592647299999999
4395533800	-0.438151121500000018	0.220859990099999987
4395535800	-0.434024418799999978	0.221860041300000005
4395537800	-0.434308465600000027	0.220911990100000011
4395539800	-0.433862079299999981	0.222969899299999996
4395541800	-0.434518796200000001	0.224981065000000008
4395543800	-0.432148567500000025	0.225183000200000011
4395545800	-0.429838180000000014	0.225433618499999988
4395547800	-0.431313043999999979	0.227743766600000008
4395549800	-0.428764611799999973	0.22705111750000001
4395551800	-0.427257394600000007	0.230011571100000006
4395553800	-0.42674657399999999	0.227298551900000007
4395555800	-0.425301926599999991	0.228421107000000012
4395557800	-0.423914617900000013	0.229158467700000007
4395559800	-0.424888886600000015	0.231411238800000002
4395561800	-0.421868492099999992	0.233988127800000001
4395563800	-0.420957246600000001	0.231287419399999999
4395565800	-0.416435567399999984	0.235225475500000003
4395567800	-0.417729153700000022	0.23535341609999999
4395569800	-0.416878234999999986	0.234960166299999995
4395571800	-0.417265963500000003	0.235206613300000006
4395573800	-0.415884364900000025	0.236604348800000003
4395575800	-0.414688106200000017	0.237495345699999999
4395577800	-0.411407378499999976	0.239629936399999993
4395579800	-0.410376337400000013	0.241384799700000013
4395581800	-0.410822845800000003	0.239762498500000004
4395583800	-0.4071368125	0.242679812299999992
4395585800	-0.405548833900000016	0.241150705699999995
4395587800	-0.40576034430000002	0.242262257300000006
4395589800	-0.404261299700000021	0.242392189499999994
4395591800	-0.401187846999999986	0.244416606199999997
4395593800	-0.39824117819999999	0.246071345100000005
4395595800	-0.399900104699999981	0.2441050045
4395597800	-0.39629951870000002	0.246814668200000004
4395599800	-0.395834257600000017	0.246067149900000004
4395601800	-0.394052263899999977	0.245903879600000014
4395603800	-0.39089322780000002	0.248595861499999987
4395605800	-0.389804842099999993	0.248757877500000002
4395607800	-0.386305462900000007	0.250575177199999999
4395609800	-0.384463609699999986	0.250248540399999997
4395611800	-0.383574954799999979	0.25102386710000002
4395613800	-0.383567603699999982	0.250936724800000011
4395615800	-0.379147596699999978	0.253071348600000023
4395617800	-0.377083815499999975	0.254973963899999989
4395619800	-0.377788485600000001	0.254321264400000024
4395621800	-0.372491962700000012	0.253188657099999992
4395623800	-0.370544932699999996	0.256799632
4395625800	-0.36934651089999998	0.256703510500000009
4395627800	-0.368178842700000009	0.259258967700000009
4395629800	-0.366354323599999976	0.256998946100000014
4395631800	-0.363900836399999983	0.256563845100000021
4395633800	-0.360389070899999997	0.25725011590000002
4395635800	-0.360164197999999991	0.256957384700000013
4395637800	-0.354624693599999985	0.259835483799999989
4395639800	-0.354993886199999997	0.260687286799999973
4395641800	-0.347991077400000015	0.258150786999999993
4395643800	-0.347900806700000009	0.261144896199999976
4395645800	-0.344735593499999993	0.260550039399999989
4395647800	-0.34041716259999999	0.261499502599999989
4395649800	-0.338727887999999977	0.262948401200000015
4395651800	-0.335349492299999996	0.261491877599999978
4395653800	-0.331051300300000018	0.261056940500000001
4395655800	-0.331747527499999972	0.264722629699999989
4395657800	-0.325627380700000024	0.261866130400000008
4395659800	-0.326793450400000018	0.260287162100000025
4395661800	-0.321069537199999977	0.263090099899999985
4395663800	-0.316335873900000009	0.263542869499999999
4395665800	-0.312322551100000012	0.261796821999999985
4395667800	-0.309917066799999974	0.261548282500000007
4395669800	-0.307319394500000009	0.263247378699999979
4395671800	-0.303298693200000025	0.260594214800000001
4395673800	-0.300904994199999998	0.261512417100000005
4395675800	-0.297520425799999988	0.260194661300000019
4395677800	-0.292841059100000023	0.258707110799999973
4395679800	-0.287802085500000027	0.259662287300000016
4395681800	-0.28401582860000002	0.258455911300000007
4395683800	-0.281517532800000025	0.257474314900000001
4395685800	-0.275606295599999995	0.258319548100000018
4395687800	-0.27242135340000001	0.254623364299999988
4395689800	-0.2672640711	0.253273487600000013
4395691800	-0.265074509299999983	0.252140587999999999
4395693800	-0.258021691900000016	0.251482709000000026
4395695800	-0.256514647699999987	0.250499428299999993
4395697800	-0.2488166614	0.247353551700000007
4395699800	-0.245535932799999995	0.247177701299999997
4395701800	-0.240546788399999989	0.243258357000000008
4395703800	-0.236070761399999995	0.239887857199999999
4395705800	-0.232615206699999993	0.236095460199999996
4395707800	-0.228850629500000013	0.233189572699999986
4395709800	-0.223564955300000007	0.230965983499999999
4395711800	-0.21686141619999999	0.227527130900000013
4395713800	-0.214087105	0.222779233900000012
4395715800	-0.208671901900000012	0.22357559199999999
4395717800	-0.205956254799999988	0.218003367400000009
4395719800	-0.199667908100000013	0.214317120899999991
4395721800	-0.196441788799999989	0.207711723699999989
4395723800	-0.192159491300000013	0.2044323324
4395725800	-0.187241811400000013	0.197172638900000002
4395727800	-0.182479054299999999	0.193625961799999996
4395729800	-0.177762819999999988	0.189190280200000005
4395731800	-0.175245946799999996	0.184038140999999988
4395733800	-0.171204868099999991	0.1784276323
4395735800	-0.169843223399999993	0.170201468800000005
4395737800	-0.166195056199999996	0.166874338099999991
4395739800	-0.16387061750000001	0.158937834
4395741800	-0.159511635200000002	0.1532663306
4395743800	-0.155514620999999992	0.14793366790000001
4395745800	-0.153449109400000006	0.140080670200000007
4395747800	-0.151779295600000003	0.136701341000000004
4395749800	-0.151062079300000013	0.127152997399999995
4395751800	-0.150195157500000009	0.121023661199999993
4395753800	-0.1500148221	0.112219390000000002
4395755800	-0.1470016133	0.107485720100000001
4395757800	-0.14786256519999999	0.102816677400000001
4395759800	-0.148031974799999994	0.0967280851999999941
4395761800	-0.14760006610000001	0.0867630838000000015
4395763800	-0.147286214100000007	0.082164037800000006
4395765800	-0.148675557300000011	0.0772645747000000049
4395767800	-0.148473622700000002	0.0704190818000000052
4395769800	-0.150120561799999996	0.0635806393000000053
4395771800	-0.151131405899999988	0.058742813900000003
4395773800	-0.149922806500000005	0.0542182436000000004
4395775800	-0.153125320600000003	0.0453809208000000019
4395777800	-0.153622962899999993	0.0412410838000000016
4395779800	-0.157429220199999997	0.037466882299999997
4395781800	-0.15767400379999999	0.0319710850999999976
4395783800	-0.159774688199999987	0.0236353875999999984
4395785800	-0.161414120900000013	0.0196765515000000002
4395787800	-0.163097385799999994	0.0140256692000000002
4395789800	-0.1660630622	0.00970464400000000012
4395791800	-0.169270984399999991	0.00571632819999999976
4395793800	-0.171265283299999987	0.000717302699999999979
4395795800	-0.174520648599999995	-0.00400390150000000042
4395797800	-0.177034130600000006	-0.00839565960000000083
4395799800	-0.179575949000000012	-0.0117321175999999996
4395801800	-0.183549860700000012	-0.0133956279999999997
4395803800	-0.187183876599999993	-0.0186903931999999988
4395805800	-0.188706144599999986	-0.0219820816000000016
4395807800	-0.192770270999999993	-0.0261826437999999988
4395809800	-0.196877674899999994	-0.0296755209999999998
4395811800	-0.199350708099999996	-0.0323006818000000015
4395813800	-0.203264957299999993	-0.0357884784999999983
4395815800	-0.20509748559999999	-0.0383829221000000012
4395817800	-0.209523167499999996	-0.0415591826000000011
4395819800	-0.213624677699999987	-0.0449291510000000005
4395821800	-0.216560343300000013	-0.0473571465000000025
4395823800	-0.219328044100000008	-0.0497473073000000016
4395825800	-0.222359491500000006	-0.052292740499999997
4395827800	-0.226567160399999995	-0.0533132404000000032
4395829800	-0.232367282000000008	-0.0565028277000000009
4395831800	-0.234835783200000009	-0.0586111699000000028
4395833800	-0.240331749900000002	-0.0602529946999999996
4395835800	-0.243086332699999991	-0.0633675147000000022
4395837800	-0.244718548300000005	-0.0650392332999999989
4395839800	-0.248368774099999995	-0.0673632363999999983
4395841800	-0.251876979499999987	-0.0661134092999999951
4395843800	-0.256835333700000001	-0.0683543887000000044
4395845800	-0.260147195200000014	-0.0674690141000000021
4395847800	-0.265773963900000021	-0.0717224582000000055
4395849800	-0.266539582599999991	-0.0729832497000000024
4395851800	-0.271281817500000022	-0.0730380345999999958
4395853800	-0.273516758000000026	-0.0753834074999999992
4395855800	-0.277116774100000018	-0.0756158179000000069
4395857800	-0.280233409900000008	-0.0745142158000000054
4395859800	-0.283759495099999981	-0.0761401354999999974
4395861800	-0.287798319000000025	-0.0776870989999999956
4395863800	-0.28935565860000001	-0.0790965966999999937
4395865800	-0.295497517099999996	-0.0781458532999999983
4395867800	-0.296970586300000006	-0.078767365899999997
4395869800	-0.302243646799999988	-0.0801078605000000027
4395871800	-0.306382851899999975	-0.079391394000000004
4395873800	-0.307605048800000003	-0.0791093120000000011
4395875800	-0.310491527099999998	-0.0790927820000000004
4395877800	-0.3151048662	-0.0796124691999999939
4395879800	-0.318484680500000006	-0.0798739596000000024
4395881800	-0.320782105599999978	-0.0782549377999999934
4395883800	-0.324418265300000008	-0.0780757252000000013
4395885800	-0.326144278600000004	-0.079135490899999994
4395887800	-0.330524955000000009	-0.0764897348000000005
4395889800	-0.334474303199999989	-0.079089727700000001
4395891800	-0.334858726100000004	-0.0795364325000000039
4395893800	-0.338800168299999982	-0.0787580653999999936
4395895800	-0.342867601199999983	-0.0783935147999999943
4395897800	-0.3452366818	-0.0758550580999999974
4395899800	-0.347734471699999992	-0.0764562044000000052
4395901800	-0.351174464899999983	-0.0775772093999999995
4395903800	-0.351040537699999988	-0.0730686804000000023
4395905800	-0.354979838900000011	-0.0758113411999999931
4395907800	-0.357975874799999982	-0.0741884495999999977
4395909800	-0.362281798499999974	-0.0738827197000000019
4395911800	-0.364530736799999977	-0.0741352631000000012
4395913800	-0.365409527499999998	-0.0718308770999999957
4395915800	-0.369133600999999978	-0.0714193404999999976
4395917800	-0.372341597999999996	-0.0701296238999999932
4395919800	-0.372904900900000003	-0.0689795606000000033
4395921800	-0.377545262900000012	-0.0664642260999999956
4395923800	-0.377787280399999981	-0.0692690603999999988
4395925800	-0.382690271199999987	-0.0670503174000000035
4395927800	-0.38098903340000001	-0.0656948217000000029
4395929800	-0.385939804900000016	-0.0641742019000000052
4395931800	-0.386009923300000002	-0.0647640891000000052
4395933800	-0.387396372499999975	-0.0625924640999999948
4395935800	-0.391777072299999973	-0.0620110843999999994
4395937800	-0.393897641999999992	-0.0624707935000000034
4395939800	-0.396080832699999996	-0.0599294468000000011
4395941800	-0.398076320900000002	-0.0577029803999999993
4395943800	-0.398448372599999989	-0.0570578540999999995
4395945800	-0.400291227999999999	-0.0552695997999999994
4395947800	-0.404177474699999983	-0.0549994216000000008
4395949800	-0.405247125500000027	-0.0535110942999999992
4395951800	-0.40755571530000001	-0.0527858771000000032
4395953800	-0.409779677299999978	-0.0521514198000000012
4395955800	-0.410456353300000021	-0.0484527403999999995
4395957800	-0.413769444200000003	-0.0506882433999999993
4395959800	-0.414003782900000006	-0.0493832402999999989
4395961800	-0.416791964100000023	-0.0490223728999999997
4395963800	-0.416548993599999973	-0.0467505957000000014
4395965800	-0.418975238799999983	-0.0463202575000000033
4395967800	-0.421313867499999994	-0.045826363299999999
4395969800	-0.421537757899999976	-0.0408012068000000033
4395971800	-0.426714011599999998	-0.0416167392000000025
4395973800	-0.426724910800000024	-0.0401293486999999977
4395975800	-0.427490415800000023	-0.0386433472999999986
4395977800	-0.427049371499999997	-0.0368891911999999975
4395979800	-0.431164759499999994	-0.0350057808999999984
4395981800	-0.431472645499999974	-0.0362687644000000003
4395983800	-0.432831561500000017	-0.0350651878000000014
4395985800	-0.433872271699999978	-0.0332539771999999997
4395987800	-0.437036990800000025	-0.0306493780000000014
4395989800	-0.436779231300000015	-0.0294646591999999999
4395991800	-0.438490798199999976	-0.0301213884000000008
4395993800	-0.439101929800000013	-0.028870749099999999
4395995800	-0.442411143499999993	-0.0267784983999999997
4395997800	-0.440170591900000019	-0.0246326992000000002
4395999800	-0.444306003700000007	-0.0250908385000000005
4396001800	-0.443117469200000003	-0.0224754633000000016
4396003800	-0.445854075999999988	-0.0223646062000000014
4396005800	-0.44749593339999999	-0.0223700192000000006
4396007800	-0.447757260499999976	-0.0188587261999999985
4396009800	-0.449636609099999973	-0.0200027706999999985
4396011800	-0.450065771399999981	-0.0177472280000000003
4396013800	-0.449097428700000023	-0.0150692987000000007
4396015800	-0.450418621999999991	-0.0157959421999999995
4396017800	-0.453284807999999984	-0.0137289422999999997
4396019800	-0.453576817899999984	-0.0103330534000000002
4396021800	-0.455682650899999986	-0.0119424358999999994
4396023800	-0.456146527299999993	-0.0108480985000000002
4396025800	-0.453979452800000016	-0.0094308725999999992
4396027800	-0.456770211199999998	-0.0071445075999999998
4396029800	-0.45804973910000002	-0.00541524979999999986
4396031800	-0.457060122499999999	-0.00527892399999999994
4396033800	-0.46081469009999998	-0.00418770670000000005
4396035800	-0.459627022499999982	-0.00272715630000000021
4396037800	-0.461971670999999973	-0.00269610009999999992
4396039800	-0.463342487099999978	-0.00139672860000000006
4396041800	-0.460837162999999994	-0.000491413899999999988
4396043800	-0.464175693	0.00272666520000000015
4396045800	-0.46472714850000002	0.00224516499999999992
4396047800	-0.464262647600000022	0.00194657100000000002
4396049800	-0.463686117600000003	0.00507071919999999964
4396051800	-0.46631204770000001	0.00806833069999999923
4396053800	-0.468818778400000025	0.00739307759999999984
4396055800	-0.467563070999999997	0.00814021799999999941
4396057800	-0.467983150399999992	0.00988650680000000004
4396059800	-0.468956716300000021	0.0124489554999999991
4396061800	-0.471051887499999988	0.0122506104000000005
4396063800	-0.473099403299999999	0.0139679712999999997
4396065800	-0.469163168000000019	0.0137960435000000006
4396067800	-0.473421736400000015	0.0132127483000000004
4396069800	-0.472408444500000024	0.0173402671999999987
4396071800	-0.472495246400000013	0.0173093425000000016
4396073800	-0.470978922199999983	0.0189292531000000014
4396075800	-0.473784294100000003	0.0181921145999999999
4396077800	-0.472985850699999988	0.0198502904999999993
4396079800	-0.475397451699999973	0.0212113116000000011
4396081800	-0.475598595299999982	0.0224444841999999999
4396083800	-0.475997170899999988	0.0227612898000000008
4396085800	-0.474933095799999982	0.0250666579999999986
4396087800	-0.478648838899999984	0.0254637857999999995
4396089800	-0.477895860800000016	0.025578364499999999
4396091800	-0.480494775799999996	0.0285389596000000002
4396093800	-0.479153690999999993	0.0289464933000000008
4396095800	-0.478599623299999999	0.0287434636000000014
4396097800	-0.479126823599999974	0.0325598017000000017
4396099800	-0.478416713599999988	0.0316335323999999973
4396101800	-0.480191725299999983	0.0320661868000000003
4396103800	-0.480786218499999973	0.0306807909999999989
4396105800	-0.481522685700000008	0.0345620593000000031
4396107800	-0.478630696099999975	0.0344851596000000024
4396109800	-0.482389156200000002	0.0365301659000000015
4396111800	-0.481740501599999982	0.037356608999999999
4396113800	-0.482730359900000017	0.0379134820999999997
4396115800	-0.481355558800000027	0.0381249628000000021
4396117800	-0.483243247900000006	0.0392081332000000019
4396119800	-0.48415759949999998	0.0391360249999999979
4396121800	-0.480846378100000027	0.041774226400000003
4396123800	-0.484428950000000025	0.0416228666999999969
4396125800	-0.482590651799999992	0.0422127558000000014
4396127800	-0.484954628700000001	0.0439074138999999974
4396129800	-0.487135565900000012	0.0452744869000000008
4396131800	-0.486492397500000007	0.0466828356
4396133800	-0.486628300499999999	0.0477690038000000011
4396135800	-0.485702774299999973	0.0493210162999999993
4396137800	-0.486194889600000013	0.0508447886000000029
4396139800	-0.486304021699999978	0.050530448399999997
4396141800	-0.487865305199999988	0.0518383161999999981
4396143800	-0.486087832200000014	0.0511320774000000033
4396145800	-0.487706098500000018	0.0541026708000000023
4396147800	-0.486590161700000023	0.0541297658000000001
4396149800	-0.489641533799999973	0.0567946641999999974
4396151800	-0.488271583600000003	0.055371268500000001
4396153800	-0.489557800099999996	0.0567487684999999978
4396155800	-0.488987416399999986	0.0576567364999999998
4396157800	-0.490204002000000028	0.0581838242999999991
4396159800	-0.490046677500000027	0.0584690455999999983
4396161800	-0.488583840400000025	0.0606234255000000014
4396163800	-0.490521800499999994	0.0623945392000000015
4396165800	-0.491603563799999976	0.061590312799999998
4396167800	-0.488838222099999997	0.0640447328000000038
4396169800	-0.490238543600000021	0.0641250304000000049
4396171800	-0.491607061499999998	0.0643313598999999958
4396173800	-0.493311071499999976	0.0638715898000000032
4396175800	-0.490934450600000016	0.0662200688999999981
4396177800	-0.49212480489999999	0.0640832697000000007
4396179800	-0.489349705000000024	0.0671102762999999936
4396181800	-0.490649664400000018	0.0704864691000000043
4396183800	-0.4916726716	0.0681032609000000039
4396185800	-0.489973724499999985	0.0682645719000000012
4396187800	-0.492261963299999994	0.0722944167000000026
4396189800	-0.491365558199999997	0.070692646900000003
4396191800	-0.490526542399999987	0.0720537925000000051
4396193800	-0.493004588799999977	0.0730756622999999966
4396195800	-0.490886367300000015	0.0733495276000000057
4396197800	-0.492080676100000003	0.0756343342999999946
4396199800	-0.494373877999999989	0.0744122507000000016
4396201800	-0.492729707700000019	0.074938014499999997
4396203800	-0.493526806900000004	0.0765939301999999933
4396205800	-0.491212712800000006	0.0748620524000000037
4396207800	-0.494836451600000005	0.0772237528000000034
4396209800	-0.494282883499999992	0.077901614600000002
4396211800	-0.493862863500000027	0.0784485491000000007
4396213800	-0.494492658899999993	0.0801934791000000063
4396215800	-0.494078187300000027	0.0817179749999999983
4396217800	-0.492415476799999974	0.0816624526999999989
4396219800	-0.494207477000000006	0.0839366614000000011
4396221800	-0.493405138600000015	0.0834107741999999958
4396223800	-0.493714250399999999	0.0844467804999999988
4396225800	-0.493342814299999988	0.084917442100000004
4396227800	-0.495919402600000003	0.0853292647999999987
4396229800	-0.493699896600000021	0.0858822543999999966
4396231800	-0.492666562400000008	0.085759489199999997
4396233800	-0.496972665099999988	0.0891938134999999965
4396235800	-0.495212219600000003	0.0891111329000000008
4396237800	-0.495277833100000009	0.0897670574999999971
4396239800	-0.494440196800000009	0.0893525089999999966
4396241800	-0.494194802400000022	0.0897477893999999998
4396243800	-0.49676380539999998	0.0922863096000000049
4396245800	-0.496431047100000022	0.0911693209999999976
4396247800	-0.493500911900000006	0.0914692978999999962
4396249800	-0.49465688590000001	0.0915805662000000048
4396251800	-0.494131147800000003	0.0938158099999999995
4396253800	-0.493792000000000009	0.0942284141999999991
4396255800	-0.495681226199999991	0.0933558185000000068
4396257800	-0.492092662600000008	0.093340335999999996
4396259800	-0.496379023899999994	0.0958750837000000022
4396261800	-0.497225382499999979	0.0965512178000000054
4396263800	-0.496139585900000013	0.0967194578999999999
4396265800	-0.494369502399999994	0.0977866718999999968
4396267800	-0.496221796499999979	0.0973746323999999941
4396269800	-0.496020010499999997	0.0978750443999999997
4396271800	-0.494315802099999979	0.100005646599999998
4396273800	-0.495198606500000027	0.0997740973000000031
4396275800	-0.496461009000000009	0.098645366499999998
4396277800	-0.494715819700000004	0.0998609991999999946
4396279800	-0.493275434499999998	0.102220688300000001
4396281800	-0.494707764100000003	0.102763817499999993
4396283800	-0.494701011400000001	0.103096426500000005
4396285800	-0.496682758999999974	0.104926089299999997
4396287800	-0.496283805199999983	0.103907042399999996
4396289800	-0.494534931700000013	0.105607311400000001
4396291800	-0.497117598900000013	0.106837444300000001
4396293800	-0.496475467599999998	0.107795407199999999
4396295800	-0.495077896799999972	0.107753108
4396297800	-0.494949479099999978	0.107672472500000005
4396299800	-0.495987719400000027	0.108367278900000003
4396301800	-0.494766860799999986	0.109551172299999999
4396303800	-0.494408759699999978	0.110301925699999998
4396305800	-0.495952186600000011	0.111123298100000004
4396307800	-0.493813136900000005	0.109103635700000007
4396309800	-0.494706983400000022	0.109600977200000005
4396311800	-0.49615460950000001	0.111969317200000001
4396313800	-0.496188156599999985	0.113429943399999997
4396315800	-0.493317562499999973	0.112790180200000006
4396317800	-0.494776193500000017	0.115338167699999994
4396319800	-0.497303486399999994	0.114915869200000006
4396321800	-0.494922647599999987	0.114724924500000006
4396323800	-0.496072318600000006	0.116273381800000006
4396325800	-0.495128641300000005	0.1147868529
4396327800	-0.496419337700000018	0.115990098299999997
4396329800	-0.496252618599999973	0.117156968400000006
4396331800	-0.494324861299999974	0.118103655200000004
4396333800	-0.497148852199999991	0.1186991238
4396335800	-0.494894773800000021	0.119410053700000005
4396337800	-0.494971231399999989	0.119928725700000002
4396339800	-0.495439748999999985	0.119567357499999999
4396341800	-0.493903542099999981	0.118317336199999998
4396343800	-0.494893507200000027	0.1208709335
4396345800	-0.494021411600000016	0.123351815500000003
4396347800	-0.49576482030000002	0.122297981799999997
4396349800	-0.497079223000000014	0.123939196799999998
4396351800	-0.495050679100000002	0.120903565199999993
4396353800	-0.497404284299999999	0.1236158282
4396355800	-0.494563078599999983	0.123461289099999996
4396357800	-0.496095332800000011	0.125330937799999986
4396359800	-0.497567671699999992	0.123072264000000001
4396361800	-0.496071649900000022	0.12525765450000001
4396363800	-0.495039818500000006	0.126804420599999995
4396365800	-0.4959161661	0.126798815399999987
4396367800	-0.495529128400000018	0.126048107100000001
4396369800	-0.494091199799999992	0.129911150800000014
4396371800	-0.494047712999999999	0.127924038299999987
4396373800	-0.494719259999999994	0.128938336799999997
4396375800	-0.492884726599999989	0.128713471400000001
4396377800	-0.495018993799999973	0.131919417499999997
4396379800	-0.494985494899999989	0.129756126199999988
4396381800	-0.494462701999999976	0.131804947199999994
4396383800	-0.494348681499999998	0.132596066499999998
4396385800	-0.4946849948	0.13082289259999999
4396387800	-0.494230034200000001	0.132196353600000011
4396389800	-0.493415408499999986	0.133191526100000013
4396391800	-0.495048241300000025	0.134381503499999999
4396393800	-0.492564722100000019	0.134849917900000005
4396395800	-0.493285047500000018	0.133664999000000007
4396397800	-0.495538801400000006	0.136721478499999993
4396399800	-0.495030329599999985	0.136110146500000001
4396401800	-0.495013556799999976	0.135266799599999987
4396403800	-0.493585021199999974	0.136674258599999987
4396405800	-0.491771937499999978	0.138094395300000006
4396407800	-0.495836654400000021	0.13699868979999999
4396409800	-0.495119209000000005	0.138996911299999998
4396411800	-0.493492371699999988	0.13911173939999999
4396413800	-0.494099210899999974	0.136214609900000005
4396415800	-0.494210569699999991	0.139287923499999994
4396417800	-0.495402549799999981	0.138793993599999999
4396419800	-0.493491047299999985	0.142866210299999991
4396421800	-0.493703322499999986	0.139062856900000004
4396423800	-0.495106208800000003	0.141083516200000009
4396425800	-0.494974507200000025	0.141608683200000002
4396427800	-0.493194330899999978	0.144033448700000011
4396429800	-0.494188961500000024	0.142491717500000004
4396431800	-0.493572457099999973	0.143944262299999987
4396433800	-0.492142907000000018	0.144768576199999999
4396435800	-0.494449353400000013	0.143984166999999996
4396437800	-0.493305019899999975	0.144748293
4396439800	-0.493370159500000016	0.143721628699999993
4396441800	-0.494522670399999975	0.144727715499999993
4396443800	-0.494157198600000014	0.145385801700000011
4396445800	-0.492961146999999988	0.1472252899
4396447800	-0.492416397999999977	0.147443557400000008
4396449800	-0.492578797899999976	0.146965786999999987
4396451800	-0.491808291299999978	0.147173244799999992
4396453800	-0.494376949700000012	0.149083703799999995
4396455800	-0.49325179349999998	0.147401082500000002
4396457800	-0.491911110799999995	0.149933407500000004
4396459800	-0.492707571100000019	0.149325170600000001
4396461800	-0.493635529799999973	0.149027356500000013
4396463800	-0.49265169419999999	0.149843801299999996
4396465800	-0.493446901300000018	0.152586287999999987
4396467800	-0.491156118400000008	0.151647878200000003
4396469800	-0.491120209899999993	0.153380926299999998
4396471800	-0.491843517800000019	0.154057384500000005
4396473800	-0.49184859219999999	0.151551753099999992
4396475800	-0.492613461199999991	0.153976420000000003
4396477800	-0.493104156299999985	0.151751034000000007
4396479800	-0.49310604429999999	0.152638888599999994
4396481800	-0.491478583600000019	0.156254018999999994
4396483800	-0.492746009099999993	0.156448292799999999
4396485800	-0.49149211679999999	0.156590622200000001
4396487800	-0.489805987399999976	0.153900397500000008
4396489800	-0.491412849500000026	0.15707005739999999
4396491800	-0.494130664100000006	0.15876487689999999
4396493800	-0.493591925599999981	0.158011120599999999
4396495800	-0.489852696699999979	0.159828364499999986
4396497800	-0.490924392900000006	0.157511878999999994
4396499800	-0.489241336299999996	0.159525710500000001
4396501800	-0.491180044400000015	0.160583768900000007
4396503800	-0.490937155999999986	0.159236195100000005
4396505800	-0.492185117900000024	0.161308204000000011
4396507800	-0.490789805600000018	0.15980716049999999
4396509800	-0.491569304799999995	0.160502816800000003
4396511800	-0.490523717000000026	0.162167817299999989
4396513800	-0.490087039000000002	0.162251377599999996
4396515800	-0.490211544599999993	0.16288846600000001
4396517800	-0.492109569999999996	0.162177965400000013
4396519800	-0.488860874399999978	0.163928080599999998
4396521800	-0.490335698599999981	0.165175817100000011
4396523800	-0.491053332700000011	0.164969338699999996
4396525800	-0.489483694700000027	0.166307433700000007
4396527800	-0.490516478899999997	0.163823165599999987
4396529800	-0.493606019600000001	0.166432944199999988
4396531800	-0.490555255600000018	0.164860235500000007
4396533800	-0.489757425400000002	0.16591484070000001
4396535800	-0.490089077699999986	0.164487420200000012
4396537800	-0.489705058199999987	0.168147891500000007
4396539800	-0.488995795399999988	0.168110297800000003
4396541800	-0.490098429900000021	0.165933265999999996
4396543800	-0.490365224099999997	0.168609717599999986
4396545800	-0.488092902499999981	0.168148854900000005
4396547800	-0.489594605800000027	0.168793549099999995
4396549800	-0.490161885299999989	0.169670369999999987
4396551800	-0.490652689500000017	0.168688600200000011
4396553800	-0.488916856700000013	0.168634035500000001
4396555800	-0.488302432299999978	0.170305117099999986
4396557800	-0.488848968699999997	0.170881555200000007
4396559800	-0.489154476399999982	0.172538438500000002
4396561800	-0.486867895399999973	0.171822231800000003
4396563800	-0.489670174499999999	0.174186360900000003
4396565800	-0.487018735799999991	0.17290126950000001
4396567800	-0.487852776499999974	0.173253035700000002
4396569800	-0.489720054199999977	0.173491450399999997
4396571800	-0.487962726700000016	0.173837251599999992
4396573800	-0.489689471300000012	0.174124767200000002
4396575800	-0.488188714999999995	0.17624780579999999
4396577800	-0.486563349599999972	0.177238999600000002
4396579800	-0.487626442100000002	0.175159598999999999
4396581800	-0.487570589399999976	0.176236316300000001
4396583800	-0.486780175500000023	0.176183770999999989
4396585800	-0.487882132000000024	0.177333400299999999
4396587800	-0.487543866100000001	0.178536560499999997
4396589800	-0.485939673399999994	0.178697687500000008
4396591800	-0.488322112699999977	0.174749677699999995
4396593800	-0.487894139100000013	0.177880754199999991
4396595800	-0.487761570799999988	0.179261685700000006
4396597800	-0.487072898699999979	0.178579658899999993
4396599800	-0.486950558099999986	0.179005479200000012
4396601800	-0.486653672900000001	0.17890940159999999
4396603800	-0.486278431200000028	0.179589899500000011
4396605800	-0.486290796199999986	0.182265680799999996
4396607800	-0.486466962100000011	0.180312497399999994
4396609800	-0.488380569699999989	0.180750557099999987
4396611800	-0.485346952399999976	0.180235334599999991
4396613800	-0.486045504500000003	0.181400299699999989
4396615800	-0.485644058599999984	0.180793780799999998
4396617800	-0.487587962900000005	0.18353157610000001
4396619800	-0.486464735300000006	0.183832482600000013
4396621800	-0.485900929799999992	0.183814633499999991
4396623800	-0.487562364500000012	0.184175308199999999
4396625800	-0.485719523099999995	0.184241107399999993
4396627800	-0.485099901200000017	0.184723892899999992
4396629800	-0.484206964999999989	0.1867358187
4396631800	-0.485980855699999992	0.18636581029999999
4396633800	-0.48489681699999998	0.186103724100000006
4396635800	-0.486387626600000011	0.18716526289999999
4396637800	-0.484839870499999992	0.186373604500000012
4396639800	-0.4850316556	0.187126785600000012
4396641800	-0.48393210590000002	0.185296074700000007
4396643800	-0.485942813899999992	0.188175926100000002
4396645800	-0.485437849799999988	0.188054862900000008
4396647800	-0.483180809400000022	0.189115154600000002
4396649800	-0.483207143399999983	0.190089259199999999
4396651800	-0.483402751500000005	0.189621480700000011
4396653800	-0.481735583000000023	0.190369482199999995
4396655800	-0.485193993699999992	0.191118950300000007
4396657800	-0.481637557300000019	0.192326459899999996
4396659800	-0.483638359199999979	0.1895577175
4396661800	-0.485003296600000022	0.19120230660000001
4396663800	-0.484451335599999977	0.193561306099999997
4396665800	-0.483519162800000013	0.191783511500000003
4396667800	-0.484238235299999986	0.190884134000000011
4396669800	-0.482379225700000025	0.191129557499999991
4396671800	-0.482600169799999978	0.194978096999999989
4396673800	-0.483085455900000016	0.194877200499999986
4396675800	-0.483589009199999975	0.192783301099999999
4396677800	-0.485066160600000018	0.195017145499999989
4396679800	-0.482775791499999996	0.195035130000000001
4396681800	-0.483331715699999998	0.195154519299999996
4396683800	-0.480834603500000013	0.195253952099999989
4396685800	-0.482689495299999993	0.195069327300000012
4396687800	-0.481280042299999988	0.1953333508
4396689800	-0.480149250699999974	0.198033333400000011
4396691800	-0.480974088899999985	0.196097698699999989
4396693800	-0.481111441699999975	0.198888564999999989
4396695800	-0.480864404199999984	0.198966496900000012
4396697800	-0.48347257640000002	0.1985225662
4396699800	-0.481710109800000008	0.199985511199999993
4396701800	-0.48131028469999998	0.198070418500000012
4396703800	-0.482636003500000021	0.200105706299999991
4396705800	-0.480019831000000008	0.199497206700000013
4396707800	-0.480294768599999977	0.199806512200000008
4396709800	-0.480691155400000014	0.200693070499999987
4396711800	-0.480841664800000013	0.199626646500000005
4396713800	-0.481718065600000023	0.200307669699999996
4396715800	-0.479453571199999984	0.20270376570000001
4396717800	-0.481484677500000013	0.200681591599999987
4396719800	-0.479574447000000015	0.201555181100000008
4396721800	-0.4792002655	0.20225138170000001
4396723800	-0.4788807021	0.201078949099999987
4396725800	-0.480004323700000013	0.202516573499999991
4396727800	-0.480653063499999977	0.203213341299999989
4396729800	-0.480023620300000009	0.205571678400000013
4396731800	-0.478998247400000021	0.204879040799999995
4396733800	-0.482371955299999988	0.2051685127
4396735800	-0.47999222549999998	0.204667375699999987
4396737800	-0.478208334600000007	0.20443811449999999
4396739800	-0.479008464799999978	0.204582310200000006
4396741800	-0.479658960299999992	0.205410374400000012
4396743800	-0.478476789700000016	0.206902623499999994
4396745800	-0.477567347899999994	0.206618119099999997
4396747800	-0.478236243800000016	0.206934343900000012
4396749800	-0.478363625100000023	0.207059314500000008
4396751800	-0.478871081300000001	0.207975140700000005
4396753800	-0.477211687200000012	0.207967444000000001
4396755800	-0.479004669699999996	0.207874131299999987
4396757800	-0.478648387299999978	0.210090114500000008
4396759800	-0.478276881499999973	0.208491034500000005
4396761800	-0.47657271000000001	0.210233677199999996
4396763800	-0.476582908899999991	0.211062297799999993
4396765800	-0.475860451899999981	0.211630613400000001
4396767800	-0.478725119500000018	0.210305418200000011
4396769800	-0.475177669400000002	0.21008429649999999
4396771800	-0.476975773900000011	0.209342552999999987
4396773800	-0.478185855800000004	0.210540057100000011
4396775800	-0.477697749800000016	0.211886363900000013
4396777800	-0.476312263899999977	0.209981995899999996
4396779800	-0.475154934899999992	0.212544288299999995
4396781800	-0.476260459999999997	0.212881082199999988
4396783800	-0.477215067499999979	0.213503295799999993
4396785800	-0.473949339099999978	0.21013805390000001
4396787800	-0.474552447900000007	0.209429469600000001
4396789800	-0.473882001499999983	0.210247081400000008
4396791800	-0.474095148199999983	0.21109481120000001
4396793800	-0.473384934899999998	0.211056688800000003
4396795800	-0.474047491099999996	0.211143694200000009
4396797800	-0.474114827800000027	0.212804930799999986
4396799800	-0.472257427399999985	0.211765755400000005
4396801800	-0.472958631600000012	0.213039577899999999
4396803800	-0.473219217400000003	0.213226311499999988
