# freq, I e Q
6212983024	0.234914367699999987	-0.0105462482000000003
6212985024	0.234800440999999999	-0.00977328220000000039
6212987024	0.237962033399999995	-0.00952880639999999918
6212989024	0.238100672600000007	-0.00919329540000000077
6212991024	0.236777622999999993	-0.0100096481000000008
6212993024	0.236830867800000011	-0.0126981763000000008
6212995024	0.23394997540000001	-0.00898953209999999933
6212997024	0.237489823300000014	-0.0167030149000000003
6212999024	0.234263221800000004	-0.0115711773000000007
6213001024	0.234694160000000013	-0.0158328795000000008
6213003024	0.236465130800000006	-0.0156574093000000011
6213005024	0.233994231699999999	-0.0128148971
6213007024	0.236381272599999998	-0.0137414783000000002
6213009024	0.231801947499999994	-0.0146963006999999996
6213011024	0.233399265599999989	-0.0133135965999999998
6213013024	0.231342071399999988	-0.0130108398
6213015024	0.234478498400000013	-0.0149369984999999997
6213017024	0.234672466999999996	-0.0133751666000000002
6213019024	0.233017871799999998	-0.0144188297
6213021024	0.230578222400000005	-0.0136750915000000001
6213023024	0.2330791153	-0.0121885594999999996
6213025024	0.22982947740000001	-0.0137284628000000006
6213027024	0.2354200075	-0.0160624224000000017
6213029024	0.2370241186	-0.0188125490000000013
6213031024	0.235331637799999993	-0.0149050493000000006
6213033024	0.233287752300000012	-0.0157924402000000005
6213035024	0.237725801600000008	-0.0165781454000000009
6213037024	0.23235779840000001	-0.0131408279000000006
6213039024	0.233440389800000009	-0.0159142113999999994
6213041024	0.236323408000000013	-0.0182503005000000003
6213043024	0.234374922799999996	-0.0210841488999999986
6213045024	0.234578131599999989	-0.0210912556000000008
6213047024	0.231296406499999996	-0.0182316419000000014
6213049024	0.234084609400000004	-0.0186863957000000004
6213051024	0.232398375800000001	-0.0187068352999999986
6213053024	0.234000184899999991	-0.0205616323000000004
6213055024	0.233738830000000009	-0.0182685812000000017
6213057024	0.234601057000000002	-0.0165276011999999986
6213059024	0.236566104999999999	-0.0196341875999999985
6213061024	0.234168294299999996	-0.0202917502
6213063024	0.236155367799999988	-0.0235381749000000001
6213065024	0.235540592399999998	-0.0158430222999999988
6213067024	0.236158428199999992	-0.0192320614000000001
6213069024	0.235143847399999995	-0.0201114421000000015
6213071024	0.231059391899999994	-0.0177827495000000002
6213073024	0.230849804500000005	-0.0204249072999999996
6213075024	0.230607383500000013	-0.0216328775999999993
6213077024	0.232800136200000007	-0.0200529789999999986
6213079024	0.233905380999999996	-0.0226570068000000006
6213081024	0.234362354299999992	-0.0205753076999999999
6213083024	0.231365645399999986	-0.0223362564000000006
6213085024	0.236626971200000008	-0.018593802999999999
6213087024	0.234411306799999997	-0.0215022162000000003
6213089024	0.23653442320000001	-0.0256714099000000008
6213091024	0.233729295000000004	-0.0184580872999999986
6213093024	0.232956549799999996	-0.0242434293999999988
6213095024	0.233624556799999994	-0.0199781864000000003
6213097024	0.230736232099999994	-0.0225653009000000015
6213099024	0.2321413326	-0.0240039252000000015
6213101024	0.237965570399999993	-0.0251792251999999987
6213103024	0.233673733999999994	-0.0258744134999999986
6213105024	0.234674899800000003	-0.0235637305999999991
6213107024	0.232876099800000014	-0.0237298508999999984
6213109024	0.234407154400000012	-0.0225399738999999995
6213111024	0.235449457400000006	-0.0238715205
6213113024	0.231698766299999998	-0.0246830448000000015
6213115024	0.230148331900000003	-0.0270943860000000016
6213117024	0.233016349499999997	-0.0253212353999999994
6213119024	0.232540419800000009	-0.0244648826000000014
6213121024	0.236662597499999988	-0.0271081409999999988
6213123024	0.231155463300000003	-0.0229242844000000015
6213125024	0.233218666699999994	-0.0222110499000000017
6213127024	0.234687690700000007	-0.0264765598000000005
6213129024	0.232635671999999988	-0.0245933483999999994
6213131024	0.234899269800000005	-0.0241386685999999996
6213133024	0.233983653200000002	-0.0238951677000000008
6213135024	0.235308091999999996	-0.0248314671999999986
6213137024	0.232031524300000014	-0.0266915048999999995
6213139024	0.231793774799999991	-0.0316126402000000001
6213141024	0.2297854691	-0.0316903070000000009
6213143024	0.229842637300000013	-0.0276876731000000008
6213145024	0.232317239000000009	-0.0300579914000000011
6213147024	0.232248122800000012	-0.032897172199999998
6213149024	0.233624249899999997	-0.0280437663999999996
6213151024	0.235829154000000013	-0.0321968884999999996
6213153024	0.230087799199999998	-0.0290886809000000003
6213155024	0.233011839500000012	-0.0299655162000000003
6213157024	0.234567733599999995	-0.0315221424000000014
6213159024	0.233709583299999996	-0.0328746266999999995
6213161024	0.233259445499999996	-0.0287522334000000004
6213163024	0.233143053099999997	-0.0325906266999999999
6213165024	0.232351981399999991	-0.0317440974999999986
6213167024	0.232562952500000003	-0.030051331399999999
6213169024	0.231475807499999992	-0.0318334333999999997
6213171024	0.230438548699999995	-0.0307575029999999985
6213173024	0.234610120499999991	-0.0347944965000000009
6213175024	0.235560204699999998	-0.0319604901000000025
6213177024	0.233689489899999991	-0.0298938434000000017
6213179024	0.235832774599999989	-0.0341560792000000016
6213181024	0.233821660399999992	-0.0310352498000000011
6213183024	0.235628866800000003	-0.0330990882000000014
6213185024	0.230312070300000005	-0.0296334767000000013
6213187024	0.231301178999999996	-0.0312525099000000028
6213189024	0.233037475299999991	-0.0274605865999999997
6213191024	0.230115358399999997	-0.0342151523999999971
6213193024	0.233572528700000004	-0.0358560176999999994
6213195024	0.230498848899999997	-0.0330239872000000004
6213197024	0.231412387500000011	-0.0340585277000000006
6213199024	0.231463005400000005	-0.0384409127000000031
6213201024	0.232012027700000012	-0.0354188251999999967
6213203024	0.230417345400000001	-0.0397104496999999973
6213205024	0.231344094	-0.0360353647999999971
6213207024	0.232200983	-0.0323731069999999982
6213209024	0.228624466599999993	-0.038574022999999999
6213211024	0.23334473	-0.0353380967000000018
6213213024	0.234644161600000012	-0.0408185031000000004
6213215024	0.233896128000000009	-0.0363662973000000028
6213217024	0.231556201299999986	-0.0382520542999999977
6213219024	0.229905279200000007	-0.0361958116000000024
6213221024	0.229433871700000014	-0.0408603525999999967
6213223024	0.231812539900000003	-0.0385080547999999967
6213225024	0.235413711599999992	-0.035921948799999999
6213227024	0.228776349500000004	-0.0397365608000000009
6213229024	0.227839001799999996	-0.0426774318999999999
6213231024	0.230532983299999994	-0.0380704571999999977
6213233024	0.228202472099999998	-0.0389106196000000015
6213235024	0.228136687899999996	-0.0398808024999999997
6213237024	0.232091518800000007	-0.0427109268
6213239024	0.231230723199999988	-0.0409046032000000004
6213241024	0.227380544099999998	-0.0397921234999999984
6213243024	0.230947571099999999	-0.0403677506000000019
6213245024	0.229143781699999993	-0.040876708099999999
6213247024	0.231918182499999986	-0.0397065308000000006
6213249024	0.230022577799999989	-0.0445097279999999984
6213251024	0.236628026600000013	-0.0412950565999999977
6213253024	0.232576795599999997	-0.0428592556
6213255024	0.233002119899999999	-0.0405527181999999972
6213257024	0.229531505699999999	-0.0415062225000000021
6213259024	0.23344364170000001	-0.0438611178000000018
6213261024	0.229947399299999994	-0.0405650021999999985
6213263024	0.228516807699999991	-0.042956011500000002
6213265024	0.226122116399999989	-0.0433331709000000023
6213267024	0.227962825499999994	-0.0434384494000000024
6213269024	0.228300158599999997	-0.0441618078000000011
6213271024	0.231983725599999996	-0.0460740103000000026
6213273024	0.230959343099999992	-0.0477970165999999988
6213275024	0.229172334799999988	-0.0437630452000000031
6213277024	0.229518683800000012	-0.0454553788000000014
6213279024	0.228944773900000009	-0.0445434559000000008
6213281024	0.230049309300000004	-0.0483963078999999977
6213283024	0.228294451399999987	-0.0419472365999999999
6213285024	0.229601939100000013	-0.0480267083999999997
6213287024	0.228487204400000005	-0.0476603478000000025
6213289024	0.227075631	-0.0495610111999999978
6213291024	0.231776980800000004	-0.0495519795999999971
6213293024	0.230478635999999987	-0.0486576203999999971
6213295024	0.227961790299999995	-0.0502739489999999983
6213297024	0.227746192799999997	-0.0479531890000000002
6213299024	0.226339298500000008	-0.0525420871000000025
6213301024	0.230844318599999987	-0.0514143879999999984
6213303024	0.228643552500000014	-0.0503719266999999998
6213305024	0.227825499099999995	-0.0505427592000000023
6213307024	0.227528898899999998	-0.0498178452999999966
6213309024	0.227955292300000001	-0.0511309922999999972
6213311024	0.227591213999999986	-0.0501557456000000026
6213313024	0.227674728100000001	-0.0471973437999999995
6213315024	0.227519579899999991	-0.0488008686999999997
6213317024	0.227893984500000008	-0.0513913154999999996
6213319024	0.225952930899999987	-0.0520799943000000015
6213321024	0.227019036000000007	-0.0515391550000000032
6213323024	0.225193589299999997	-0.0528247047999999969
6213325024	0.229335960799999988	-0.0517889561999999998
6213327024	0.223949007700000008	-0.0536182373999999976
6213329024	0.227293331399999993	-0.0522512902000000015
6213331024	0.228696151200000003	-0.0516423615999999988
6213333024	0.222924970199999989	-0.0546457864000000001
6213335024	0.23001929539999999	-0.0527962267999999985
6213337024	0.225271998599999995	-0.0553585004999999977
6213339024	0.223966675199999993	-0.0572799219000000026
6213341024	0.229057638099999988	-0.0546985658000000013
6213343024	0.225172697599999999	-0.0626258014000000002
6213345024	0.226130931099999988	-0.0575689283000000024
6213347024	0.226863230700000001	-0.0592070974999999999
6213349024	0.224728731799999998	-0.0574122826999999974
6213351024	0.224499112599999995	-0.057552917000000002
6213353024	0.227039861199999998	-0.0604087851000000009
6213355024	0.22204098450000001	-0.0567749260000000033
6213357024	0.229345235099999989	-0.0576321580999999972
6213359024	0.223870427399999988	-0.0572395637000000027
6213361024	0.224107647800000004	-0.0602778892999999982
6213363024	0.222319701199999997	-0.0589081215000000005
6213365024	0.225505533899999999	-0.060152662699999998
6213367024	0.228090089400000001	-0.0610247754000000017
6213369024	0.225170195099999998	-0.0570376783999999998
6213371024	0.223755650199999989	-0.0628581945000000059
6213373024	0.227354875000000012	-0.0598249687000000016
6213375024	0.2245454962	-0.0613811809999999999
6213377024	0.225687473999999999	-0.0604778918000000026
6213379024	0.221846344800000012	-0.0626184907000000013
6213381024	0.221667265299999999	-0.0623155160000000014
6213383024	0.223737231300000006	-0.0606184752000000007
6213385024	0.221543401400000006	-0.0625664994999999974
6213387024	0.222935416800000008	-0.0638190606999999993
6213389024	0.227003202300000012	-0.0623932957999999982
6213391024	0.2254113227	-0.0665908622000000033
6213393024	0.224709288099999988	-0.0624098916000000031
6213395024	0.222405860499999997	-0.0640129163999999945
6213397024	0.22225670119999999	-0.0658695886999999952
6213399024	0.221801306899999995	-0.0665469286999999937
6213401024	0.220752122100000003	-0.0686009533999999976
6213403024	0.224026176399999999	-0.0687024608000000037
6213405024	0.221774277500000006	-0.0649733356000000012
6213407024	0.220790101399999994	-0.0705119243000000007
6213409024	0.221243996500000012	-0.0666325797999999941
6213411024	0.224140890199999998	-0.0655636983000000007
6213413024	0.220338790300000004	-0.0705079319999999954
6213415024	0.221370276899999996	-0.0649082638000000045
6213417024	0.221973547500000007	-0.0699672836999999936
6213419024	0.219109787	-0.0689459649999999979
6213421024	0.220090595800000011	-0.0683338893000000058
6213423024	0.220717595600000011	-0.0723277385999999967
6213425024	0.221598394400000009	-0.0689928464000000019
6213427024	0.220395507399999996	-0.0679837395000000011
6213429024	0.219548676700000001	-0.0700792888999999947
6213431024	0.217074916000000007	-0.0728917211999999953
6213433024	0.220628238199999993	-0.0726860084999999961
6213435024	0.222240298800000013	-0.0710821226000000056
6213437024	0.221698957400000007	-0.0682600124999999947
6213439024	0.217386300599999999	-0.070736636399999997
6213441024	0.215784214700000004	-0.0719540988999999992
6213443024	0.219086828700000014	-0.0677243497000000055
6213445024	0.218805938799999988	-0.0742551241000000001
6213447024	0.220099224300000007	-0.0732275475000000037
6213449024	0.220061594199999988	-0.0726138627000000036
6213451024	0.216740017400000012	-0.071310949999999998
6213453024	0.2205219021	-0.0714082917000000011
6213455024	0.219404160200000004	-0.0726738853000000046
6213457024	0.218887603200000003	-0.0715711136999999942
6213459024	0.215223289300000009	-0.0802905879000000017
6213461024	0.220689527699999999	-0.0731580257000000039
6213463024	0.217458414399999994	-0.0771054709999999949
6213465024	0.215024058399999995	-0.0767778972999999948
6213467024	0.21154329220000001	-0.0744817745000000003
6213469024	0.214108805900000004	-0.0768630599000000025
6213471024	0.218160349000000003	-0.0779685519000000021
6213473024	0.221256090399999994	-0.0788868028999999971
6213475024	0.216480201499999997	-0.0760970395999999993
6213477024	0.213557147400000008	-0.0800502614000000029
6213479024	0.216174197900000004	-0.0768204685000000026
6213481024	0.214955778300000011	-0.0808723972000000013
6213483024	0.217096438199999991	-0.0787255637999999952
6213485024	0.213798730299999989	-0.080463104399999999
6213487024	0.213935942800000001	-0.0826802499000000024
6213489024	0.21397731410000001	-0.0800207220999999969
6213491024	0.214047886100000001	-0.0793327575000000035
6213493024	0.212840974999999988	-0.0818931856000000014
6213495024	0.210821962899999993	-0.0791126099000000055
6213497024	0.211952677099999987	-0.0832490265999999979
6213499024	0.214274218699999991	-0.0870685793999999985
6213501024	0.212970476800000003	-0.082882663800000006
6213503024	0.216184032400000004	-0.0811834022999999988
6213505024	0.214682758299999998	-0.0829841587000000047
6213507024	0.213547916300000001	-0.0832595582000000001
6213509024	0.210421319299999993	-0.0843838685999999949
6213511024	0.212272393300000001	-0.0853135738999999949
6213513024	0.210831115799999996	-0.0884363819999999939
6213515024	0.208700642600000014	-0.0870321760000000028
6213517024	0.209171146199999991	-0.0854456977000000034
6213519024	0.209624588299999998	-0.0873737975000000028
6213521024	0.211233494900000013	-0.0862032578999999965
6213523024	0.207118893999999998	-0.0903001025000000068
6213525024	0.209843419799999986	-0.0893809977000000061
6213527024	0.210226434500000003	-0.0889656511999999955
6213529024	0.2058941933	-0.0863272979000000024
6213531024	0.207725944899999987	-0.091431401999999995
6213533024	0.205010668000000007	-0.0889978569999999997
6213535024	0.20814893570000001	-0.0901807037999999977
6213537024	0.211240889200000004	-0.0929435812999999944
6213539024	0.203193905300000005	-0.089226763099999995
6213541024	0.209576068000000004	-0.0909408156000000023
6213543024	0.208108480799999995	-0.0901063109000000001
6213545024	0.205836069799999993	-0.0916004217999999981
6213547024	0.204379941900000001	-0.0924360305999999965
6213549024	0.20705905220000001	-0.0915557872999999967
6213551024	0.203297586899999994	-0.0911813722999999937
6213553024	0.204681870799999999	-0.0916500578999999982
6213555024	0.207457201099999988	-0.0948557069999999974
6213557024	0.203533833500000011	-0.0952000880000000022
6213559024	0.204484635400000003	-0.0912505537000000005
6213561024	0.202822665200000002	-0.0980297616000000011
6213563024	0.203511001500000011	-0.0953726144999999942
6213565024	0.203167464299999989	-0.0957625245000000014
6213567024	0.202227781800000006	-0.0960141848999999936
6213569024	0.200758316399999998	-0.0950429341999999983
6213571024	0.20161369509999999	-0.097158847399999998
6213573024	0.200476535600000005	-0.0994368169000000024
6213575024	0.20095886730000001	-0.0967498236000000067
6213577024	0.202761157100000006	-0.100471256300000006
6213579024	0.197041994599999992	-0.101116709700000001
6213581024	0.19858833540000001	-0.0971378499000000034
6213583024	0.198455227399999989	-0.0984197101999999963
6213585024	0.204056291100000009	-0.102732059099999995
6213587024	0.194513018499999996	-0.100531789100000005
6213589024	0.197357582599999998	-0.104151102100000004
6213591024	0.201981194800000013	-0.104016651500000001
6213593024	0.194946470900000002	-0.103463339900000006
6213595024	0.195154211900000013	-0.100343483900000002
6213597024	0.193095397499999988	-0.100891214199999996
6213599024	0.195138051700000009	-0.102149766000000003
6213601024	0.196401604099999988	-0.102254075400000005
6213603024	0.189911339799999995	-0.108055134299999994
6213605024	0.191979565299999988	-0.103107994699999997
6213607024	0.192345548799999988	-0.104321047599999994
6213609024	0.199125750500000004	-0.106323377299999994
6213611024	0.193256169199999994	-0.106277829200000007
6213613024	0.191803549200000006	-0.110414306099999998
6213615024	0.1901159241	-0.105231257199999997
6213617024	0.194144336800000011	-0.109284914600000005
6213619024	0.191914199600000002	-0.107902223000000005
6213621024	0.188608683999999999	-0.106473611900000001
6213623024	0.189675755299999999	-0.104903098099999995
6213625024	0.18430006169999999	-0.109931224600000002
6213627024	0.188246727499999988	-0.109460973899999994
6213629024	0.188473738499999988	-0.106531618499999994
6213631024	0.189312211300000005	-0.109014060699999998
6213633024	0.181498442799999993	-0.107765533199999999
6213635024	0.183681962700000007	-0.106103745900000004
6213637024	0.183441716100000013	-0.109446344799999998
6213639024	0.186106228499999998	-0.109827105499999994
6213641024	0.186715441499999996	-0.107076023500000006
6213643024	0.180819305699999988	-0.111945628500000005
6213645024	0.181842743299999998	-0.115624967400000001
6213647024	0.180092764799999999	-0.1139529128
6213649024	0.185155338800000013	-0.112906304400000004
6213651024	0.183567097099999993	-0.114892908399999993
6213653024	0.180819389899999988	-0.115531936299999999
6213655024	0.179684630099999992	-0.114411160600000006
6213657024	0.180653977399999999	-0.115435754000000002
6213659024	0.177413454400000004	-0.112752170700000001
6213661024	0.17924896709999999	-0.114208015800000007
6213663024	0.178458412300000008	-0.113642837499999996
6213665024	0.177043346299999987	-0.117228858599999999
6213667024	0.174455483299999992	-0.115722636500000003
6213669024	0.173920191700000004	-0.114210206300000006
6213671024	0.176659881399999996	-0.117600774000000005
6213673024	0.175528173600000004	-0.118747757800000006
6213675024	0.174465466200000002	-0.116419450300000005
6213677024	0.173804962300000004	-0.1171923463
6213679024	0.171031044900000012	-0.120880508400000003
6213681024	0.173071954500000014	-0.120958573900000005
6213683024	0.165216112500000012	-0.120073384000000005
6213685024	0.169835259999999988	-0.116709035399999994
6213687024	0.168421508100000006	-0.121718864699999998
6213689024	0.166929152999999997	-0.1187774464
6213691024	0.169152934899999996	-0.117250155600000003
6213693024	0.170795893199999993	-0.121294394999999999
6213695024	0.16869883690000001	-0.117960335200000002
6213697024	0.166377807300000014	-0.119660532099999994
6213699024	0.165784920800000013	-0.119498530500000005
6213701024	0.162213439399999992	-0.118426480400000006
6213703024	0.167736690100000002	-0.122606179600000004
6213705024	0.162736211399999997	-0.120057592300000002
6213707024	0.160080223999999993	-0.121460325899999999
6213709024	0.158369725999999988	-0.122513621899999994
6213711024	0.160537187299999995	-0.121945013500000005
6213713024	0.15506408129999999	-0.124892189099999995
6213715024	0.155069154699999989	-0.122835514000000007
6213717024	0.160325947200000013	-0.121998487599999997
6213719024	0.153876606199999988	-0.124820253399999997
6213721024	0.150784204899999996	-0.123067389900000004
6213723024	0.154946664399999989	-0.123278706900000007
6213725024	0.152395155899999996	-0.126377945800000002
6213727024	0.152971051400000002	-0.123929194000000006
6213729024	0.145983801200000013	-0.126231004899999999
6213731024	0.152196945700000003	-0.125261727099999998
6213733024	0.151595122999999998	-0.121260137000000004
6213735024	0.149949399700000013	-0.126391928900000006
6213737024	0.146084144999999999	-0.122447400200000001
6213739024	0.14741752159999999	-0.126077154800000008
6213741024	0.146643230399999991	-0.126846258399999995
6213743024	0.14512439399999999	-0.1238428008
6213745024	0.142391407999999997	-0.126897595299999999
6213747024	0.140761775199999994	-0.126674026699999998
6213749024	0.14280479900000001	-0.12817161869999999
6213751024	0.138672765599999998	-0.1228325906
6213753024	0.137775945600000005	-0.129291702600000002
6213755024	0.13565326459999999	-0.128812106799999992
6213757024	0.139767014800000006	-0.127944607900000007
6213759024	0.136488591999999992	-0.123461708399999995
6213761024	0.134553371799999988	-0.129365459500000002
6213763024	0.132653757300000008	-0.127865370700000008
6213765024	0.133204412699999997	-0.126317807700000007
6213767024	0.132291395799999989	-0.127334360899999999
6213769024	0.132609854400000005	-0.127575336900000003
6213771024	0.128734125599999999	-0.124314564599999997
6213773024	0.136535052399999995	-0.1297271428
6213775024	0.126696565600000005	-0.123943264499999997
6213777024	0.128334222500000011	-0.127934272799999998
6213779024	0.125124739200000001	-0.126023008200000008
6213781024	0.125169917200000008	-0.127091824699999995
6213783024	0.120431075600000007	-0.123978302999999998
6213785024	0.125801170399999995	-0.128350138100000011
6213787024	0.120003807300000001	-0.123358094599999996
6213789024	0.119043528300000007	-0.125932369900000007
6213791024	0.119786874000000002	-0.124443091399999997
6213793024	0.119053305600000006	-0.124142119600000003
6213795024	0.117739226799999999	-0.125616292500000004
6213797024	0.114028523699999995	-0.124338213599999997
6213799024	0.113153009900000004	-0.124287037599999997
6213801024	0.112696050500000006	-0.120404968700000004
6213803024	0.111974356499999997	-0.124332629400000005
6213805024	0.117489433399999996	-0.123187970800000005
6213807024	0.110908733499999995	-0.121649760100000004
6213809024	0.109895314199999997	-0.120233925399999997
6213811024	0.1102141861	-0.118493507299999995
6213813024	0.099658071599999995	-0.120191962900000004
6213815024	0.106084651099999996	-0.119276273599999996
6213817024	0.102787958999999998	-0.121291280099999996
6213819024	0.102001435700000004	-0.125857153599999994
6213821024	0.096925064500000005	-0.118617180399999994
6213823024	0.100511260599999999	-0.118459951600000002
6213825024	0.0964372346000000047	-0.116914771299999998
6213827024	0.0926786019000000044	-0.116781120399999994
6213829024	0.0944947327999999948	-0.119132527700000004
6213831024	0.0940442524999999946	-0.119830491499999997
6213833024	0.0935788228000000027	-0.117567595799999994
6213835024	0.089235268699999995	-0.114353120200000005
6213837024	0.0892827758000000055	-0.113214495799999995
6213839024	0.0890145922000000062	-0.114110909299999994
6213841024	0.0921932460000000065	-0.112293834699999998
6213843024	0.0860477709999999951	-0.112999870399999994
6213845024	0.0827314740999999937	-0.1113452043
6213847024	0.0859037906000000018	-0.113225667799999999
6213849024	0.0886416297999999964	-0.110160663500000006
6213851024	0.0860531699000000039	-0.109068195399999998
6213853024	0.0830817806999999964	-0.108824354400000003
6213855024	0.0819947604000000052	-0.111773639300000005
6213857024	0.0793600321000000053	-0.114319288699999994
6213859024	0.0791644764999999972	-0.109922378099999996
6213861024	0.0769218395000000055	-0.103977028599999993
6213863024	0.0744399451999999962	-0.102362891100000006
6213865024	0.0738922335999999957	-0.101075246800000004
6213867024	0.072184013199999994	-0.100745685200000004
6213869024	0.0737015015000000023	-0.100519127900000005
6213871024	0.076404429900000001	-0.0995231121999999996
6213873024	0.0712038021999999993	-0.102062013199999996
6213875024	0.0674407600000000024	-0.101122671499999997
6213877024	0.0690434246999999945	-0.096154287300000002
6213879024	0.0697485189000000005	-0.0961593404000000013
6213881024	0.0677535893999999944	-0.0961294904999999977
6213883024	0.0687900528000000011	-0.0965802605999999952
6213885024	0.0661033880999999934	-0.0949740715000000069
6213887024	0.063933082799999999	-0.0942158706999999956
6213889024	0.0655871928999999937	-0.0938391586999999944
6213891024	0.0630008717000000024	-0.0888053094999999987
6213893024	0.0647182904999999975	-0.0893068147000000007
6213895024	0.0646901878000000069	-0.0877960948999999963
6213897024	0.0642408005999999948	-0.0858581952999999953
6213899024	0.0586802391999999978	-0.0859020573999999953
6213901024	0.0576738974000000001	-0.0808848793000000038
6213903024	0.0581268294999999977	-0.0791979572999999964
6213905024	0.0548468942000000029	-0.0799179222999999994
6213907024	0.0572592794000000016	-0.0748778191000000065
6213909024	0.0568108054999999987	-0.0730889876999999966
6213911024	0.0591570926999999969	-0.0785261861000000061
6213913024	0.0532916266999999971	-0.0747052626999999969
6213915024	0.0554385244000000013	-0.0787289005000000042
6213917024	0.051964941700000003	-0.0694342805000000007
6213919024	0.051969956400000003	-0.0700552225000000001
6213921024	0.0514423479999999989	-0.072653535800000002
6213923024	0.0524908415000000031	-0.0710746632999999933
6213925024	0.0522214152999999973	-0.0685231622999999956
6213927024	0.0522678104999999976	-0.0626074182000000007
6213929024	0.0500598230999999977	-0.0642485970999999989
6213931024	0.0524596447000000021	-0.0635270676000000006
6213933024	0.0490230738999999985	-0.0624815587000000019
6213935024	0.0506319364000000008	-0.0596707989999999966
6213937024	0.0440463566000000029	-0.0578410474999999993
6213939024	0.0487014435999999981	-0.0523959563999999989
6213941024	0.0491426410000000008	-0.0576078764000000007
6213943024	0.0501317229000000017	-0.052237446899999998
6213945024	0.0501939653999999985	-0.0564197940000000023
6213947024	0.0482595661999999995	-0.0507231354000000009
6213949024	0.048658591000000001	-0.0504671961000000002
6213951024	0.0488940242999999983	-0.0518895788000000024
6213953024	0.0488495699000000005	-0.0432608600999999995
6213955024	0.047248796099999997	-0.0464563924999999989
6213957024	0.0471424978000000022	-0.041103840099999997
6213959024	0.0478055777999999987	-0.0498007432999999985
6213961024	0.0500528386999999977	-0.0433290090000000017
6213963024	0.0488145931999999991	-0.0404261466999999985
6213965024	0.0473320938999999968	-0.0403179434000000003
6213967024	0.0491287207000000031	-0.0356527889000000028
6213969024	0.0513725402999999983	-0.0426987527000000019
6213971024	0.0479389927000000021	-0.0297382326999999988
6213973024	0.047421662199999999	-0.0327932937999999979
6213975024	0.0513080122000000027	-0.028422812799999999
6213977024	0.046455521399999998	-0.0314493824999999977
6213979024	0.0488833392000000005	-0.0283944993000000007
6213981024	0.049585684900000003	-0.027064382599999999
6213983024	0.0486567545999999976	-0.0198841012999999983
6213985024	0.0494422424999999971	-0.0238372126999999989
6213987024	0.0487994848000000009	-0.0234489186000000002
6213989024	0.0492662109999999973	-0.0229613762000000013
6213991024	0.0500646011000000016	-0.0228508567000000017
6213993024	0.0464699968000000033	-0.0172907971000000014
6213995024	0.0577431371000000013	-0.0187042117000000008
6213997024	0.0526136143000000001	-0.0149072331999999998
6213999024	0.0499258626999999969	-0.0149288727999999996
6214001024	0.0526644066999999994	-0.0180224588999999998
6214003024	0.0533569569000000021	-0.00912698169999999996
6214005024	0.0536109290000000016	-0.0128848474999999994
6214007024	0.0548999044999999991	-0.00777819659999999958
6214009024	0.0559509880000000001	-0.0104732799000000001
6214011024	0.056438936000000002	-0.00664353129999999993
6214013024	0.0571755248000000021	-0.00465667109999999985
6214015024	0.0583005654999999984	-0.00227153399999999997
6214017024	0.0583684180999999996	-0.0013474502000000001
6214019024	0.0580082024000000002	-0.000179657100000000012
6214021024	0.0571999685999999979	-0.00429874129999999969
6214023024	0.0593985050999999986	-0.00200963870000000003
6214025024	0.0622977918000000019	0.0025057453999999999
6214027024	0.0588277061000000018	-0.000709369600000000046
6214029024	0.061707287399999998	0.00115146239999999993
6214031024	0.062094117800000001	0.00393980099999999972
6214033024	0.0626475771000000042	0.0022599514999999998
6214035024	0.0630560066000000058	0.00500442450000000011
6214037024	0.0660090945999999984	0.00782584149999999978
6214039024	0.0684593413999999983	0.00900545129999999992
6214041024	0.0643274434000000034	0.00488791810000000024
6214043024	0.0687507135999999991	0.0103935749000000008
6214045024	0.0637217411000000067	0.00747123830000000037
6214047024	0.0653283486000000024	0.00839880160000000021
6214049024	0.0682685043000000047	0.0117022381999999994
6214051024	0.0704306990999999938	0.0149574183000000006
6214053024	0.0686684401999999999	0.0106467426999999996
6214055024	0.0707458482000000027	0.0119721514000000005
6214057024	0.0744429999999999953	0.0169034469000000007
6214059024	0.0742438633999999986	0.0141915028999999998
6214061024	0.0780296223999999983	0.0184934598000000006
6214063024	0.0735072962999999968	0.0197117706999999989
6214065024	0.080121311099999995	0.0207697368999999986
6214067024	0.0756457113999999958	0.0189287615999999999
6214069024	0.0805554770000000003	0.0217238953000000005
6214071024	0.0758204685999999961	0.0219472666999999989
6214073024	0.0796823430000000027	0.0188598157000000009
6214075024	0.0806707698999999945	0.0210866718000000015
6214077024	0.0816857742999999997	0.0188089695000000015
6214079024	0.0821224846000000036	0.021545722199999999
6214081024	0.0807901362000000012	0.0248048563999999985
6214083024	0.0823956388999999984	0.0251964780999999992
6214085024	0.086862913299999997	0.0271093869000000008
6214087024	0.0848500373999999946	0.0252319387000000013
6214089024	0.0879387739000000029	0.0227511359000000003
6214091024	0.0879153379000000013	0.0274865536000000014
6214093024	0.090038549999999995	0.0299029633000000017
6214095024	0.0912997940000000036	0.0295407510999999984
6214097024	0.0874855987999999946	0.0263764629000000014
6214099024	0.0922082892000000015	0.0266168783999999985
6214101024	0.0940331149000000061	0.0310102327000000011
6214103024	0.0937296457000000027	0.0276670882999999999
6214105024	0.091710693900000001	0.0283065925999999995
6214107024	0.0954332378999999953	0.0285944339999999984
6214109024	0.100506950999999997	0.0309072563000000015
6214111024	0.093301007500000005	0.0284103529999999993
6214113024	0.0923847685000000057	0.0309808669999999987
6214115024	0.0957513675000000036	0.027856939800000001
6214117024	0.101667415299999994	0.0349529229000000025
6214119024	0.0981955800999999989	0.0340018596000000034
6214121024	0.100851785700000002	0.0343804187999999997
6214123024	0.104632884900000001	0.0355378718999999968
6214125024	0.0980060157999999987	0.0286012027999999995
6214127024	0.100705314099999999	0.0334983625999999979
6214129024	0.100516465700000002	0.0363857895000000015
6214131024	0.101605850900000003	0.0330985490999999993
6214133024	0.109388786599999996	0.0339908943999999991
6214135024	0.1031121121	0.0375408029000000032
6214137024	0.101727126599999995	0.0332965947000000012
6214139024	0.110322130800000001	0.0335737580999999966
6214141024	0.110376572800000003	0.0360786415000000013
6214143024	0.111412965799999999	0.0367244983999999997
6214145024	0.110881007700000006	0.0340289589000000031
6214147024	0.110988169900000003	0.0365425045999999976
6214149024	0.107793025900000006	0.0385897201000000023
6214151024	0.116575018899999994	0.0345049715000000021
6214153024	0.113159074499999998	0.0382437565999999979
6214155024	0.112577919600000007	0.0343317901000000023
6214157024	0.113676300199999997	0.0402518198999999993
6214159024	0.119024945399999998	0.0363703210999999985
6214161024	0.116667540099999995	0.0347017307999999969
6214163024	0.116343961199999998	0.0368287804999999982
6214165024	0.119815034000000001	0.0354102027999999985
6214167024	0.119561706099999998	0.0364797327000000032
6214169024	0.117944909799999997	0.0381532227000000029
6214171024	0.117820359599999994	0.0355639078000000025
6214173024	0.121597945299999996	0.0388167176000000017
6214175024	0.119870790399999996	0.0386599803000000006
6214177024	0.125986700300000004	0.0415771517000000021
6214179024	0.122507262800000002	0.0393982714999999983
6214181024	0.124513581799999995	0.0384258592999999968
6214183024	0.125702090799999999	0.0361868877999999977
6214185024	0.120846925199999997	0.0416188764999999988
6214187024	0.127669977699999992	0.0374193638000000009
6214189024	0.130618573900000007	0.0394736115999999998
6214191024	0.129241345400000013	0.0359025275000000033
6214193024	0.129455379900000001	0.0367864941999999986
6214195024	0.127657231399999987	0.0391923870999999965
6214197024	0.130023770700000013	0.0415537351000000027
6214199024	0.130298197300000002	0.0398890069999999972
6214201024	0.132459567599999994	0.036829845600000001
6214203024	0.131892505100000001	0.038810954100000003
6214205024	0.132982563599999992	0.0373244626999999982
6214207024	0.135326677199999995	0.0381129755000000001
6214209024	0.134965402099999993	0.0393796260000000009
6214211024	0.133347989500000014	0.0383305036999999973
6214213024	0.1359354324	0.0375097715999999984
6214215024	0.139409268899999994	0.0375172272999999973
6214217024	0.134974540300000001	0.0382168916999999983
6214219024	0.14010494200000001	0.0358565493999999998
6214221024	0.135596921799999992	0.0374709647999999992
6214223024	0.13811724110000001	0.0362180548999999977
6214225024	0.13966991270000001	0.0363347998999999991
6214227024	0.13778429880000001	0.0356238019000000017
6214229024	0.14244512270000001	0.0352735734000000009
6214231024	0.140710769900000005	0.0377444540999999981
6214233024	0.140537479699999995	0.0374493950999999978
6214235024	0.143700489200000003	0.0327254718000000028
6214237024	0.143753899600000012	0.0392557595000000009
6214239024	0.145132190800000005	0.0372053723999999988
6214241024	0.140365186800000014	0.0323401676999999985
6214243024	0.140634696499999989	0.0381316167999999969
6214245024	0.144269136800000003	0.0377222358999999979
6214247024	0.142874858699999996	0.0351105159
6214249024	0.143857949900000004	0.0368887170000000014
6214251024	0.144845477700000003	0.0336570417000000011
6214253024	0.148808594699999991	0.038658401299999999
6214255024	0.145164647499999994	0.0334380630999999984
6214257024	0.151052754799999994	0.0322858130999999979
6214259024	0.1484232791	0.0358745253000000014
6214261024	0.147121933900000001	0.0360218043000000016
6214263024	0.149317475899999996	0.0353564508000000013
6214265024	0.147341641299999992	0.0365257790000000013
6214267024	0.149805928300000002	0.0378942321000000013
6214269024	0.15270128329999999	0.0351326528999999985
6214271024	0.148217264399999993	0.0367282592000000019
6214273024	0.151619412399999987	0.0326455969999999984
6214275024	0.15206170799999999	0.0354443300000000031
6214277024	0.149535635899999991	0.0339180609999999993
6214279024	0.150924511700000014	0.0332780727000000012
6214281024	0.1543486003	0.0328505137000000003
6214283024	0.157989773500000014	0.0337227422000000027
6214285024	0.155675166700000006	0.0328481434000000017
6214287024	0.15878434629999999	0.0335777815000000007
6214289024	0.15352462280000001	0.0319836582000000008
6214291024	0.155060941099999988	0.0333125220999999985
6214293024	0.156297892299999991	0.0347116427999999977
6214295024	0.15608886629999999	0.033131070700000001
6214297024	0.15811003609999999	0.0326707498999999971
6214299024	0.155469688599999989	0.0297436535000000016
6214301024	0.162520302199999994	0.0301825741999999994
6214303024	0.157251038799999993	0.0324893970000000032
6214305024	0.158203610699999997	0.0307906210999999985
6214307024	0.160871399299999995	0.0317778122999999996
6214309024	0.159450897000000008	0.0310724954000000005
6214311024	0.162375063399999991	0.0288989247999999997
6214313024	0.160538872500000013	0.0290589787999999995
6214315024	0.162708243299999999	0.0279859428
6214317024	0.163629137799999991	0.031678133800000001
6214319024	0.163988239499999994	0.0293285676999999988
6214321024	0.1638083189	0.028539099200000001
6214323024	0.166572505399999987	0.0245452669000000012
6214325024	0.164324404899999998	0.0286879108000000008
6214327024	0.163447104900000001	0.0300600253000000012
6214329024	0.166851873099999992	0.0276620651000000009
6214331024	0.163439309199999994	0.0301940843
6214333024	0.164294633699999998	0.0271898463999999986
6214335024	0.165530825699999995	0.0260360052000000002
6214337024	0.169044199700000009	0.0278538078999999994
6214339024	0.165358728399999988	0.0286058681000000009
6214341024	0.167594811199999999	0.0313711428000000014
6214343024	0.168527489000000003	0.029476740500000001
6214345024	0.1662148772	0.0247312672000000004
6214347024	0.171773096699999989	0.0286500509000000014
6214349024	0.169015555900000003	0.031634945400000003
6214351024	0.170017146400000013	0.0252742786999999997
6214353024	0.170483287000000011	0.0286036217000000016
6214355024	0.169305568900000009	0.0271613185
6214357024	0.163009866700000006	0.0270343255000000011
6214359024	0.171678418700000002	0.0274349961999999989
6214361024	0.170889173499999991	0.0265568586000000002
6214363024	0.169998757499999986	0.0274220542999999983
6214365024	0.170100811699999993	0.0228216629000000011
6214367024	0.172479001999999992	0.0269407111999999983
6214369024	0.175126689499999988	0.0261469644000000001
6214371024	0.169132311300000004	0.0217779880999999995
6214373024	0.174325549800000007	0.0246171945999999996
6214375024	0.174162287599999993	0.0237378866000000008
6214377024	0.175571899700000006	0.0263222679999999994
6214379024	0.173474455299999997	0.0250522069999999999
6214381024	0.170600231800000002	0.0232545359999999993
6214383024	0.174123476400000005	0.0214827731000000015
6214385024	0.172816965699999991	0.0228159453999999991
6214387024	0.175062519899999991	0.0246287092000000013
6214389024	0.170668406900000014	0.0217173355999999984
6214391024	0.172064574800000009	0.0216919619999999987
6214393024	0.177124527799999987	0.0229761485999999994
6214395024	0.174837848699999993	0.0197768777999999985
6214397024	0.17732277199999999	0.0232257220999999986
6214399024	0.177001370200000008	0.0214049715999999994
6214401024	0.177767643899999994	0.0203259041000000001
6214403024	0.175116354800000013	0.0227566436999999989
6214405024	0.178393829100000012	0.0201741624999999987
6214407024	0.174774914199999992	0.0226200878999999987
6214409024	0.179904120199999989	0.0212782798999999988
6214411024	0.17666006649999999	0.019671267499999999
6214413024	0.177370380699999997	0.0165024980000000009
6214415024	0.177511857899999986	0.0214376509000000007
6214417024	0.176150519100000014	0.0204204420000000005
6214419024	0.180110911099999993	0.0163786679000000011
6214421024	0.171833340499999987	0.0161345074000000012
6214423024	0.179192535699999989	0.0162245947000000008
6214425024	0.183468314599999988	0.0212161348000000013
6214427024	0.179152057599999998	0.020369991300000001
6214429024	0.179372513799999994	0.0185246183000000002
6214431024	0.177054634900000007	0.0189334810999999999
6214433024	0.184298416599999987	0.0140301617
6214435024	0.181148235299999988	0.0140485591999999996
6214437024	0.181536169400000003	0.0158445650000000014
6214439024	0.179267353800000001	0.0137410000999999993
6214441024	0.186424395900000012	0.0173641297000000014
6214443024	0.1815607095	0.0141178685999999998
6214445024	0.180835213200000011	0.0142211959000000006
6214447024	0.181376756700000002	0.0143952664000000004
6214449024	0.184778786	0.0138886099999999992
6214451024	0.18116847820000001	0.0143920282000000004
6214453024	0.18472512490000001	0.0155953689
6214455024	0.179908516299999988	0.0113009084000000003
6214457024	0.184548703799999991	0.0137784453000000008
6214459024	0.182406876500000009	0.0153760167
6214461024	0.185704517699999988	0.0128817377999999993
6214463024	0.1849265363	0.0107977870999999993
6214465024	0.184969320999999992	0.0155601777000000004
6214467024	0.184607466400000003	0.0115410918999999997
6214469024	0.181389840899999988	0.00944551939999999958
6214471024	0.182690305299999994	0.0108466077000000001
6214473024	0.18627155849999999	0.00849613119999999972
6214475024	0.18832786239999999	0.0134891358999999992
6214477024	0.184043924899999989	0.0110053387000000006
6214479024	0.186338030399999993	0.0127735136999999992
6214481024	0.186098382099999987	0.0106399267999999995
6214483024	0.187939875000000006	0.0119707856000000005
6214485024	0.185285138500000002	0.00978231790000000032
6214487024	0.187115185299999987	0.00933319170000000004
6214489024	0.187241065200000001	0.0138641218000000004
6214491024	0.188518840900000012	0.00804283209999999936
6214493024	0.188735657700000004	0.0150723291000000002
6214495024	0.188051136300000005	0.0101080492000000001
6214497024	0.188029430500000011	0.00877134350000000063
6214499024	0.189075982499999989	0.0121944503999999992
6214501024	0.188513838500000003	0.00633446439999999986
6214503024	0.188971056400000004	0.0124992948999999992
6214505024	0.189031445399999998	0.00788582990000000032
6214507024	0.190142717900000008	0.00953144920000000007
6214509024	0.187204796199999995	0.00605975100000000037
6214511024	0.188267649399999987	0.0109436731000000006
6214513024	0.187833669099999989	0.00539994450000000001
6214515024	0.190441216299999994	0.00915848030000000063
6214517024	0.189292384099999988	0.00694060790000000042
6214519024	0.189173531000000006	0.00849691680000000046
6214521024	0.188846321900000003	0.0051571268
6214523024	0.193619078999999999	0.00584395990000000001
6214525024	0.190760987699999995	0.00512444959999999988
6214527024	0.188744090700000006	0.00581403279999999963
6214529024	0.189327245599999999	0.00581367109999999989
6214531024	0.190310641100000011	0.00742603399999999976
6214533024	0.191265449300000001	0.00705082729999999963
6214535024	0.1911088658	0.0045803424000000004
6214537024	0.188031052899999995	0.00357539119999999988
6214539024	0.190133750600000012	0.00401657200000000037
6214541024	0.192941832099999988	0.00717439780000000017
6214543024	0.192320343000000005	0.00687898660000000033
6214545024	0.190318609500000013	0.00427304070000000032
6214547024	0.19457784480000001	0.00887667510000000014
6214549024	0.193349108999999991	0.00364503020000000013
6214551024	0.194371013199999998	-0.000295395200000000014
6214553024	0.193433819099999987	0.00140634609999999998
6214555024	0.195235495000000009	0.00341045809999999993
6214557024	0.193670069700000003	0.00228978219999999982
6214559024	0.192453778399999997	0.00115697809999999995
6214561024	0.190840944300000009	0.00163370909999999993
6214563024	0.190216874899999999	0.0045739092000000002
6214565024	0.194320024099999988	-0.000861548999999999974
6214567024	0.191859797700000001	-0.00278111180000000001
6214569024	0.189690628199999989	-0.000535719600000000027
6214571024	0.187867061000000002	-0.000381388300000000023
6214573024	0.191415521000000005	0.00123370240000000007
6214575024	0.191339319899999999	-0.000827688499999999988
6214577024	0.196887061599999996	-0.000692042099999999952
6214579024	0.194379052400000002	0.00215965729999999983
6214581024	0.195900892900000012	0.00110185259999999994
6214583024	0.195938830400000014	-0.00382486429999999997
6214585024	0.193342402299999994	-0.000817273400000000007
6214587024	0.193940285399999995	-9.36870000000000061e-06
6214589024	0.196091966600000001	-0.000641600200000000051
6214591024	0.194338444400000004	-0.00223833809999999991
6214593024	0.198675704400000014	-2.36760999999999985e-05
6214595024	0.197154619899999994	-0.00223095149999999985
6214597024	0.1950053172	-0.00597706439999999995
6214599024	0.196447454100000002	-0.00377075649999999984
6214601024	0.193974493899999989	-0.00299635449999999985
6214603024	0.195343815400000009	-0.00282243219999999979
6214605024	0.198226136800000008	-0.00198064260000000011
6214607024	0.196039862499999995	-0.00295972489999999982
6214609024	0.196152028499999992	-0.00296081359999999984
6214611024	0.199529561699999997	-0.00283314459999999988
6214613024	0.195676404100000007	-0.00602299230000000012
6214615024	0.19614095849999999	-0.00674745189999999967
6214617024	0.192747199899999999	-0.00231281399999999984
6214619024	0.195160885899999997	-0.0077787450000000001
6214621024	0.199023126100000003	-0.00234755220000000021
6214623024	0.193842606700000003	-0.00310494559999999978
6214625024	0.199871492000000012	-0.00608133130000000025
6214627024	0.197090904700000014	-0.00611044840000000023
6214629024	0.195705370699999992	-0.00753298340000000018
6214631024	0.195200739200000001	-0.00819586280000000021
6214633024	0.196648455700000002	-0.0052891580000000004
6214635024	0.197271793000000001	-0.00841437410000000011
6214637024	0.198869875499999987	-0.00671593439999999993
6214639024	0.195982799499999999	-0.00864170730000000074
6214641024	0.197442060800000013	-0.00950733250000000002
6214643024	0.195719514099999992	-0.00552068699999999982
6214645024	0.194840790699999988	-0.00472932729999999985
6214647024	0.195802254199999998	-0.00941677129999999966
6214649024	0.197524434299999996	-0.0117055389999999992
6214651024	0.195823909800000001	-0.00608240439999999973
6214653024	0.199786409599999992	-0.00741260349999999998
6214655024	0.19882188910000001	-0.00909602370000000063
6214657024	0.198359645000000001	-0.00816408180000000039
6214659024	0.198908560099999993	-0.00981815580000000056
6214661024	0.200336937900000012	-0.0119243726999999997
6214663024	0.199702391700000009	-0.00801978690000000084
6214665024	0.197606136999999987	-0.009191912
6214667024	0.199069854900000009	-0.00944931289999999952
6214669024	0.200099086499999995	-0.0117862238000000005
6214671024	0.199231625999999995	-0.0117632860999999991
6214673024	0.199086425600000005	-0.0093007239000000002
6214675024	0.198760730200000013	-0.00883964270000000066
6214677024	0.197652064399999994	-0.0120474925999999993
6214679024	0.20208661180000001	-0.0128527247999999997
6214681024	0.198794504499999997	-0.0130843863000000005
6214683024	0.200849667900000001	-0.0108360451999999999
6214685024	0.199135393599999988	-0.0093256954000000003
6214687024	0.198618926700000004	-0.0144914307000000003
6214689024	0.201117150999999994	-0.0153314968999999999
6214691024	0.199372652600000005	-0.0111273363000000004
6214693024	0.199902377200000009	-0.0132452099000000007
6214695024	0.199002256300000013	-0.00969762839999999994
6214697024	0.197892778200000008	-0.0127502628000000003
6214699024	0.197994199600000004	-0.0153009415999999995
6214701024	0.198174227099999989	-0.0142961970999999997
6214703024	0.199008392300000003	-0.016088673500000001
6214705024	0.197015332099999996	-0.0128971215000000007
6214707024	0.200748441299999997	-0.0129004513000000008
6214709024	0.200685931300000009	-0.0151363971000000007
6214711024	0.198205514899999991	-0.0144266406999999999
6214713024	0.197098954599999987	-0.0117183292000000005
6214715024	0.199661162599999997	-0.0146533971999999995
6214717024	0.198322739899999989	-0.0187007343999999985
6214719024	0.197274005599999996	-0.0178723671000000014
6214721024	0.201991698899999989	-0.0202341028000000006
6214723024	0.206598049000000006	-0.0166520255000000006
6214725024	0.202381324499999987	-0.0159369492999999994
6214727024	0.1995902118	-0.0135206106999999996
6214729024	0.196635364700000009	-0.0186643955
6214731024	0.1993979377	-0.0182315610000000003
6214733024	0.20152010179999999	-0.0136231505999999999
6214735024	0.197534824599999992	-0.0193668299000000002
6214737024	0.200575258300000003	-0.0155959493999999997
6214739024	0.200257229399999986	-0.0179012963000000011
6214741024	0.202707153400000006	-0.0152489544000000005
6214743024	0.204539942899999994	-0.0204887355000000007
6214745024	0.203549897199999996	-0.0203359965999999996
6214747024	0.198905995499999988	-0.0185603103999999984
6214749024	0.200077576000000007	-0.0185271818000000005
6214751024	0.199919021100000011	-0.0213765958999999998
6214753024	0.201887443400000005	-0.0174555283999999998
6214755024	0.198877022699999989	-0.0195681631999999987
6214757024	0.202755377699999989	-0.0204215296999999997
6214759024	0.202109808199999991	-0.0187154409999999993
6214761024	0.206200030499999992	-0.0232673155
6214763024	0.199578942600000003	-0.0188928610000000004
6214765024	0.200619917300000006	-0.0201832896000000012
6214767024	0.19909735919999999	-0.0207066990999999999
6214769024	0.201373181200000001	-0.0184040634000000002
6214771024	0.201836361800000003	-0.0214509964999999997
6214773024	0.198282141100000003	-0.0217228678000000001
6214775024	0.20603381870000001	-0.0244131339999999995
6214777024	0.199517285300000013	-0.0200499238999999989
6214779024	0.199350017399999996	-0.0205328479999999994
6214781024	0.202832144200000009	-0.0224298329999999997
6214783024	0.19921151270000001	-0.0184956156999999989
6214785024	0.199737753900000009	-0.0198360420000000016
6214787024	0.202692694199999995	-0.0294750563
6214789024	0.205053449199999988	-0.0216119957000000008
6214791024	0.201308514599999988	-0.0231106966000000011
6214793024	0.200059546300000002	-0.0233006198999999997
6214795024	0.201224342100000009	-0.0238138692999999985
6214797024	0.202368229900000002	-0.0222310182999999988
6214799024	0.202468718399999997	-0.0238673902999999993
6214801024	0.203771414200000001	-0.0230347569000000016
6214803024	0.206689183500000012	-0.027178240900000001
6214805024	0.204481138499999993	-0.0223013635000000009
6214807024	0.204052022400000005	-0.0249209744000000004
6214809024	0.205996497899999992	-0.0263516097999999983
6214811024	0.204927129699999988	-0.0262325848
6214813024	0.199996991799999996	-0.0277525669999999988
6214815024	0.198807728299999986	-0.0254790889999999999
6214817024	0.202529228400000011	-0.0278634635999999991
6214819024	0.2033638958	-0.0211137643999999985
6214821024	0.203135438299999999	-0.0259269279999999984
6214823024	0.203089227900000002	-0.0243607734000000006
6214825024	0.203628067800000007	-0.025078383499999999
6214827024	0.201081127599999993	-0.0238590325999999998
6214829024	0.202467404900000009	-0.0240070408000000006
6214831024	0.205733296199999999	-0.0242602106999999997
6214833024	0.204711166299999997	-0.0236858754000000005
6214835024	0.207206212299999998	-0.0264729414000000017
6214837024	0.204597688199999989	-0.0244910916000000006
6214839024	0.206512415899999996	-0.0275934169000000007
6214841024	0.203672581500000005	-0.0254791836000000001
6214843024	0.2045156011	-0.0267304787000000009
6214845024	0.203129317000000004	-0.0296086428999999991
6214847024	0.202162695000000003	-0.0289950531000000011
6214849024	0.201995619500000001	-0.0256332498999999985
6214851024	0.203665593499999992	-0.0303260210999999995
6214853024	0.202679998800000011	-0.0260268007000000016
6214855024	0.206836357199999987	-0.0255785244000000002
6214857024	0.205081280499999991	-0.0281449848000000016
6214859024	0.206756857699999991	-0.0264574701000000016
6214861024	0.205507494099999993	-0.0306623590000000001
6214863024	0.202475459200000013	-0.0274765925999999987
6214865024	0.201292205199999991	-0.0316747990999999979
6214867024	0.205883252900000008	-0.028734780599999999
6214869024	0.20629327850000001	-0.0318361401000000002
6214871024	0.20527837530000001	-0.0295582552000000012
6214873024	0.204851499100000001	-0.0298381037000000002
6214875024	0.204730847299999991	-0.0255675497999999987
6214877024	0.20157220549999999	-0.0273543717999999991
6214879024	0.202603154899999999	-0.0321684782999999974
6214881024	0.206593204899999994	-0.0295311993000000016
6214883024	0.206491772900000009	-0.0323927794000000019
6214885024	0.201052213300000004	-0.0367193468999999981
6214887024	0.201378540999999994	-0.0319764742000000005
6214889024	0.203467351699999993	-0.0317593159000000014
6214891024	0.203511793200000013	-0.0318009050999999987
6214893024	0.205082675200000009	-0.0359534113000000016
6214895024	0.205517224999999998	-0.0343447209000000003
6214897024	0.203056577799999999	-0.0301902128000000013
6214899024	0.204131575300000007	-0.0321643825999999994
6214901024	0.20326453450000001	-0.0282192559000000003
6214903024	0.20474871	-0.0299464187000000014
6214905024	0.205284225699999989	-0.0352216664999999984
6214907024	0.205774873500000011	-0.033559079700000001
6214909024	0.203129593500000011	-0.0285864470999999988
6214911024	0.202258530900000011	-0.0338823595000000005
6214913024	0.204289686500000012	-0.0343062401000000031
6214915024	0.204444780900000012	-0.0355267478000000012
6214917024	0.204711590299999996	-0.0349026787000000019
6214919024	0.207556977899999995	-0.0367557701000000014
6214921024	0.205367351899999995	-0.0376960933999999984
6214923024	0.204681613099999993	-0.0326227610000000001
6214925024	0.207160369700000013	-0.0361026778999999978
6214927024	0.204468763299999995	-0.0354235530999999979
6214929024	0.206332077499999988	-0.0327716197999999986
6214931024	0.206956602200000006	-0.031437088299999999
6214933024	0.204693426399999989	-0.0362409719000000019
6214935024	0.206219285199999991	-0.0360805671999999966
6214937024	0.203719783500000001	-0.0387621946000000009
6214939024	0.203375022600000011	-0.0362818145000000022
6214941024	0.205376673499999995	-0.037595557100000003
6214943024	0.205010045800000013	-0.0396261737000000031
6214945024	0.20717006830000001	-0.0375628277000000024
6214947024	0.204801707599999994	-0.0324577008000000028
6214949024	0.203568907599999988	-0.0370877062000000007
6214951024	0.206078017499999988	-0.0354436434000000022
6214953024	0.206835077499999992	-0.0361822945999999979
6214955024	0.206942445899999994	-0.0390280188000000014
6214957024	0.20534206490000001	-0.0365113982999999975
6214959024	0.2050457007	-0.0400114442000000028
6214961024	0.202364287300000001	-0.039651871800000002
6214963024	0.205547935500000001	-0.0372262791000000023
6214965024	0.205942837900000009	-0.0367406075000000013
6214967024	0.207333699300000007	-0.0394657086000000032
6214969024	0.204291602600000011	-0.0413463236999999997
6214971024	0.206036177099999995	-0.0384237057999999992
6214973024	0.201947958099999991	-0.0405258515000000014
6214975024	0.2044662327	-0.0394283628999999997
6214977024	0.203514854999999995	-0.0398074833000000017
6214979024	0.203570663499999999	-0.0362998808999999978
6214981024	0.207234432200000013	-0.0370550247000000013
6214983024	0.208470883400000001	-0.0370123747999999975
