# freq, I e Q
6022831284	-0.109977434700000001	-0.237240746400000008
6022835284	-0.111626580200000006	-0.237853735399999988
6022839284	-0.111238996600000001	-0.240302067199999997
6022843284	-0.110770689399999997	-0.240274407500000009
6022847284	-0.108931037999999994	-0.242226413400000007
6022851284	-0.109241144400000004	-0.232089211999999989
6022855284	-0.1101132046	-0.23671568979999999
6022859284	-0.111410761600000005	-0.235571002299999999
6022863284	-0.109721255200000006	-0.238968539400000013
6022867284	-0.111970248999999994	-0.240353631000000012
6022871284	-0.112630046100000006	-0.239334072000000009
6022875284	-0.110120716899999999	-0.237989094200000001
6022879284	-0.114154343000000005	-0.236892117000000013
6022883284	-0.113209818099999998	-0.238384757899999994
6022887284	-0.113695443699999996	-0.236081047999999988
6022891284	-0.113717684099999994	-0.237691255600000012
6022895284	-0.107730016799999995	-0.235319118500000007
6022899284	-0.113952219899999999	-0.233884586300000002
6022903284	-0.116282309299999997	-0.237840593900000008
6022907284	-0.116558250099999997	-0.233802802300000001
6022911284	-0.114400212700000004	-0.237071997099999987
6022915284	-0.114341009100000002	-0.237545336100000004
6022919284	-0.112646290900000001	-0.235116725800000009
6022923284	-0.116156434500000003	-0.237220341299999998
6022927284	-0.1160865175	-0.23806618060000001
6022931284	-0.115924753699999994	-0.235629601299999991
6022935284	-0.116511218700000002	-0.237929337299999988
6022939284	-0.122268377600000006	-0.232490457499999997
6022943284	-0.117985738800000003	-0.23514210960000001
6022947284	-0.117249371300000002	-0.236664380499999993
6022951284	-0.115490988000000003	-0.236272339299999995
6022955284	-0.118674305899999999	-0.233682485200000012
6022959284	-0.118866948	-0.234809066900000002
6022963284	-0.116926522800000002	-0.235123064900000012
6022967284	-0.119236674700000003	-0.235047626399999987
6022971284	-0.120609103499999995	-0.235914277799999988
6022975284	-0.122029670399999998	-0.234598416100000012
6022979284	-0.118645225600000001	-0.235175814499999997
6022983284	-0.119767540199999994	-0.233927080900000001
6022987284	-0.121739825300000007	-0.230351551300000013
6022991284	-0.120883711199999994	-0.231762862300000011
6022995284	-0.116523496099999999	-0.231606833300000009
6022999284	-0.121523489900000004	-0.234451131199999996
6023003284	-0.120632027000000003	-0.23225650049999999
6023007284	-0.1235377483	-0.229967927200000005
6023011284	-0.123827650799999994	-0.229711399600000005
6023015284	-0.120494572199999997	-0.231238503200000001
6023019284	-0.122221038099999998	-0.23163961629999999
6023023284	-0.1221028527	-0.231570369400000003
6023027284	-0.124911617399999994	-0.232005587000000013
6023031284	-0.121542191899999999	-0.230038779800000009
6023035284	-0.122569210499999998	-0.233149074300000009
6023039284	-0.121115726399999998	-0.234419263900000008
6023043284	-0.124297612900000007	-0.23137018279999999
6023047284	-0.122067346500000007	-0.233079733900000002
6023051284	-0.123780366200000005	-0.233825721600000008
6023055284	-0.126050019499999999	-0.228578241399999993
6023059284	-0.1217159939	-0.229893419799999998
6023063284	-0.123268488199999998	-0.231151488500000002
6023067284	-0.125545637200000004	-0.230793341399999991
6023071284	-0.123288854700000006	-0.232406806999999993
6023075284	-0.127160685299999993	-0.228001805400000007
6023079284	-0.120652466999999999	-0.230060030999999998
6023083284	-0.127415582299999997	-0.229486477999999994
6023087284	-0.128894503999999993	-0.228106130299999987
6023091284	-0.127761313600000009	-0.227679938400000004
6023095284	-0.126321934299999994	-0.227549560900000003
6023099284	-0.129725070999999997	-0.230024170500000014
6023103284	-0.128255032800000002	-0.228096995100000005
6023107284	-0.128049402400000012	-0.22578580849999999
6023111284	-0.130601944199999986	-0.225423104000000013
6023115284	-0.125768777599999992	-0.225412698900000014
6023119284	-0.131104813600000009	-0.226576987300000005
6023123284	-0.131413986300000007	-0.226086084500000006
6023127284	-0.129240368500000008	-0.228403378099999999
6023131284	-0.126427199900000009	-0.225811162700000012
6023135284	-0.128891559600000011	-0.227001267400000012
6023139284	-0.130142149499999998	-0.225360912800000007
6023143284	-0.130947777799999998	-0.225422528099999991
6023147284	-0.131947110199999995	-0.227640065100000011
6023151284	-0.13014275480000001	-0.22540055140000001
6023155284	-0.13165756079999999	-0.225516354700000005
6023159284	-0.131871447199999992	-0.22636366899999999
6023163284	-0.130071550899999999	-0.223900549599999998
6023167284	-0.130012164699999988	-0.228291945400000001
6023171284	-0.131332297300000012	-0.226514252999999999
6023175284	-0.131241432500000005	-0.224015511899999992
6023179284	-0.132735913300000008	-0.22478633549999999
6023183284	-0.136270889300000003	-0.225528761599999988
6023187284	-0.136243974600000012	-0.225515030700000008
6023191284	-0.133521348000000012	-0.221557914800000005
6023195284	-0.136163602900000014	-0.223632560899999999
6023199284	-0.1331299118	-0.224907823099999987
6023203284	-0.1348082907	-0.222980577900000004
6023207284	-0.132994820600000008	-0.222714413599999994
6023211284	-0.134339007300000007	-0.224590772299999991
6023215284	-0.133458849699999993	-0.2229541887
6023219284	-0.132294650399999991	-0.221797304000000001
6023223284	-0.133760496000000007	-0.219431872500000014
6023227284	-0.132436208700000002	-0.219741000699999994
6023231284	-0.137564344199999994	-0.220656859099999991
6023235284	-0.136592146100000006	-0.221455511999999993
6023239284	-0.134623087700000005	-0.222635905299999992
6023243284	-0.139514625799999986	-0.221319341700000005
6023247284	-0.137645528299999986	-0.2222079998
6023251284	-0.138515998899999992	-0.220439171399999995
6023255284	-0.137059430900000001	-0.219612468499999991
6023259284	-0.137815724000000001	-0.222386276100000002
6023263284	-0.140516178800000002	-0.223632050700000001
6023267284	-0.139825772099999995	-0.218970573000000002
6023271284	-0.138256637099999996	-0.223205265099999994
6023275284	-0.136776090699999991	-0.218221767399999989
6023279284	-0.140586647399999987	-0.215905107900000004
6023283284	-0.136800195000000013	-0.223169158499999992
6023287284	-0.141132135699999994	-0.221241867300000006
6023291284	-0.140308182899999995	-0.219398494400000005
6023295284	-0.142393675999999997	-0.221046965000000012
6023299284	-0.140994495299999995	-0.219184791600000012
6023303284	-0.143158411799999996	-0.219068831800000002
6023307284	-0.145318894599999998	-0.221117014100000009
6023311284	-0.141070490500000006	-0.214596823500000006
6023315284	-0.143027629299999987	-0.218680821899999989
6023319284	-0.141115034199999989	-0.2152978173
6023323284	-0.141923820099999987	-0.215976657500000002
6023327284	-0.142804177899999996	-0.216832019900000006
6023331284	-0.141714333999999997	-0.2156196846
6023335284	-0.143984648800000004	-0.216913624199999988
6023339284	-0.143603815999999995	-0.217409837800000005
6023343284	-0.1433980906	-0.215523184300000004
6023347284	-0.142299392999999996	-0.215685219499999997
6023351284	-0.141239776600000005	-0.218597806499999991
6023355284	-0.140792478299999996	-0.21598521209999999
6023359284	-0.145013121500000008	-0.214557065200000008
6023363284	-0.145299926899999987	-0.212614653600000009
6023367284	-0.145676761399999993	-0.218220391000000014
6023371284	-0.1463279039	-0.215625090999999991
6023375284	-0.148505703699999991	-0.212551867400000011
6023379284	-0.146211960499999988	-0.215232525199999997
6023383284	-0.143411643100000014	-0.216199792899999993
6023387284	-0.145747142699999999	-0.214448868699999989
6023391284	-0.147860530500000004	-0.213551206900000012
6023395284	-0.152008526199999994	-0.212594518099999991
6023399284	-0.145999249500000011	-0.215852187899999992
6023403284	-0.148284285399999993	-0.210708050400000013
6023407284	-0.14871077760000001	-0.213389186799999991
6023411284	-0.149026632599999986	-0.211470723100000008
6023415284	-0.15107736590000001	-0.211329993399999999
6023419284	-0.146672904500000006	-0.216143093400000014
6023423284	-0.148995256399999998	-0.212341533700000001
6023427284	-0.146021122199999992	-0.211802938400000001
6023431284	-0.150070656299999994	-0.211249692600000011
6023435284	-0.148479555200000002	-0.213856552199999994
6023439284	-0.15127626890000001	-0.215223655699999988
6023443284	-0.150292174000000001	-0.212673283500000004
6023447284	-0.148609221600000008	-0.209874461099999993
6023451284	-0.15088817739999999	-0.210260414899999998
6023455284	-0.149467558899999992	-0.210134727500000007
6023459284	-0.152362029399999988	-0.207877261300000005
6023463284	-0.151696034600000002	-0.209736907100000008
6023467284	-0.151029163500000008	-0.2065569404
6023471284	-0.150646281100000001	-0.207246678500000003
6023475284	-0.154168477100000006	-0.208783519700000003
6023479284	-0.153553626199999987	-0.208696267699999993
6023483284	-0.155240838599999986	-0.206550330700000007
6023487284	-0.151756174699999996	-0.208703561700000012
6023491284	-0.153890350799999992	-0.209494805000000006
6023495284	-0.157252459600000005	-0.208168731699999998
6023499284	-0.157035904700000006	-0.206826945300000009
6023503284	-0.159340731799999996	-0.204854122100000008
6023507284	-0.154660087800000012	-0.206608855899999999
6023511284	-0.153485558100000002	-0.205444318300000012
6023515284	-0.158490441900000001	-0.208499774500000012
6023519284	-0.155319417099999996	-0.208017962800000011
6023523284	-0.156577538699999991	-0.206653104700000007
6023527284	-0.156203577600000004	-0.203688178999999997
6023531284	-0.158084035799999995	-0.206209572799999991
6023535284	-0.157300190499999992	-0.205540940799999988
6023539284	-0.158051989899999995	-0.203067484999999992
6023543284	-0.155947939899999999	-0.205624972399999995
6023547284	-0.155699120400000002	-0.204577416600000006
6023551284	-0.157551623599999996	-0.201250860100000012
6023555284	-0.158434868700000009	-0.207049580600000005
6023559284	-0.157072743500000001	-0.206628563799999998
6023563284	-0.159604345799999991	-0.201592995400000002
6023567284	-0.158796674199999988	-0.202191601500000012
6023571284	-0.158146310699999987	-0.206339389600000006
6023575284	-0.159495372599999991	-0.199600674700000008
6023579284	-0.162321590399999993	-0.201234184300000007
6023583284	-0.161434045599999992	-0.202875210400000006
6023587284	-0.161936997100000007	-0.199781985699999998
6023591284	-0.16314416570000001	-0.198071453799999991
6023595284	-0.157154213399999992	-0.201029778299999989
6023599284	-0.162333387299999993	-0.199011825400000009
6023603284	-0.160442056299999997	-0.20236082150000001
6023607284	-0.158291051399999994	-0.199465911100000004
6023611284	-0.159877821499999989	-0.196826426299999996
6023615284	-0.16373941110000001	-0.20129562849999999
6023619284	-0.161783457999999991	-0.198437096600000001
6023623284	-0.16006929310000001	-0.198984080000000008
6023627284	-0.161873235599999998	-0.198652244000000006
6023631284	-0.159138660399999993	-0.200106465499999997
6023635284	-0.165101583800000007	-0.1980545836
6023639284	-0.161334853499999986	-0.19718219179999999
6023643284	-0.163572086499999991	-0.201957779199999993
6023647284	-0.163227702800000013	-0.196370991699999997
6023651284	-0.162635814500000003	-0.197286867300000002
6023655284	-0.164691279999999995	-0.199190867999999993
6023659284	-0.164856147000000008	-0.198897909799999995
6023663284	-0.163755267199999999	-0.195366825800000005
6023667284	-0.166210783299999998	-0.194696394699999997
6023671284	-0.166788409999999998	-0.195402691600000011
6023675284	-0.16594562639999999	-0.195403800900000008
6023679284	-0.167483777	-0.193597638399999994
6023683284	-0.165816048599999988	-0.195643014100000012
6023687284	-0.164109721799999997	-0.196378487099999999
6023691284	-0.166893344100000007	-0.193786210200000003
6023695284	-0.163964425999999996	-0.194090969800000013
6023699284	-0.16812152159999999	-0.191257971500000012
6023703284	-0.16829550330000001	-0.193039453899999991
6023707284	-0.169051835700000014	-0.193383956899999987
6023711284	-0.16950439719999999	-0.193730548400000008
6023715284	-0.16963170050000001	-0.191760497899999993
6023719284	-0.167596691999999992	-0.1919829958
6023723284	-0.173193241999999997	-0.19173884129999999
6023727284	-0.167219479199999993	-0.187305449200000002
6023731284	-0.169446467099999998	-0.190020544000000013
6023735284	-0.166480762700000007	-0.188421843400000011
6023739284	-0.168538685399999999	-0.19374092770000001
6023743284	-0.169886511900000009	-0.191312276599999997
6023747284	-0.16920244370000001	-0.191553453200000001
6023751284	-0.169157837199999994	-0.191732346899999989
6023755284	-0.169850426999999998	-0.188840374199999994
6023759284	-0.17131720680000001	-0.189868218599999999
6023763284	-0.167268474100000009	-0.19123524380000001
6023767284	-0.16964753199999999	-0.187237264900000006
6023771284	-0.168573837400000009	-0.190920988799999997
6023775284	-0.171439501200000011	-0.186609238000000011
6023779284	-0.175034938299999998	-0.18913047329999999
6023783284	-0.171882601299999993	-0.186540628699999989
6023787284	-0.176010221100000003	-0.188022306
6023791284	-0.174435059499999989	-0.186642393900000009
6023795284	-0.171416957099999989	-0.188954073400000006
6023799284	-0.171409235900000012	-0.185402686300000008
6023803284	-0.173602117400000006	-0.185169121999999992
6023807284	-0.172064466100000008	-0.179915405
6023811284	-0.173987012200000013	-0.185150201200000003
6023815284	-0.173828133299999993	-0.187419635700000003
6023819284	-0.175629443400000002	-0.18738491639999999
6023823284	-0.174358893999999987	-0.187792727100000001
6023827284	-0.172659362799999994	-0.182997339300000006
6023831284	-0.176793097399999988	-0.187304001500000011
6023835284	-0.1764875786	-0.184017969599999998
6023839284	-0.176000210200000007	-0.18481089819999999
6023843284	-0.176723465699999999	-0.178582113900000006
6023847284	-0.175028827500000012	-0.183353918100000013
6023851284	-0.173236616799999993	-0.182633406299999995
6023855284	-0.17691743230000001	-0.18584108760000001
6023859284	-0.1776096224	-0.178781019799999996
6023863284	-0.175678732700000007	-0.178740896900000001
6023867284	-0.176937773500000006	-0.181007142600000004
6023871284	-0.177643607300000006	-0.181128934999999991
6023875284	-0.179433600299999996	-0.179168409000000001
6023879284	-0.175098436800000007	-0.182756703999999992
6023883284	-0.175897598399999994	-0.179194857799999996
6023887284	-0.178544400699999994	-0.179623477400000009
6023891284	-0.178077376499999995	-0.180320582099999988
6023895284	-0.178553316600000012	-0.17785057130000001
6023899284	-0.178339569400000009	-0.176889855799999995
6023903284	-0.176759072500000003	-0.180059662600000003
6023907284	-0.182227942599999998	-0.175981302300000003
6023911284	-0.180818489299999996	-0.17586347699999999
6023915284	-0.180264589199999992	-0.177143246100000012
6023919284	-0.178578276499999994	-0.175916928400000006
6023923284	-0.178382391000000001	-0.175449266399999998
6023927284	-0.180558001500000009	-0.176330013499999994
6023931284	-0.179367206499999987	-0.174454340900000004
6023935284	-0.17935846720000001	-0.172969166899999999
6023939284	-0.182156198399999997	-0.176420396300000004
6023943284	-0.18001310940000001	-0.171663896700000013
6023947284	-0.18175105150000001	-0.171157749299999995
6023951284	-0.180969803300000009	-0.170157584400000006
6023955284	-0.179009013299999992	-0.172872317999999997
6023959284	-0.180670448900000002	-0.1708130541
6023963284	-0.184164131600000003	-0.17208493150000001
6023967284	-0.181016219199999995	-0.170658782600000003
6023971284	-0.179585355400000007	-0.169704501099999988
6023975284	-0.181393816499999999	-0.171983101999999999
6023979284	-0.183295940699999993	-0.169756580200000007
6023983284	-0.184284360300000005	-0.171168562800000007
6023987284	-0.183163134499999991	-0.169483386699999988
6023991284	-0.179742688799999994	-0.171251258900000009
6023995284	-0.182076731900000011	-0.169823522799999987
6023999284	-0.177749635900000008	-0.170015728199999994
6024003284	-0.182468904500000001	-0.168540190400000012
6024007284	-0.1865055132	-0.168463664099999993
6024011284	-0.184317061700000007	-0.165295184000000012
6024015284	-0.186139786400000007	-0.168241987499999995
6024019284	-0.184605314399999998	-0.171500177899999995
6024023284	-0.183220860900000004	-0.167774295399999995
6024027284	-0.184859322500000006	-0.165983208599999987
6024031284	-0.188034518000000012	-0.162450278799999986
6024035284	-0.188789978999999997	-0.165729061399999988
6024039284	-0.185228818399999995	-0.165726161799999994
6024043284	-0.185031584599999993	-0.165467450500000002
6024047284	-0.18464786259999999	-0.164989178900000005
6024051284	-0.185326573599999989	-0.165129352700000009
6024055284	-0.189452424799999991	-0.162523650600000014
6024059284	-0.18502183920000001	-0.158169532000000002
6024063284	-0.186615653100000001	-0.162254314600000005
6024067284	-0.184164942199999987	-0.160896347999999995
6024071284	-0.188699693599999996	-0.160225951599999999
6024075284	-0.18542671220000001	-0.162074700799999999
6024079284	-0.191646138999999993	-0.163243091499999993
6024083284	-0.191006493599999994	-0.159370481799999991
6024087284	-0.189198294099999997	-0.159016521399999999
6024091284	-0.187044282300000003	-0.155734629000000013
6024095284	-0.1859259563	-0.160005588799999987
6024099284	-0.186963141999999999	-0.158152118700000011
6024103284	-0.1900761953	-0.159942665300000009
6024107284	-0.188470900999999996	-0.157831382900000011
6024111284	-0.186114799500000011	-0.159453702000000003
6024115284	-0.188010010300000002	-0.154274646099999996
6024119284	-0.189326152899999989	-0.154403776200000009
6024123284	-0.190030821200000005	-0.154845385899999993
6024127284	-0.187494340499999995	-0.156881525100000002
6024131284	-0.185750525700000002	-0.1538663901
6024135284	-0.186151345699999998	-0.154174837499999995
6024139284	-0.189121331100000012	-0.155166194000000007
6024143284	-0.189819131800000013	-0.155524379800000001
6024147284	-0.19163642480000001	-0.151357011699999988
6024151284	-0.190516594799999994	-0.149244288899999994
6024155284	-0.192429111099999994	-0.152895360400000013
6024159284	-0.190598593700000013	-0.153393155400000009
6024163284	-0.187377328799999993	-0.14746796370000001
6024167284	-0.191747821699999987	-0.155959257699999992
6024171284	-0.189827424999999994	-0.152946400799999993
6024175284	-0.191945575400000013	-0.149232722799999995
6024179284	-0.190024816699999988	-0.148681047099999991
6024183284	-0.190624204699999994	-0.152184614899999987
6024187284	-0.188981969500000013	-0.147753407199999992
6024191284	-0.192722473199999994	-0.145341335699999991
6024195284	-0.195172692399999986	-0.147577731099999998
6024199284	-0.192340553599999992	-0.144808116699999989
6024203284	-0.193515248700000003	-0.147016843199999997
6024207284	-0.195014745500000003	-0.144852890900000003
6024211284	-0.192640174500000011	-0.144105979500000009
6024215284	-0.196217615300000009	-0.142607373700000012
6024219284	-0.194275456000000013	-0.14594089460000001
6024223284	-0.195353956899999986	-0.143837635800000002
6024227284	-0.192529239399999996	-0.142261445600000008
6024231284	-0.194030819599999987	-0.147290532599999996
6024235284	-0.193494743999999996	-0.142750755499999993
6024239284	-0.194289999500000005	-0.141205134900000001
6024243284	-0.195495403300000009	-0.146826157699999987
6024247284	-0.192950558999999994	-0.140705014099999998
6024251284	-0.192105313400000005	-0.142436762900000013
6024255284	-0.196011238899999995	-0.139890021199999992
6024259284	-0.192638926300000013	-0.141936582300000003
6024263284	-0.192345379600000005	-0.143622535100000004
6024267284	-0.191502766600000013	-0.141445096200000009
6024271284	-0.195301559900000005	-0.137030016199999993
6024275284	-0.194167637000000004	-0.139341113300000013
6024279284	-0.19624838389999999	-0.138274790700000011
6024283284	-0.195490021300000011	-0.138359284700000001
6024287284	-0.193112996399999987	-0.136839484700000014
6024291284	-0.196531072599999995	-0.134807441500000014
6024295284	-0.195057561800000001	-0.133229000699999989
6024299284	-0.19481496949999999	-0.134880031700000014
6024303284	-0.191395202200000003	-0.133116221400000012
6024307284	-0.19566946360000001	-0.132547663900000001
6024311284	-0.195928831800000008	-0.133182373800000003
6024315284	-0.194848292499999992	-0.131697516099999995
6024319284	-0.192826454300000005	-0.134915135699999994
6024323284	-0.194765320299999989	-0.130137562200000001
6024327284	-0.194711536699999993	-0.133085173100000009
6024331284	-0.195099270200000008	-0.129859138699999987
6024335284	-0.193922027800000008	-0.127549336499999999
6024339284	-0.196128645099999999	-0.128344582099999993
6024343284	-0.197847091899999994	-0.13191878700000001
6024347284	-0.195560698199999994	-0.128095013899999999
6024351284	-0.195439563700000013	-0.128634192700000011
6024355284	-0.193375533500000002	-0.127409553199999998
6024359284	-0.196821748099999999	-0.125512172599999999
6024363284	-0.195468818799999999	-0.123740023699999993
6024367284	-0.193026897700000005	-0.124421156800000002
6024371284	-0.197201820400000005	-0.123588363000000007
6024375284	-0.194680513599999994	-0.122920393899999994
6024379284	-0.193940844000000001	-0.124232763100000004
6024383284	-0.198698351500000009	-0.122721183499999997
6024387284	-0.197625239700000011	-0.121880640700000001
6024391284	-0.197954875700000005	-0.123946616800000006
6024395284	-0.195240053999999996	-0.124581217800000005
6024399284	-0.195525654800000004	-0.118965820799999997
6024403284	-0.19436656120000001	-0.119993623399999999
6024407284	-0.195942580100000013	-0.119457823800000001
6024411284	-0.197461780700000006	-0.117514606899999999
6024415284	-0.197447473000000012	-0.114890347500000004
6024419284	-0.196374857699999988	-0.1159663467
6024423284	-0.195834648700000002	-0.113388879299999995
6024427284	-0.197775049799999991	-0.116839542399999996
6024431284	-0.197099401300000004	-0.114144146599999996
6024435284	-0.197404986700000007	-0.113294211399999997
6024439284	-0.196565745799999997	-0.116216357399999998
6024443284	-0.191565072700000005	-0.111394436400000005
6024447284	-0.193923174599999998	-0.113358032600000005
6024451284	-0.197045073200000004	-0.112779802799999995
6024455284	-0.197800717500000001	-0.107674574100000003
6024459284	-0.196998221599999995	-0.110098422799999998
6024463284	-0.194629280999999987	-0.112823858700000001
6024467284	-0.192886206100000013	-0.107832149200000005
6024471284	-0.193333727700000013	-0.111999590400000001
6024475284	-0.19555602729999999	-0.108627688700000002
6024479284	-0.191643139299999987	-0.1096446742
6024483284	-0.198531435300000003	-0.108605094900000004
6024487284	-0.190082304000000007	-0.108367827299999997
6024491284	-0.197435482500000009	-0.109881349599999997
6024495284	-0.195090385499999991	-0.105168697899999997
6024499284	-0.193620368399999992	-0.101887139500000001
6024503284	-0.195949832500000004	-0.104424331699999998
6024507284	-0.193505364799999996	-0.1045004831
6024511284	-0.190833550299999988	-0.102769273999999994
6024515284	-0.190116197600000009	-0.0981616030999999944
6024519284	-0.192480361600000011	-0.101182112500000004
6024523284	-0.191973969299999991	-0.101055636200000007
6024527284	-0.19171536950000001	-0.100914803499999997
6024531284	-0.191455268799999995	-0.100453179000000004
6024535284	-0.192999986799999995	-0.100503046100000007
6024539284	-0.191791287799999988	-0.0964404373000000009
6024543284	-0.19040428940000001	-0.0964712758000000059
6024547284	-0.192789730900000011	-0.0979484897999999965
6024551284	-0.190230705199999989	-0.0977002631000000038
6024555284	-0.191999061100000007	-0.0930182414000000068
6024559284	-0.187900539700000008	-0.0926819786000000062
6024563284	-0.189969514499999992	-0.0945615662000000023
6024567284	-0.192063711100000006	-0.0904130952000000016
6024571284	-0.187427253099999996	-0.0897098095999999956
6024575284	-0.191463771799999988	-0.0943234498999999948
6024579284	-0.188769415699999998	-0.0944832604000000048
6024583284	-0.187591194099999997	-0.0920245538000000057
6024587284	-0.189392288299999989	-0.0932093006000000029
6024591284	-0.189087477599999998	-0.0913189892000000059
6024595284	-0.188274419199999987	-0.089749936200000005
6024599284	-0.189431421900000008	-0.0865963311000000069
6024603284	-0.18711685489999999	-0.0894039751999999993
6024607284	-0.187616516099999991	-0.0870941925000000006
6024611284	-0.186457535300000005	-0.0887526827999999962
6024615284	-0.186991581800000001	-0.0872065234999999939
6024619284	-0.186192975499999996	-0.0874261785000000069
6024623284	-0.185519518100000003	-0.0843496581000000023
6024627284	-0.184266226100000013	-0.0826445234999999973
6024631284	-0.188359735400000006	-0.0812885230000000014
6024635284	-0.186365060700000001	-0.0810689977000000062
6024639284	-0.181528938400000006	-0.0814370643000000005
6024643284	-0.1822637956	-0.0793971675000000043
6024647284	-0.181428965299999995	-0.0807906261999999931
6024651284	-0.181925715999999987	-0.0801337550999999954
6024655284	-0.178532595300000013	-0.0773259882999999953
6024659284	-0.180398009299999995	-0.0776067103000000064
6024663284	-0.183274724999999999	-0.0809312330000000052
6024667284	-0.183427758999999996	-0.0764092408999999945
6024671284	-0.18180539670000001	-0.0759175351000000026
6024675284	-0.183046659499999986	-0.0721080040999999977
6024679284	-0.182156535199999997	-0.0763579100000000011
6024683284	-0.178906718999999992	-0.070231063199999999
6024687284	-0.1737848273	-0.0751053869999999957
6024691284	-0.179377479400000012	-0.0719818371000000012
6024695284	-0.177501880100000009	-0.0734053355999999962
6024699284	-0.176490008000000004	-0.0728445038000000017
6024703284	-0.177373091499999996	-0.0698778491000000002
6024707284	-0.175071125599999988	-0.0689949940000000039
6024711284	-0.175589204400000004	-0.0735365694999999958
6024715284	-0.172857441599999995	-0.0722479594000000058
6024719284	-0.170727954300000012	-0.0704449142
6024723284	-0.172911494999999998	-0.0688280872999999932
6024727284	-0.167742663600000008	-0.0677030948999999965
6024731284	-0.174168355800000008	-0.0689275433000000048
6024735284	-0.165946249500000004	-0.0657715566000000029
6024739284	-0.169172739099999997	-0.0673370474000000024
6024743284	-0.170194889699999991	-0.0663460505999999978
6024747284	-0.170044547800000001	-0.0647189543000000062
6024751284	-0.165996269899999993	-0.0677020588000000062
6024755284	-0.164820470699999999	-0.0639320673000000061
6024759284	-0.167509969499999994	-0.0620255140999999982
6024763284	-0.162983490300000006	-0.0635184139999999953
6024767284	-0.165656837499999987	-0.064826081100000002
6024771284	-0.162222772600000009	-0.0651874513000000044
6024775284	-0.161264238100000012	-0.058444160299999999
6024779284	-0.163110115199999989	-0.0603817956999999975
6024783284	-0.162594463500000008	-0.0576048603999999992
6024787284	-0.160398427600000004	-0.0580030850999999972
6024791284	-0.159763891600000013	-0.060083111699999997
6024795284	-0.158204768500000009	-0.0637149340000000008
6024799284	-0.1611460948	-0.0567219829000000023
6024803284	-0.159106933199999995	-0.0571767167999999992
6024807284	-0.154472872900000002	-0.056630736299999998
6024811284	-0.15594002400000001	-0.0594986235000000002
6024815284	-0.151541468499999998	-0.0569768187000000009
6024819284	-0.149903581400000013	-0.0573327980999999987
6024823284	-0.15420494039999999	-0.0550925645999999977
6024827284	-0.151251470299999996	-0.0573038722000000014
6024831284	-0.152845438800000011	-0.0533622948000000014
6024835284	-0.150584182900000002	-0.0544592402000000017
6024839284	-0.148959333899999991	-0.0547461456999999985
6024843284	-0.146429493599999988	-0.0549562723999999989
6024847284	-0.146362599799999993	-0.051349694199999997
6024851284	-0.145322957499999988	-0.0497075530000000015
6024855284	-0.149050305500000008	-0.0548745929999999993
6024859284	-0.146267478000000006	-0.0548877867000000033
6024863284	-0.144118182499999997	-0.0565611831999999967
6024867284	-0.140472096699999993	-0.0508394808999999975
6024871284	-0.140074877699999989	-0.0558679171999999988
6024875284	-0.135412362300000005	-0.0538952130999999987
6024879284	-0.139202090800000011	-0.0496722803999999976
6024883284	-0.134664148099999992	-0.0531796366999999978
6024887284	-0.134781266799999994	-0.0541177936999999998
6024891284	-0.134422768899999989	-0.0516368358000000027
6024895284	-0.133294750200000006	-0.0532887574999999988
6024899284	-0.131785306099999999	-0.0511649550999999994
6024903284	-0.130267350100000012	-0.0482917142000000021
6024907284	-0.133752728399999993	-0.0533962623999999983
6024911284	-0.134698383499999991	-0.0490743668999999993
6024915284	-0.128462065600000008	-0.0529870649999999999
6024919284	-0.130192609099999995	-0.0513192776999999989
6024923284	-0.124768086099999995	-0.054312998799999998
6024927284	-0.126283652899999987	-0.0534235907999999968
6024931284	-0.121169154500000001	-0.0545469302999999975
6024935284	-0.121906934600000003	-0.0573545800999999966
6024939284	-0.118426077000000005	-0.050779234999999999
6024943284	-0.119323381100000001	-0.0526528491000000029
6024947284	-0.121450821200000003	-0.0526268875999999983
6024951284	-0.116950897600000006	-0.0505137921000000031
6024955284	-0.116643095500000002	-0.0535401833000000021
6024959284	-0.116280253099999994	-0.0578189357999999987
6024963284	-0.1165690479	-0.0529527060999999966
6024967284	-0.112425827899999997	-0.0552995885000000034
6024971284	-0.1110743181	-0.054176983300000002
6024975284	-0.113907122400000005	-0.0529349278000000034
6024979284	-0.112867821899999998	-0.0543513211000000024
6024983284	-0.111687040700000004	-0.0586108808000000009
6024987284	-0.109609467000000002	-0.0562382349000000031
6024991284	-0.110502313899999996	-0.0589035871000000016
6024995284	-0.107174263399999997	-0.0580994296000000021
6024999284	-0.102894850400000001	-0.0587670154999999986
6025003284	-0.103479152000000005	-0.0603020744000000025
6025007284	-0.101804002099999999	-0.058942584800000003
6025011284	-0.102926922700000006	-0.0592570579
6025015284	-0.102735317399999998	-0.0588789299000000016
6025019284	-0.102763805499999999	-0.0596093361000000002
6025023284	-0.0956915054999999959	-0.0605617151999999978
6025027284	-0.0951578257000000038	-0.0631114172000000057
6025031284	-0.0987380010000000058	-0.0630591986000000049
6025035284	-0.0937254181999999936	-0.0670751633999999985
6025039284	-0.0955121310000000001	-0.0680186512999999965
6025043284	-0.0946110542000000027	-0.0655078431000000044
6025047284	-0.088800673400000002	-0.0657613035000000068
6025051284	-0.0926906297999999934	-0.0684913622999999971
6025055284	-0.0872441617999999974	-0.0678260415000000033
6025059284	-0.0894138158999999988	-0.0660583019000000049
6025063284	-0.0940384801999999964	-0.0715464613000000027
6025067284	-0.0887986897000000025	-0.0715037304000000068
6025071284	-0.0900776749999999959	-0.0713443928000000033
6025075284	-0.0878937753999999988	-0.0690872386999999977
6025079284	-0.0847740035999999947	-0.0736950933000000002
6025083284	-0.0887118357000000052	-0.0766715609000000048
6025087284	-0.0843532572000000036	-0.0754557894999999951
6025091284	-0.0858531178000000034	-0.0786932642000000016
6025095284	-0.0867212648999999974	-0.0733853841000000062
6025099284	-0.0800600867000000049	-0.081932475099999999
6025103284	-0.0826173208000000048	-0.0808636278999999986
6025107284	-0.0807751208000000026	-0.0808124766000000022
6025111284	-0.0812750963000000021	-0.0799455867000000014
6025115284	-0.0809599062000000008	-0.0874130687999999934
6025119284	-0.0767099004000000029	-0.0848136451000000013
6025123284	-0.0763146700999999955	-0.0824214511000000011
6025127284	-0.0778457065999999948	-0.0874691181000000068
6025131284	-0.0785144091000000016	-0.0833893807999999959
6025135284	-0.0746161867000000034	-0.0876213415999999995
6025139284	-0.0762809624999999936	-0.0919121432000000044
6025143284	-0.0772229801000000049	-0.0872384674000000054
6025147284	-0.0759718868999999936	-0.0930435990000000046
6025151284	-0.0748408353000000054	-0.091869093299999996
6025155284	-0.0724742792000000052	-0.0951472265999999955
6025159284	-0.0773469108000000016	-0.0944015158999999965
6025163284	-0.0788716448000000014	-0.095863099199999996
6025167284	-0.0740474385000000068	-0.0947790745000000046
6025171284	-0.0739899078999999987	-0.100613486700000004
6025175284	-0.0727762485000000015	-0.102110326400000007
6025179284	-0.0750616692999999946	-0.100815193499999997
6025183284	-0.0715448729000000005	-0.103211778000000004
6025187284	-0.0752725038000000013	-0.103481813699999994
6025191284	-0.0718499404000000064	-0.107094797800000002
6025195284	-0.0758537118999999954	-0.108600228500000007
6025199284	-0.0754939753000000019	-0.110010171300000001
6025203284	-0.0719867158000000035	-0.106321092699999994
6025207284	-0.0726807215999999978	-0.107763493299999999
6025211284	-0.0745609068000000069	-0.111667429400000004
6025215284	-0.0748265179999999946	-0.109254781300000006
6025219284	-0.0734832200000000019	-0.110032674799999994
6025223284	-0.0748161433999999931	-0.115487737199999996
6025227284	-0.0713451185999999932	-0.121022283600000002
6025231284	-0.0762013566000000059	-0.116873273299999997
6025235284	-0.0711641118999999933	-0.119414199100000007
6025239284	-0.0731220793000000036	-0.115529762300000005
6025243284	-0.0782003215999999973	-0.119509934999999998
6025247284	-0.0751848814999999948	-0.122460251699999995
6025251284	-0.0763268624000000007	-0.123196648899999997
6025255284	-0.077140342700000003	-0.121835779399999997
6025259284	-0.0734305683999999931	-0.1262632474
6025263284	-0.0760868866999999949	-0.127591140600000014
6025267284	-0.0763993379000000028	-0.132300345699999988
6025271284	-0.0786174703000000058	-0.126261958300000005
6025275284	-0.0756565319999999986	-0.129739929400000009
6025279284	-0.0762123764000000037	-0.133449347299999993
6025283284	-0.0744831269000000018	-0.129039741600000007
6025287284	-0.0743347530999999978	-0.134943812400000002
6025291284	-0.0753370051000000068	-0.133154316599999989
6025295284	-0.0806142967999999988	-0.136919256600000011
6025299284	-0.0776318980999999991	-0.132670622099999996
6025303284	-0.0780496353999999976	-0.1372618538
6025307284	-0.0815950347999999936	-0.134336308399999993
6025311284	-0.0809833018000000043	-0.142102071100000005
6025315284	-0.0778977381000000024	-0.137959858299999988
6025319284	-0.0795458502000000039	-0.138224867800000012
6025323284	-0.0813245170999999933	-0.139431348000000011
6025327284	-0.0834347485000000028	-0.141206409799999988
6025331284	-0.0854161083999999959	-0.141368424500000006
6025335284	-0.0820854280999999963	-0.144217291599999992
6025339284	-0.0861846899	-0.144502137499999989
6025343284	-0.0845150466000000045	-0.147100751199999991
6025347284	-0.0836448620999999948	-0.148806135700000008
6025351284	-0.0852710512999999976	-0.145263002400000008
6025355284	-0.0850588416999999986	-0.144780112799999999
6025359284	-0.0873624496000000028	-0.15087135900000001
6025363284	-0.0864856667000000051	-0.150836131300000009
6025367284	-0.0896055560999999973	-0.151985278700000004
6025371284	-0.0884758605000000031	-0.149143369400000003
6025375284	-0.0860185846999999976	-0.151165791900000013
6025379284	-0.089995592499999999	-0.153882130099999986
6025383284	-0.0904419117999999966	-0.153578346899999996
6025387284	-0.0901972604000000067	-0.152136914200000001
6025391284	-0.0903727465000000035	-0.155056628000000002
6025395284	-0.0912853663999999981	-0.155224958299999993
6025399284	-0.0932159151999999991	-0.152165858399999993
6025403284	-0.0917962395000000014	-0.155162604900000001
6025407284	-0.0961417571000000026	-0.155078061099999998
6025411284	-0.0948338120999999978	-0.156833698999999993
6025415284	-0.0950647106999999991	-0.1544175297
6025419284	-0.0925197256999999995	-0.154335150799999987
6025423284	-0.0955631464000000069	-0.161708347000000002
6025427284	-0.0960168284999999982	-0.159658657300000006
6025431284	-0.0980352184999999932	-0.163073592699999992
6025435284	-0.100635111099999994	-0.160009655400000006
6025439284	-0.0996089185000000044	-0.161663644400000001
6025443284	-0.0994641336999999987	-0.1610267279
6025447284	-0.1017783674	-0.160771869399999989
6025451284	-0.101497547600000002	-0.164633497600000012
6025455284	-0.102053539799999995	-0.16235717529999999
6025459284	-0.101651047100000003	-0.165247383100000006
6025463284	-0.108298591900000005	-0.16546974510000001
6025467284	-0.105754288799999999	-0.170098626499999989
6025471284	-0.104794462599999999	-0.164166133500000005
6025475284	-0.106017790000000001	-0.166273889000000008
6025479284	-0.106780735399999993	-0.165420968499999987
6025483284	-0.106770867199999994	-0.165110670999999987
6025487284	-0.108489812800000002	-0.167444865199999987
6025491284	-0.108207960399999997	-0.166997238200000009
6025495284	-0.108988452	-0.168407405300000007
6025499284	-0.111110434800000005	-0.165844352899999992
6025503284	-0.1084012013	-0.16791333759999999
6025507284	-0.112981113399999999	-0.170096245600000001
6025511284	-0.113221599800000003	-0.17135625430000001
6025515284	-0.113032908200000004	-0.169604407200000001
6025519284	-0.114236131099999999	-0.167953584900000008
6025523284	-0.115444943600000002	-0.171285945899999986
6025527284	-0.117840692900000002	-0.170520437899999988
6025531284	-0.122728102500000005	-0.166310472600000009
6025535284	-0.116213741600000003	-0.171683791000000002
6025539284	-0.117151526000000006	-0.169310665100000007
6025543284	-0.123713331800000007	-0.170200141500000013
6025547284	-0.120159310500000005	-0.169561215900000006
6025551284	-0.120533785899999996	-0.172566954100000003
6025555284	-0.121288183800000005	-0.172577701999999999
6025559284	-0.122746220200000006	-0.172726257800000005
6025563284	-0.122454127800000007	-0.1686990404
6025567284	-0.127325303000000001	-0.174328319399999987
6025571284	-0.123366187000000002	-0.170435281399999999
6025575284	-0.119784425099999994	-0.172922673400000004
6025579284	-0.121132182300000002	-0.170288386099999994
6025583284	-0.125005415399999986	-0.173297751599999994
6025587284	-0.128903749399999989	-0.172002308599999987
6025591284	-0.125003365499999991	-0.170273179299999994
6025595284	-0.127672704199999987	-0.17247070610000001
6025599284	-0.131505037999999991	-0.171803047600000008
6025603284	-0.12835869929999999	-0.173580666299999992
6025607284	-0.1305917516	-0.173555324399999988
6025611284	-0.134447671099999999	-0.175814848500000009
6025615284	-0.131684669700000007	-0.175362814099999986
6025619284	-0.131795093899999993	-0.171707906999999993
6025623284	-0.133325673300000003	-0.168297170299999993
6025627284	-0.135194948600000003	-0.170300738099999988
6025631284	-0.132803281299999992	-0.172291240799999995
6025635284	-0.136180982300000003	-0.175379509500000003
6025639284	-0.138843794399999998	-0.176071556699999993
6025643284	-0.136019919699999992	-0.176296168000000003
6025647284	-0.136950282099999987	-0.173036829000000003
6025651284	-0.140031225799999992	-0.1767796123
6025655284	-0.141338822100000011	-0.173152900500000012
6025659284	-0.140256074400000014	-0.172680349000000011
6025663284	-0.140766537999999997	-0.173875697100000004
6025667284	-0.14009948559999999	-0.176186306900000006
6025671284	-0.143923448600000004	-0.171834201500000006
6025675284	-0.143164066700000009	-0.174093336999999987
6025679284	-0.145179350099999993	-0.1755231129
6025683284	-0.144395342600000004	-0.175618692800000004
6025687284	-0.14814254369999999	-0.174105852700000008
6025691284	-0.142159545700000001	-0.173605317000000009
6025695284	-0.146398020999999989	-0.174281646200000001
6025699284	-0.146263259400000012	-0.171031010000000011
6025703284	-0.146769189900000013	-0.174730280300000013
6025707284	-0.143369812000000013	-0.172646600499999997
6025711284	-0.147058859200000003	-0.171920296100000008
6025715284	-0.149906659400000003	-0.17107849750000001
6025719284	-0.149919349300000004	-0.172968687199999999
6025723284	-0.1529999467	-0.174906403799999999
6025727284	-0.155338310499999993	-0.172840535200000006
6025731284	-0.151816342800000004	-0.172403105800000012
6025735284	-0.15137661320000001	-0.173812546699999987
6025739284	-0.151006473299999999	-0.172425547200000001
6025743284	-0.152909818800000014	-0.17143375529999999
6025747284	-0.152555434900000009	-0.173114902399999993
6025751284	-0.1519069267	-0.171558588699999987
6025755284	-0.159174982699999995	-0.174006495000000011
6025759284	-0.155563019999999996	-0.172200331799999995
6025763284	-0.157497489200000007	-0.1732516432
6025767284	-0.161192040099999989	-0.173040245399999987
6025771284	-0.156873788200000003	-0.170807111700000014
6025775284	-0.154720190600000002	-0.17252526809999999
6025779284	-0.159407057800000002	-0.171377598800000003
6025783284	-0.159989113799999999	-0.169405264299999997
6025787284	-0.158768543499999998	-0.17441736599999999
6025791284	-0.161626071799999993	-0.171667605299999998
6025795284	-0.162952569600000013	-0.170674600399999987
6025799284	-0.164344457700000002	-0.173702082400000013
6025803284	-0.163611160499999991	-0.169263287699999987
6025807284	-0.161820428900000007	-0.168821013599999986
6025811284	-0.162368279199999993	-0.171266444399999995
6025815284	-0.163927653000000007	-0.170705211100000004
6025819284	-0.165132666700000014	-0.1720514712
6025823284	-0.162926168499999996	-0.169253340199999991
6025827284	-0.165418172800000013	-0.165710731400000005
6025831284	-0.167897396300000001	-0.168517650800000002
6025835284	-0.164709687599999988	-0.171572099899999997
6025839284	-0.167315862600000004	-0.169467896499999993
6025843284	-0.169202412999999996	-0.169577841499999993
6025847284	-0.168032623900000011	-0.168709541099999999
6025851284	-0.168086533799999993	-0.167216717399999992
6025855284	-0.168034380499999997	-0.170913484799999987
6025859284	-0.168655260499999987	-0.168341695099999994
6025863284	-0.1684783745	-0.16599219770000001
6025867284	-0.168164104700000011	-0.168959063399999998
6025871284	-0.171845522499999986	-0.166469038600000008
6025875284	-0.165938219500000012	-0.168337059799999994
6025879284	-0.170770153899999999	-0.168197049799999998
6025883284	-0.173491789199999996	-0.167482313900000013
6025887284	-0.17259821580000001	-0.166789454700000006
6025891284	-0.173137776100000002	-0.163683794500000007
6025895284	-0.172296722200000002	-0.168873035799999988
6025899284	-0.175887149900000012	-0.16503204199999999
6025903284	-0.173793252799999992	-0.162514133700000007
6025907284	-0.172657222100000007	-0.169544024999999987
6025911284	-0.176243391500000013	-0.163230238599999994
6025915284	-0.178856245299999994	-0.162610645599999992
6025919284	-0.177154180800000005	-0.165984788200000011
6025923284	-0.177955023600000012	-0.168779687600000006
6025927284	-0.179059310700000002	-0.162059047600000006
6025931284	-0.176448171300000012	-0.165718163599999996
6025935284	-0.180392875499999994	-0.163709936199999989
6025939284	-0.180423966299999988	-0.165137052400000012
6025943284	-0.1807229313	-0.165379929099999989
6025947284	-0.179665997800000005	-0.165983774599999995
6025951284	-0.17978455430000001	-0.16477659489999999
6025955284	-0.179562960100000002	-0.162102635599999989
6025959284	-0.183812764399999995	-0.16370068900000001
6025963284	-0.182296165300000007	-0.165008144500000009
6025967284	-0.183762676900000005	-0.162251648299999995
6025971284	-0.182298945399999995	-0.161178011499999996
6025975284	-0.186085953100000007	-0.161993083700000012
6025979284	-0.182817057799999988	-0.164725633499999996
6025983284	-0.188249794800000009	-0.160296219699999992
6025987284	-0.185433294599999993	-0.160266643300000011
6025991284	-0.185499085400000013	-0.16217695700000001
6025995284	-0.184180874699999997	-0.161462079600000002
6025999284	-0.186635143899999995	-0.158857830700000008
6026003284	-0.187603054299999988	-0.159857850299999993
6026007284	-0.187483218099999988	-0.162861593100000007
6026011284	-0.184561953400000006	-0.157729024400000001
6026015284	-0.185969530399999999	-0.160337649599999993
6026019284	-0.186928344200000013	-0.157655939500000009
6026023284	-0.189336848400000007	-0.160628875199999993
6026027284	-0.187705884399999995	-0.155807078399999993
6026031284	-0.189450518799999995	-0.159047507799999988
6026035284	-0.189050112599999987	-0.161891763299999991
6026039284	-0.18987001710000001	-0.15868505690000001
6026043284	-0.191696403600000009	-0.157185484300000011
6026047284	-0.191405008300000012	-0.157422047900000001
6026051284	-0.192866333700000003	-0.1613793278
6026055284	-0.192139821500000002	-0.155557231600000012
6026059284	-0.193677755899999998	-0.159601075099999989
6026063284	-0.19540958659999999	-0.156589526899999998
6026067284	-0.194342385400000012	-0.157736869700000004
6026071284	-0.19584988519999999	-0.155700307099999991
6026075284	-0.193346498000000006	-0.161746670600000003
6026079284	-0.1928530933	-0.157457331099999986
6026083284	-0.195131417700000004	-0.155595435599999998
6026087284	-0.194746525799999987	-0.156434919499999991
6026091284	-0.192346006600000008	-0.15458421
6026095284	-0.196447346999999994	-0.155050485200000004
6026099284	-0.196592025599999998	-0.155437045200000012
6026103284	-0.194940422299999999	-0.150561474199999989
6026107284	-0.196629085000000009	-0.150858780199999987
6026111284	-0.196418040900000007	-0.150648893799999989
6026115284	-0.198535399400000007	-0.155977807899999987
6026119284	-0.19742071550000001	-0.154686092599999991
6026123284	-0.200214936799999993	-0.153555622499999989
6026127284	-0.201454127799999994	-0.149950635299999996
6026131284	-0.198662830499999998	-0.1530275891
6026135284	-0.198179057200000008	-0.154323229300000003
6026139284	-0.200369905399999992	-0.152003039899999998
6026143284	-0.20086072960000001	-0.151833686200000012
6026147284	-0.198835095999999989	-0.151382220499999998
6026151284	-0.201572363199999993	-0.149250103800000006
6026155284	-0.200712541900000013	-0.151549344199999991
6026159284	-0.1998431071	-0.151131448400000007
6026163284	-0.201237304799999989	-0.148535988000000008
6026167284	-0.205046854000000001	-0.149689963000000009
6026171284	-0.203254390099999988	-0.150119502999999987
6026175284	-0.204019956400000008	-0.148857244500000013
6026179284	-0.20200515799999999	-0.145859266300000012
6026183284	-0.20292485469999999	-0.14968873869999999
6026187284	-0.205631884999999986	-0.145980777099999987
6026191284	-0.202756206500000008	-0.147362698300000011
6026195284	-0.205229970099999992	-0.147979547699999991
6026199284	-0.202762211400000003	-0.143510024600000008
6026203284	-0.207694427799999998	-0.145956930699999987
6026207284	-0.205945818000000003	-0.148412656799999987
6026211284	-0.203559306299999992	-0.1454926047
6026215284	-0.20387112830000001	-0.149351422499999997
6026219284	-0.206866954500000005	-0.147438584099999992
6026223284	-0.208744446199999989	-0.149224760799999995
6026227284	-0.206295055599999999	-0.148399285900000011
6026231284	-0.204995812299999997	-0.144113714100000012
6026235284	-0.204689836300000011	-0.144404595899999988
6026239284	-0.210074432799999988	-0.145509896400000005
6026243284	-0.208915723500000011	-0.144470189400000004
6026247284	-0.207125580000000004	-0.143609549199999992
6026251284	-0.208894117600000012	-0.144475534399999994
6026255284	-0.208713968299999997	-0.143464396299999991
6026259284	-0.2131698702	-0.141198929400000006
6026263284	-0.208218011600000003	-0.143387183800000012
6026267284	-0.211033499399999991	-0.146818976999999989
6026271284	-0.208170768099999987	-0.141991539500000014
6026275284	-0.215679748100000013	-0.144072953700000006
6026279284	-0.210544238699999997	-0.143207001499999986
6026283284	-0.210970721899999991	-0.144198565299999998
6026287284	-0.212713245400000001	-0.13989461789999999
6026291284	-0.210199503199999999	-0.138780638399999989
6026295284	-0.210646484599999989	-0.141569741299999996
6026299284	-0.21288881300000001	-0.139035139299999999
6026303284	-0.210639753699999988	-0.140612631200000004
6026307284	-0.211743564899999986	-0.139906860599999988
6026311284	-0.21412371790000001	-0.1410860102
6026315284	-0.213415324500000003	-0.142080178899999993
6026319284	-0.214424147799999992	-0.141401759799999999
6026323284	-0.213391874300000006	-0.138305943799999997
6026327284	-0.214458056400000013	-0.136882581800000014
6026331284	-0.210724926099999987	-0.138731533099999998
6026335284	-0.216089256099999988	-0.137538773199999992
6026339284	-0.215163023199999998	-0.139382495899999986
6026343284	-0.214199969900000009	-0.136743781199999997
6026347284	-0.217954324599999999	-0.138897317800000003
6026351284	-0.21432564509999999	-0.140799176999999998
6026355284	-0.216768877700000001	-0.135343284000000008
6026359284	-0.217963271300000011	-0.136416985800000001
6026363284	-0.215222647299999986	-0.135482152800000005
6026367284	-0.216015932500000007	-0.137051762500000007
6026371284	-0.216635072200000001	-0.131176022499999989
6026375284	-0.214335303000000005	-0.134736679500000012
6026379284	-0.21886681429999999	-0.134170160199999999
6026383284	-0.215811533299999997	-0.133552461000000011
6026387284	-0.215718341099999988	-0.13316432210000001
6026391284	-0.215421533100000007	-0.135783407500000008
6026395284	-0.220209578500000003	-0.134803463200000001
6026399284	-0.223959491099999991	-0.130214162800000005
6026403284	-0.214943554700000011	-0.134105733199999994
6026407284	-0.218742489000000012	-0.135753498400000006
6026411284	-0.220383501900000001	-0.127912459899999997
6026415284	-0.220485922499999987	-0.130026258000000006
6026419284	-0.221731720100000002	-0.131118807599999998
6026423284	-0.220088206099999989	-0.127689850699999996
6026427284	-0.222865661399999998	-0.133170705199999989
6026431284	-0.219778714399999991	-0.130974767500000006
6026435284	-0.224041673800000007	-0.128638722600000005
6026439284	-0.220968923600000006	-0.128518352899999994
6026443284	-0.221864074100000003	-0.12822193979999999
6026447284	-0.222782009400000008	-0.128833879499999998
6026451284	-0.224314566399999998	-0.130672007199999995
6026455284	-0.224616609699999997	-0.132694685400000012
6026459284	-0.225855418800000013	-0.130685507799999989
6026463284	-0.2254548143	-0.12714694909999999
6026467284	-0.223939796400000002	-0.126013416200000006
6026471284	-0.224016769599999999	-0.125212670500000012
6026475284	-0.223455893699999991	-0.132606111999999998
6026479284	-0.224487060399999994	-0.126721320299999995
6026483284	-0.225208991999999997	-0.128606878799999991
6026487284	-0.229798678700000009	-0.1269244551
6026491284	-0.222437074099999993	-0.125748482999999994
6026495284	-0.223426542199999995	-0.125522525200000012
6026499284	-0.223730117300000003	-0.120968155800000005
6026503284	-0.222183910099999993	-0.129329201300000002
6026507284	-0.226914287399999998	-0.124362564199999998
6026511284	-0.2233977251	-0.123631030399999994
6026515284	-0.223062576900000004	-0.124157837600000001
6026519284	-0.228837160799999995	-0.124392751999999995
6026523284	-0.226409676799999987	-0.124606418199999999
6026527284	-0.2251223158	-0.124875415200000006
6026531284	-0.22968147920000001	-0.122169549500000002
6026535284	-0.225381652900000007	-0.124382991799999995
6026539284	-0.229200979700000002	-0.124484803500000005
6026543284	-0.228492943400000009	-0.122260308499999998
6026547284	-0.227102691999999995	-0.120979080899999994
6026551284	-0.230466646200000014	-0.122717600100000004
6026555284	-0.229834106399999988	-0.120294494299999999
6026559284	-0.228040159800000003	-0.119799324299999996
6026563284	-0.229828461000000012	-0.121228626500000006
6026567284	-0.230627513499999992	-0.120704293599999998
6026571284	-0.229840705000000006	-0.121597346199999998
6026575284	-0.22887745100000001	-0.117904608899999999
6026579284	-0.228550989199999999	-0.120900034200000006
6026583284	-0.232912106600000002	-0.116682012500000001
6026587284	-0.230249712200000012	-0.116856444399999995
6026591284	-0.229359052899999999	-0.118760808900000001
6026595284	-0.228774682600000001	-0.118066569600000004
6026599284	-0.22823398889999999	-0.118974956899999998
6026603284	-0.229857824999999988	-0.120745866499999993
6026607284	-0.232155105	-0.119120902900000006
6026611284	-0.232784395899999996	-0.118726583100000005
6026615284	-0.232191568300000012	-0.119445209999999996
6026619284	-0.233933846000000001	-0.117677821899999993
6026623284	-0.234299590700000004	-0.118880380300000005
6026627284	-0.232072518300000002	-0.117165325599999995
6026631284	-0.232426347300000002	-0.116969405200000001
6026635284	-0.230603414199999995	-0.116523786599999998
6026639284	-0.232693832500000003	-0.116245974799999999
6026643284	-0.232990890899999997	-0.116009584799999996
6026647284	-0.231546625799999989	-0.114705978
6026651284	-0.230628193799999992	-0.115348747900000007
6026655284	-0.233755167300000011	-0.116323323500000006
6026659284	-0.229407237399999991	-0.110946500099999998
6026663284	-0.233641944299999987	-0.114182723
6026667284	-0.233484198400000009	-0.112489046199999998
6026671284	-0.234424706600000005	-0.111331647199999995
6026675284	-0.234996390400000005	-0.114636574000000005
6026679284	-0.233002366099999997	-0.109456469599999995
6026683284	-0.240794132699999996	-0.110485553400000006
6026687284	-0.232505423099999997	-0.109150998799999996
6026691284	-0.234304820599999991	-0.110498321499999996
6026695284	-0.236276873400000004	-0.108049876700000005
6026699284	-0.236737400900000006	-0.112951816299999994
6026703284	-0.234893456299999998	-0.110612527500000002
6026707284	-0.234606506399999998	-0.108768128500000005
6026711284	-0.230347955399999998	-0.1079440173
6026715284	-0.234738510900000003	-0.105506354100000005
6026719284	-0.23666982680000001	-0.111324988099999994
6026723284	-0.233689736000000009	-0.110898829500000004
6026727284	-0.238782897100000002	-0.108823458400000003
6026731284	-0.238159564800000001	-0.106366806499999994
6026735284	-0.2365599018	-0.104751946600000007
6026739284	-0.231889910899999996	-0.108082462099999999
6026743284	-0.237240020899999987	-0.105823825699999999
6026747284	-0.238631567900000008	-0.108605152600000004
6026751284	-0.237109187199999988	-0.103532356300000003
6026755284	-0.235219625500000001	-0.104877840200000003
6026759284	-0.23787789379999999	-0.105646113799999997
6026763284	-0.233671994999999993	-0.108096637199999998
6026767284	-0.239050260900000006	-0.101873239800000001
6026771284	-0.239011286099999998	-0.101955594499999996
6026775284	-0.235097183600000009	-0.104601640999999995
6026779284	-0.238737320499999989	-0.103286991100000003
6026783284	-0.244102616999999994	-0.102662360600000002
6026787284	-0.239327112700000011	-0.0994648543999999968
6026791284	-0.242450886100000013	-0.101486769399999996
6026795284	-0.239502419599999988	-0.103476118500000006
6026799284	-0.239175526899999991	-0.104101574200000005
6026803284	-0.239833407299999996	-0.102952673600000003
6026807284	-0.238301920100000009	-0.104693121099999994
6026811284	-0.242663573999999993	-0.102209999400000001
6026815284	-0.241982882099999991	-0.0996899626999999955
6026819284	-0.237449020799999994	-0.101714857699999994
6026823284	-0.238500555100000011	-0.100979480199999999
6026827284	-0.240023142500000009	-0.1006303853
6026831284	-0.241439464599999987	-0.101967426700000002
