# freq, I e Q
4393889200	-0.315209615499999984	0.060927186500000001
4393891200	-0.314543071800000018	0.0635588537000000009
4393893200	-0.314107344800000021	0.0618747237000000019
4393895200	-0.315372929600000018	0.0630646165000000036
4393897200	-0.314049905899999982	0.0623633665999999975
4393899200	-0.316444686699999977	0.0617716789000000016
4393901200	-0.315116342699999996	0.0624151501999999983
4393903200	-0.314986789599999983	0.0651169870000000012
4393905200	-0.316005946300000007	0.0673581129000000028
4393907200	-0.314856688900000015	0.0637117054999999932
4393909200	-0.311453179999999996	0.0663173694000000064
4393911200	-0.313655907999999983	0.0663771627000000058
4393913200	-0.315747486500000007	0.0649802696999999957
4393915200	-0.313015707500000018	0.0638799429999999946
4393917200	-0.313632954999999991	0.0692355402999999953
4393919200	-0.315334464300000006	0.0669417199000000018
4393921200	-0.313913351999999979	0.065911665800000005
4393923200	-0.311584125200000006	0.0657326245999999975
4393925200	-0.311000456400000014	0.0667599360000000058
4393927200	-0.313973501900000007	0.0660471279000000022
4393929200	-0.312945864899999981	0.068130298899999997
4393931200	-0.312436281500000024	0.0664932946999999969
4393933200	-0.312675381799999985	0.0684288505999999935
4393935200	-0.312550448199999997	0.0668998866999999942
4393937200	-0.31322204250000002	0.0677331241999999945
4393939200	-0.311723799700000026	0.0694006456000000049
4393941200	-0.312702105200000025	0.071038474500000004
4393943200	-0.31344588750000002	0.0694944931999999932
4393945200	-0.311026479899999986	0.0707609574000000047
4393947200	-0.31135163170000002	0.0709277108999999961
4393949200	-0.311236484199999996	0.0684849960000000063
4393951200	-0.313896406100000025	0.0684721875000000035
4393953200	-0.313767825100000008	0.0691594224999999979
4393955200	-0.312917794500000013	0.0721630481999999962
4393957200	-0.313336753400000001	0.0710201567999999978
4393959200	-0.310332816399999989	0.0685251592999999992
4393961200	-0.314423345999999992	0.0691616548999999942
4393963200	-0.312130117099999993	0.0726530118999999946
4393965200	-0.313419782400000013	0.0709786166999999968
4393967200	-0.313631327600000009	0.0715013904999999977
4393969200	-0.313891134399999994	0.072542854599999998
4393971200	-0.310653488400000011	0.0715383148000000024
4393973200	-0.31380809300000001	0.0703946943999999991
4393975200	-0.311672296199999976	0.0690480296999999993
4393977200	-0.31215601409999999	0.0746815172999999999
4393979200	-0.313417134500000027	0.0723424220000000034
4393981200	-0.311951562800000026	0.0710870445000000017
4393983200	-0.312748537300000018	0.0725010204000000047
4393985200	-0.31282358170000002	0.0744769708999999946
4393987200	-0.312457358199999979	0.0735293278999999966
4393989200	-0.310122565500000003	0.0716858466000000055
4393991200	-0.312374671699999995	0.0725099978000000034
4393993200	-0.312065262899999973	0.0734654985999999982
4393995200	-0.309695786799999984	0.0760242472000000058
4393997200	-0.311080235500000024	0.0726403214999999935
4393999200	-0.31000460270000002	0.0748665128000000069
4394001200	-0.311911927600000027	0.0737245549999999972
4394003200	-0.311061928400000021	0.0765573346999999932
4394005200	-0.311492162000000017	0.0761067794999999991
4394007200	-0.313170613799999997	0.0758609036999999958
4394009200	-0.311756968999999995	0.0734399475999999996
4394011200	-0.311232418999999982	0.0745972134999999953
4394013200	-0.310378809400000011	0.0765162568000000015
4394015200	-0.308706495199999986	0.0753685860000000013
4394017200	-0.312026879099999987	0.0767178211999999943
4394019200	-0.309943399100000017	0.0780025453999999979
4394021200	-0.313437819900000025	0.0774692686000000019
4394023200	-0.311346644900000025	0.0779522955000000045
4394025200	-0.312834548900000009	0.0757632371999999998
4394027200	-0.313431739499999973	0.0776538197999999957
4394029200	-0.310358187000000008	0.0793643692000000067
4394031200	-0.309755090499999997	0.0772958343000000048
4394033200	-0.31210917199999999	0.0788721046000000064
4394035200	-0.311017197500000009	0.0776813301999999956
4394037200	-0.309920707600000012	0.0773508504999999985
4394039200	-0.310727065099999977	0.0782179521000000016
4394041200	-0.311639961899999984	0.0806811097000000033
4394043200	-0.309843305100000022	0.0803254216999999965
4394045200	-0.308675627000000008	0.0796153395000000069
4394047200	-0.310610787100000008	0.0790502621999999988
4394049200	-0.310213866999999976	0.0785711057000000046
4394051200	-0.307296917599999997	0.0810406471000000017
4394053200	-0.310529861299999987	0.0826183498000000044
4394055200	-0.307705421899999998	0.0788200210999999984
4394057200	-0.308955672199999976	0.0789652740999999964
4394059200	-0.310202506400000022	0.0814330753000000046
4394061200	-0.307740786499999974	0.081681587299999997
4394063200	-0.311628682900000009	0.0817834835000000038
4394065200	-0.309510052199999997	0.0828499983999999995
4394067200	-0.309139211600000019	0.0832257108999999995
4394069200	-0.31190172490000001	0.0847148875000000023
4394071200	-0.308448794099999979	0.0819224323999999948
4394073200	-0.306573547499999988	0.0808828614000000057
4394075200	-0.308616150400000011	0.0835545193000000047
4394077200	-0.307651072899999989	0.0835849708999999996
4394079200	-0.310252926400000018	0.0850093063999999982
4394081200	-0.307770394100000011	0.0816239849999999961
4394083200	-0.310052502100000016	0.0849699005000000007
4394085200	-0.310643014399999973	0.0892320632999999974
4394087200	-0.308270399699999975	0.0880080745000000053
4394089200	-0.308966478099999997	0.0862152535999999997
4394091200	-0.308343220099999982	0.0853689797
4394093200	-0.307770149200000009	0.0855615866999999974
4394095200	-0.307403321200000024	0.085027443499999994
4394097200	-0.307373491800000009	0.0861422346000000061
4394099200	-0.307718226500000025	0.0866272539000000064
4394101200	-0.308062451199999976	0.0864230824000000036
4394103200	-0.306566259800000018	0.087132853499999996
4394105200	-0.306654667800000003	0.0864794819999999964
4394107200	-0.309269302400000001	0.0873138269000000022
4394109200	-0.309203814199999982	0.0866491612999999994
4394111200	-0.309084125300000012	0.0865079796000000067
4394113200	-0.309139064500000005	0.0860753380999999956
4394115200	-0.30815975109999999	0.0877407238000000034
4394117200	-0.306470041699999973	0.0880774007999999969
4394119200	-0.307362480800000004	0.0875754579000000005
4394121200	-0.310298751500000025	0.0886260576000000022
4394123200	-0.30846663660000001	0.087918938000000002
4394125200	-0.30801202929999999	0.0898514844999999951
4394127200	-0.308764483400000012	0.0896562523999999972
4394129200	-0.307270577699999992	0.0886175881000000054
4394131200	-0.309201963600000018	0.0889090418999999993
4394133200	-0.307834189300000005	0.0899437364000000017
4394135200	-0.307156338799999984	0.0907727938000000012
4394137200	-0.306909721999999996	0.0933396269999999945
4394139200	-0.30790298570000002	0.0903848327999999951
4394141200	-0.308028517999999973	0.0897769719000000022
4394143200	-0.305055761099999989	0.0916652874000000034
4394145200	-0.304171615700000009	0.092242597699999998
4394147200	-0.305878917099999981	0.0898368863999999961
4394149200	-0.306294347600000016	0.0906351353000000026
4394151200	-0.305738147100000024	0.0928785104999999972
4394153200	-0.305394860499999976	0.0903398537000000001
4394155200	-0.305271862700000007	0.0915926326000000013
4394157200	-0.30636933030000002	0.0932299157999999933
4394159200	-0.303428562999999984	0.0921236755000000018
4394161200	-0.307462603200000018	0.0946922283000000004
4394163200	-0.304053587100000022	0.0916160968000000048
4394165200	-0.305560536800000004	0.0920054592999999948
4394167200	-0.303320617999999986	0.0943520862999999987
4394169200	-0.304161687399999991	0.094768648600000005
4394171200	-0.306261141800000025	0.0947617392999999947
4394173200	-0.306203836499999993	0.0959741630000000012
4394175200	-0.304444190900000022	0.0942054863999999964
4394177200	-0.305791219900000022	0.0958594334999999936
4394179200	-0.305177223200000014	0.092358066399999994
4394181200	-0.303477850699999996	0.0961818316000000034
4394183200	-0.305101812600000022	0.0968078628000000052
4394185200	-0.303655797999999977	0.0957716131999999942
4394187200	-0.304850512299999987	0.0951281078000000002
4394189200	-0.305764034600000012	0.0952881163999999975
4394191200	-0.301299355800000002	0.0974687000999999997
4394193200	-0.303003497100000019	0.0982300732000000038
4394195200	-0.304099252900000006	0.100758486600000002
4394197200	-0.304741281199999992	0.0984162400000000021
4394199200	-0.302630311900000004	0.0985384463999999932
4394201200	-0.30442237459999999	0.099278558599999997
4394203200	-0.306967711799999987	0.0997935992999999938
4394205200	-0.305344120800000007	0.0991229774000000063
4394207200	-0.304310278200000006	0.099030628699999998
4394209200	-0.304282092299999973	0.1003842125
4394211200	-0.301959591799999982	0.0998606573000000025
4394213200	-0.301257366999999998	0.0998334928000000066
4394215200	-0.303050851200000027	0.0994852697000000036
4394217200	-0.303428308500000021	0.102435271699999997
4394219200	-0.303165240800000013	0.102220116200000002
4394221200	-0.304010082600000009	0.101509280800000004
4394223200	-0.301877185200000009	0.101351759
4394225200	-0.302647738399999977	0.0983110467000000016
4394227200	-0.302059951100000001	0.101057082199999995
4394229200	-0.302570062500000014	0.101216999200000005
4394231200	-0.298219494400000007	0.101953287399999995
4394233200	-0.302204785300000001	0.102672742900000002
4394235200	-0.303993508500000009	0.105513741800000005
4394237200	-0.301502399799999987	0.102770452999999998
4394239200	-0.302313209400000005	0.106412460099999995
4394241200	-0.301279680800000005	0.101192720099999994
4394243200	-0.300806779099999977	0.102382315000000002
4394245200	-0.303013798300000026	0.102339693999999995
4394247200	-0.301570424999999975	0.103300066199999999
4394249200	-0.300515959900000018	0.103719055800000001
4394251200	-0.30009765490000001	0.104604708899999996
4394253200	-0.301492103899999975	0.104477358699999995
4394255200	-0.300444358000000022	0.105618600500000007
4394257200	-0.302653215400000009	0.1052646639
4394259200	-0.301839110000000022	0.108823572699999996
4394261200	-0.299209547999999992	0.107507676799999993
4394263200	-0.299047868100000003	0.108397696399999993
4394265200	-0.300047239199999982	0.105209446900000003
4394267200	-0.300772241900000015	0.105564537900000005
4394269200	-0.300991599300000023	0.108176764100000003
4394271200	-0.297972795700000015	0.106720954000000007
4394273200	-0.299717392699999974	0.107533741099999997
4394275200	-0.297357052899999974	0.106493319200000006
4394277200	-0.298918668700000001	0.106857288100000003
4394279200	-0.300555936099999976	0.108745974100000004
4394281200	-0.299829788200000003	0.107799921000000007
4394283200	-0.299922735900000015	0.108471126400000006
4394285200	-0.299955113800000006	0.111095621500000005
4394287200	-0.298763772400000016	0.108958081799999995
4394289200	-0.301359968799999989	0.110213245099999996
4394291200	-0.298441912799999987	0.1096774727
4394293200	-0.298892327199999974	0.1120139468
4394295200	-0.300560587900000009	0.109468757200000003
4394297200	-0.297840262199999983	0.111125081700000003
4394299200	-0.298587250999999998	0.110443167499999995
4394301200	-0.297020346699999993	0.110127679000000006
4394303200	-0.297601571700000012	0.111201403300000001
4394305200	-0.299537398200000027	0.111802257599999996
4394307200	-0.297276755499999989	0.112295039200000002
4394309200	-0.298900141900000027	0.112429676199999995
4394311200	-0.297429804600000014	0.111957165799999994
4394313200	-0.295984070599999982	0.112653776499999997
4394315200	-0.295312196600000021	0.113632066800000001
4394317200	-0.294572196600000002	0.113675853699999996
4394319200	-0.297893720799999984	0.114474003399999996
4394321200	-0.295938033699999992	0.116607019500000006
4394323200	-0.295123545200000004	0.114191444200000006
4394325200	-0.295234951999999995	0.115511090600000005
4394327200	-0.296493583800000016	0.115720532900000006
4394329200	-0.295136273800000015	0.116730597000000005
4394331200	-0.295562116300000011	0.115517238999999994
4394333200	-0.297876566200000026	0.116035908300000004
4394335200	-0.297014867999999987	0.118025835999999995
4394337200	-0.292957337599999978	0.116540595699999999
4394339200	-0.296481129399999987	0.116202387200000007
4394341200	-0.296684414600000002	0.117564004099999994
4394343200	-0.294038259000000024	0.115955732399999997
4394345200	-0.296078744700000007	0.118124405299999999
4394347200	-0.294126470799999984	0.118871000199999993
4394349200	-0.296132126699999998	0.118271623100000001
4394351200	-0.293647537000000014	0.118725176799999999
4394353200	-0.295911483099999983	0.122262207799999995
4394355200	-0.296941551199999987	0.1202390391
4394357200	-0.295314909999999986	0.1186283692
4394359200	-0.295026722700000021	0.119824200199999994
4394361200	-0.291933441100000024	0.118587640699999997
4394363200	-0.293161481000000002	0.123081995499999999
4394365200	-0.293727359500000007	0.118860024699999997
4394367200	-0.291693652099999978	0.1211571709
4394369200	-0.291892561599999989	0.120898018199999999
4394371200	-0.293506445700000007	0.123688544499999997
4394373200	-0.293927185199999996	0.121880313300000001
4394375200	-0.2930646784	0.123919793799999997
4394377200	-0.291688055200000018	0.121149441699999999
4394379200	-0.291121003200000006	0.121857827099999996
4394381200	-0.28974646409999999	0.120695344699999998
4394383200	-0.293371589599999982	0.125064827500000003
4394385200	-0.291783533400000017	0.126174149000000013
4394387200	-0.293958159599999991	0.123732881599999997
4394389200	-0.29172563600000001	0.126347360999999991
4394391200	-0.291407344199999974	0.123637298600000001
4394393200	-0.292070034899999997	0.124843222899999995
4394395200	-0.290751348700000023	0.125342509800000002
4394397200	-0.288299944099999983	0.126730478099999988
4394399200	-0.291119042599999989	0.123447838800000001
4394401200	-0.289175058900000004	0.127331105400000005
4394403200	-0.290056204699999987	0.124612957999999996
4394405200	-0.288053464400000014	0.126244734400000003
4394407200	-0.288584048500000023	0.129197149700000014
4394409200	-0.289695618599999982	0.125139531800000009
4394411200	-0.286782627800000023	0.128912784100000011
4394413200	-0.289123687000000018	0.129220052499999988
4394415200	-0.287165424800000013	0.127579764200000001
4394417200	-0.288736780000000026	0.125787073100000008
4394419200	-0.290447504999999995	0.1297267587
4394421200	-0.288946061799999987	0.129258795600000004
4394423200	-0.287679508699999975	0.129438400700000011
4394425200	-0.289129469099999981	0.128564879100000001
4394427200	-0.286280539000000001	0.133407791999999997
4394429200	-0.287201331700000007	0.130130654200000001
4394431200	-0.288523044900000025	0.1332820116
4394433200	-0.287891344599999988	0.129469086000000011
4394435200	-0.286962172500000001	0.131591967300000001
4394437200	-0.287315530500000027	0.131669638499999991
4394439200	-0.286074788600000018	0.135399580800000002
4394441200	-0.284369362199999975	0.13447501349999999
4394443200	-0.284906340400000013	0.131377482399999995
4394445200	-0.287267991800000011	0.134279033999999992
4394447200	-0.283999089099999991	0.135504120899999997
4394449200	-0.286400814499999989	0.134241582800000009
4394451200	-0.284183292300000001	0.133471751100000008
4394453200	-0.286512817699999978	0.133168747700000006
4394455200	-0.282743897500000008	0.134028876500000005
4394457200	-0.283577416600000021	0.132705222399999989
4394459200	-0.284239082199999993	0.135473224400000009
4394461200	-0.286193493000000021	0.135810534099999991
4394463200	-0.282373877599999989	0.135506159099999995
4394465200	-0.282971970600000011	0.136573778400000012
4394467200	-0.283296043200000014	0.136980697200000001
4394469200	-0.28516795410000001	0.138340896299999988
4394471200	-0.2809597338	0.13651462419999999
4394473200	-0.280866490400000002	0.136868944900000011
4394475200	-0.280544339699999978	0.137376034000000008
4394477200	-0.280477663300000013	0.135092372699999991
4394479200	-0.281410758900000002	0.136987370100000005
4394481200	-0.280581520799999984	0.138396341300000003
4394483200	-0.281529656600000011	0.138495175999999998
4394485200	-0.280195554899999977	0.139395609300000001
4394487200	-0.279322837400000024	0.13969290949999999
4394489200	-0.281186363800000005	0.140573347900000006
4394491200	-0.281684534799999997	0.141052287599999993
4394493200	-0.281025050499999984	0.1435092231
4394495200	-0.281579195999999976	0.140636912899999994
4394497200	-0.281271129800000019	0.143314405099999986
4394499200	-0.276976484799999978	0.1437744564
4394501200	-0.276741074500000017	0.141616257400000001
4394503200	-0.278242548699999981	0.142722089299999993
4394505200	-0.281325163200000006	0.145072569499999998
4394507200	-0.278217907200000003	0.144171268999999991
4394509200	-0.276797147899999985	0.145645979300000006
4394511200	-0.279315160200000023	0.144894829100000011
4394513200	-0.275255571600000026	0.142666191500000011
4394515200	-0.277633724699999973	0.146180461900000003
4394517200	-0.275681921900000015	0.148616560799999992
4394519200	-0.275851292500000012	0.146256963299999987
4394521200	-0.275027620299999997	0.146100074400000002
4394523200	-0.273851740899999974	0.145552384300000004
4394525200	-0.275901410299999983	0.149784433599999989
4394527200	-0.275279828299999973	0.147198225699999991
4394529200	-0.274117799100000004	0.148068613999999987
4394531200	-0.273244953800000023	0.149266302999999989
4394533200	-0.273813961200000011	0.148879674600000012
4394535200	-0.2733376005	0.146941073799999988
4394537200	-0.271692573100000001	0.149106584900000005
4394539200	-0.27154854140000001	0.14679344829999999
4394541200	-0.27050161490000002	0.151657798099999991
4394543200	-0.271226377000000018	0.152086686599999993
4394545200	-0.270817550199999979	0.153277455700000009
4394547200	-0.273995883900000015	0.152112075399999991
4394549200	-0.269560507000000005	0.153468122200000001
4394551200	-0.269251387600000003	0.153407190100000007
4394553200	-0.270582416400000025	0.150172660000000013
4394555200	-0.268984916299999988	0.155033651200000011
4394557200	-0.267782219099999996	0.15196496470000001
4394559200	-0.268812953999999993	0.155128825299999995
4394561200	-0.268635866999999973	0.15526288399999999
4394563200	-0.2682758596	0.156335147199999996
4394565200	-0.268101878299999985	0.15684464640000001
4394567200	-0.267557998600000013	0.156993830599999995
4394569200	-0.265271976799999976	0.156900505999999995
4394571200	-0.264608761199999987	0.153944764399999989
4394573200	-0.267228416400000002	0.157425027999999995
4394575200	-0.264122504599999974	0.156742816199999996
4394577200	-0.265074162300000027	0.156852370099999999
4394579200	-0.265544211899999993	0.157234082299999994
4394581200	-0.263908923399999995	0.162621236700000005
4394583200	-0.263259014399999991	0.157763324900000002
4394585200	-0.262736518799999985	0.160920485299999999
4394587200	-0.262387983400000024	0.160910619599999999
4394589200	-0.26365729630000001	0.160534286999999998
4394591200	-0.25978344510000001	0.161336199200000002
4394593200	-0.259353871000000014	0.160854508300000004
4394595200	-0.262863059800000021	0.160400931999999996
4394597200	-0.258529059999999977	0.160621057600000006
4394599200	-0.25970229680000001	0.162826547399999993
4394601200	-0.259490841199999989	0.164180892200000011
4394603200	-0.259635957299999998	0.162755432300000002
4394605200	-0.257264431500000001	0.164309897399999988
4394607200	-0.257836819200000011	0.163967345200000003
4394609200	-0.256252869900000013	0.165288316299999988
4394611200	-0.256455626699999994	0.164595413100000004
4394613200	-0.254967958699999997	0.166427032599999997
4394615200	-0.25459053949999999	0.165448761999999999
4394617200	-0.254804326099999978	0.166558498199999988
4394619200	-0.252890276600000019	0.169029380099999987
4394621200	-0.25374760930000001	0.16952439729999999
4394623200	-0.249050434099999995	0.166253300500000006
4394625200	-0.252193884500000021	0.171325747199999989
4394627200	-0.253080120899999983	0.170506988100000006
4394629200	-0.249068170499999991	0.168383671799999995
4394631200	-0.251447489999999996	0.168351412899999997
4394633200	-0.247848588099999989	0.17122845980000001
4394635200	-0.249386058599999988	0.170076598699999998
4394637200	-0.250682995899999983	0.17012428269999999
4394639200	-0.24591954290000001	0.173628935900000003
4394641200	-0.243748419399999999	0.171210941000000005
4394643200	-0.247158120700000011	0.173787063500000005
4394645200	-0.245984963100000009	0.172999799900000001
4394647200	-0.241768581900000001	0.174987229100000002
4394649200	-0.24315020670000001	0.174538964299999988
4394651200	-0.241149035600000006	0.17379704339999999
4394653200	-0.242097812800000006	0.174098752100000004
4394655200	-0.242538440200000011	0.173978629500000009
4394657200	-0.237885029999999997	0.175991538700000005
4394659200	-0.238370235000000014	0.177920252400000006
4394661200	-0.236519702199999987	0.176977287600000005
4394663200	-0.238530426500000003	0.176612593300000009
4394665200	-0.238231435600000013	0.176235774099999992
4394667200	-0.235494280299999997	0.180558695600000013
4394669200	-0.237153931499999998	0.175791715099999996
4394671200	-0.232762553499999997	0.178481363199999993
4394673200	-0.23501220980000001	0.180522356500000009
4394675200	-0.231615131599999996	0.182036140200000002
4394677200	-0.230706627299999995	0.180884349100000008
4394679200	-0.229441262700000009	0.182273927499999988
4394681200	-0.228835160300000007	0.182260432599999994
4394683200	-0.2267643778	0.180065848199999989
4394685200	-0.22724439569999999	0.184204146499999999
4394687200	-0.227115005799999992	0.183541471799999995
4394689200	-0.225459881000000001	0.185430118899999996
4394691200	-0.22349390420000001	0.182179651599999992
4394693200	-0.222653267099999996	0.184620147600000006
4394695200	-0.222427029999999998	0.185958687499999997
4394697200	-0.218357188600000002	0.184814269400000009
4394699200	-0.219044335000000007	0.185560948400000009
4394701200	-0.219215567400000005	0.186169210700000004
4394703200	-0.219875493300000002	0.185948939499999993
4394705200	-0.215766494700000006	0.185435928899999991
4394707200	-0.21559189749999999	0.187515961600000003
4394709200	-0.218601203699999996	0.18802761409999999
4394711200	-0.2126988873	0.186150573699999988
4394713200	-0.212720967000000011	0.191042775100000006
4394715200	-0.209637518500000009	0.188463177000000009
4394717200	-0.207822733000000009	0.188309794400000008
4394719200	-0.204299821500000006	0.188417177699999994
4394721200	-0.205841549699999987	0.188670194000000013
4394723200	-0.2048397468	0.189439400899999999
4394725200	-0.205080748199999996	0.189958193199999986
4394727200	-0.201989885000000008	0.190778524100000013
4394729200	-0.201009041899999991	0.191725780600000006
4394731200	-0.198973899199999998	0.192051180399999993
4394733200	-0.198868041999999995	0.189198408699999987
4394735200	-0.194535925999999998	0.189727180999999995
4394737200	-0.196057481300000003	0.189724555900000008
4394739200	-0.194048861299999986	0.192981627300000014
4394741200	-0.192326831300000001	0.192658063900000009
4394743200	-0.191613981500000002	0.192954220799999993
4394745200	-0.187174946399999986	0.190007386
4394747200	-0.189261091399999998	0.191048655300000009
4394749200	-0.184540034200000008	0.190146382000000003
4394751200	-0.184698907899999987	0.193443640100000008
4394753200	-0.181905620200000007	0.190511348699999999
4394755200	-0.180837728100000011	0.19193395399999999
4394757200	-0.17966363090000001	0.193709520800000007
4394759200	-0.174663246900000013	0.191989582800000003
4394761200	-0.174786361599999995	0.190762671800000005
4394763200	-0.172031073300000004	0.193274665499999998
4394765200	-0.170919272600000005	0.193889315400000012
4394767200	-0.167926913799999994	0.192636846400000006
4394769200	-0.167328193200000003	0.191380898299999991
4394771200	-0.165619476300000013	0.1919580179
4394773200	-0.163660501399999991	0.194467999599999997
4394775200	-0.161995819099999994	0.189505958299999999
4394777200	-0.1598658674	0.194602908699999994
4394779200	-0.156350976100000011	0.191505341800000006
4394781200	-0.153942748900000009	0.190220794400000004
4394783200	-0.152621735700000011	0.189040422900000005
4394785200	-0.147735363000000008	0.188308152899999998
4394787200	-0.146018297800000002	0.186444886799999987
4394789200	-0.146307955600000011	0.187399391999999998
4394791200	-0.142301913599999996	0.187135019799999996
4394793200	-0.140344703500000001	0.184789354099999997
4394795200	-0.136628541800000003	0.188031351799999996
4394797200	-0.133867465500000005	0.185473884400000011
4394799200	-0.1345843927	0.1840552835
4394801200	-0.128816691600000005	0.181731586100000009
4394803200	-0.126478544199999987	0.181454377800000011
4394805200	-0.124546756699999997	0.179422972600000008
4394807200	-0.121498154600000005	0.177609507299999997
4394809200	-0.121123218199999994	0.177129196399999994
4394811200	-0.116771277000000007	0.17496531030000001
4394813200	-0.113888551899999996	0.176251901099999997
4394815200	-0.111084801100000005	0.174367782100000007
4394817200	-0.110694452200000001	0.170751381499999993
4394819200	-0.106064059399999994	0.169531759300000001
4394821200	-0.103777479399999997	0.166099098599999995
4394823200	-0.101667420499999994	0.163830763900000009
4394825200	-0.0994390383999999988	0.160690660699999988
4394827200	-0.0975997854999999942	0.161346929700000002
4394829200	-0.0922291830000000062	0.159746660699999987
4394831200	-0.0905990874000000002	0.154165503700000012
4394833200	-0.0878715659000000038	0.152501772099999988
4394835200	-0.0878789200999999937	0.152374326300000001
4394837200	-0.0831019521000000011	0.146390657499999993
4394839200	-0.0818682218000000017	0.143917128899999996
4394841200	-0.0795094684000000052	0.139032091599999991
4394843200	-0.0777822053000000041	0.13809942959999999
4394845200	-0.0755547800999999963	0.135169668999999992
4394847200	-0.0730625047000000027	0.131597217500000002
4394849200	-0.0710132544000000032	0.127768230499999996
4394851200	-0.068405179999999996	0.1242095
4394853200	-0.065757869699999999	0.119850701300000001
4394855200	-0.0634991275000000022	0.116634108700000003
4394857200	-0.0644913408999999993	0.110037874399999999
4394859200	-0.0653563493000000051	0.107365600699999994
4394861200	-0.0644280623000000052	0.105118896899999995
4394863200	-0.0605111655999999998	0.0980530426999999954
4394865200	-0.0589673825999999998	0.0986167547000000033
4394867200	-0.0591821159999999999	0.0930813221999999968
4394869200	-0.0583105614999999966	0.0864701890999999973
4394871200	-0.0566952838999999972	0.0813509141999999991
4394873200	-0.0553607378999999983	0.0768713780999999985
4394875200	-0.0567865031000000034	0.0765772368000000037
4394877200	-0.0586191634000000003	0.0689506495999999969
4394879200	-0.0571001816000000009	0.0636863391000000029
4394881200	-0.059250901100000003	0.0572149803000000026
4394883200	-0.0601803404999999986	0.0545650656999999983
4394885200	-0.0587442213999999976	0.0497818616999999991
4394887200	-0.0607551699000000028	0.0468746269000000007
4394889200	-0.0594633978999999993	0.0399355496000000018
4394891200	-0.063751777699999998	0.0390279591000000023
4394893200	-0.0649740134999999969	0.0329457902999999996
4394895200	-0.0649351692000000036	0.0245120128
4394897200	-0.0679351336000000028	0.0212886426999999989
4394899200	-0.0703100251000000065	0.0179308861999999992
4394901200	-0.0703883824000000047	0.0172947768999999994
4394903200	-0.0731648867000000008	0.00894441540000000083
4394905200	-0.0767791673000000063	0.00649901370000000034
4394907200	-0.0794664560000000048	0.00385790260000000006
4394909200	-0.0824756648000000009	0.00054042900000000004
4394911200	-0.0826051589999999974	-0.00040576080000000002
4394913200	-0.0880383175000000046	-0.00740802390000000043
4394915200	-0.0892760325999999993	-0.00792023269999999995
4394917200	-0.0914575103000000028	-0.0140172545999999992
4394919200	-0.0955768961000000028	-0.0169083727000000003
4394921200	-0.0961728611000000067	-0.0189139413999999985
4394923200	-0.102677710199999994	-0.0218912180000000005
4394925200	-0.106205850300000001	-0.0250847156999999994
4394927200	-0.109731952300000005	-0.0278692284999999991
4394929200	-0.112401645600000002	-0.0297509413
4394931200	-0.115636322400000005	-0.031812923899999998
4394933200	-0.120061493300000002	-0.0316102054000000007
4394935200	-0.122859004699999996	-0.0375239268999999973
4394937200	-0.127809049000000008	-0.0362211942000000009
4394939200	-0.130046359199999989	-0.0375917077999999988
4394941200	-0.135762177399999989	-0.0397903256000000025
4394943200	-0.136185986000000009	-0.041679387200000001
4394945200	-0.141331786399999992	-0.0433393003000000013
4394947200	-0.142179500600000008	-0.0461790857999999985
4394949200	-0.145783912999999987	-0.0449785638000000029
4394951200	-0.152685128000000003	-0.0428842523000000017
4394953200	-0.155063008000000002	-0.0455856689000000009
4394955200	-0.15819018600000001	-0.044825444300000003
4394957200	-0.162555488599999992	-0.0465226845000000014
4394959200	-0.166635988600000007	-0.0449335504000000011
4394961200	-0.166743503099999996	-0.0463343048999999979
4394963200	-0.170397663300000002	-0.0480261838999999982
4394965200	-0.175467203099999997	-0.0478768044000000004
4394967200	-0.177884233700000005	-0.0464990914999999991
4394969200	-0.18209640190000001	-0.0485026625000000017
4394971200	-0.183472756200000003	-0.0453445142999999995
4394973200	-0.185520784299999991	-0.046555296000000003
4394975200	-0.188260750199999993	-0.0475272789999999987
4394977200	-0.195007549700000005	-0.0465002798000000023
4394979200	-0.196811016799999988	-0.044068685500000003
4394981200	-0.198845843699999997	-0.0435710368999999986
4394983200	-0.202209143300000005	-0.0450961454000000025
4394985200	-0.20379281660000001	-0.0437967372999999993
4394987200	-0.207406132500000007	-0.041868917399999997
4394989200	-0.210428523199999995	-0.0420923373999999989
4394991200	-0.210561205000000001	-0.0425488655999999993
4394993200	-0.213400696899999992	-0.0421500990999999978
4394995200	-0.21713606190000001	-0.0396106518000000005
4394997200	-0.219486459900000014	-0.0374814624999999998
4394999200	-0.221112087499999999	-0.0379876155000000021
4395001200	-0.219823687600000012	-0.0378886792999999986
4395003200	-0.227727297500000009	-0.0389229321000000017
4395005200	-0.229022185099999998	-0.0379552774000000009
4395007200	-0.228811806600000001	-0.0326019904000000027
4395009200	-0.230002747400000013	-0.0351221062999999972
4395011200	-0.234947768400000007	-0.0374568149999999975
4395013200	-0.234711442399999998	-0.0321523264000000003
4395015200	-0.235897428200000009	-0.0314527990999999979
4395017200	-0.240103996300000011	-0.0313599514999999968
4395019200	-0.241688819500000013	-0.0306330458999999992
4395021200	-0.241904978500000006	-0.0275600650999999995
4395023200	-0.242923979499999998	-0.0300987539999999984
4395025200	-0.245450467899999997	-0.0291966055000000002
4395027200	-0.2481003658	-0.026812552600000001
4395029200	-0.249298498499999993	-0.0219878010999999991
4395031200	-0.250515063599999976	-0.0257994039000000001
4395033200	-0.251387532400000002	-0.0202126743000000005
4395035200	-0.252364546500000009	-0.0205796926999999991
4395037200	-0.252268554199999995	-0.0186412955999999998
4395039200	-0.256577555499999999	-0.0191274032000000004
4395041200	-0.256760902199999974	-0.0157419622000000009
4395043200	-0.257302200799999992	-0.0137826236999999997
4395045200	-0.257584354000000015	-0.0142700598999999997
4395047200	-0.260579694099999981	-0.0147321450999999999
4395049200	-0.264084861700000006	-0.0129217696000000007
4395051200	-0.264261053199999985	-0.0127394294000000002
4395053200	-0.265528878999999995	-0.0105032683999999998
4395055200	-0.267146700199999976	-0.00659860370000000043
4395057200	-0.268279013499999996	-0.00933185100000000038
4395059200	-0.267283904600000011	-0.00937081489999999975
4395061200	-0.268773236799999982	-0.00620583920000000039
4395063200	-0.271619820999999984	-0.00848302750000000036
4395065200	-0.2707126111	-0.00267717680000000013
4395067200	-0.272189975600000023	-0.00177118520000000006
4395069200	-0.274038594799999979	-0.000971162900000000005
4395071200	-0.274017655799999982	-0.00187356960000000005
4395073200	-0.274901131500000007	0.000157632900000000007
4395075200	-0.274245387600000001	0.00147750609999999999
4395077200	-0.275046460200000009	0.00302154280000000016
4395079200	-0.277286028100000026	0.00352830210000000012
4395081200	-0.27805569790000001	0.00393522550000000026
4395083200	-0.277524216300000015	0.00587585760000000016
4395085200	-0.279749703000000016	0.00821315679999999951
4395087200	-0.278705865300000022	0.00833454020000000059
4395089200	-0.278481495700000026	0.00936991530000000003
4395091200	-0.281910641399999995	0.0125986963999999996
4395093200	-0.279288709899999987	0.0119626297999999992
4395095200	-0.284807368800000016	0.0131052265000000008
4395097200	-0.282099184000000003	0.0122404196999999996
4395099200	-0.279582982400000013	0.0143844314999999993
4395101200	-0.284172574600000005	0.0150319582000000007
4395103200	-0.282992489199999975	0.0171734384000000011
4395105200	-0.286977128299999995	0.0196230220000000004
4395107200	-0.286876642500000001	0.0209294933999999988
4395109200	-0.284631026899999973	0.0182709851999999992
4395111200	-0.287236595099999992	0.0180726881000000013
4395113200	-0.285265863100000017	0.0202410251999999985
4395115200	-0.284600585800000028	0.0212198167999999993
4395117200	-0.286524763100000024	0.0217109207000000005
4395119200	-0.287577306500000018	0.0247611641
4395121200	-0.287858436699999998	0.0250954892999999991
4395123200	-0.287631064699999994	0.0286676764000000014
4395125200	-0.287540687100000025	0.0246222156999999983
4395127200	-0.288411711000000015	0.0270602614000000005
4395129200	-0.289153034199999992	0.0294246347000000005
4395131200	-0.290959422999999995	0.030399560400000001
4395133200	-0.291784694999999983	0.0303474378000000017
4395135200	-0.289896681900000008	0.031811147900000003
4395137200	-0.289334921700000025	0.0334242988000000019
4395139200	-0.291393692599999976	0.0357115891999999976
4395141200	-0.292639013800000014	0.032540367399999999
4395143200	-0.291296885000000005	0.0349546913000000001
4395145200	-0.292776177400000004	0.0354537238999999976
4395147200	-0.290683854100000028	0.0336554110999999975
4395149200	-0.291631816799999999	0.0378901406999999982
4395151200	-0.295207009399999998	0.0378680658999999975
4395153200	-0.292188800199999987	0.0373663491000000014
4395155200	-0.293470390299999995	0.0422857161000000023
4395157200	-0.296286872899999998	0.0396340394000000013
4395159200	-0.291950835999999991	0.0405777728000000018
4395161200	-0.293306562900000012	0.0408389652000000006
4395163200	-0.292059321400000016	0.0433966297000000015
4395165200	-0.293003355399999998	0.0442759746999999981
4395167200	-0.293789887500000013	0.0436705584999999979
4395169200	-0.294250215400000015	0.0445790417000000022
4395171200	-0.296314532399999997	0.0476331924000000032
4395173200	-0.297429630700000003	0.0457177652000000032
4395175200	-0.294853226099999977	0.0471276434999999966
4395177200	-0.296634724000000016	0.0464752524
4395179200	-0.294132779899999974	0.0491455697999999969
4395181200	-0.297040426600000018	0.0501531544999999981
4395183200	-0.296850753600000017	0.0504594228000000006
4395185200	-0.296794037899999974	0.0504974409999999971
4395187200	-0.296514727099999986	0.0495668246999999978
4395189200	-0.297967601199999987	0.051138806600000003
4395191200	-0.296029859200000023	0.0543481164000000003
4395193200	-0.297705029200000026	0.0541788756000000024
4395195200	-0.298757578500000009	0.0535885731000000018
4395197200	-0.295823824999999985	0.0531836026999999989
4395199200	-0.297966755400000005	0.0557559044000000004
4395201200	-0.295246428499999991	0.0553450752000000032
4395203200	-0.298412264599999977	0.0581062689000000007
4395205200	-0.296949114600000008	0.0554851747000000006
4395207200	-0.297020418800000019	0.0556354619000000022
4395209200	-0.296271805700000002	0.0574057898999999969
4395211200	-0.299021745299999975	0.0609626211000000029
4395213200	-0.296756721300000026	0.0592358102999999969
4395215200	-0.296322847399999978	0.0597216025999999997
4395217200	-0.300063259999999998	0.0600143443000000013
4395219200	-0.295016561100000019	0.0620750856999999975
4395221200	-0.296930926500000025	0.0619018448000000013
4395223200	-0.29736722430000001	0.0619119144999999982
4395225200	-0.295766072800000002	0.0648577466000000019
4395227200	-0.295356057299999974	0.060914141300000002
4395229200	-0.297535101999999996	0.0664085281000000027
4395231200	-0.296571955700000001	0.0668959273000000049
4395233200	-0.296931197199999997	0.0651282938000000006
4395235200	-0.299116597500000025	0.067106973200000003
4395237200	-0.299315009799999976	0.0684510494000000053
4395239200	-0.298536552000000011	0.0657688013999999932
4395241200	-0.298816227200000006	0.0672754123999999981
4395243200	-0.296970996300000012	0.0670243806000000025
4395245200	-0.295788528900000014	0.071922603700000004
4395247200	-0.300242549000000025	0.0679687784999999933
4395249200	-0.299119153999999998	0.0700962207999999976
4395251200	-0.300095445100000024	0.0695403898999999992
4395253200	-0.296434953100000009	0.0686810895999999949
4395255200	-0.299124510100000018	0.0711341875000000012
4395257200	-0.297522603499999982	0.0731099065999999964
4395259200	-0.29951423399999999	0.0736057886999999939
4395261200	-0.298810952100000027	0.0739580915000000033
4395263200	-0.299738214599999997	0.0724588077000000025
4395265200	-0.299740463299999982	0.0757779348000000019
4395267200	-0.296372590699999994	0.074616593600000003
4395269200	-0.297958703699999994	0.0776669952999999996
4395271200	-0.298567678299999972	0.0776628632000000013
4395273200	-0.298541660200000003	0.0789403890999999941
4395275200	-0.299121278499999976	0.077313011900000006
4395277200	-0.299006535399999995	0.0767734508000000038
4395279200	-0.298145360400000003	0.0788536165000000011
4395281200	-0.300471861200000023	0.0797643568000000053
4395283200	-0.3007446332	0.0783430896999999932
4395285200	-0.2984530299	0.0802158431999999977
4395287200	-0.297822993099999989	0.0813446411000000036
4395289200	-0.298867222400000021	0.0816750086999999958
4395291200	-0.29798626680000001	0.0792941496999999967
4395293200	-0.29840308040000002	0.0819596981000000058
4395295200	-0.296678584199999984	0.0812481386999999999
4395297200	-0.296761398399999987	0.0812956714999999996
4395299200	-0.297017924099999997	0.0838693098999999942
4395301200	-0.297449590900000005	0.0843267188000000056
4395303200	-0.296811714800000015	0.0835623166000000056
4395305200	-0.298472235699999977	0.0863549349999999938
4395307200	-0.300577570299999985	0.0839811458000000038
4395309200	-0.298910191300000017	0.0846635461000000006
4395311200	-0.29942661180000002	0.0846158595999999957
4395313200	-0.295961314099999984	0.0848459284000000064
4395315200	-0.298075285199999984	0.0870928004000000033
4395317200	-0.297304737699999988	0.0876814493000000056
4395319200	-0.296619730199999987	0.0854594503000000033
4395321200	-0.300275816600000023	0.0866655496000000025
4395323200	-0.300251916299999977	0.0873591377000000058
4395325200	-0.296862819900000019	0.0884876951999999939
4395327200	-0.297286450199999996	0.0896897928000000011
4395329200	-0.298810642600000009	0.0907520631000000022
4395331200	-0.299461764799999974	0.090472119700000006
4395333200	-0.297771305500000028	0.0894828327999999951
4395335200	-0.298758000700000026	0.0898154770999999991
4395337200	-0.297722502100000008	0.0933465027000000003
4395339200	-0.299046703700000027	0.091521132000000005
4395341200	-0.295057125199999992	0.0928666633999999935
4395343200	-0.297462496700000023	0.0927929428000000001
4395345200	-0.297714362800000021	0.0931924528000000058
4395347200	-0.297469167699999981	0.0923183528999999975
4395349200	-0.2977091563	0.0930721503999999977
4395351200	-0.296595363000000001	0.0944063375000000066
4395353200	-0.297702028999999979	0.0953194022000000002
4395355200	-0.299188214600000002	0.0944549375000000024
4395357200	-0.297910250900000007	0.0993520217999999955
4395359200	-0.29654794940000001	0.0967534414999999953
4395361200	-0.295171999299999988	0.0957020278000000058
4395363200	-0.298335254400000027	0.0979339401999999998
4395365200	-0.297443143000000021	0.0955706399999999984
4395367200	-0.298079722200000008	0.0947708800999999962
4395369200	-0.298091582299999991	0.0987699977000000007
4395371200	-0.297309998999999991	0.0994229516999999979
4395373200	-0.29859438290000001	0.101414347799999999
4395375200	-0.298855822499999979	0.099943149600000003
4395377200	-0.297358520500000001	0.0969980319000000035
4395379200	-0.29567221199999999	0.100616307299999999
4395381200	-0.297384765499999981	0.102896315000000002
4395383200	-0.295794652599999985	0.1003214303
4395385200	-0.298900232799999999	0.0999666079000000041
4395387200	-0.296606718400000025	0.0994455976999999991
4395389200	-0.294014151700000004	0.102841383100000003
4395391200	-0.295198771699999973	0.1026771405
4395393200	-0.296932115300000021	0.100096483799999997
4395395200	-0.297618937500000014	0.102485328299999998
4395397200	-0.298521072200000015	0.101978906300000005
4395399200	-0.293061724199999984	0.103606114900000004
4395401200	-0.295961036499999997	0.104681256099999995
4395403200	-0.295218235100000004	0.104344402399999994
4395405200	-0.297128522499999992	0.103778067299999999
4395407200	-0.296934230399999999	0.1028919851
4395409200	-0.297810444800000018	0.105232377299999999
4395411200	-0.298449475099999972	0.105166896999999995
4395413200	-0.295488666499999997	0.107033206899999997
4395415200	-0.297416334200000021	0.108822045899999997
4395417200	-0.295202733200000011	0.106807003400000003
4395419200	-0.294492563200000002	0.108843634600000003
4395421200	-0.295645225199999973	0.107053000999999995
4395423200	-0.296082422700000014	0.106234266999999993
4395425200	-0.294287977799999989	0.108226391899999996
4395427200	-0.292087502200000015	0.108277519099999997
4395429200	-0.293156905999999995	0.110319240200000002
4395431200	-0.296422134999999976	0.111300972400000003
4395433200	-0.298221563000000023	0.109890799499999997
4395435200	-0.2953120729	0.109272494900000003
4395437200	-0.29394654269999998	0.108986398100000006
4395439200	-0.296060639399999992	0.107968231799999995
4395441200	-0.297912022300000023	0.109616071800000006
4395443200	-0.296237675600000028	0.110081707400000006
4395445200	-0.292930078099999991	0.109323141400000004
4395447200	-0.295506343800000015	0.112063895600000005
4395449200	-0.291525514500000027	0.1128885637
4395451200	-0.295382980199999978	0.1137866716
4395453200	-0.294060810999999978	0.113960511400000006
4395455200	-0.294000331100000012	0.110673329000000001
4395457200	-0.294209254199999992	0.111223658599999997
4395459200	-0.293129147300000004	0.114109763399999994
4395461200	-0.292153593699999992	0.114462451899999998
4395463200	-0.296377283599999986	0.114871313000000003
4395465200	-0.295491187599999983	0.115788587999999998
4395467200	-0.29184503719999999	0.113917262000000005
4395469200	-0.294077109499999989	0.113931158099999999
4395471200	-0.289680765399999984	0.115814572700000007
4395473200	-0.292573421399999978	0.117705367399999997
4395475200	-0.293711117799999977	0.116019512500000005
4395477200	-0.294662814399999973	0.113873485400000002
4395479200	-0.295818939900000022	0.116028707100000003
4395481200	-0.295670520499999978	0.117681690800000002
4395483200	-0.294304982900000012	0.117338220899999998
4395485200	-0.295431237800000024	0.118400508799999998
4395487200	-0.290990517900000023	0.116926614400000004
4395489200	-0.293850442699999992	0.119016502400000002
4395491200	-0.292238366400000005	0.118544150700000003
4395493200	-0.292816772000000003	0.119304700900000005
4395495200	-0.292462659999999985	0.119674302900000001
4395497200	-0.293672319299999984	0.118892389200000004
4395499200	-0.293779340599999994	0.117612745699999993
4395501200	-0.292522990699999985	0.120255870599999995
4395503200	-0.293971902800000018	0.1202554178
4395505200	-0.290983101999999993	0.120620558399999994
4395507200	-0.293974650599999998	0.120114987899999998
4395509200	-0.290688651199999981	0.121263651
4395511200	-0.294438786000000008	0.118970221599999995
4395513200	-0.294860000899999974	0.121197997200000004
4395515200	-0.293204732999999995	0.122371745599999998
4395517200	-0.29208152599999998	0.1209973201
4395519200	-0.291523743700000004	0.123080831599999996
4395521200	-0.292069875099999987	0.122136693199999993
4395523200	-0.291943047600000005	0.121158586600000007
4395525200	-0.291595643800000026	0.122866370399999994
4395527200	-0.290072149200000018	0.123776837099999995
4395529200	-0.289373094300000022	0.125251988799999991
4395531200	-0.291887861999999998	0.124012134600000004
4395533200	-0.2924125011	0.124560391800000003
4395535200	-0.292297450999999986	0.125509938399999993
4395537200	-0.289860301799999998	0.123774014900000007
4395539200	-0.289140512700000019	0.127735806400000013
4395541200	-0.291840765300000027	0.126784755599999993
4395543200	-0.292213968200000007	0.125187810600000005
4395545200	-0.290264044700000001	0.126237271499999998
4395547200	-0.288049641600000017	0.126195558399999991
4395549200	-0.29105701890000002	0.127334711900000008
4395551200	-0.290307495000000026	0.125651277499999992
4395553200	-0.291026201900000003	0.127447504399999995
4395555200	-0.289349438999999986	0.129160531699999998
4395557200	-0.289934674100000012	0.1278898339
4395559200	-0.289580116200000015	0.126697379199999988
4395561200	-0.290379924000000011	0.128534323300000003
4395563200	-0.290586067399999981	0.130234903699999988
4395565200	-0.290625233799999994	0.128440919600000009
4395567200	-0.293168150199999977	0.131127275200000004
4395569200	-0.287706294799999984	0.131521425100000006
4395571200	-0.29055064559999999	0.130879361100000008
4395573200	-0.291223593599999997	0.130224460099999995
4395575200	-0.289109397400000023	0.130303844899999993
4395577200	-0.289953836500000006	0.129075027700000011
4395579200	-0.289246102700000007	0.128588070299999996
4395581200	-0.288698590199999994	0.128829743400000002
4395583200	-0.289774282200000011	0.13228095849999999
4395585200	-0.287398980099999979	0.130528001700000007
4395587200	-0.288843627800000002	0.131501418300000006
4395589200	-0.291219515300000009	0.131503921299999993
4395591200	-0.290885536700000003	0.129911266100000006
4395593200	-0.287956572700000024	0.1340041072
4395595200	-0.28864120230000001	0.13148756419999999
4395597200	-0.286385749000000023	0.131750753899999989
4395599200	-0.288882383600000014	0.132207179000000008
4395601200	-0.289951192400000002	0.133325042300000002
4395603200	-0.288572752300000013	0.133162459700000013
4395605200	-0.289982465299999992	0.134112608900000013
4395607200	-0.288803619199999972	0.135389367499999996
4395609200	-0.286143167400000009	0.134330293099999998
4395611200	-0.28969351710000002	0.135941591700000003
4395613200	-0.28694060469999999	0.135540595300000011
4395615200	-0.289461488699999991	0.136086626900000007
4395617200	-0.288765957399999995	0.134925816000000004
4395619200	-0.287202875600000018	0.136801523799999991
4395621200	-0.286380917299999982	0.136555191999999992
4395623200	-0.287772210600000022	0.136816469299999993
4395625200	-0.285097433700000014	0.135976412299999988
4395627200	-0.286045147399999977	0.136845882599999996
4395629200	-0.286680182800000016	0.137688875500000002
4395631200	-0.287318505200000018	0.136943989799999999
4395633200	-0.286760080400000006	0.137926457899999994
4395635200	-0.28511059729999999	0.137194212700000012
4395637200	-0.287359731100000015	0.136514654600000007
4395639200	-0.285299282799999998	0.137898040599999994
4395641200	-0.286123699200000026	0.140311789299999989
4395643200	-0.287690008499999983	0.139325786000000007
4395645200	-0.286107517199999994	0.138098479999999996
4395647200	-0.286155393400000013	0.138363331199999995
4395649200	-0.286561217400000012	0.140575894400000012
4395651200	-0.285367976000000023	0.140253475300000013
4395653200	-0.28473641890000001	0.140411162199999995
4395655200	-0.284818258300000016	0.141359319600000005
4395657200	-0.286033526199999999	0.139463921699999993
4395659200	-0.284791240300000026	0.139168972599999996
4395661200	-0.285218885199999994	0.140430678499999989
4395663200	-0.287565707599999998	0.141715316799999991
4395665200	-0.286867773699999995	0.142220723100000002
4395667200	-0.285854451100000018	0.144283971499999997
4395669200	-0.285658556800000019	0.142201521999999997
4395671200	-0.283197365899999998	0.141968603500000012
4395673200	-0.286044907500000001	0.141647330099999996
4395675200	-0.284717923699999986	0.143213534499999989
4395677200	-0.285799746099999974	0.143374339099999998
4395679200	-0.284475866000000022	0.143686954700000008
4395681200	-0.284236956799999996	0.142963398999999991
4395683200	-0.283680868099999983	0.143282732800000007
4395685200	-0.2821811179	0.146833896999999991
4395687200	-0.284579636500000011	0.146641101699999998
4395689200	-0.285798835400000006	0.144270321899999998
4395691200	-0.284539160299999982	0.144079397400000003
4395693200	-0.285293555799999987	0.142531870700000007
4395695200	-0.284763377900000003	0.141955878199999996
4395697200	-0.283980520899999977	0.144527170399999988
4395699200	-0.283551955099999975	0.145821432899999992
4395701200	-0.283283261000000008	0.144585063900000005
4395703200	-0.282014725000000022	0.145454936899999998
4395705200	-0.284662457799999991	0.145324147300000012
4395707200	-0.283517404299999998	0.1474493526
4395709200	-0.282773511099999986	0.1459726093
4395711200	-0.285157884899999992	0.145655134900000011
4395713200	-0.281111632499999986	0.147917023300000006
4395715200	-0.284839341400000001	0.14704205540000001
4395717200	-0.285410527299999994	0.147647128699999991
4395719200	-0.282093981400000027	0.147840902100000005
4395721200	-0.285516789800000004	0.14550674320000001
4395723200	-0.28160977370000001	0.149333973600000003
4395725200	-0.283460050399999997	0.147512419899999997
4395727200	-0.281328583799999976	0.146861797300000013
4395729200	-0.284763247900000016	0.151165434900000006
4395731200	-0.283769634800000004	0.149916386699999987
4395733200	-0.279939138199999993	0.149441264299999987
4395735200	-0.28306040469999999	0.150251418100000006
4395737200	-0.280624367699999988	0.150008284600000014
4395739200	-0.280811710200000009	0.149589922799999997
4395741200	-0.282671375000000002	0.150281686100000006
4395743200	-0.282442669199999996	0.148556893500000009
4395745200	-0.280670810499999979	0.148566627199999995
4395747200	-0.282162966700000017	0.151228902700000001
4395749200	-0.2823167439	0.14778389380000001
4395751200	-0.282282905400000006	0.150916317900000013
4395753200	-0.283217321299999991	0.148807480399999997
4395755200	-0.279914399699999983	0.151100121899999995
4395757200	-0.280463715100000011	0.151390054200000013
4395759200	-0.282560474800000017	0.153175438200000014
4395761200	-0.280876690099999993	0.151216867799999988
4395763200	-0.279823371400000021	0.150302761899999998
4395765200	-0.278018906600000004	0.155131183000000006
4395767200	-0.280652708799999984	0.154219279699999989
4395769200	-0.282276417399999979	0.1541935626
4395771200	-0.279785257000000009	0.152834179200000003
4395773200	-0.280194967100000025	0.150986281999999999
4395775200	-0.281623914799999986	0.152274787200000011
4395777200	-0.281841940399999991	0.15335590469999999
4395779200	-0.279347166500000021	0.157023820799999991
4395781200	-0.280590232100000003	0.15245925669999999
4395783200	-0.280049543199999973	0.154735632000000012
4395785200	-0.2791162056	0.154606499300000005
4395787200	-0.281278927700000014	0.152796260299999986
4395789200	-0.279204183100000003	0.154419293099999994
4395791200	-0.278206537300000001	0.154867402600000009
4395793200	-0.28102802659999998	0.158125557199999989
4395795200	-0.278295071499999991	0.158081149700000007
4395797200	-0.277659859600000003	0.155787834600000008
4395799200	-0.277559606000000014	0.156696995100000014
4395801200	-0.278277282100000023	0.156358655600000007
4395803200	-0.278994163100000026	0.152198914200000007
4395805200	-0.278402360399999993	0.155134709499999995
4395807200	-0.278334711000000012	0.152531195600000002
4395809200	-0.279064314099999988	0.155988285599999998
4395811200	-0.2791952184	0.157012227000000004
4395813200	-0.279381803200000001	0.157206772800000005
4395815200	-0.277555529999999995	0.158223447299999986
4395817200	-0.277660357799999979	0.158033697000000001
4395819200	-0.274813269000000027	0.158414100700000005
4395821200	-0.27559766120000001	0.160169361799999993
4395823200	-0.276934659500000013	0.158746045400000008
4395825200	-0.275161423700000018	0.158268922400000012
4395827200	-0.277342044399999987	0.159678512299999992
4395829200	-0.276245292699999978	0.157218389300000011
4395831200	-0.276667320699999997	0.161054064899999988
4395833200	-0.278817747399999982	0.158471395799999998
4395835200	-0.275155877100000001	0.159385828499999993
4395837200	-0.277769102599999984	0.159351460199999989
4395839200	-0.278548122200000026	0.159566574399999994
4395841200	-0.277119456400000019	0.161681955300000013
4395843200	-0.275579827399999977	0.160819057200000004
4395845200	-0.278653177099999982	0.162018413
4395847200	-0.274682969100000007	0.161890558299999987
4395849200	-0.276745105300000016	0.160785631499999998
4395851200	-0.276234190800000001	0.160883046899999993
4395853200	-0.275903152400000018	0.160936936499999989
4395855200	-0.279076330300000008	0.1626796509
4395857200	-0.275830666300000027	0.159655396499999991
4395859200	-0.275618910599999989	0.160586466000000011
4395861200	-0.275732829700000015	0.161548374800000005
4395863200	-0.274417980100000014	0.159600440399999988
4395865200	-0.276694947299999994	0.161019087400000011
4395867200	-0.276774155799999977	0.165247111400000007
4395869200	-0.273857555699999977	0.160957452499999987
4395871200	-0.275368338499999976	0.16443971260000001
4395873200	-0.276753741200000014	0.165339961400000013
4395875200	-0.274794814599999992	0.164195985999999988
4395877200	-0.275554152100000005	0.164487012300000013
4395879200	-0.275267604300000024	0.165650699000000012
4395881200	-0.274840179100000026	0.166856488599999991
4395883200	-0.274858285899999999	0.164755214900000002
4395885200	-0.273973680900000016	0.163275262599999998
4395887200	-0.274362121299999984	0.163385086000000013
4395889200	-0.274144137999999982	0.166549074999999991
