# freq, I e Q
5247100000	0.382323326399999996	0.224575003200000012
5247120000	0.383026590399999978	0.222363674399999989
5247140000	0.384618601999999976	0.220401537700000011
5247160000	0.385619938100000004	0.219316162399999987
5247180000	0.38566078450000002	0.215617630799999987
5247200000	0.388225202699999994	0.213537188699999991
5247220000	0.388804385500000016	0.212611950999999993
5247240000	0.388676631200000011	0.211498037899999991
5247260000	0.389859792500000024	0.208871675099999987
5247280000	0.392072744600000023	0.206282055800000003
5247300000	0.392698657499999992	0.204009597399999992
5247320000	0.394088848499999977	0.201917453699999999
5247340000	0.3953639719	0.199282447000000001
5247360000	0.396239270600000026	0.197789809099999991
5247380000	0.397016852400000009	0.195856128900000009
5247400000	0.397876144799999998	0.194258074899999994
5247420000	0.398622665599999981	0.192168242099999997
5247440000	0.399287501900000008	0.190232065199999995
5247460000	0.400700434200000011	0.187694556300000009
5247480000	0.401435872299999996	0.185878207900000009
5247500000	0.402811392599999984	0.182730791599999998
5247520000	0.404523265199999982	0.181041529600000001
5247540000	0.403909201200000012	0.178934537199999993
5247560000	0.405784251900000004	0.177421575999999998
5247580000	0.405166218500000008	0.174978467299999996
5247600000	0.406999011799999977	0.172814455400000011
5247620000	0.408035769400000026	0.170841987800000011
5247640000	0.408857318500000011	0.168450379099999992
5247660000	0.409624189199999988	0.166675827500000012
5247680000	0.410584124599999989	0.164025300099999993
5247700000	0.410909435099999998	0.162305812500000007
5247720000	0.4129957977	0.160178775500000009
5247740000	0.41352058949999998	0.158503553699999994
5247760000	0.413466341500000001	0.155805771199999998
5247780000	0.415176317500000003	0.154078105699999995
5247800000	0.416066308399999973	0.152455647700000002
5247820000	0.416251448299999993	0.149198170500000005
5247840000	0.417788623799999981	0.147941409999999995
5247860000	0.416610086599999985	0.144394387000000013
5247880000	0.417356972200000009	0.143259600500000001
5247900000	0.419103590299999995	0.14075806560000001
5247920000	0.419686526900000023	0.137404373899999988
5247940000	0.419442900900000026	0.135733993500000011
5247960000	0.420682254099999986	0.134173318399999991
5247980000	0.421223520500000004	0.132596756199999999
5248000000	0.422549950299999977	0.129698171100000009
5248020000	0.423818579299999998	0.127335729799999992
5248040000	0.423742427099999985	0.125444081799999996
5248060000	0.424025655999999973	0.123942320300000006
5248080000	0.424767404800000026	0.121049541100000005
5248100000	0.425079368399999991	0.119360555699999996
5248120000	0.427110898600000011	0.116413441199999995
5248140000	0.425783750999999988	0.115367281700000004
5248160000	0.427425955999999996	0.1121824654
5248180000	0.428230319999999998	0.110643750900000004
5248200000	0.428511591000000025	0.109230087700000006
5248220000	0.427953198199999996	0.104663766199999994
5248240000	0.42934030099999998	0.104060264999999999
5248260000	0.42965510899999998	0.1013015149
5248280000	0.4309690048	0.0989589372999999939
5248300000	0.430264746899999995	0.097790548300000002
5248320000	0.4314096979	0.0956521686000000038
5248340000	0.431780061400000026	0.0917799271000000055
5248360000	0.431594372999999976	0.0900304039
5248380000	0.432687511999999996	0.0879561474999999982
5248400000	0.434294180199999991	0.0859324741999999975
5248420000	0.4327494905	0.0836995036000000026
5248440000	0.433847958500000019	0.0823409204000000033
5248460000	0.434279156	0.0800077792000000038
5248480000	0.43442129140000002	0.077479956099999997
5248500000	0.434988095100000027	0.0747928862999999999
5248520000	0.434975113400000002	0.0725422725000000046
5248540000	0.435207039100000026	0.070477479400000001
5248560000	0.435498184200000027	0.0683060362000000032
5248580000	0.436289701199999991	0.0668015022999999958
5248600000	0.436873339999999999	0.0634078190000000042
5248620000	0.436950979000000017	0.0618536720999999998
5248640000	0.436978854899999991	0.0599057123999999983
5248660000	0.438410187299999976	0.0560616660000000031
5248680000	0.437543051399999994	0.0553485811000000022
5248700000	0.437645304100000021	0.052220686500000002
5248720000	0.438220633000000026	0.0505812901000000023
5248740000	0.438175152600000006	0.047633717300000003
5248760000	0.439509745900000026	0.0448833246000000033
5248780000	0.438326680999999996	0.0427834812000000009
5248800000	0.438828611599999974	0.0397700063000000006
5248820000	0.438014008100000019	0.040104674600000001
5248840000	0.439701672499999974	0.0362509312999999972
5248860000	0.441186085700000008	0.0340870753999999998
5248880000	0.439543618400000002	0.0332364805999999999
5248900000	0.440671166399999981	0.0297508863000000012
5248920000	0.439502963999999996	0.0279825819999999989
5248940000	0.439216931500000018	0.0259959776999999989
5248960000	0.43972658069999998	0.0236058721000000013
5248980000	0.440557115900000018	0.0207680389000000007
5249000000	0.440759716999999995	0.0176429456999999991
5249020000	0.439438400600000001	0.0161812988000000005
5249040000	0.440020087399999982	0.0149444800999999992
5249060000	0.440670093099999993	0.0108535957999999991
5249080000	0.439666847000000027	0.00850847629999999973
5249100000	0.43948416509999999	0.00752760680000000033
5249120000	0.440147571700000018	0.0044095323000000004
5249140000	0.441336577299999977	0.00169985209999999999
5249160000	0.441133575	2.00072000000000005e-05
5249180000	0.440448467299999979	-0.00160262629999999989
5249200000	0.43952684409999998	-0.00350522389999999989
5249220000	0.439978893900000001	-0.00584489359999999965
5249240000	0.439787107499999996	-0.00948284930000000033
5249260000	0.441227305399999992	-0.0107404453999999996
5249280000	0.440787560199999984	-0.0136400841999999994
5249300000	0.439363662099999996	-0.0148119129999999995
5249320000	0.439275014500000005	-0.0185446163999999983
5249340000	0.439630235599999974	-0.0207200292000000001
5249360000	0.440487528500000003	-0.0219291351000000002
5249380000	0.439663937800000015	-0.0239555535000000007
5249400000	0.439713719800000014	-0.0262325192999999998
5249420000	0.440098968699999982	-0.0288640676999999991
5249440000	0.439068866499999988	-0.031513073699999998
5249460000	0.440035525500000024	-0.0337721257000000025
5249480000	0.43842857759999998	-0.0347907002000000035
5249500000	0.439028024100000025	-0.0384556333
5249520000	0.437807546400000025	-0.0400997604999999979
5249540000	0.43836743290000002	-0.042013225199999997
5249560000	0.437317133999999996	-0.0456305743999999985
5249580000	0.436735144500000005	-0.0474956929999999986
5249600000	0.437933098999999992	-0.0478330807000000024
5249620000	0.436931426800000022	-0.0514632040999999998
5249640000	0.437273300300000001	-0.0531184315000000004
5249660000	0.436908869199999994	-0.0567772938999999977
5249680000	0.437714429999999988	-0.0588698969999999974
5249700000	0.436099434100000016	-0.0602465964999999992
5249720000	0.436134442999999983	-0.0613438358999999975
5249740000	0.434242594799999992	-0.0643292750000000052
5249760000	0.434491601700000007	-0.0664071843000000051
5249780000	0.434605428000000016	-0.0687564796999999978
5249800000	0.432789241699999994	-0.0711586958000000047
5249820000	0.433195870699999985	-0.073611168099999999
5249840000	0.433809066799999976	-0.0771385378000000038
5249860000	0.433202732899999998	-0.0786227694000000005
5249880000	0.432241812999999975	-0.0803529297000000059
5249900000	0.431880780099999972	-0.0819649337000000061
5249920000	0.431744950700000019	-0.0852729410999999993
5249940000	0.430233542099999977	-0.086349274700000006
5249960000	0.430010877100000022	-0.0893336908000000041
5249980000	0.429796422600000005	-0.0915887511999999987
5250000000	0.430139857399999992	-0.0933103009000000039
5250020000	0.42793765680000001	-0.0959999792999999962
5250040000	0.42869270570000001	-0.0978590490999999979
5250060000	0.428456755500000008	-0.0999688665999999976
5250080000	0.426727297800000016	-0.102860770800000001
5250100000	0.426680007400000005	-0.104885767199999994
5250120000	0.425654211299999974	-0.107661479099999999
5250140000	0.425436041699999989	-0.1082564466
5250160000	0.425119345699999984	-0.111972655700000007
5250180000	0.424866379500000002	-0.112671064299999998
5250200000	0.4237416497	-0.116202707700000005
5250220000	0.422911951800000019	-0.117351129299999996
5250240000	0.422216053099999988	-0.120593303900000004
5250260000	0.421372186199999998	-0.121905726899999997
5250280000	0.421050075099999976	-0.123312799099999995
5250300000	0.420174145200000015	-0.125847488600000001
5250320000	0.420640239600000021	-0.127864567200000001
5250340000	0.419422445799999988	-0.130463116900000009
5250360000	0.418997995700000014	-0.132157133700000012
5250380000	0.418345711100000017	-0.134539189599999998
5250400000	0.416927816499999992	-0.137181757200000004
5250420000	0.416293089999999977	-0.137157005100000007
5250440000	0.41613076630000001	-0.141012786700000003
5250460000	0.415440569799999992	-0.144983376899999988
5250480000	0.414475033200000009	-0.146621169699999998
5250500000	0.413915910499999984	-0.147932316099999989
5250520000	0.412348733799999978	-0.150200672400000013
5250540000	0.411824503200000025	-0.151455667099999997
5250560000	0.411563912199999993	-0.153745289600000001
5250580000	0.408938051899999988	-0.156468267599999988
5250600000	0.409028655100000027	-0.157924804400000007
5250620000	0.40771855429999998	-0.159224436699999999
5250640000	0.40761778030000001	-0.162367845300000008
5250660000	0.406437896700000023	-0.165209859300000012
5250680000	0.404756561399999992	-0.166687825900000003
5250700000	0.405028276700000023	-0.168674498000000006
5250720000	0.405145619899999976	-0.171350143700000013
5250740000	0.401516148000000017	-0.173055412999999991
5250760000	0.402376841500000026	-0.174340110699999995
5250780000	0.40191356210000001	-0.177737435100000007
5250800000	0.400783196800000019	-0.178216260999999987
5250820000	0.401438837300000018	-0.180936064099999988
5250840000	0.399538958599999994	-0.182732159599999999
5250860000	0.397420617899999995	-0.185118828399999991
5250880000	0.396562974000000013	-0.186947457600000005
5250900000	0.396763593899999989	-0.189219182799999996
5250920000	0.395091297000000008	-0.190555849599999994
5250940000	0.393965048400000017	-0.193453864700000006
5250960000	0.39201424239999999	-0.196068854799999998
5250980000	0.391227760599999974	-0.197289104800000004
5251000000	0.389882631099999988	-0.198996640400000008
5251020000	0.389334104800000025	-0.200786931800000013
5251040000	0.3888676566	-0.203004852200000002
5251060000	0.387636331200000017	-0.204841141100000013
5251080000	0.386194663499999979	-0.207796273700000006
5251100000	0.385036250899999988	-0.209112314800000004
5251120000	0.383403879100000011	-0.211499132099999987
5251140000	0.383160906400000001	-0.212338257899999994
5251160000	0.381082064399999976	-0.214759198900000003
5251180000	0.382440270699999973	-0.216550260200000011
5251200000	0.379189172100000027	-0.219591908599999996
5251220000	0.379335804200000015	-0.221784638199999995
5251240000	0.377428471499999973	-0.222807641100000009
5251260000	0.376382439600000007	-0.224698901700000009
5251280000	0.375166045700000006	-0.226733250999999997
5251300000	0.373374146799999973	-0.228537267900000007
5251320000	0.372318136899999985	-0.230875534100000002
5251340000	0.371727734500000018	-0.232373315599999991
5251360000	0.370065264599999999	-0.233850410600000003
5251380000	0.369218975299999974	-0.236884125899999992
5251400000	0.36765621770000001	-0.238686464699999989
5251420000	0.36689602360000001	-0.23980416169999999
5251440000	0.365429395400000023	-0.242229396399999991
5251460000	0.364739987599999982	-0.243697071799999998
5251480000	0.362811097000000027	-0.244865686599999993
5251500000	0.361679052700000003	-0.247746556199999995
5251520000	0.359748769199999985	-0.249915381200000009
5251540000	0.358227793999999988	-0.251025205299999998
5251560000	0.357315487099999995	-0.253566588500000023
5251580000	0.355839881899999988	-0.254336549500000009
5251600000	0.355669196700000023	-0.257321478800000003
5251620000	0.353836945800000024	-0.258990915900000007
5251640000	0.352952440300000003	-0.260385764700000022
5251660000	0.351129970899999977	-0.262185256199999994
5251680000	0.348846690800000026	-0.264145812599999974
5251700000	0.348387816800000027	-0.265503713699999977
5251720000	0.346240262799999976	-0.267467902300000004
5251740000	0.345516050700000021	-0.269275758099999984
5251760000	0.3446939423	-0.270333758099999988
5251780000	0.343042679000000017	-0.272939061799999994
5251800000	0.340513669399999996	-0.274594450599999984
5251820000	0.339308701699999993	-0.276396389399999998
5251840000	0.337154046500000026	-0.278131326800000023
5251860000	0.336295981099999974	-0.27883308200000001
5251880000	0.335140074800000021	-0.281610526299999997
5251900000	0.333919284699999985	-0.282250243899999975
5251920000	0.332325144399999994	-0.285356030099999991
5251940000	0.33140679620000002	-0.286818275999999983
5251960000	0.329272191499999978	-0.288303501500000003
5251980000	0.328041844699999974	-0.290242173699999995
5252000000	0.326680173700000021	-0.291464284000000018
5252020000	0.324926376600000011	-0.291787530799999972
5252040000	0.322971075499999982	-0.294292732999999973
5252060000	0.321715630799999985	-0.295869072399999988
5252080000	0.319209700099999993	-0.298006640599999983
5252100000	0.317875534999999987	-0.299787538500000006
5252120000	0.316138688000000001	-0.3002214245
5252140000	0.314670097300000007	-0.301393880300000028
5252160000	0.313682547599999972	-0.303354095400000023
5252180000	0.310834593900000011	-0.305934828900000011
5252200000	0.311321042100000001	-0.306405583199999998
5252220000	0.308213212199999975	-0.309423536599999993
5252240000	0.306958129799999979	-0.310603524899999983
5252260000	0.305434151499999973	-0.312338677499999995
5252280000	0.304308850999999991	-0.314176834899999979
5252300000	0.302064002499999984	-0.315899029200000014
5252320000	0.300993456400000026	-0.316897607099999978
5252340000	0.298961632799999988	-0.318645426999999981
5252360000	0.297661798300000002	-0.319700936400000024
5252380000	0.295359700000000003	-0.321452998699999992
5252400000	0.294867987599999992	-0.323546528700000002
5252420000	0.291506960400000015	-0.324274200000000012
5252440000	0.290556038800000027	-0.326583194899999985
5252460000	0.290219472899999997	-0.327772426299999975
5252480000	0.286875286100000015	-0.329273965399999979
5252500000	0.28581663530000001	-0.331261578100000009
5252520000	0.284222863699999995	-0.332281075300000006
5252540000	0.282776135200000001	-0.335254896600000019
5252560000	0.280183408700000025	-0.334118851599999989
5252580000	0.278595836200000002	-0.335371542799999978
5252600000	0.277153308799999998	-0.336929660099999972
5252620000	0.274912667300000024	-0.339222599199999975
5252640000	0.274180854600000024	-0.340903898500000024
5252660000	0.272093150100000014	-0.341837714899999978
5252680000	0.268630833499999999	-0.343174393000000022
5252700000	0.268002620199999986	-0.343441239000000009
5252720000	0.266947193799999982	-0.346587086099999997
5252740000	0.264026682499999998	-0.347067439799999988
5252760000	0.260899712399999983	-0.349503641300000001
5252780000	0.261034123000000007	-0.349859683799999988
5252800000	0.259420278399999982	-0.351265739399999999
5252820000	0.255566355799999978	-0.35249696559999999
5252840000	0.255353211600000018	-0.354576952599999995
5252860000	0.253032873800000002	-0.355943695299999974
5252880000	0.250321899899999978	-0.356623012500000003
5252900000	0.249437759199999998	-0.357841550000000008
5252920000	0.248120500599999988	-0.359354454599999984
5252940000	0.246176547999999995	-0.36094472259999999
5252960000	0.243961889999999987	-0.362613077999999978
5252980000	0.241928415300000005	-0.361971659999999973
5253000000	0.239987145200000002	-0.365007255099999983
5253020000	0.237696618400000004	-0.365252708300000006
5253040000	0.236308613899999992	-0.366850137500000006
5253060000	0.234659601400000001	-0.367055756899999974
5253080000	0.232103723300000009	-0.368513253799999996
5253100000	0.22997748400000001	-0.369795725299999989
5253120000	0.227295731499999987	-0.372643058400000005
5253140000	0.227401834500000011	-0.372319748900000025
5253160000	0.224411057999999997	-0.373882083500000018
5253180000	0.2226624559	-0.37611426990000002
5253200000	0.220053549600000009	-0.376951780800000025
5253220000	0.218561803599999993	-0.3776465564
5253240000	0.215729944000000007	-0.378265391299999976
5253260000	0.213091998199999993	-0.378691771800000021
5253280000	0.2123798878	-0.38032146389999999
5253300000	0.209598693000000003	-0.381825546000000016
5253320000	0.208245930999999995	-0.382178824400000006
5253340000	0.207087895100000002	-0.383769915399999995
5253360000	0.205057747600000007	-0.384081200499999997
5253380000	0.20226800310000001	-0.386663804100000008
5253400000	0.199853315899999995	-0.388775205899999976
5253420000	0.198975016300000002	-0.388320975999999984
5253440000	0.195910621300000004	-0.387749143899999982
5253460000	0.194391700100000009	-0.390043739
5253480000	0.191792034199999989	-0.390960446299999986
5253500000	0.190102581800000003	-0.393087302699999974
5253520000	0.187583109100000006	-0.392598010499999983
5253540000	0.185370202799999995	-0.39366874540000002
5253560000	0.184163952299999989	-0.394964916300000024
5253580000	0.1825788099	-0.395310774600000026
5253600000	0.180489798099999987	-0.396353688900000001
5253620000	0.17853015559999999	-0.397924379699999997
5253640000	0.175668758600000002	-0.398664834500000009
5253660000	0.174091456400000011	-0.399491261499999972
5253680000	0.171668159300000012	-0.400135364599999988
5253700000	0.168948403400000002	-0.401085733200000016
5253720000	0.166442339500000008	-0.402092641400000006
5253740000	0.165310832500000005	-0.402724182099999994
5253760000	0.16197940629999999	-0.403577095800000007
5253780000	0.160888908899999988	-0.404427664799999975
5253800000	0.158023195700000008	-0.405105619299999997
5253820000	0.156376203500000005	-0.406405197499999982
5253840000	0.153852939200000011	-0.407371739700000013
5253860000	0.152270026400000008	-0.40775896410000001
5253880000	0.151479675499999994	-0.408570722900000016
5253900000	0.147447369999999994	-0.408774727900000023
5253920000	0.144883017899999994	-0.408844495600000024
5253940000	0.14239840740000001	-0.410658961300000014
5253960000	0.140826734300000006	-0.411293788800000004
5253980000	0.138888925699999999	-0.410597792299999986
5254000000	0.13653334780000001	-0.411619613599999989
5254020000	0.134785318500000001	-0.413753537599999999
5254040000	0.132556833099999993	-0.414902292800000017
5254060000	0.130014336000000008	-0.414383236799999999
5254080000	0.127821506000000001	-0.416386568700000015
5254100000	0.125754305300000008	-0.417317789800000005
5254120000	0.123870821500000006	-0.417337749099999988
5254140000	0.121672181399999996	-0.418259929899999994
5254160000	0.119479567800000006	-0.419214615299999982
5254180000	0.116665780199999999	-0.418019267999999999
5254200000	0.115275397599999996	-0.418420721100000004
5254220000	0.111801618899999997	-0.419507208399999998
5254240000	0.110410278700000003	-0.42179634370000002
5254260000	0.107149343399999999	-0.421246466900000005
5254280000	0.106032473200000005	-0.421107546100000008
5254300000	0.103481924399999994	-0.421905445200000007
5254320000	0.101262449599999999	-0.422943838800000027
5254340000	0.0992348900000000061	-0.422582426999999983
5254360000	0.0959994440000000032	-0.424179409499999993
5254380000	0.0936643057000000057	-0.422984423599999992
5254400000	0.0918069705000000014	-0.425739646999999999
5254420000	0.0888158614999999957	-0.424726705300000007
5254440000	0.087237790699999998	-0.424772599600000023
5254460000	0.0843918225999999994	-0.425959062700000002
5254480000	0.0821963978999999956	-0.425772929299999991
5254500000	0.0804939431000000066	-0.42782524030000002
5254520000	0.0773365252000000059	-0.427671778200000019
5254540000	0.075870543400000004	-0.427307784700000026
5254560000	0.0725492836000000002	-0.427975031800000016
5254580000	0.070757114600000004	-0.428297210400000017
5254600000	0.0689732173999999948	-0.428456292199999977
5254620000	0.0658225078999999935	-0.428438890700000019
5254640000	0.0646792397999999963	-0.429206541900000016
5254660000	0.0612670239000000019	-0.428156445100000005
5254680000	0.0580230888999999986	-0.429893971500000027
5254700000	0.0566523511999999993	-0.430670935199999994
5254720000	0.0553510893000000032	-0.430798563700000026
5254740000	0.0517999119000000022	-0.4310061684
5254760000	0.0496243518000000008	-0.429974809199999974
5254780000	0.0472000538999999969	-0.431115237200000001
5254800000	0.0450777487999999976	-0.431555401000000005
5254820000	0.0415545036000000007	-0.431365383400000024
5254840000	0.0403220472999999968	-0.431114216300000019
5254860000	0.0371036594999999969	-0.431012617900000006
5254880000	0.0344550241000000021	-0.432885230299999979
5254900000	0.0326547120000000024	-0.432096541700000003
5254920000	0.0300191217000000017	-0.432331619700000003
5254940000	0.0271681743000000003	-0.433377873999999996
5254960000	0.0256683641000000004	-0.432929112299999974
5254980000	0.0232528840000000014	-0.432431734299999981
5255000000	0.0211235614999999988	-0.431890361
5255020000	0.0181964379000000009	-0.432868381199999985
5255040000	0.0153799611000000006	-0.432748712500000021
5255060000	0.0125587709000000002	-0.433057751800000001
5255080000	0.0114081683000000003	-0.433196102899999991
5255100000	0.00813883209999999996	-0.433292941799999998
5255120000	0.00529935480000000032	-0.433284647700000025
5255140000	0.00373944880000000009	-0.43221074679999999
5255160000	0.000525242599999999971	-0.432411502000000003
5255180000	-0.00097566199999999997	-0.433047733099999999
5255200000	-0.00380801589999999997	-0.432265546000000001
5255220000	-0.00581636790000000011	-0.432224741099999976
5255240000	-0.0083601926	-0.432763255399999991
5255260000	-0.0116206027999999992	-0.430705504600000011
5255280000	-0.0142070118000000006	-0.432136847800000001
5255300000	-0.0164741355999999985	-0.432519435499999993
5255320000	-0.0181761252999999984	-0.431804577600000017
5255340000	-0.022265878900000001	-0.431559046000000002
5255360000	-0.0243181802999999988	-0.43075722449999998
5255380000	-0.0266473012000000009	-0.430170784799999983
5255400000	-0.029325027699999999	-0.430247091199999987
5255420000	-0.0310088622999999987	-0.430276395099999986
5255440000	-0.0337316884000000011	-0.430472727200000016
5255460000	-0.0376233205000000015	-0.430083830499999986
5255480000	-0.0397274223000000024	-0.430079575800000002
5255500000	-0.0408289318000000026	-0.429587613300000004
5255520000	-0.0438632357999999972	-0.428219331199999997
5255540000	-0.0465845065999999988	-0.42924897179999999
5255560000	-0.0483754667000000013	-0.427699810000000014
5255580000	-0.0512950102999999991	-0.426465484499999992
5255600000	-0.0539798342	-0.427829483700000013
5255620000	-0.0573709716000000008	-0.426385248800000005
5255640000	-0.0591403685999999998	-0.426420201800000009
5255660000	-0.0625782815999999936	-0.425750741400000021
5255680000	-0.064344001900000003	-0.425528607599999997
5255700000	-0.0671863100999999935	-0.42522126469999999
5255720000	-0.0696031153999999985	-0.425633169400000011
5255740000	-0.0728099026000000038	-0.423418871899999993
5255760000	-0.0754204814000000029	-0.422318696400000027
5255780000	-0.0789734202000000052	-0.421838239900000023
5255800000	-0.0812409496999999953	-0.421959461300000005
5255820000	-0.0839862876999999952	-0.421715427400000009
5255840000	-0.0859273240999999938	-0.420744034699999991
5255860000	-0.0896817354000000039	-0.41968707890000001
5255880000	-0.0910097586999999986	-0.419521077899999983
5255900000	-0.0938456242999999996	-0.418627778800000017
5255920000	-0.0974583551000000048	-0.417714640199999987
5255940000	-0.0992960175999999944	-0.416459139400000011
5255960000	-0.103023666799999997	-0.416096556200000023
5255980000	-0.104695350199999995	-0.413657654300000011
5256000000	-0.108195159700000001	-0.413720015399999974
5256020000	-0.110535627600000005	-0.413912058500000013
5256040000	-0.114740201099999994	-0.411845666300000024
5256060000	-0.116914177199999997	-0.410595026500000015
5256080000	-0.119323819900000003	-0.409416732800000016
5256100000	-0.122169095800000002	-0.409394153199999999
5256120000	-0.124936231199999997	-0.408723117700000027
5256140000	-0.127641234900000011	-0.405763488499999991
5256160000	-0.131123419600000013	-0.404257153400000013
5256180000	-0.134091390499999991	-0.404617346499999975
5256200000	-0.1361209102	-0.402266514899999983
5256220000	-0.140696727800000004	-0.400159463499999979
5256240000	-0.142416815000000002	-0.399356345499999987
5256260000	-0.147692762499999991	-0.398188644099999989
5256280000	-0.148508743999999998	-0.396255783799999983
5256300000	-0.15181977499999999	-0.395334804300000009
5256320000	-0.155904180400000009	-0.393270372599999973
5256340000	-0.158245722300000002	-0.39126656999999998
5256360000	-0.161512260099999999	-0.389618555500000019
5256380000	-0.165620392000000005	-0.386209106400000002
5256400000	-0.168499242500000007	-0.385363154799999996
5256420000	-0.171254159699999992	-0.383011647200000027
5256440000	-0.174404164400000006	-0.381089665099999975
5256460000	-0.178828186500000014	-0.377505124700000028
5256480000	-0.182187507500000012	-0.375115701400000001
5256500000	-0.185859468500000014	-0.371870112799999986
5256520000	-0.18877290020000001	-0.368489573800000025
5256540000	-0.192650694900000002	-0.366846590400000006
5256560000	-0.19724392360000001	-0.361917566000000024
5256580000	-0.200719685600000003	-0.359131137699999992
5256600000	-0.203682982499999998	-0.354845321300000016
5256620000	-0.206942251399999999	-0.35096492600000001
5256640000	-0.210635307100000002	-0.347285369399999988
5256660000	-0.214739746799999992	-0.341655158000000014
5256680000	-0.220408566199999989	-0.335764470300000006
5256700000	-0.222808254000000011	-0.32969326459999998
5256720000	-0.227804927200000007	-0.324392130999999972
5256740000	-0.22992270749999999	-0.316355466600000024
5256760000	-0.235368802300000013	-0.309020676300000019
5256780000	-0.238887951500000001	-0.299217066300000001
5256800000	-0.241690311699999993	-0.290362171100000011
5256820000	-0.244583158299999992	-0.280392500300000014
5256840000	-0.247222323999999993	-0.266580679300000012
5256860000	-0.249046172700000013	-0.251204253699999991
5256880000	-0.248376719899999987	-0.235814936100000011
5256900000	-0.246458591300000002	-0.217351660899999993
5256920000	-0.240996801300000008	-0.196135039399999989
5256940000	-0.230616787099999998	-0.171704352300000002
5256960000	-0.212368515199999996	-0.145882803000000005
5256980000	-0.183865896899999992	-0.118530488899999994
5257000000	-0.146692493000000007	-0.098641509500000002
5257020000	-0.0973502537000000001	-0.0920695195999999966
5257040000	-0.0520003064000000015	-0.0976042324000000044
5257060000	-0.0144786205000000008	-0.116550408100000003
5257080000	0.0157267877000000014	-0.141573479800000013
5257100000	0.0356292990000000032	-0.169728080599999998
5257120000	0.0456399176999999975	-0.19807711489999999
5257140000	0.0520384727999999991	-0.226125834199999987
5257160000	0.0518536377000000034	-0.251774229500000002
5257180000	0.0480686133000000002	-0.27632654940000001
5257200000	0.039880077899999998	-0.29706351419999999
5257220000	0.0318663026000000002	-0.316139715599999982
5257240000	0.0216410687999999997	-0.332009606199999974
5257260000	0.0116836102999999993	-0.344095963200000021
5257280000	3.00429e-05	-0.355770226899999986
5257300000	-0.014455631	-0.366093105500000016
5257320000	-0.0231375547000000001	-0.372531318
5257340000	-0.0357823593999999981	-0.379273951800000009
5257360000	-0.0468667898000000027	-0.385412707700000023
5257380000	-0.0556784401999999984	-0.388911112900000022
5257400000	-0.0660520824999999978	-0.390556451500000013
5257420000	-0.0746000282000000015	-0.393579154699999989
5257440000	-0.0839523595000000039	-0.3955407809
5257460000	-0.092958086800000006	-0.397429511199999974
5257480000	-0.101584344600000001	-0.396765908900000019
5257500000	-0.108950105199999994	-0.397614074200000001
5257520000	-0.1142960648	-0.396916184800000016
5257540000	-0.120765615100000001	-0.396553537600000006
5257560000	-0.127782322199999993	-0.397137108999999988
5257580000	-0.133235841599999988	-0.396248228699999983
5257600000	-0.139669816700000005	-0.395668628099999975
5257620000	-0.144930703900000013	-0.394235571900000026
5257640000	-0.149961756499999987	-0.394672819499999994
5257660000	-0.154924995600000004	-0.393170258200000011
5257680000	-0.161197834499999998	-0.390936673600000006
5257700000	-0.16337274060000001	-0.391196265499999973
5257720000	-0.16819107459999999	-0.389660447099999974
5257740000	-0.173699603000000008	-0.388341979999999976
5257760000	-0.177072809500000011	-0.387183285900000007
5257780000	-0.181815282900000014	-0.386443105899999972
5257800000	-0.185156990699999996	-0.384094799699999989
5257820000	-0.189815652400000007	-0.382833903699999978
5257840000	-0.192055809200000011	-0.38017673460000001
5257860000	-0.196651899800000002	-0.379914004400000005
5257880000	-0.199515213299999994	-0.378058155200000023
5257900000	-0.203507089700000005	-0.376685664600000025
5257920000	-0.205668137100000009	-0.376273355199999993
5257940000	-0.21032482890000001	-0.373113299200000026
5257960000	-0.213635208699999996	-0.372512349399999998
5257980000	-0.215523869000000007	-0.370655633400000017
5258000000	-0.21851786740000001	-0.369350546900000021
5258020000	-0.219915187799999995	-0.367307767499999993
5258040000	-0.22414053610000001	-0.366094442799999975
5258060000	-0.226681263900000013	-0.364777202199999984
5258080000	-0.230633376800000012	-0.362597301799999994
5258100000	-0.232213487999999996	-0.361167732899999983
5258120000	-0.235657636199999992	-0.359448838499999979
5258140000	-0.238735065800000007	-0.35784485570000002
5258160000	-0.240277006099999996	-0.355410665800000025
5258180000	-0.243307751900000008	-0.353740851999999995
5258200000	-0.245618929300000011	-0.3531208864
5258220000	-0.247223116999999992	-0.351807427800000017
5258240000	-0.250905786899999983	-0.350037409600000016
5258260000	-0.252720600299999987	-0.348299297200000024
5258280000	-0.255695308399999988	-0.34678071290000001
5258300000	-0.257797933300000004	-0.345612343900000007
5258320000	-0.259190754299999992	-0.343142165200000016
5258340000	-0.261152875999999978	-0.341561435099999977
5258360000	-0.264355496099999976	-0.340433643200000025
5258380000	-0.266566695500000006	-0.337314774900000003
5258400000	-0.2681197575	-0.336148389200000008
5258420000	-0.272511317400000008	-0.335629050500000026
5258440000	-0.27284144840000002	-0.332426720899999972
5258460000	-0.276222522299999995	-0.33173857109999999
5258480000	-0.277601171400000013	-0.33069568119999998
5258500000	-0.279231791600000001	-0.32903807169999999
5258520000	-0.281668535900000017	-0.32499107960000001
5258540000	-0.284042817000000003	-0.323642552500000014
5258560000	-0.285577296599999975	-0.321766433700000021
5258580000	-0.287153003899999981	-0.321782731499999974
5258600000	-0.289309626200000003	-0.318924741899999975
5258620000	-0.291360237700000024	-0.317345057200000003
5258640000	-0.293989891599999997	-0.316893497099999977
5258660000	-0.294970329199999992	-0.31438449260000001
5258680000	-0.296815139000000006	-0.312447695999999997
5258700000	-0.298270183299999991	-0.309681820599999991
5258720000	-0.300277247199999986	-0.308912657500000021
5258740000	-0.302104650799999985	-0.306100115700000008
5258760000	-0.304110842800000003	-0.305516335099999981
5258780000	-0.306370101200000022	-0.303009146900000026
5258800000	-0.308896981399999992	-0.301874593099999977
5258820000	-0.310005051600000026	-0.300724461700000001
5258840000	-0.311308333300000017	-0.297677099800000011
5258860000	-0.312985594099999986	-0.297111176799999988
5258880000	-0.315323696300000011	-0.2942248113
5258900000	-0.316201554100000004	-0.291741647900000012
5258920000	-0.318591573600000011	-0.291473049799999995
5258940000	-0.318829716200000002	-0.289825717199999999
5258960000	-0.323214999999999975	-0.286859519999999979
5258980000	-0.322565020199999997	-0.285073904699999991
5259000000	-0.324928074000000011	-0.283381240899999998
5259020000	-0.326583410000000018	-0.282077587100000027
5259040000	-0.3285010337	-0.279869891300000007
5259060000	-0.329067110499999982	-0.277000806200000005
5259080000	-0.331637067200000024	-0.276031458999999979
5259100000	-0.332969231699999979	-0.273803605200000022
5259120000	-0.334829662699999975	-0.27344178990000001
5259140000	-0.336447374999999993	-0.269323687099999987
5259160000	-0.336384953900000006	-0.268335590899999976
5259180000	-0.338963276799999991	-0.265211408199999998
5259200000	-0.341678480200000023	-0.263033987700000027
5259220000	-0.34236857380000002	-0.262964807799999978
5259240000	-0.343171363000000007	-0.260147099300000018
5259260000	-0.344079821000000008	-0.257971885499999998
5259280000	-0.345821309799999976	-0.257462018199999976
5259300000	-0.348877570099999978	-0.255682289499999993
5259320000	-0.347406719199999992	-0.253552350900000001
5259340000	-0.349819349599999996	-0.252373360599999985
5259360000	-0.351539109299999986	-0.247996274500000002
5259380000	-0.352548048000000003	-0.248266565900000014
5259400000	-0.355826723600000006	-0.244046737000000014
5259420000	-0.35605069239999998	-0.243050419699999992
5259440000	-0.356265616499999993	-0.241501468999999996
5259460000	-0.35763226250000002	-0.239736270599999995
5259480000	-0.357955893700000027	-0.237502635999999989
5259500000	-0.361222824300000023	-0.234950783699999999
5259520000	-0.361679448899999978	-0.233602541999999996
5259540000	-0.36202270609999998	-0.232246962299999998
5259560000	-0.364556525299999989	-0.229132477299999998
5259580000	-0.365133206099999996	-0.227841169099999991
5259600000	-0.366052292499999987	-0.224947723900000007
5259620000	-0.369303362999999996	-0.223668342399999998
5259640000	-0.367904517599999981	-0.221943374400000004
5259660000	-0.371103108500000001	-0.220485464399999997
5259680000	-0.371062347399999992	-0.217935224399999988
5259700000	-0.372569543900000022	-0.215266238800000009
5259720000	-0.37305247720000001	-0.215050764899999997
5259740000	-0.375016086000000026	-0.212214611899999989
5259760000	-0.375767040699999999	-0.209346899100000011
5259780000	-0.376597968399999983	-0.208479094199999992
5259800000	-0.379429569500000008	-0.205199126300000007
5259820000	-0.379101449099999988	-0.203687644100000009
5259840000	-0.381120655699999977	-0.201187768500000003
5259860000	-0.382141882499999974	-0.198703809499999995
5259880000	-0.383301300800000022	-0.197360232599999991
5259900000	-0.385101336299999986	-0.194912047100000013
5259920000	-0.384114466099999996	-0.193343407699999997
5259940000	-0.385842519399999972	-0.18984440729999999
5259960000	-0.386765909700000021	-0.187280879900000002
5259980000	-0.387555827899999983	-0.186691597500000001
5260000000	-0.38877293089999998	-0.18558266100000001
5260020000	-0.389234613600000001	-0.182812329299999993
5260040000	-0.389212259999999977	-0.181103741799999995
5260060000	-0.390688576700000012	-0.179310861399999993
5260080000	-0.392428929199999998	-0.175388428000000013
5260100000	-0.392901931599999976	-0.17476006790000001
5260120000	-0.393072105800000016	-0.173485706600000011
5260140000	-0.394112841300000016	-0.169676760399999987
5260160000	-0.395352576800000022	-0.16821085790000001
5260180000	-0.397005842900000017	-0.165657372299999994
5260200000	-0.396940036800000007	-0.164084212300000004
5260220000	-0.398770420100000023	-0.160745680599999996
5260240000	-0.400074883699999995	-0.159083700900000014
5260260000	-0.39995527689999999	-0.157648870699999999
5260280000	-0.401888682300000022	-0.154628647499999994
5260300000	-0.401726539100000002	-0.152851458400000001
5260320000	-0.401704978800000001	-0.15050538699999999
5260340000	-0.403757688299999973	-0.149410948799999999
5260360000	-0.405414000599999991	-0.147548919299999998
5260380000	-0.404706352400000025	-0.14447276810000001
5260400000	-0.405506177799999978	-0.142858549299999998
5260420000	-0.405228793199999993	-0.14059115459999999
5260440000	-0.406815841499999997	-0.138612872800000009
5260460000	-0.407895466099999993	-0.136286231099999988
5260480000	-0.408539164399999988	-0.135067006099999998
5260500000	-0.408516053300000015	-0.132636317499999989
5260520000	-0.409147830300000015	-0.129263663299999998
5260540000	-0.410287846499999997	-0.128462093999999999
5260560000	-0.410410372099999976	-0.126402237000000001
5260580000	-0.411954831700000024	-0.123018172600000003
5260600000	-0.412405628099999977	-0.120464388399999997
5260620000	-0.413412266899999992	-0.117783394900000005
5260640000	-0.414084728100000021	-0.1165285811
5260660000	-0.413368825100000004	-0.114527340300000002
5260680000	-0.41330091419999998	-0.113173313100000006
5260700000	-0.415031112500000021	-0.109598392700000005
5260720000	-0.415582814899999986	-0.107514577099999994
5260740000	-0.417369466099999975	-0.106127547500000002
5260760000	-0.416029757499999986	-0.103508527399999994
5260780000	-0.416605154300000002	-0.101255991300000001
5260800000	-0.417605318299999972	-0.098429491899999999
5260820000	-0.417906841099999982	-0.0975189590000000023
5260840000	-0.417992460899999974	-0.0955786094000000003
5260860000	-0.41979683579999999	-0.092954566200000005
5260880000	-0.420251717700000027	-0.0898782699000000018
5260900000	-0.420190939500000027	-0.0883376877999999949
5260920000	-0.420531100099999999	-0.0862573378999999946
5260940000	-0.421913599099999981	-0.084277417800000004
5260960000	-0.422386181600000021	-0.0813604604999999953
5260980000	-0.422058648699999983	-0.0774955482999999945
5261000000	-0.42264186450000002	-0.0775935578000000042
5261020000	-0.422314219499999977	-0.0751773305999999947
5261040000	-0.423221154099999997	-0.0726989281000000043
5261060000	-0.424264055500000015	-0.0704957229999999962
5261080000	-0.423790421600000022	-0.0686641857999999994
5261100000	-0.422987751400000001	-0.0669568623999999973
5261120000	-0.424876656500000005	-0.0641508499999999954
5261140000	-0.425420626400000002	-0.0615002414999999969
5261160000	-0.423931574899999997	-0.0592049527000000006
5261180000	-0.424771171100000011	-0.0574022230999999966
5261200000	-0.425244609499999981	-0.0555546228000000017
5261220000	-0.425766104599999973	-0.0523095561000000014
5261240000	-0.425434079399999998	-0.0501908371000000034
5261260000	-0.426271011500000019	-0.0485230939000000014
5261280000	-0.425358936399999998	-0.0476074637999999994
5261300000	-0.425758611200000026	-0.0432190173000000025
5261320000	-0.426807239499999991	-0.0417888037000000018
5261340000	-0.428151784899999999	-0.0393827612999999993
5261360000	-0.427845435900000015	-0.0380059108000000007
5261380000	-0.427126437299999995	-0.0356555973000000012
5261400000	-0.426840714100000018	-0.0331531722999999987
5261420000	-0.427902841400000011	-0.0309722145000000011
5261440000	-0.428417810399999988	-0.0281048111999999996
5261460000	-0.428414018399999985	-0.0262388628999999998
5261480000	-0.428801343800000012	-0.0246914875000000013
5261500000	-0.42791290030000001	-0.0230572594999999998
5261520000	-0.428326217100000017	-0.019724255999999999
5261540000	-0.428144848899999986	-0.0174647944999999985
5261560000	-0.428292955600000025	-0.0156821611000000014
5261580000	-0.428283915100000023	-0.0131160814000000001
5261600000	-0.428937767899999989	-0.0107255023000000001
5261620000	-0.430700525800000011	-0.00955860799999999969
5261640000	-0.427897855699999996	-0.00693654039999999986
5261660000	-0.427452296700000012	-0.00388582970000000017
5261680000	-0.427517406099999997	-0.00287204970000000002
5261700000	-0.427510205799999987	-0.000213103600000000011
5261720000	-0.428203896899999992	0.00224457859999999988
5261740000	-0.428077485300000005	0.00530630380000000033
5261760000	-0.428431847199999993	0.00580839280000000017
5261780000	-0.428310870100000018	0.00870930630000000053
5261800000	-0.428251792099999973	0.0108053559000000007
5261820000	-0.428697801099999998	0.0137200207999999997
5261840000	-0.428379610700000024	0.0161064284999999988
5261860000	-0.427547253800000027	0.0177950012999999983
5261880000	-0.428269569500000002	0.0194157185000000017
5261900000	-0.428778060800000027	0.0224244707000000008
5261920000	-0.426149198900000026	0.0241938116000000002
5261940000	-0.427203292499999998	0.0252669371999999989
5261960000	-0.426505462900000021	0.0288548705000000009
5261980000	-0.426335328199999974	0.0294232744000000011
5262000000	-0.427909123999999974	0.0330752190999999973
5262020000	-0.427282640800000002	0.0365525044999999993
5262040000	-0.426661968100000011	0.0370093709999999992
5262060000	-0.426531477599999986	0.0398685057000000009
5262080000	-0.426476772399999982	0.0426688024999999985
5262100000	-0.42714231549999998	0.0436308882000000023
5262120000	-0.42733286949999999	0.0460334883000000014
5262140000	-0.425706198799999991	0.0484508473999999967
5262160000	-0.424199380700000017	0.0507927009000000013
5262180000	-0.424563447400000016	0.0530733592999999976
5262200000	-0.423688115799999987	0.0555518186999999983
5262220000	-0.425088170599999982	0.057276121800000003
5262240000	-0.42325845569999998	0.0591207653000000027
5262260000	-0.423219561399999999	0.0616367530000000025
5262280000	-0.423409773499999975	0.0644282268999999963
5262300000	-0.422461175099999975	0.066412139300000006
5262320000	-0.422752738999999989	0.0682082492999999956
5262340000	-0.422466726000000015	0.0718016667000000025
5262360000	-0.422299242999999991	0.0718575667999999945
5262380000	-0.422052739800000021	0.0741871444999999963
5262400000	-0.421315024400000016	0.0755187476000000052
5262420000	-0.420363376700000013	0.0783216518000000028
5262440000	-0.420166930900000013	0.0816870254999999962
5262460000	-0.418999332700000005	0.0829052354999999935
5262480000	-0.419096861599999981	0.0851328112000000053
5262500000	-0.418753841800000026	0.0881235694000000042
5262520000	-0.418394869200000019	0.091493796799999999
5262540000	-0.416923108599999981	0.0916856991000000038
5262560000	-0.417086642600000002	0.0941284128999999997
5262580000	-0.416927835999999996	0.0954365996999999994
5262600000	-0.415539651700000012	0.0991113621999999972
5262620000	-0.415563291300000026	0.0996196741999999941
5262640000	-0.415079002799999985	0.102077318200000003
5262660000	-0.414606117200000013	0.103772056900000006
5262680000	-0.415541394399999986	0.106580385599999994
5262700000	-0.413254248400000024	0.108014871400000004
5262720000	-0.413432983600000026	0.110343195800000002
5262740000	-0.412062087399999999	0.112645937799999998
5262760000	-0.410954818700000002	0.114583204499999994
5262780000	-0.410050414600000024	0.116931436700000002
5262800000	-0.41020566180000001	0.120440775400000005
5262820000	-0.409821823299999999	0.121195477600000004
5262840000	-0.408684091400000005	0.123543183000000001
5262860000	-0.409016177699999983	0.125609073099999996
5262880000	-0.408317823600000018	0.1265086074
5262900000	-0.407095296699999998	0.128584836000000008
5262920000	-0.407600792499999975	0.132070090800000012
5262940000	-0.404901304600000012	0.134042678500000012
5262960000	-0.404827805699999987	0.134937563399999988
5262980000	-0.404822746899999975	0.137067521899999989
5263000000	-0.403538624899999976	0.139486390200000004
5263020000	-0.401987063899999997	0.142000296100000006
5263040000	-0.402716611800000013	0.14377676419999999
5263060000	-0.40122614299999998	0.145936402100000001
5263080000	-0.400874542700000003	0.14688720529999999
5263100000	-0.39957665320000002	0.150197099100000009
5263120000	-0.397484570699999984	0.15221344819999999
5263140000	-0.397719111000000014	0.154971964600000012
5263160000	-0.397986787000000009	0.156128768499999987
5263180000	-0.397169557800000017	0.158168843400000009
5263200000	-0.395596682600000027	0.160110386699999996
5263220000	-0.394801070199999993	0.162314822599999992
5263240000	-0.393313505499999994	0.163174598100000012
5263260000	-0.392630599099999977	0.165815204800000005
5263280000	-0.392326740399999985	0.167813138000000001
5263300000	-0.392157305000000012	0.170837338100000014
5263320000	-0.390909803399999978	0.171193074199999989
5263340000	-0.390074774299999982	0.174788434900000011
5263360000	-0.388669385799999989	0.17590868979999999
5263380000	-0.38718809970000001	0.177788869399999994
5263400000	-0.387130567099999989	0.179637238199999993
5263420000	-0.385031797100000017	0.181565450699999992
5263440000	-0.384356285099999972	0.183971655099999992
5263460000	-0.383416857	0.184964206299999989
5263480000	-0.382507555200000016	0.187385140899999997
5263500000	-0.381637854599999993	0.1902112319
5263520000	-0.381735518900000015	0.191188175399999993
5263540000	-0.37978579680000002	0.193900942699999995
5263560000	-0.379176057499999997	0.194935898899999988
5263580000	-0.37859995959999998	0.197097226799999997
5263600000	-0.377315439899999994	0.199610671699999992
5263620000	-0.375869251999999987	0.201006915700000011
5263640000	-0.375867621799999996	0.203825882600000008
5263660000	-0.373882014900000004	0.204053719299999992
5263680000	-0.373979410000000012	0.205635541199999994
5263700000	-0.372602462999999995	0.208549841900000005
5263720000	-0.369862503499999995	0.210859309800000005
5263740000	-0.369337922500000027	0.211988883399999994
5263760000	-0.367802872300000028	0.214125779799999999
5263780000	-0.367607341699999979	0.217462601000000005
5263800000	-0.365670550599999977	0.218537428400000011
5263820000	-0.365163442700000007	0.22099839939999999
5263840000	-0.362864287299999977	0.221587269400000009
5263860000	-0.363248431300000008	0.223463465700000002
5263880000	-0.3614989589	0.22593974180000001
5263900000	-0.360628673200000027	0.22725560789999999
5263920000	-0.359053226499999989	0.229993915800000004
5263940000	-0.359062080999999977	0.231919471999999988
5263960000	-0.357151050699999972	0.232677867900000002
5263980000	-0.355319929599999973	0.234442694600000001
5264000000	-0.354344021200000026	0.236746484499999993
5264020000	-0.352993926000000013	0.239090554199999999
5264040000	-0.351063327199999997	0.239695632600000014
5264060000	-0.351215169800000004	0.240464606999999997
5264080000	-0.349220381700000027	0.244141486399999996
5264100000	-0.348419644099999981	0.245363550000000014
5264120000	-0.346556171999999996	0.24604333610000001
5264140000	-0.345092763999999996	0.249045690099999995
5264160000	-0.345126161900000006	0.250358794100000004
5264180000	-0.344332766499999998	0.25235838960000001
5264200000	-0.342235547500000015	0.253656936300000024
5264220000	-0.340618821399999994	0.255784158400000017
5264240000	-0.340145219499999985	0.256572839399999975
5264260000	-0.33885659880000002	0.259426352600000021
5264280000	-0.336453198100000017	0.260336738600000006
5264300000	-0.33463504719999998	0.263240607199999976
5264320000	-0.33534086959999998	0.264106009699999977
5264340000	-0.333082280499999994	0.265419737900000008
5264360000	-0.331095670600000003	0.267767592499999985
5264380000	-0.328976023499999992	0.26893661029999999
5264400000	-0.328670081599999997	0.270492768400000028
5264420000	-0.327513777700000008	0.272315585400000004
5264440000	-0.326478749000000013	0.274057168199999979
5264460000	-0.324348322099999975	0.274826863600000026
5264480000	-0.321476204400000021	0.277585992800000014
5264500000	-0.321223018500000013	0.279011262900000001
5264520000	-0.319455786999999991	0.278772247699999975
5264540000	-0.319402767500000018	0.282037086599999987
5264560000	-0.316801438300000016	0.284022810999999986
5264580000	-0.315963189600000027	0.284005515099999994
5264600000	-0.314081488299999989	0.285924536800000018
5264620000	-0.312769375399999994	0.287013052300000016
5264640000	-0.311692469999999999	0.291409015599999988
5264660000	-0.308982474000000007	0.291930600200000001
5264680000	-0.307118866699999993	0.29321648589999999
5264700000	-0.306646637200000016	0.293901311800000009
5264720000	-0.305784219700000026	0.297678131800000023
5264740000	-0.303915406599999993	0.297630297099999996
5264760000	-0.303001024000000008	0.298896220400000023
5264780000	-0.300571471899999998	0.299977118799999998
5264800000	-0.299199698800000025	0.301652433599999992
5264820000	-0.298722740699999989	0.303851695799999988
5264840000	-0.296471938900000009	0.305078993799999976
5264860000	-0.295133134100000027	0.307261373900000023
5264880000	-0.293105476199999992	0.308521793400000022
5264900000	-0.292772833200000027	0.309926792299999976
5264920000	-0.290241682100000009	0.310215706400000013
5264940000	-0.287868824199999984	0.312731365300000008
5264960000	-0.287202045800000028	0.312890206700000006
5264980000	-0.286092030599999991	0.317022829800000017
5265000000	-0.283532186000000019	0.316158283900000003
5265020000	-0.28110916079999998	0.319032537800000016
5265040000	-0.280050830099999981	0.320611886700000015
5265060000	-0.278789235600000018	0.320637848900000022
5265080000	-0.27702747350000001	0.321757463899999985
5265100000	-0.275333342599999975	0.324283411600000016
5265120000	-0.273738335900000018	0.325384455299999986
5265140000	-0.272261839000000005	0.326941015300000026
5265160000	-0.270281329000000015	0.327949983800000011
5265180000	-0.269607246000000023	0.329001328300000007
5265200000	-0.267439829399999995	0.331755273600000011
5265220000	-0.265009146500000015	0.332406964400000005
5265240000	-0.263328936499999999	0.333189877500000009
5265260000	-0.262221860699999976	0.334872436200000012
5265280000	-0.260080668899999978	0.335481837100000013
5265300000	-0.259586298400000026	0.337229162199999988
5265320000	-0.258005220199999996	0.33745097730000001
5265340000	-0.254657662299999976	0.338701923800000027
5265360000	-0.253270700700000018	0.341562084300000013
5265380000	-0.251328734200000015	0.3420831815
5265400000	-0.249544096399999998	0.344194040099999987
5265420000	-0.249067925699999998	0.344227486500000013
5265440000	-0.246113761200000003	0.345295826299999997
5265460000	-0.244893038000000007	0.34710631660000002
5265480000	-0.242760973699999993	0.347510529299999982
5265500000	-0.241160656299999998	0.349159718000000008
5265520000	-0.23983613840000001	0.350775616899999976
5265540000	-0.238021924100000004	0.351834020400000003
5265560000	-0.236181714699999989	0.353123582300000016
5265580000	-0.234104995799999993	0.354271784400000012
5265600000	-0.231888296100000002	0.355524764599999987
5265620000	-0.22975837369999999	0.356537471499999981
5265640000	-0.229375354400000009	0.357867181400000012
5265660000	-0.226279643100000011	0.358312409599999993
5265680000	-0.224180137299999999	0.361040891600000025
5265700000	-0.224383472199999989	0.360093093899999994
5265720000	-0.220472631100000011	0.361968709
5265740000	-0.218562380199999989	0.363540075100000026
5265760000	-0.217638536299999991	0.364923514399999982
5265780000	-0.216151042799999998	0.36618349280000001
5265800000	-0.214584155700000001	0.366906107500000023
5265820000	-0.212782922900000004	0.367836350699999981
5265840000	-0.210701566499999993	0.367958490699999974
5265860000	-0.209247124600000001	0.369288254599999977
5265880000	-0.206104417600000006	0.369654897199999999
5265900000	-0.205091233000000012	0.372356280500000025
5265920000	-0.202885992200000004	0.372635233700000013
5265940000	-0.200368272300000011	0.373392705699999994
5265960000	-0.197860557500000006	0.375300707999999983
5265980000	-0.197575240399999991	0.374696819600000008
5266000000	-0.193991993599999996	0.376890632499999989
5266020000	-0.193172335899999992	0.377735711699999976
5266040000	-0.190680352400000003	0.377977215600000027
5266060000	-0.190241816300000005	0.378936676299999997
5266080000	-0.187776092199999994	0.380846112600000009
5266100000	-0.186022643799999998	0.381388829900000004
5266120000	-0.183697708900000006	0.382117618800000003
5266140000	-0.182290546899999989	0.383787472500000004
5266160000	-0.180316470700000009	0.384022997799999988
5266180000	-0.177953583999999998	0.384657213499999984
5266200000	-0.175532689600000014	0.385877526999999998
5266220000	-0.174707373199999988	0.386886723200000004
5266240000	-0.172391097800000004	0.387294340700000017
5266260000	-0.171033161299999986	0.388636656000000025
5266280000	-0.167450181799999986	0.388718411300000011
5266300000	-0.16700679639999999	0.391511391599999981
5266320000	-0.165147155200000006	0.390878733099999986
5266340000	-0.161292267200000006	0.392471871699999975
5266360000	-0.160432677500000009	0.392798287999999995
5266380000	-0.159110433400000001	0.394367957099999999
5266400000	-0.156378550799999988	0.395582494800000017
5266420000	-0.153872325700000007	0.395726493700000015
5266440000	-0.151830158999999992	0.395378357299999983
5266460000	-0.149321786499999998	0.397843071800000003
5266480000	-0.148209112599999998	0.398630280000000004
5266500000	-0.146819780900000002	0.398380256699999991
5266520000	-0.143926247300000004	0.398667065799999998
5266540000	-0.143569199499999994	0.399649968199999983
5266560000	-0.139815973799999993	0.400519258900000008
5266580000	-0.138068388099999995	0.401039366700000011
5266600000	-0.136027447999999995	0.402083937499999988
5266620000	-0.134138860999999998	0.402497537700000019
5266640000	-0.132203086199999986	0.403847135600000018
5266660000	-0.129544606899999998	0.403564092200000002
5266680000	-0.128800846999999996	0.406206968800000012
5266700000	-0.127053236799999997	0.405632341200000024
5266720000	-0.123894901700000004	0.405005434900000016
5266740000	-0.121365599399999996	0.406261906100000014
5266760000	-0.119836738900000003	0.407756968599999992
5266780000	-0.117978629799999998	0.407636785800000012
5266800000	-0.115575841100000007	0.407931539399999987
5266820000	-0.114255889700000002	0.408934123500000024
5266840000	-0.111002158700000006	0.409557265800000014
5266860000	-0.109858920200000001	0.409620319700000013
5266880000	-0.107934831999999994	0.409456654699999978
5266900000	-0.1055159762	0.41085857520000002
5266920000	-0.103388826000000003	0.410587559800000002
5266940000	-0.101476686400000002	0.412714395700000014
5266960000	-0.0993896227999999937	0.412657439600000009
5266980000	-0.0969463393999999978	0.413316785299999989
5267000000	-0.0951750786000000043	0.413244344300000011
5267020000	-0.0944728123999999947	0.414537937199999984
5267040000	-0.0900426010999999943	0.414247205000000007
5267060000	-0.0871238435000000061	0.415464320599999992
5267080000	-0.0867825908000000035	0.414828261600000026
5267100000	-0.0853398243000000056	0.416228349399999975
