# freq, I e Q
5247100000	0.0524797270999999982	-0.0650743747000000067
5247120000	0.0498092207999999981	-0.0618828890999999978
5247140000	0.0573222609999999994	-0.0623504169999999983
5247160000	0.049430942700000001	-0.0655143519999999979
5247180000	0.049770117400000001	-0.0662861002999999976
5247200000	0.0509105009000000025	-0.0661880915000000042
5247220000	0.0501676387999999973	-0.0680834669999999947
5247240000	0.048113909199999999	-0.0603969789000000021
5247260000	0.0515837244999999972	-0.0676659626000000042
5247280000	0.0467806461000000035	-0.0684051989000000055
5247300000	0.0509095281999999982	-0.0671121201000000056
5247320000	0.0475650426000000029	-0.0665518675000000004
5247340000	0.0446383745000000012	-0.0684389559000000008
5247360000	0.0447593328000000026	-0.0684808549999999933
5247380000	0.047004060200000003	-0.068507105400000004
5247400000	0.0460545465000000015	-0.0667263772000000061
5247420000	0.0462932464000000016	-0.0703603456999999932
5247440000	0.046838692799999998	-0.0681480042999999952
5247460000	0.0460442195999999984	-0.0692230040000000046
5247480000	0.0436299789999999993	-0.0662880099
5247500000	0.0469565605000000011	-0.0620117624999999978
5247520000	0.042686618099999997	-0.0712129365999999986
5247540000	0.0433783119000000009	-0.0678781341999999954
5247560000	0.0466846803000000032	-0.0702666757999999975
5247580000	0.0444916751000000027	-0.0701334371000000012
5247600000	0.0442273181999999973	-0.0666809540000000006
5247620000	0.0469125742000000012	-0.0702197853999999982
5247640000	0.0456023233999999986	-0.0694725687000000008
5247660000	0.0386774892999999995	-0.070565474000000003
5247680000	0.0419775496999999984	-0.0720442723999999979
5247700000	0.0430836709000000026	-0.0704547192000000017
5247720000	0.0413793868000000009	-0.0699773303999999957
5247740000	0.0414550843000000002	-0.0717161691000000046
5247760000	0.0421441497000000012	-0.0702425299999999975
5247780000	0.0407177308999999987	-0.0724988445000000065
5247800000	0.0411383806000000032	-0.0744323204000000016
5247820000	0.0409850409999999998	-0.0716965486000000068
5247840000	0.0415548042999999978	-0.0759161666000000013
5247860000	0.0381100042999999999	-0.0705497454999999968
5247880000	0.0399317643999999999	-0.0729234868000000064
5247900000	0.0358628605999999975	-0.0712453609999999932
5247920000	0.0372053322000000034	-0.0765943711999999971
5247940000	0.0376057959000000025	-0.0706181619000000038
5247960000	0.0371452946000000034	-0.0749352991999999996
5247980000	0.0346964827000000031	-0.0699901569000000029
5248000000	0.0340884411999999998	-0.0742480305000000063
5248020000	0.0338045427000000023	-0.0750421968999999967
5248040000	0.0351141946999999968	-0.0754124017000000063
5248060000	0.0320455420999999976	-0.0770509709000000015
5248080000	0.0343030953999999971	-0.0768961878000000015
5248100000	0.0354560651000000032	-0.0761469817999999993
5248120000	0.0337543204000000027	-0.0722508619000000046
5248140000	0.0318758994999999989	-0.0773403260000000009
5248160000	0.0320519552999999971	-0.0780151298999999937
5248180000	0.0333003607999999979	-0.075555089899999997
5248200000	0.0300484752999999986	-0.0782562049999999954
5248220000	0.0332680013999999968	-0.0752221681999999947
5248240000	0.0308506639999999999	-0.0763023726999999957
5248260000	0.0336143237999999983	-0.0745825420000000017
5248280000	0.0328740650000000009	-0.0750287303999999933
5248300000	0.0301587783000000012	-0.0760365399999999997
5248320000	0.0283802928999999995	-0.0747613527000000055
5248340000	0.0273718592000000011	-0.0740926637999999999
5248360000	0.0324897748000000028	-0.0751309215999999974
5248380000	0.0262508296999999988	-0.0792593283999999954
5248400000	0.0262127696999999993	-0.0750924486000000002
5248420000	0.0259942038000000007	-0.0746147652000000022
5248440000	0.0269922705999999998	-0.077145041999999997
5248460000	0.0261269381000000002	-0.0772123066000000025
5248480000	0.0269250530999999987	-0.0785271052000000025
5248500000	0.0259952791999999988	-0.0784768827000000002
5248520000	0.0245659106999999988	-0.0765583875999999997
5248540000	0.0272892846000000015	-0.0726961539000000045
5248560000	0.0289630630999999986	-0.0784728380000000031
5248580000	0.0197403080999999994	-0.0798957307999999949
5248600000	0.0230292414999999986	-0.082741063700000006
5248620000	0.0246317217999999991	-0.0790075979000000039
5248640000	0.028381800799999999	-0.0760099620999999948
5248660000	0.0220496100999999986	-0.078532558200000005
5248680000	0.0207468417999999988	-0.0781118509000000016
5248700000	0.0203753111999999993	-0.0748592490999999971
5248720000	0.0207080213000000006	-0.0811022326999999987
5248740000	0.0218444895000000014	-0.0818699974999999996
5248760000	0.0238564638999999995	-0.0824628924999999957
5248780000	0.0244567015999999984	-0.0821558153999999985
5248800000	0.0224601268000000007	-0.079416644999999994
5248820000	0.0202899066999999989	-0.0795461306999999951
5248840000	0.0194983893999999998	-0.0779361585000000051
5248860000	0.0195567648000000011	-0.0795416560000000022
5248880000	0.0159051984999999986	-0.0780671041000000066
5248900000	0.0199892755000000005	-0.0806451712999999987
5248920000	0.0175416699999999988	-0.0813635716999999981
5248940000	0.0171013089000000007	-0.0812800347000000034
5248960000	0.0161593441999999983	-0.0797164541000000004
5248980000	0.0132165796000000002	-0.0784338163999999949
5249000000	0.0176899532999999984	-0.0806623526000000007
5249020000	0.0145559500999999994	-0.0781102456999999972
5249040000	0.0201096030000000002	-0.0804503827999999976
5249060000	0.0178983171000000017	-0.0809657960000000065
5249080000	0.0153421028000000001	-0.0793065216999999933
5249100000	0.0153994317000000006	-0.0836037748000000025
5249120000	0.0151407378999999995	-0.0784566923000000055
5249140000	0.0136850993999999993	-0.0786073397000000007
5249160000	0.0078687129999999994	-0.0796574285000000021
5249180000	0.0133973040000000005	-0.0813297847000000046
5249200000	0.0131696243999999997	-0.0812268121999999981
5249220000	0.00736189249999999983	-0.0809066367000000064
5249240000	0.00956464410000000022	-0.0785199585000000005
5249260000	0.0107317734999999997	-0.0794631893000000006
5249280000	0.0112149178999999995	-0.0843005896999999976
5249300000	0.00853364549999999916	-0.0834951985000000063
5249320000	0.00505752410000000034	-0.0811002079999999931
5249340000	0.00619874839999999972	-0.0816563408000000046
5249360000	0.00717915140000000007	-0.0811533356999999955
5249380000	0.00771517879999999989	-0.0807685295999999997
5249400000	0.00608161429999999961	-0.0822486714999999952
5249420000	0.00799868720000000005	-0.0781786510000000018
5249440000	0.00917755179999999934	-0.0843834737000000029
5249460000	0.00570119899999999968	-0.0811413648000000043
5249480000	0.0052306163000000001	-0.0830301214999999981
5249500000	0.00413775629999999991	-0.0821058555999999995
5249520000	0.00682729030000000028	-0.0841271873000000031
5249540000	0.00476539209999999984	-0.0826811865000000035
5249560000	0.00282128299999999995	-0.0803143998999999997
5249580000	0.00282289669999999989	-0.0807148664000000016
5249600000	0.00445797529999999997	-0.0802496260000000045
5249620000	-0.000141612999999999987	-0.0804240066999999947
5249640000	0.00285569039999999984	-0.0855533170000000037
5249660000	0.000800065599999999965	-0.0817344718999999942
5249680000	0.00303075400000000009	-0.0845608159000000026
5249700000	-0.000703239600000000022	-0.0845904172000000038
5249720000	-0.00159241570000000004	-0.0821578112999999943
5249740000	0.00256202320000000015	-0.0799483017999999962
5249760000	0.00329768310000000007	-0.0845283351999999988
5249780000	-0.00145174999999999992	-0.0828845431999999938
5249800000	-0.00291490139999999983	-0.0811357099999999998
5249820000	-0.0026306271	-0.0794847432999999937
5249840000	-0.00422474370000000023	-0.0821747017000000052
5249860000	-0.00179113050000000011	-0.084540220499999999
5249880000	-0.000387107499999999986	-0.0792936295000000041
5249900000	-0.00169234690000000004	-0.0809582702999999959
5249920000	-0.00370842569999999981	-0.0829950831000000055
5249940000	-0.00352725680000000015	-0.0817475547000000025
5249960000	-0.00659678080000000028	-0.0815549725000000031
5249980000	-0.00419562649999999978	-0.079270647700000002
5250000000	-0.00544205189999999971	-0.0815536624000000043
5250020000	-0.00413667139999999989	-0.0777753360999999949
5250040000	-0.00363871340000000015	-0.0804732979999999987
5250060000	-0.0106885091999999998	-0.0796245997000000066
5250080000	-0.00567795599999999963	-0.0821181322999999935
5250100000	-0.00638229770000000012	-0.0831341081000000065
5250120000	-0.00683833650000000015	-0.0777223539999999935
5250140000	-0.0110120944000000002	-0.0810637414999999945
5250160000	-0.0102589767999999998	-0.0794401093000000058
5250180000	-0.00921622769999999938	-0.0802312084000000036
5250200000	-0.0080048424999999996	-0.0797576541999999999
5250220000	-0.0109176792000000005	-0.0816226317999999978
5250240000	-0.00623859169999999973	-0.081386621800000003
5250260000	-0.0100191531000000007	-0.0825150994999999943
5250280000	-0.0133929531000000004	-0.0840894472999999948
5250300000	-0.0147658693999999993	-0.0807066334999999996
5250320000	-0.0123095982000000007	-0.0806737289999999996
5250340000	-0.0160136082000000013	-0.0845793249000000025
5250360000	-0.0101618948999999993	-0.081443846200000003
5250380000	-0.0110074709999999996	-0.0803990071000000028
5250400000	-0.0134783278000000003	-0.0792052298999999932
5250420000	-0.0128659242	-0.0788420214000000036
5250440000	-0.0102745813000000002	-0.0818636870999999988
5250460000	-0.0167496237999999985	-0.0821336611999999994
5250480000	-0.0150699430000000006	-0.0811858864000000041
5250500000	-0.0144942047000000008	-0.0786351856000000043
5250520000	-0.0144772979999999996	-0.0810136909000000044
5250540000	-0.0144725090999999993	-0.0811907788000000019
5250560000	-0.0156655646000000009	-0.0790021788999999974
5250580000	-0.0160617761000000012	-0.0793542178000000015
5250600000	-0.020106579900000001	-0.0763996948999999953
5250620000	-0.0149929886999999994	-0.0785707967000000007
5250640000	-0.0197530762999999984	-0.0780481085000000047
5250660000	-0.0189669773	-0.0771495796000000039
5250680000	-0.0206090311999999991	-0.0820317529000000045
5250700000	-0.0188410848000000013	-0.0791206515999999943
5250720000	-0.0238033942999999991	-0.0800155131000000047
5250740000	-0.019439562300000001	-0.0801308151999999968
5250760000	-0.0213122672999999999	-0.0770325718999999992
5250780000	-0.0180767538000000012	-0.0816013104999999961
5250800000	-0.0205460737000000004	-0.0772843760999999962
5250820000	-0.0218000089999999987	-0.0773436203999999933
5250840000	-0.0241203731999999997	-0.0776360794999999965
5250860000	-0.0215145727999999994	-0.0801222057999999987
5250880000	-0.0222217076000000013	-0.0750083961999999937
5250900000	-0.0203991399999999996	-0.0779797745999999958
5250920000	-0.0237315363999999994	-0.0801410850999999952
5250940000	-0.0254248767999999993	-0.078902644600000002
5250960000	-0.0244329058999999994	-0.0798525082999999997
5250980000	-0.0272863568000000015	-0.0751991706999999981
5251000000	-0.022674441	-0.0759689010999999997
5251020000	-0.0280807229000000005	-0.0750359393000000069
5251040000	-0.0250306791999999993	-0.0757199714999999968
5251060000	-0.0274276071999999989	-0.0784328420000000026
5251080000	-0.0291724816000000012	-0.0789818531999999934
5251100000	-0.0248548203000000002	-0.0790687813000000017
5251120000	-0.0290929743000000011	-0.0776543638000000008
5251140000	-0.021935800200000001	-0.0792191993000000011
5251160000	-0.0313129872000000031	-0.080791269299999996
5251180000	-0.0330757437000000001	-0.0761067851999999989
5251200000	-0.0296188034999999988	-0.0762819009999999992
5251220000	-0.0318034158999999997	-0.077389439500000004
5251240000	-0.0256504964000000002	-0.0746394219999999969
5251260000	-0.0337187176999999977	-0.0753608484999999939
5251280000	-0.030483474	-0.0758647538999999982
5251300000	-0.0318038543000000035	-0.0741292905000000002
5251320000	-0.0314040891999999988	-0.0768377031000000016
5251340000	-0.0325951006000000029	-0.0736990926000000018
5251360000	-0.0298648195000000005	-0.0814371913999999975
5251380000	-0.0335039852000000027	-0.072324387599999998
5251400000	-0.0315858089999999994	-0.0714913293000000033
5251420000	-0.0296228512999999992	-0.0756623050999999935
5251440000	-0.0337297868000000015	-0.0726852912000000018
5251460000	-0.0370637087000000032	-0.0728932573999999944
5251480000	-0.0334735894000000034	-0.0735233395000000067
5251500000	-0.0338177928999999974	-0.0743697259999999971
5251520000	-0.0372408837999999992	-0.0744134481000000014
5251540000	-0.0346333214	-0.0749997959999999936
5251560000	-0.0403814675999999984	-0.0744415640999999961
5251580000	-0.0370611757999999986	-0.0761839193999999942
5251600000	-0.0355087681999999988	-0.0733460945000000003
5251620000	-0.0322298828999999995	-0.0711353108999999983
5251640000	-0.0380322312000000023	-0.0746809984999999982
5251660000	-0.0425244909000000032	-0.071163451399999994
5251680000	-0.0394380355999999974	-0.0688397055000000008
5251700000	-0.0375048165999999975	-0.0693246720999999982
5251720000	-0.0389556191999999996	-0.0750399498000000054
5251740000	-0.0410326292999999981	-0.0678808151999999998
5251760000	-0.0399754277999999977	-0.070112397600000001
5251780000	-0.0412420164999999991	-0.0740757122000000046
5251800000	-0.040605980899999998	-0.0677961668999999961
5251820000	-0.0387933993000000032	-0.0727759161999999987
5251840000	-0.0397199489000000031	-0.0718476737000000032
5251860000	-0.039346901699999999	-0.0713134972000000061
5251880000	-0.0423512660999999999	-0.0690219658999999958
5251900000	-0.0390879796999999973	-0.0674313903999999992
5251920000	-0.0426038732000000031	-0.0696281133999999968
5251940000	-0.043998223000000003	-0.0693904265999999992
5251960000	-0.041879465099999999	-0.0724104151999999945
5251980000	-0.0426178052999999987	-0.0703180890000000003
5252000000	-0.0419499628999999985	-0.0660559807999999971
5252020000	-0.0453093994999999999	-0.0693601060000000047
5252040000	-0.0465028046000000028	-0.0655026417000000027
5252060000	-0.0437622069999999974	-0.0680963081000000026
5252080000	-0.0485218091000000004	-0.0660174941999999987
5252100000	-0.0474621724999999967	-0.0696180908000000043
5252120000	-0.0479782181999999988	-0.0669999673000000046
5252140000	-0.0450547530000000029	-0.0646730323999999968
5252160000	-0.0458748430999999998	-0.0669318626999999972
5252180000	-0.051032491499999999	-0.0679388999000000021
5252200000	-0.0481828145999999985	-0.0665497615999999931
5252220000	-0.0482383574000000009	-0.0661428604000000031
5252240000	-0.0452372684000000025	-0.0629921489999999973
5252260000	-0.0502800876999999966	-0.0630578980000000011
5252280000	-0.0468730856999999973	-0.0684008373999999975
5252300000	-0.0508384818000000016	-0.0646720414999999993
5252320000	-0.0483497144000000004	-0.063363410300000006
5252340000	-0.0508969718000000029	-0.0664892297999999937
5252360000	-0.0500050708999999968	-0.0633618885000000048
5252380000	-0.0527933718000000024	-0.0618049186000000014
5252400000	-0.0511421790999999973	-0.0643369562999999978
5252420000	-0.053827335300000001	-0.0603502377999999978
5252440000	-0.0519825372999999993	-0.0600971397000000032
5252460000	-0.0537814058000000011	-0.0600436021000000028
5252480000	-0.0539248618000000013	-0.060253977799999997
5252500000	-0.0532792424999999972	-0.0602849141000000033
5252520000	-0.0514322871000000015	-0.0633577406999999981
5252540000	-0.0573737025999999997	-0.0608916712999999984
5252560000	-0.0531510065000000004	-0.0596328945999999999
5252580000	-0.0560314145000000013	-0.0604467372999999975
5252600000	-0.0528835376000000024	-0.0637950340999999949
5252620000	-0.0546266787000000004	-0.0596059175000000011
5252640000	-0.0520030651000000024	-0.0586530500999999996
5252660000	-0.0570324304000000004	-0.0610175267999999993
5252680000	-0.0572190994000000008	-0.0623644381000000025
5252700000	-0.0564892502000000005	-0.0558432760999999986
5252720000	-0.0567521149999999988	-0.0593072616000000011
5252740000	-0.0566231805000000019	-0.0571946066000000031
5252760000	-0.0583647278000000019	-0.0584709216000000032
5252780000	-0.0554310402999999979	-0.0580946934000000012
5252800000	-0.0567701581999999969	-0.0559669995999999975
5252820000	-0.0573940126999999967	-0.0580683305000000011
5252840000	-0.0590818705000000013	-0.0572390207999999984
5252860000	-0.0565921150999999997	-0.0568993512000000035
5252880000	-0.0559695618999999991	-0.0565000489000000022
5252900000	-0.0570378895000000011	-0.0555961422999999982
5252920000	-0.0627015038999999968	-0.0574820606000000026
5252940000	-0.0590123748000000031	-0.0530101581999999974
5252960000	-0.0596903666000000027	-0.0554880630999999985
5252980000	-0.061843212699999997	-0.0539541184000000007
5253000000	-0.061634815699999998	-0.0542177489000000012
5253020000	-0.0618692221000000028	-0.0538501849000000005
5253040000	-0.0622536578000000007	-0.0545485149999999988
5253060000	-0.0658439511000000061	-0.0530738718999999998
5253080000	-0.0623257117000000013	-0.0543052395999999993
5253100000	-0.0602831668999999973	-0.0532968696999999991
5253120000	-0.0637530954999999955	-0.0555601298999999979
5253140000	-0.0612020742999999992	-0.0506038248000000024
5253160000	-0.0602662647000000024	-0.0517999201000000006
5253180000	-0.0644858566000000022	-0.0541454762000000006
5253200000	-0.0610941232000000028	-0.0536205177000000019
5253220000	-0.0661716096999999948	-0.0492608153999999979
5253240000	-0.0633684335000000015	-0.0516462427999999987
5253260000	-0.0653473635000000053	-0.0492478973999999972
5253280000	-0.0638180693000000021	-0.0461909288000000029
5253300000	-0.0636865414000000046	-0.0497000493000000002
5253320000	-0.0663235763000000061	-0.0513113767000000012
5253340000	-0.0680566328000000026	-0.0494601666000000009
5253360000	-0.0668937913000000051	-0.0483685359999999967
5253380000	-0.0658193301000000036	-0.0463257138000000013
5253400000	-0.0656483224000000004	-0.0469129894000000006
5253420000	-0.0679658652999999974	-0.047087695899999997
5253440000	-0.0692129159999999993	-0.0497711335000000019
5253460000	-0.065864398399999996	-0.0428695042999999998
5253480000	-0.0691024719999999981	-0.0460089090000000006
5253500000	-0.0661000520000000064	-0.0450846773000000006
5253520000	-0.0666848428000000049	-0.0440837266999999991
5253540000	-0.0632467288999999933	-0.0448809974999999986
5253560000	-0.0648763541999999999	-0.0437850185000000017
5253580000	-0.0664817246999999945	-0.0451642873000000014
5253600000	-0.0694938073000000017	-0.0456063461000000003
5253620000	-0.0677117685000000052	-0.0412938960999999979
5253640000	-0.0686366848000000002	-0.0427130015000000002
5253660000	-0.0658718263000000054	-0.0429743728000000005
5253680000	-0.0654640177999999962	-0.0418477178000000033
5253700000	-0.072733754100000006	-0.0446873284999999981
5253720000	-0.0683972171000000045	-0.0432757019999999992
5253740000	-0.0693236269000000044	-0.0436790106999999997
5253760000	-0.0702919518999999965	-0.0421018589999999984
5253780000	-0.0720961199000000053	-0.0422130270000000002
5253800000	-0.0682166059000000047	-0.0396997576999999977
5253820000	-0.0693579703999999964	-0.0384698670999999992
5253840000	-0.0700776428000000062	-0.0399111788999999967
5253860000	-0.0714562677000000063	-0.0360549445999999996
5253880000	-0.0705844308000000004	-0.0401691502999999978
5253900000	-0.0694726249000000018	-0.0380128444999999968
5253920000	-0.0694741779000000031	-0.0401430680999999984
5253940000	-0.0716714863000000035	-0.0393849838999999965
5253960000	-0.0709966769999999942	-0.0361921172999999999
5253980000	-0.076400776700000006	-0.0360987674000000022
5254000000	-0.0715760151000000011	-0.0360518467000000009
5254020000	-0.0703728962000000069	-0.0357536056000000019
5254040000	-0.0713173381999999967	-0.0371876699999999991
5254060000	-0.0702744230000000025	-0.0325403387999999988
5254080000	-0.0726920627000000041	-0.0335620968000000033
5254100000	-0.0728829242999999988	-0.0362831977999999999
5254120000	-0.0735111222000000009	-0.0342016945999999988
5254140000	-0.074630241900000005	-0.0342111183999999971
5254160000	-0.0741116777000000032	-0.0346150009999999994
5254180000	-0.0772427051000000031	-0.0314615638000000017
5254200000	-0.075511805500000001	-0.0324962801999999981
5254220000	-0.0720279679999999978	-0.0286940055999999992
5254240000	-0.0693711493999999984	-0.0337001010999999975
5254260000	-0.0738430988000000066	-0.0329889021000000018
5254280000	-0.0737239633999999949	-0.0300040632000000002
5254300000	-0.0722368122999999945	-0.0278436895999999989
5254320000	-0.0778518732000000047	-0.0331133530999999995
5254340000	-0.0750611077000000043	-0.0313947028000000003
5254360000	-0.0729799405000000068	-0.0302635610000000013
5254380000	-0.0755020889999999945	-0.0273931899
5254400000	-0.0766564755000000014	-0.0325774329000000015
5254420000	-0.0762181680000000028	-0.0260723718999999986
5254440000	-0.0699797412999999952	-0.0256513922999999991
5254460000	-0.0756156969000000012	-0.0315282117000000028
5254480000	-0.0765120526999999995	-0.0282090072999999983
5254500000	-0.0750588640999999973	-0.0291894258999999996
5254520000	-0.0755052038000000036	-0.0248398977999999999
5254540000	-0.0761065687000000018	-0.0223148677999999989
5254560000	-0.0760034036000000052	-0.0247088308000000013
5254580000	-0.0762910019000000023	-0.0265117180000000001
5254600000	-0.0778341215000000058	-0.0260822386000000017
5254620000	-0.0765176320000000021	-0.0243200171999999985
5254640000	-0.0760695435000000031	-0.0257178675000000016
5254660000	-0.0750555653999999961	-0.0231304004000000007
5254680000	-0.0761138261000000038	-0.0236042139000000005
5254700000	-0.0726767301999999976	-0.0228645370000000007
5254720000	-0.0821989962999999935	-0.0227754091999999991
5254740000	-0.0779815003000000062	-0.0229640447999999997
5254760000	-0.0779435489000000065	-0.0148589988999999999
5254780000	-0.0822342657999999976	-0.0211283828000000014
5254800000	-0.0764500032999999996	-0.0210058410999999987
5254820000	-0.0775757163	-0.0204043266999999993
5254840000	-0.0783549989000000002	-0.0184715894999999998
5254860000	-0.0798140319999999931	-0.018867170400000001
5254880000	-0.0769867852999999991	-0.0192252182000000015
5254900000	-0.0794349376000000051	-0.0175479672000000003
5254920000	-0.0789328970999999963	-0.0157554927999999997
5254940000	-0.0812010187000000022	-0.0151094859000000005
5254960000	-0.0768056361999999992	-0.0189349582000000009
5254980000	-0.0790472425999999978	-0.0177562580999999983
5255000000	-0.0762555342999999969	-0.0201959196000000007
5255020000	-0.0808082987999999974	-0.0189727574999999996
5255040000	-0.0780625897000000041	-0.0138516941000000008
5255060000	-0.0767355145999999988	-0.0140296824000000001
5255080000	-0.0786167131999999935	-0.0123524117999999992
5255100000	-0.077408695700000002	-0.0125682781999999996
5255120000	-0.0770263248000000039	-0.0147285800999999994
5255140000	-0.0782802674000000059	-0.0115271414999999992
5255160000	-0.0814513689999999957	-0.0104662403000000005
5255180000	-0.0772956585999999973	-0.0124743973000000005
5255200000	-0.0804511378999999971	-0.00864444429999999993
5255220000	-0.0804653770000000046	-0.0153084115000000007
5255240000	-0.0795579693000000032	-0.0103484656000000005
5255260000	-0.0803659605999999943	-0.00972014350000000027
5255280000	-0.0802515337000000023	-0.0112916562999999994
5255300000	-0.0811877005000000013	-0.00857090400000000072
5255320000	-0.080461741500000003	-0.0087513694000000003
5255340000	-0.0815637775000000037	-0.00759415069999999984
5255360000	-0.080424623700000003	-0.00721218899999999993
5255380000	-0.0784595047000000018	-0.00921249759999999938
5255400000	-0.081973873099999997	-0.00717601069999999983
5255420000	-0.0792420238999999998	-0.00499534049999999976
5255440000	-0.0804122159000000003	-0.00645860979999999998
5255460000	-0.0780127287000000058	-0.00451209799999999998
5255480000	-0.0754944327000000026	-0.00706468859999999973
5255500000	-0.0822711034999999979	-0.00170113759999999991
5255520000	-0.0784183982999999973	-0.00399872279999999997
5255540000	-0.0782745257999999944	-0.0046220578
5255560000	-0.0800118707000000012	-0.00225507650000000013
5255580000	-0.0779128409000000022	-0.00450182179999999987
5255600000	-0.0812476813999999936	-0.00105127980000000007
5255620000	-0.079173341800000005	-0.000183380399999999997
5255640000	-0.0796975889000000048	-0.000316766899999999991
5255660000	-0.0783975204999999981	0.00141638500000000004
5255680000	-0.081476180499999995	-0.00121201849999999999
5255700000	-0.0799995830999999935	0.000657285999999999981
5255720000	-0.0783122318000000067	0.00297062330000000003
5255740000	-0.0793395798000000041	0.00174872729999999994
5255760000	-0.0791990927999999955	0.000646870499999999972
5255780000	-0.0799885310000000016	0.000120269900000000005
5255800000	-0.0801780051000000049	0.00160814250000000008
5255820000	-0.0787881559000000037	0.00659678260000000002
5255840000	-0.0762597822999999952	0.00290896999999999987
5255860000	-0.0793920476999999958	0.00746735289999999989
5255880000	-0.0815351827999999945	0.00470783279999999974
5255900000	-0.0781231039000000044	0.00373938599999999993
5255920000	-0.0784334503999999932	0.00474127200000000037
5255940000	-0.0815984634999999958	0.00336412050000000013
5255960000	-0.0787019139999999978	0.00774878789999999991
5255980000	-0.0811455967999999972	0.00661179549999999991
5256000000	-0.0826628444999999989	0.00600378070000000003
5256020000	-0.0836631558999999941	0.0119693748999999995
5256040000	-0.0784293325999999985	0.00494179869999999966
5256060000	-0.0770288892000000058	0.00595103720000000024
5256080000	-0.0802244329999999978	0.0103733521999999998
5256100000	-0.077370568400000006	0.00892802210000000034
5256120000	-0.0793624081999999981	0.00918821359999999997
5256140000	-0.079141972599999999	0.0133963050000000007
5256160000	-0.0777080356999999972	0.014747998
5256180000	-0.0758047703000000045	0.0118990915000000003
5256200000	-0.0721702235000000053	0.0145916875000000005
5256220000	-0.0798744029000000022	0.0124669722000000007
5256240000	-0.0744984868999999938	0.0182491206000000017
5256260000	-0.0794062982000000028	0.0148661600999999994
5256280000	-0.0767275391000000057	0.0152056310000000007
5256300000	-0.0758968170999999997	0.0210011867999999984
5256320000	-0.077029762099999996	0.0151207882000000005
5256340000	-0.0787813138000000024	0.0176035042999999995
5256360000	-0.0768191081999999997	0.0180675715000000008
5256380000	-0.071828155099999999	0.018824329800000001
5256400000	-0.0742952776000000009	0.0192232266000000006
5256420000	-0.0766737516000000063	0.0229069749999999996
5256440000	-0.0776586046999999946	0.0223174771000000001
5256460000	-0.0729444224000000002	0.0205457710000000009
5256480000	-0.0728717829000000011	0.0238542119999999996
5256500000	-0.0724677923000000002	0.0227394209000000014
5256520000	-0.0731691227999999999	0.024165378500000001
5256540000	-0.0731258466000000024	0.0212939114000000006
5256560000	-0.0736944409999999994	0.0251128176000000002
5256580000	-0.0732183363000000059	0.0251583033000000005
5256600000	-0.0725988258999999969	0.026037954700000001
5256620000	-0.0719339284999999939	0.0269320171000000004
5256640000	-0.0662262014000000038	0.0291061427000000005
5256660000	-0.0701351189999999958	0.0298955556999999997
5256680000	-0.0715452872000000017	0.0307853096000000014
5256700000	-0.0672637278000000061	0.0316004033999999975
5256720000	-0.0677218990000000021	0.0356421523000000004
5256740000	-0.0668631016999999966	0.031387522000000001
5256760000	-0.061204927800000003	0.0341702861999999968
5256780000	-0.0616289600000000035	0.0344158341000000007
5256800000	-0.0617944607999999992	0.0364157073000000026
5256820000	-0.0578746925999999995	0.0362787929999999967
5256840000	-0.0585569084000000031	0.036794086400000002
5256860000	-0.0560130391000000019	0.0361611525000000017
5256880000	-0.0587940958000000014	0.041495548799999997
5256900000	-0.0535609663999999999	0.0358243639999999974
5256920000	-0.0451751988999999979	0.0356924072999999994
5256940000	-0.0448531256000000017	0.0368404031000000021
5256960000	-0.0376764149000000034	0.0340854620999999983
5256980000	-0.0361873925999999999	0.0357388474000000025
5257000000	-0.0344490105000000019	0.0300496303000000013
5257020000	-0.0294637280000000015	0.0291602200000000006
5257040000	-0.0240629927000000007	0.0288452694000000016
5257060000	-0.0280849251999999994	0.0213328207999999991
5257080000	-0.0244724771000000008	0.0164295037000000005
5257100000	-0.0259002418000000012	0.0101107394000000007
5257120000	-0.0237801906999999986	-0.00123841199999999993
5257140000	-0.0339965056999999987	-0.00137585159999999997
5257160000	-0.0334741091000000032	-0.0106604177000000008
5257180000	-0.0386737389999999986	-0.00718798269999999968
5257200000	-0.0419596193000000006	-0.0141108984000000003
5257220000	-0.051012321200000002	-0.0105972288000000005
5257240000	-0.0515574260999999978	-0.00765619540000000032
5257260000	-0.0596335912999999967	-0.0142044860000000005
5257280000	-0.0590541192999999992	-0.0131414339000000008
5257300000	-0.0645707133999999933	-0.00419868299999999993
5257320000	-0.0639718804000000002	-0.0069858482000000003
5257340000	-0.0666202718999999999	-0.0018981146
5257360000	-0.0695739368999999941	-0.0022055543999999999
5257380000	-0.0713278482000000019	5.73231000000000001e-05
5257400000	-0.0742249975000000006	0.000798832599999999959
5257420000	-0.0750903747999999982	0.00123089890000000011
5257440000	-0.0743809641000000021	0.0032912127999999998
5257460000	-0.0750314448999999939	0.00473766729999999976
5257480000	-0.0738090787000000026	0.00692388610000000022
5257500000	-0.0779168186000000068	0.0100813818000000006
5257520000	-0.0736415225000000007	0.00926197009999999918
5257540000	-0.0784567503000000027	0.00965703600000000079
5257560000	-0.0781155147999999938	0.0147315743999999992
5257580000	-0.0763980140999999946	0.0129027611
5257600000	-0.0757410310999999947	0.0133708582999999999
5257620000	-0.0794495724000000014	0.0147416557999999996
5257640000	-0.0752279210000000031	0.0151777842000000007
5257660000	-0.0730956861000000013	0.0188839472999999987
5257680000	-0.0739481428000000052	0.0178710083999999991
5257700000	-0.0756427137999999971	0.0224027239999999989
5257720000	-0.0773701205999999947	0.0191778132000000011
5257740000	-0.076487728599999999	0.0242046435000000011
5257760000	-0.075777497799999996	0.0192320025000000012
5257780000	-0.0743536924000000043	0.0191042927999999987
5257800000	-0.0771649716000000069	0.0239805802000000005
5257820000	-0.0704710902999999972	0.0227749938999999985
5257840000	-0.0731524756000000026	0.0250916174999999998
5257860000	-0.0751595429000000009	0.0247474542999999991
5257880000	-0.0752354489999999959	0.0262582942000000007
5257900000	-0.0736434158000000005	0.0262517604000000009
5257920000	-0.0720173615000000017	0.0271596041999999996
5257940000	-0.0768104836000000069	0.0244276523999999995
5257960000	-0.0753238735999999937	0.0274184625999999987
5257980000	-0.0752364878999999959	0.0288656457999999991
5258000000	-0.0732946867999999946	0.0259829388999999987
5258020000	-0.0764111648000000004	0.029955121500000001
5258040000	-0.074909137700000003	0.0331702495999999999
5258060000	-0.0752436848000000019	0.0312280134000000008
5258080000	-0.0684811352999999956	0.0302621686000000001
5258100000	-0.0723928860999999979	0.0324459574999999972
5258120000	-0.0736329089999999964	0.0336125716000000019
5258140000	-0.0750810363999999952	0.0330349456999999985
5258160000	-0.0698928753999999985	0.0304794151999999985
5258180000	-0.0714680577999999983	0.0303026630999999984
5258200000	-0.0706742991999999987	0.0345352205999999995
5258220000	-0.0724323414000000027	0.0352520388000000032
5258240000	-0.0713153593000000058	0.0377171398000000005
5258260000	-0.0692589613000000048	0.0385707694000000031
5258280000	-0.0748056599000000016	0.0369224719999999978
5258300000	-0.0698790269999999963	0.0330007395000000009
5258320000	-0.0713857029000000004	0.034613801399999998
5258340000	-0.0692499756999999938	0.0385050120999999995
5258360000	-0.0684695857000000019	0.0393808137999999974
5258380000	-0.0718708908999999979	0.0397441472000000032
5258400000	-0.0687122144999999934	0.0407012931000000008
5258420000	-0.066171375399999996	0.0377773912999999975
5258440000	-0.0685254820999999931	0.0416180322000000019
5258460000	-0.0665482602000000006	0.0434521615000000028
5258480000	-0.0645592195999999952	0.0369164453999999975
5258500000	-0.0671464388999999939	0.0407586876000000028
5258520000	-0.0659666326999999997	0.0407945317999999987
5258540000	-0.0667590901000000014	0.0414256115000000008
5258560000	-0.0626305924000000042	0.042785368800000001
5258580000	-0.0677569110999999974	0.0452909198000000027
5258600000	-0.0680311517999999948	0.0464066656000000008
5258620000	-0.0658769805000000014	0.0447378724000000033
5258640000	-0.0651737466999999931	0.0464716377999999999
5258660000	-0.0649472031999999977	0.0468687482999999988
5258680000	-0.070216137900000003	0.0455156790000000033
5258700000	-0.0678935662999999995	0.0514799049999999994
5258720000	-0.0645397560999999981	0.0492306995999999969
5258740000	-0.0662626105999999937	0.0467156166000000025
5258760000	-0.0659118922999999968	0.0515222363999999974
5258780000	-0.0632195180000000023	0.0443821039999999986
5258800000	-0.0636179813999999955	0.044839025400000003
5258820000	-0.0637568282000000042	0.0513910147000000012
5258840000	-0.0622500355000000019	0.0473013476000000016
5258860000	-0.0650261324000000057	0.0456468438999999976
5258880000	-0.0636550399999999961	0.0496610986000000018
5258900000	-0.0637042247000000061	0.0470746333000000017
5258920000	-0.0657888759999999961	0.0494136989999999984
5258940000	-0.0651251211000000024	0.0523973751999999987
5258960000	-0.0607072499999999973	0.0488597810999999993
5258980000	-0.0601353645999999978	0.0536783434000000018
5259000000	-0.0645723896000000019	0.0532851858000000025
5259020000	-0.0595141222999999997	0.0505441992000000007
5259040000	-0.0593235538999999992	0.0491208959000000028
5259060000	-0.0609324761000000006	0.0497999672000000032
5259080000	-0.0625721000000000055	0.0544113971000000016
5259100000	-0.0601398039999999981	0.0523888694999999974
5259120000	-0.0571760986000000027	0.0497910390999999966
5259140000	-0.059937885199999999	0.0546370784999999984
5259160000	-0.0594999784000000004	0.0541689280999999995
5259180000	-0.0590606358999999984	0.0538879022999999985
5259200000	-0.0599242393000000012	0.054567871300000001
5259220000	-0.0559726718999999998	0.0595189469000000013
5259240000	-0.0601270949999999985	0.0566682363000000008
5259260000	-0.0580306254000000007	0.0558531201000000005
5259280000	-0.0578473924000000028	0.0546689531000000006
5259300000	-0.0564239341000000033	0.0535680009000000026
5259320000	-0.0535456050999999975	0.0522511212000000003
5259340000	-0.058116427800000002	0.0606217667000000029
5259360000	-0.0599152063000000026	0.056574771900000001
5259380000	-0.0571449965000000032	0.0576704383000000015
5259400000	-0.055393689599999997	0.0603888797000000019
5259420000	-0.0573878515000000033	0.0568912124000000019
5259440000	-0.0562541339999999973	0.0583036960000000021
5259460000	-0.0541181075999999997	0.0564378452999999974
5259480000	-0.0560016417000000002	0.0616574453999999966
5259500000	-0.055728549500000002	0.0569615330000000017
5259520000	-0.0550643161999999978	0.0602611139999999976
5259540000	-0.0531834334000000006	0.0548052490000000003
5259560000	-0.0544231431000000015	0.0612630705000000025
5259580000	-0.055897943700000001	0.0598027885999999967
5259600000	-0.0531812653000000024	0.0626901675000000047
5259620000	-0.0518257272999999991	0.0597654510999999986
5259640000	-0.0577391626999999991	0.0612663593999999978
5259660000	-0.0523334931000000031	0.0625731365000000012
5259680000	-0.0487920657999999993	0.063597704599999999
5259700000	-0.0490615995999999985	0.0609143985000000013
5259720000	-0.0495419094000000004	0.0634217717999999986
5259740000	-0.0487671074000000024	0.0621654561000000022
5259760000	-0.0496937641999999971	0.0606754935999999981
5259780000	-0.0481817551000000011	0.0662238158999999965
5259800000	-0.0534660819999999981	0.0663593264000000016
5259820000	-0.0488985960000000025	0.0625081180000000014
5259840000	-0.0485334920999999989	0.0630626595000000068
5259860000	-0.0498314232000000024	0.0650624691000000061
5259880000	-0.047238585399999998	0.0646277459000000054
5259900000	-0.0463368699000000009	0.0685919336999999962
5259920000	-0.0462069870999999993	0.0642350919999999936
5259940000	-0.0533821520999999966	0.0621879285999999976
5259960000	-0.0437261705000000014	0.0650140842000000024
5259980000	-0.0466521852000000015	0.0669523157000000008
5260000000	-0.0459242725000000018	0.0632148210999999988
5260020000	-0.0439397249999999989	0.0659346348000000027
5260040000	-0.0446738679999999985	0.0676310697000000044
5260060000	-0.0445486738000000007	0.0663219661999999988
5260080000	-0.0481919437000000034	0.0655604785000000051
5260100000	-0.0430539433000000013	0.0670196220999999953
5260120000	-0.0393063271999999977	0.0690092895000000012
5260140000	-0.0440165906999999967	0.0692592419999999986
5260160000	-0.039323632499999997	0.0677017401000000046
5260180000	-0.0451998512000000019	0.0659627066999999984
5260200000	-0.0417850832000000033	0.0686082586999999938
5260220000	-0.0393926491999999975	0.0689495063999999991
5260240000	-0.0422332862999999989	0.0679208709999999938
5260260000	-0.0388425755999999983	0.0652725351999999953
5260280000	-0.0408167919999999976	0.0710041899999999948
5260300000	-0.0385485812000000011	0.0691352154000000052
5260320000	-0.0403902640000000021	0.0704567755999999934
5260340000	-0.0404301576000000024	0.0700465737000000033
5260360000	-0.0371173235000000004	0.0697321184000000011
5260380000	-0.0400546649000000018	0.0693908718000000035
5260400000	-0.0378817323999999997	0.0693730290999999971
5260420000	-0.0390207331999999976	0.0699470466000000068
5260440000	-0.0374102041999999982	0.0713869307000000036
5260460000	-0.0363220897999999986	0.0695675329000000064
5260480000	-0.0349454332000000006	0.0706314839
5260500000	-0.0384709989999999988	0.0669307078000000027
5260520000	-0.0315029534999999999	0.0666703564999999998
5260540000	-0.0363197907	0.0731786348000000031
5260560000	-0.0356195334000000002	0.0736897821000000036
5260580000	-0.036049727099999998	0.0722928751999999952
5260600000	-0.0348212991000000013	0.0703595218999999994
5260620000	-0.0309597370999999989	0.0716570983999999939
5260640000	-0.0345320189000000027	0.0718761111000000008
5260660000	-0.0319873908000000012	0.0758705873999999947
5260680000	-0.0336720660000000005	0.0719663185000000011
5260700000	-0.0356798689000000016	0.0737902676999999951
5260720000	-0.0287717255999999991	0.0693754525000000039
5260740000	-0.0342850426000000028	0.0762020181000000046
5260760000	-0.032517103700000001	0.0744596725999999987
5260780000	-0.030229598600000001	0.0763029759999999946
5260800000	-0.0323991712000000001	0.0752871492000000003
5260820000	-0.0308379423000000007	0.0736486581999999945
5260840000	-0.0314041804000000022	0.0712811903000000052
5260860000	-0.0300703681999999993	0.0730244704999999938
5260880000	-0.0312859452999999996	0.0711859826000000029
5260900000	-0.0279374971	0.0707747648999999951
5260920000	-0.0273826424999999984	0.0715534651999999993
5260940000	-0.0213939073999999986	0.0730929800000000018
5260960000	-0.0262035928999999994	0.076021757800000006
5260980000	-0.0285656354000000008	0.0741410504000000053
5261000000	-0.0273243802999999993	0.0739713238000000023
5261020000	-0.0277455739000000007	0.0716752981000000067
5261040000	-0.0294396126999999994	0.0771136062000000039
5261060000	-0.0258702555999999993	0.0730938716999999932
5261080000	-0.0250017929	0.0805031791999999968
5261100000	-0.0190645278000000015	0.0748315085000000046
5261120000	-0.0250173810999999996	0.0719001323000000025
5261140000	-0.0257161836000000012	0.0788332010000000055
5261160000	-0.0242544693000000013	0.072757916899999997
5261180000	-0.0238133500000000005	0.0738574557999999992
5261200000	-0.0245333847000000008	0.0769023766000000025
5261220000	-0.0214264652000000014	0.0769969191999999997
5261240000	-0.0193571854999999987	0.0764289254000000001
5261260000	-0.0199524919999999988	0.0764208413000000003
5261280000	-0.0203462363999999986	0.0776181576000000012
5261300000	-0.0187688908000000002	0.0787073618999999947
5261320000	-0.0207726644000000016	0.0774551650000000064
5261340000	-0.0163531667000000012	0.0742080804999999954
5261360000	-0.0169643836000000006	0.0760134761999999992
5261380000	-0.0179636149000000009	0.0758187396999999985
5261400000	-0.0182697905999999986	0.078165857500000005
5261420000	-0.0197434628000000001	0.0745851639999999955
5261440000	-0.0170940553000000009	0.0751868569999999958
5261460000	-0.0167442320000000013	0.0790320753000000042
5261480000	-0.0169051962	0.0798175478999999938
5261500000	-0.0169858841999999989	0.0779564903000000003
5261520000	-0.0174609750000000001	0.0782827566999999974
5261540000	-0.0169853381999999983	0.0771776249000000053
5261560000	-0.0128480517999999995	0.0793026399999999937
5261580000	-0.0152548813999999998	0.0787726527999999954
5261600000	-0.0165163262999999984	0.0778196736
5261620000	-0.015870450500000001	0.0750540737000000013
5261640000	-0.0155887386000000006	0.0796704121000000043
5261660000	-0.0126969109000000004	0.0789828345999999959
5261680000	-0.0126324650000000007	0.078779736000000003
5261700000	-0.0125252512000000003	0.0793574122999999992
5261720000	-0.0153289936999999998	0.0789379174999999961
5261740000	-0.00951353440000000071	0.0774991009000000064
5261760000	-0.0111689076999999994	0.0794103802999999997
5261780000	-0.0117503159000000006	0.0767874399999999985
5261800000	-0.0118575803	0.0770560415000000054
5261820000	-0.0106180682000000005	0.0789552953000000057
5261840000	-0.0085274198999999995	0.0774336617999999977
5261860000	-0.00591732910000000029	0.0822493556000000042
5261880000	-0.0115042650999999992	0.075599072500000003
5261900000	-0.00803194980000000031	0.0805099972999999969
5261920000	-0.00777593099999999982	0.080494972900000003
5261940000	-0.0107425187000000002	0.0805598312000000011
5261960000	-0.00799795210000000048	0.0818161803999999937
5261980000	-0.00745948979999999998	0.0798034247000000002
5262000000	-0.00328194319999999991	0.0789330075999999936
5262020000	-0.00548487679999999991	0.0771666456999999945
5262040000	-0.00134187780000000006	0.0803108320999999931
5262060000	-0.00369152340000000008	0.0805539990000000011
5262080000	-0.00723400080000000025	0.0796206896999999969
5262100000	-0.000222123700000000009	0.083269249399999995
5262120000	-0.00491558849999999999	0.081613989299999995
5262140000	-0.00513487389999999974	0.0784484738999999959
5262160000	-0.00509988200000000003	0.0807618392000000046
5262180000	-0.0048820831999999998	0.0805261706000000022
5262200000	-0.00115131150000000008	0.0788248894999999949
5262220000	-0.00231130270000000013	0.0772415461000000025
5262240000	-0.00367203630000000015	0.0827062875999999975
5262260000	-0.000862167800000000002	0.0761662151999999981
5262280000	-0.000754442400000000053	0.0811645648999999997
5262300000	0.00118506779999999999	0.0801932734999999952
5262320000	0.00427616989999999968	0.0808549011000000012
5262340000	-0.000234217500000000005	0.0794520405999999957
5262360000	0.000630885100000000009	0.0782894719000000044
5262380000	0.00272492550000000017	0.0801778925999999947
5262400000	0.0025095702000000001	0.0816571497000000007
5262420000	-0.00164280380000000003	0.0783705303000000048
5262440000	0.00152870549999999995	0.0782984835999999962
5262460000	0.00243900890000000019	0.080634503499999996
5262480000	0.00130357509999999999	0.0779189993999999941
5262500000	0.00464500829999999962	0.0778346963000000058
5262520000	0.00515008070000000026	0.077794313899999995
5262540000	0.00360687850000000016	0.0824254667000000052
5262560000	0.00637527019999999979	0.0751657579000000048
5262580000	0.00780785060000000006	0.0765097720999999981
5262600000	0.00430656240000000003	0.0778855675999999969
5262620000	0.00771861019999999995	0.0794668168000000064
5262640000	0.0065662400000000001	0.0753928881999999939
5262660000	0.00704792069999999986	0.0845124512999999994
5262680000	0.0089926451000000001	0.0793371432999999959
5262700000	0.00910394299999999976	0.0813359250000000034
5262720000	0.00532862670000000017	0.0793238681000000001
5262740000	0.00818472519999999953	0.0805625729999999984
5262760000	0.0122920302999999995	0.0764091898999999936
5262780000	0.00990785760000000015	0.0756104788000000055
5262800000	0.00925278849999999937	0.0799272689999999952
5262820000	0.0114507972999999992	0.0788397599999999948
5262840000	0.0102586594999999996	0.0782822001000000045
5262860000	0.00852112149999999929	0.0774651206000000064
5262880000	0.0152176358000000005	0.0782069365999999988
5262900000	0.0105530397000000008	0.0742643922000000012
5262920000	0.0139125616999999993	0.0770919288999999952
5262940000	0.0104766670000000003	0.0752998086999999983
5262960000	0.0132349726000000004	0.0768902330000000023
5262980000	0.0131289408000000007	0.0778311680000000061
5263000000	0.0136384529000000004	0.0781992824000000003
5263020000	0.0125353562999999998	0.0787223910000000027
5263040000	0.0129414846000000007	0.0751308247999999956
5263060000	0.0163810856000000012	0.0795277593999999949
5263080000	0.0147961124000000003	0.0753177020000000003
5263100000	0.0157393086999999994	0.0757409180999999987
5263120000	0.0183534508000000006	0.0789769466000000003
5263140000	0.0166370149000000002	0.0786233256000000019
5263160000	0.0187006696999999986	0.0792284855999999954
5263180000	0.0165189591000000011	0.0733619056999999936
5263200000	0.0174329242000000016	0.0794695323000000065
5263220000	0.0193714154000000013	0.0804778121000000041
5263240000	0.0195475173000000009	0.077505091799999995
5263260000	0.0177010124999999983	0.076449414800000004
5263280000	0.0232187581000000004	0.0800648885999999949
5263300000	0.0183297356999999987	0.0783894972999999995
5263320000	0.0205660746999999991	0.0758676893999999935
5263340000	0.0180783826999999994	0.0738809029999999978
5263360000	0.021616432599999999	0.0795797099999999979
5263380000	0.0180341379000000003	0.0766221121000000005
5263400000	0.0247668691999999996	0.0740558161000000048
5263420000	0.0235944234999999995	0.0722446840000000035
5263440000	0.0189450505000000012	0.0765246863000000055
5263460000	0.0243863926000000009	0.0771742668999999964
5263480000	0.0269960537999999993	0.0782858379000000021
5263500000	0.0240696869000000015	0.0752804497000000017
5263520000	0.0213264363999999991	0.0741393167999999936
5263540000	0.0197526148999999998	0.0705945840999999963
5263560000	0.0202383200999999985	0.0768408792000000035
5263580000	0.0270897613999999988	0.0769387046000000047
5263600000	0.0227204412000000001	0.0737088817000000063
5263620000	0.0260512134999999999	0.0759790015000000041
5263640000	0.0283897263000000011	0.0718480900999999977
5263660000	0.023992289600000001	0.0744958493999999943
5263680000	0.029338209300000001	0.0746467313000000049
5263700000	0.0284013590999999989	0.0763803542999999946
5263720000	0.0244017942000000002	0.0716304303000000059
5263740000	0.029817784	0.0745836785999999946
5263760000	0.0281385156999999983	0.0773702056000000055
5263780000	0.0290730020999999984	0.0759010898000000017
5263800000	0.0275942040000000006	0.0739674554000000067
5263820000	0.0302916961000000012	0.0734181777999999979
5263840000	0.0307403808000000014	0.074827977899999995
5263860000	0.0307359013	0.0740106336000000004
5263880000	0.0306597060999999997	0.0717216214000000046
5263900000	0.0325777520000000015	0.0727903456999999948
5263920000	0.029330782100000001	0.0720644289999999993
5263940000	0.0354356247000000013	0.0674950963999999959
5263960000	0.0303194721000000014	0.0695970652999999967
5263980000	0.0303348079	0.0729663690000000031
5264000000	0.0336118856999999965	0.0712448405000000035
5264020000	0.0324035385000000023	0.0735014113999999941
5264040000	0.0325072392000000029	0.070943837100000004
5264060000	0.0316492383000000002	0.0692471043999999952
5264080000	0.0332546290000000008	0.0682937636999999959
5264100000	0.0326839990999999996	0.0727451508000000052
5264120000	0.0363970107000000029	0.0697636479999999976
5264140000	0.036118963300000001	0.0718382572999999996
5264160000	0.038308925100000002	0.0703883589999999976
5264180000	0.0375847480000000012	0.071684383500000004
5264200000	0.0379015227000000024	0.0656330184000000066
5264220000	0.0394101556000000033	0.0723039753000000035
5264240000	0.038092875800000002	0.0741951379999999938
5264260000	0.0375131278999999984	0.0703527840999999959
5264280000	0.0368686308999999976	0.066313334700000004
5264300000	0.0368561920000000029	0.0652186780000000021
5264320000	0.0385512791000000021	0.0670723108000000068
5264340000	0.0389647165999999975	0.0663886726999999982
5264360000	0.0379853559999999979	0.0677059084000000005
5264380000	0.0378718070000000004	0.0662895530999999955
5264400000	0.0438270763999999979	0.0714478984999999955
5264420000	0.0405879656999999991	0.0735827195000000045
5264440000	0.040615790899999997	0.0699918929999999995
5264460000	0.0410823796999999977	0.0671517504000000015
5264480000	0.0404588306999999966	0.0676719759000000004
5264500000	0.0390645641999999987	0.0700979719999999945
5264520000	0.0445045937999999988	0.0674192244000000052
5264540000	0.0454847327999999967	0.0669450154000000019
5264560000	0.0436710143999999995	0.0690591641000000006
5264580000	0.0438173786999999995	0.0664304458999999958
5264600000	0.0417496981999999975	0.063742508500000003
5264620000	0.0418521947999999991	0.0634437875000000012
5264640000	0.0451620724999999973	0.0640739263000000003
5264660000	0.0441246652999999975	0.0662350126999999983
5264680000	0.0471107374999999995	0.0639921370000000045
5264700000	0.0460118415999999988	0.0663877308999999971
5264720000	0.0449706112999999977	0.0670901797999999966
5264740000	0.0479690559000000016	0.0650086235999999956
5264760000	0.0483899267000000022	0.0633532158000000012
5264780000	0.0454127403999999985	0.0690187086000000061
5264800000	0.0448171784999999989	0.0649156855999999949
5264820000	0.0493567311000000022	0.0649660118000000009
5264840000	0.0439759019999999973	0.0611658886000000027
5264860000	0.0502824846999999978	0.0619989884999999977
5264880000	0.0508172185999999984	0.060428148600000002
5264900000	0.0495276747999999975	0.0610980995000000027
5264920000	0.0495959888999999987	0.0598305446000000005
5264940000	0.0484682667999999997	0.0632614848000000035
5264960000	0.0486484020000000003	0.0605036498000000034
5264980000	0.0501976167000000029	0.0630242772000000062
5265000000	0.0500463745999999987	0.0613976240999999992
5265020000	0.0531939032000000034	0.062778114600000004
5265040000	0.0513615971000000032	0.0605476734000000016
5265060000	0.0497789808999999986	0.0596336281000000024
5265080000	0.0506472629999999979	0.0604619264999999989
5265100000	0.0525893060999999967	0.0607330376999999991
5265120000	0.0528825152000000007	0.0592123374000000022
5265140000	0.0509262327999999986	0.0568475812999999983
5265160000	0.0509343209000000033	0.0612184531000000004
5265180000	0.0524533127999999987	0.0613978686000000023
5265200000	0.0525431690000000007	0.0549782097999999969
5265220000	0.0500975889999999979	0.0593049751999999986
5265240000	0.0537310842000000011	0.0578844562000000035
5265260000	0.0539294135000000022	0.0590768872999999986
5265280000	0.0547078816000000009	0.0599931121000000026
5265300000	0.0508393450000000011	0.0571802317000000004
5265320000	0.0545017754000000007	0.0593443503000000011
5265340000	0.0534538916999999988	0.0589937733999999978
5265360000	0.0497764589000000007	0.0541868917999999977
5265380000	0.053500349400000001	0.0534897271000000021
5265400000	0.0584073634999999966	0.058345193699999999
5265420000	0.056866576000000002	0.0567401532999999986
5265440000	0.0615309056999999993	0.0542416646999999974
5265460000	0.0559610572999999986	0.0562861430999999982
5265480000	0.0577022449999999992	0.0549250776999999982
5265500000	0.0563744426999999992	0.0546235164999999967
5265520000	0.0569079300000000024	0.0548164467000000002
5265540000	0.0595356127999999984	0.0533905033000000029
5265560000	0.0601211284000000012	0.0545687025999999978
5265580000	0.0621622844999999979	0.0541656157000000027
5265600000	0.0584809732000000013	0.0500668682000000032
5265620000	0.0582034795999999965	0.0540175981000000013
5265640000	0.0579745860000000016	0.0508269566000000006
5265660000	0.0596731846999999996	0.0496557728999999989
5265680000	0.0619379364999999987	0.0521464135000000023
5265700000	0.0592030990000000021	0.0504312115000000033
5265720000	0.0589828296000000016	0.0524373358999999997
5265740000	0.0585748920000000034	0.0490251925000000019
5265760000	0.0574189490999999982	0.0537369214999999997
5265780000	0.0538256881999999992	0.0494329416000000021
5265800000	0.0637648779000000027	0.0492261127999999992
5265820000	0.0597262880000000024	0.0484007836999999982
5265840000	0.0663113597999999971	0.0474573426000000007
5265860000	0.0639325627000000007	0.0489963127000000026
5265880000	0.0613455129999999974	0.0477896888000000006
5265900000	0.0602213807000000004	0.0458618008999999993
5265920000	0.0680740263000000068	0.0492313201999999978
5265940000	0.0649776724000000055	0.0455354836000000027
5265960000	0.0644817654000000018	0.0468424695999999988
5265980000	0.0603618049999999975	0.0447859981000000018
5266000000	0.0629663470000000058	0.0502994205999999985
5266020000	0.0646015171999999999	0.0468637314999999985
5266040000	0.0641095517000000031	0.0476335836000000012
5266060000	0.0668093396999999978	0.0439655832999999996
5266080000	0.0650011558999999961	0.0474139290000000005
5266100000	0.0651041816000000051	0.0463505093000000021
5266120000	0.0645716006000000009	0.040006823599999998
5266140000	0.0660160114999999992	0.0435457006000000008
5266160000	0.0668150546000000067	0.0442002813999999994
5266180000	0.0666242055999999999	0.0469330680000000014
5266200000	0.065336047800000005	0.0430198159000000011
5266220000	0.063602247400000006	0.0395615776000000016
5266240000	0.067878409400000006	0.0409931103999999977
5266260000	0.0634058294999999966	0.0428784347000000024
5266280000	0.0686848114000000037	0.0449650478999999992
5266300000	0.0657337241999999961	0.0425012307999999978
5266320000	0.0660475514000000014	0.0395805245999999999
5266340000	0.0687436282999999981	0.0384690732000000021
5266360000	0.0672737684999999974	0.0434703628000000022
5266380000	0.071187236299999998	0.0396828878999999982
5266400000	0.0669476459999999995	0.0403273114999999974
5266420000	0.0662091820999999997	0.0377312198000000001
5266440000	0.0705353422999999979	0.040273214100000003
5266460000	0.0646019562999999991	0.037390199300000003
5266480000	0.0675014748999999969	0.039794368099999998
5266500000	0.0712723717999999978	0.0364953199000000034
5266520000	0.0684247681000000052	0.040220163500000003
5266540000	0.0663322253000000056	0.0364975730999999998
5266560000	0.0693340320999999982	0.0428359867000000019
5266580000	0.0686471538999999936	0.0393195776000000025
5266600000	0.0674627886999999982	0.0357893464999999994
5266620000	0.0703777097999999934	0.0403536481000000002
5266640000	0.0682091944000000061	0.0358174108999999991
5266660000	0.0722382634999999967	0.0360022726999999973
5266680000	0.0690453377999999951	0.0360761511000000021
5266700000	0.0723957793000000044	0.0365454448000000001
5266720000	0.070470998600000001	0.0341551091999999987
5266740000	0.0712170248000000006	0.0354874816000000023
5266760000	0.0733407858999999968	0.034118966399999999
5266780000	0.0716593097000000068	0.0330629793000000033
5266800000	0.0700080292000000021	0.0316047960999999988
5266820000	0.0708776000999999933	0.0315721290999999987
5266840000	0.0679917359000000027	0.0359861381000000022
5266860000	0.0748842016999999999	0.034162514300000002
5266880000	0.0736771870999999995	0.0302175865999999987
5266900000	0.0730946496000000057	0.0331658302999999974
5266920000	0.0719290994999999961	0.0279601215000000007
5266940000	0.0713338768000000012	0.0281718237999999989
5266960000	0.0752376507000000055	0.0325689348999999989
5266980000	0.0699456086999999949	0.0306613453000000001
5267000000	0.0752007776000000044	0.0311019847999999995
5267020000	0.0704675409000000003	0.0303296795000000015
5267040000	0.0718449589000000055	0.0312575002000000032
5267060000	0.0741124162000000031	0.0270893879000000011
5267080000	0.0733355750000000001	0.0273857513000000004
5267100000	0.0735010066000000017	0.0283502113999999986
