# freq, I e Q
4395403800	-0.0676960780000000067	0.151831825799999987
4395404600	-0.062876191600000006	0.157155270600000008
4395405400	-0.0642823599999999967	0.1571578421
4395406200	-0.0638092100999999995	0.155858470199999988
4395407000	-0.0626958095999999993	0.156015932899999987
4395407800	-0.0631928526000000018	0.156089474099999986
4395408600	-0.0642347781000000007	0.157292051900000007
4395409400	-0.062928003499999996	0.155111192099999989
4395410200	-0.0611556954000000014	0.154572468099999999
4395411000	-0.0637513014000000017	0.154950773399999991
4395411800	-0.0617533616000000007	0.152766069799999987
4395412600	-0.0662687988000000006	0.154784300699999988
4395413400	-0.062851903400000006	0.154102274600000005
4395414200	-0.0633749977999999992	0.156458235499999987
4395415000	-0.0633092482999999956	0.158618069299999997
4395415800	-0.0615061272999999978	0.153964400400000007
4395416600	-0.0638296225999999967	0.155791470300000012
4395417400	-0.0616759949999999973	0.158930139299999995
4395418200	-0.0642977366000000022	0.153778544200000006
4395419000	-0.0631939984000000066	0.15446342930000001
4395419800	-0.0623478530000000017	0.157518151999999995
4395420600	-0.0619891430999999979	0.152686897300000013
4395421400	-0.064732356899999996	0.155293649499999992
4395422200	-0.0601987845999999993	0.155114850800000009
4395423000	-0.0622330370999999993	0.154491489499999995
4395423800	-0.064036891999999998	0.15608377570000001
4395424600	-0.0612487279000000009	0.158130274399999993
4395425400	-0.0607333313999999999	0.152486042399999994
4395426200	-0.0621623621000000001	0.155699094600000004
4395427000	-0.0617166398000000005	0.154078309299999994
4395427800	-0.062406212099999997	0.155214752700000014
4395428600	-0.0622214150000000021	0.155493724800000011
4395429400	-0.062792263900000006	0.159398877200000011
4395430200	-0.0599630431000000019	0.159958588200000001
4395431000	-0.0610581690000000024	0.154361484900000012
4395431800	-0.0615194236999999991	0.1568248535
4395432600	-0.0621801524000000008	0.156962173399999988
4395433400	-0.0599106766999999985	0.156131895999999992
4395434200	-0.0579414416999999987	0.153636064900000008
4395435000	-0.0616447103999999968	0.15719864389999999
4395435800	-0.0624720971999999999	0.155952875200000007
4395436600	-0.061090598900000001	0.155800485799999999
4395437400	-0.0618122217999999973	0.152881103800000001
4395438200	-0.0584580089999999983	0.157495922900000002
4395439000	-0.0610349958999999997	0.154406643799999993
4395439800	-0.0570249499000000035	0.155238014099999988
4395440600	-0.0591612576999999973	0.154813023500000008
4395441400	-0.059787571400000003	0.157910935199999991
4395442200	-0.0640315860999999958	0.155125783500000003
4395443000	-0.0571488178000000013	0.157911093599999997
4395443800	-0.0580200105999999979	0.155865997499999992
4395444600	-0.060631940199999998	0.156713047200000011
4395445400	-0.0585369144000000008	0.154169518100000014
4395446200	-0.0556712396999999998	0.1572213425
4395447000	-0.0608372730999999986	0.157683169499999998
4395447800	-0.0585089577999999971	0.153850015000000007
4395448600	-0.0595857352999999978	0.157470152899999993
4395449400	-0.0586988744000000034	0.157605323399999997
4395450200	-0.0609665131000000013	0.152529339099999994
4395451000	-0.0584373437999999995	0.156073430499999999
4395451800	-0.0548711880000000013	0.15644776299999999
4395452600	-0.0586079295000000028	0.157385129099999993
4395453400	-0.057981711800000002	0.1573450656
4395454200	-0.0575262408000000031	0.15498008969999999
4395455000	-0.0544930392000000027	0.15467875049999999
4395455800	-0.0613693332000000008	0.155547155699999995
4395456600	-0.0581833231000000034	0.154022730200000013
4395457400	-0.0608283725999999997	0.152697906900000013
4395458200	-0.0556015055999999966	0.157148387499999986
4395459000	-0.0610674474999999967	0.158156983599999995
4395459800	-0.0534131143000000017	0.155682912000000007
4395460600	-0.0521178535999999998	0.154807000800000011
4395461400	-0.0569361950000000019	0.156420630000000005
4395462200	-0.0554362404999999975	0.15321635480000001
4395463000	-0.0545729662000000032	0.154333084600000003
4395463800	-0.0564037353000000005	0.155533323299999998
4395464600	-0.0573054594000000014	0.155096446299999996
4395465400	-0.0536853456999999978	0.157458409999999993
4395466200	-0.0603459199999999973	0.156057875000000013
4395467000	-0.0528761271000000033	0.156629678599999989
4395467800	-0.0572863897000000025	0.154965224099999993
4395468600	-0.0578982425000000023	0.154240207399999996
4395469400	-0.0583540986000000012	0.159200973400000001
4395470200	-0.0551271975000000025	0.153139296199999997
4395471000	-0.0533169210999999976	0.152713961700000012
4395471800	-0.0533492677000000012	0.153568599500000014
4395472600	-0.0525450823999999983	0.157674258699999986
4395473400	-0.0518050975000000011	0.152912723400000006
4395474200	-0.0563613760999999991	0.15447844429999999
4395475000	-0.0555522556999999972	0.157144186600000013
4395475800	-0.0545310320000000001	0.153750164100000003
4395476600	-0.0561735525000000013	0.154819676699999992
4395477400	-0.0519824013000000015	0.153375511999999992
4395478200	-0.0560371154999999982	0.154078747099999996
4395479000	-0.0535399358000000006	0.15251281559999999
4395479800	-0.0555590179000000003	0.152158962700000011
4395480600	-0.0520100379000000002	0.153804749699999993
4395481400	-0.0551737003999999975	0.154267446800000013
4395482200	-0.0566435158999999966	0.154798660799999988
4395483000	-0.0527107038000000014	0.153396933799999996
4395483800	-0.0556081561000000002	0.153218914699999986
4395484600	-0.0527754187	0.15710221760000001
4395485400	-0.0542874638999999992	0.152721395799999993
4395486200	-0.0556614498999999999	0.154373958300000003
4395487000	-0.0578268966999999981	0.153486908700000008
4395487800	-0.0543685793999999986	0.157222855200000011
4395488600	-0.0501470096000000004	0.155937554499999992
4395489400	-0.0524236448999999965	0.156675854799999986
4395490200	-0.0538273152000000032	0.155772828000000002
4395491000	-0.0520040901999999985	0.157624537799999992
4395491800	-0.0489449579999999967	0.155924631899999999
4395492600	-0.0541466847000000029	0.156218515599999996
4395493400	-0.0522826876999999968	0.1541061809
4395494200	-0.0515733681999999971	0.157442723700000009
4395495000	-0.052809171000000002	0.153175978099999999
4395495800	-0.0496210951999999997	0.156440426999999993
4395496600	-0.0503319782000000021	0.155683227199999996
4395497400	-0.0491241093999999975	0.155383178799999994
4395498200	-0.0504850401999999976	0.155123545599999996
4395499000	-0.0511017735000000028	0.153573840500000003
4395499800	-0.0488326403000000006	0.155949108199999992
4395500600	-0.0478659400000000027	0.15916047459999999
4395501400	-0.0490848325000000016	0.155159041100000006
4395502200	-0.0513874694000000035	0.154785184999999992
4395503000	-0.0471179006999999997	0.155653046699999992
4395503800	-0.0504050363999999987	0.154716996100000004
4395504600	-0.0519101426000000005	0.15580521080000001
4395505400	-0.0512125473000000012	0.157584466300000003
4395506200	-0.0531032810999999966	0.155696571099999986
4395507000	-0.0511391752999999991	0.156767180099999986
4395507800	-0.0523846850000000003	0.153558868600000009
4395508600	-0.0497223534999999967	0.156623771100000003
4395509400	-0.0511219170000000028	0.154763512500000006
4395510200	-0.0492653263000000022	0.152118937300000007
4395511000	-0.0470892047999999994	0.155379767899999993
4395511800	-0.0475382972000000029	0.156862234500000003
4395512600	-0.0472411676000000016	0.153820547499999988
4395513400	-0.0472135160999999984	0.154347372900000002
4395514200	-0.0458464298999999992	0.154969604799999994
4395515000	-0.0472524007999999968	0.155058034300000008
4395515800	-0.0447810719999999982	0.157366966299999994
4395516600	-0.0457448900999999977	0.156067035900000012
4395517400	-0.0495233093999999999	0.153745807699999987
4395518200	-0.0482814503000000006	0.15326706570000001
4395519000	-0.0417816857000000014	0.153870869800000004
4395519800	-0.0482643640999999984	0.153843291900000012
4395520600	-0.0491821609000000007	0.158719262400000005
4395521400	-0.0507457492000000024	0.157150874400000001
4395522200	-0.0482488216999999997	0.154347220899999998
4395523000	-0.0440754299999999988	0.153416191400000013
4395523800	-0.0478038356999999983	0.156584923600000009
4395524600	-0.0474310558999999979	0.154398339699999998
4395525400	-0.0463480537000000026	0.153482652400000003
4395526200	-0.0437750162000000026	0.154985296200000011
4395527000	-0.0460702696999999994	0.152992474500000003
4395527800	-0.0461051187999999973	0.156238853600000005
4395528600	-0.0452657279999999981	0.15574295199999999
4395529400	-0.0436935268000000002	0.151451639400000004
4395530200	-0.0455340693000000005	0.155403209699999989
4395531000	-0.0454539519999999989	0.155773274200000006
4395531800	-0.0479152462999999987	0.155759446899999987
4395532600	-0.0438198985999999971	0.153419616799999992
4395533400	-0.0433168811999999973	0.150941924199999994
4395534200	-0.0468698977999999974	0.156514892200000005
4395535000	-0.0431373353000000029	0.154825804799999994
4395535800	-0.0466766119999999993	0.157685310999999995
4395536600	-0.0426775794999999999	0.15580477270000001
4395537400	-0.0450961601999999989	0.153900427300000003
4395538200	-0.0430434115000000034	0.155173480899999994
4395539000	-0.0411005984000000005	0.155010899600000002
4395539800	-0.0426029809999999981	0.157581690299999994
4395540600	-0.0460308815000000024	0.152333707600000007
4395541400	-0.044606389199999999	0.153070398400000002
4395542200	-0.0455625944000000033	0.154749302700000008
4395543000	-0.0461013307999999997	0.153136646500000001
4395543800	-0.0432046993000000032	0.153931621500000004
4395544600	-0.0376206379999999979	0.153586099700000006
4395545400	-0.0395941009999999996	0.154979917100000003
4395546200	-0.0425835443999999994	0.153250590500000006
4395547000	-0.044008138799999999	0.155006427599999996
4395547800	-0.0395343053999999972	0.152180631199999999
4395548600	-0.0416271294999999986	0.155015673599999987
4395549400	-0.042546777899999999	0.15312642139999999
4395550200	-0.0425285138000000007	0.155730027599999987
4395551000	-0.0423690015999999975	0.155981336299999995
4395551800	-0.0408545717000000017	0.155396269000000004
4395552600	-0.0405860815000000028	0.153872240699999996
4395553400	-0.0425250095000000022	0.151109100100000004
4395554200	-0.0409940449999999998	0.15275335470000001
4395555000	-0.0395017911999999971	0.155205591799999987
4395555800	-0.0386207708000000025	0.153888775799999988
4395556600	-0.0381352132999999982	0.155268570500000008
4395557400	-0.0433847521	0.155557005700000001
4395558200	-0.0419408428999999972	0.153033816299999986
4395559000	-0.0361450124000000025	0.155051153999999997
4395559800	-0.0409199468000000025	0.153370366199999997
4395560600	-0.0398663054999999975	0.152408598899999997
4395561400	-0.0354586195999999979	0.155396255799999994
4395562200	-0.0394652487999999982	0.155544354100000004
4395563000	-0.0407103711999999979	0.150306137400000012
4395563800	-0.0401213791	0.151636890999999996
4395564600	-0.0373028098999999974	0.153171646999999994
4395565400	-0.0391942625000000003	0.153161558799999986
4395566200	-0.0393842822999999967	0.152748590699999992
4395567000	-0.0382925409999999994	0.155790986500000006
4395567800	-0.0390221507000000009	0.1550459317
4395568600	-0.0370475208999999986	0.152123121599999994
4395569400	-0.0346998015000000021	0.154424031200000006
4395570200	-0.0399513505000000033	0.156007211000000007
4395571000	-0.0356625711999999997	0.155361193700000011
4395571800	-0.0401647342000000032	0.1497780997
4395572600	-0.0399548367000000029	0.151888002699999997
4395573400	-0.0397181228999999997	0.150845001099999987
4395574200	-0.0384850215000000009	0.149064366599999998
4395575000	-0.0338681571999999986	0.151246479399999995
4395575800	-0.0392923596	0.15165233689999999
4395576600	-0.0347559131000000007	0.1518177312
4395577400	-0.0361257972999999982	0.151151667099999998
4395578200	-0.0364922752000000003	0.151229626799999989
4395579000	-0.0349847736999999992	0.154254381200000013
4395579800	-0.0341189655000000008	0.153789536100000013
4395580600	-0.0355417661999999981	0.153921986199999999
4395581400	-0.0327659266000000018	0.151489498299999997
4395582200	-0.0314235942000000018	0.148382033599999991
4395583000	-0.0373600633000000029	0.153233158600000002
4395583800	-0.0327611628000000002	0.1479492523
4395584600	-0.0353004349999999981	0.151631763700000005
4395585400	-0.0313094057000000009	0.14722633060000001
4395586200	-0.0328539257000000015	0.15280700459999999
4395587000	-0.0363323657000000008	0.155181256099999998
4395587800	-0.032986810200000001	0.153329141299999999
4395588600	-0.0314833548000000019	0.151616002199999989
4395589400	-0.0337931560999999991	0.153648297099999998
4395590200	-0.0319375792000000033	0.148756405300000005
4395591000	-0.0315866056999999992	0.153473031900000001
4395591800	-0.0334759151000000033	0.15077678659999999
4395592600	-0.0312808692999999999	0.15036265909999999
4395593400	-0.034235848800000003	0.149692897699999994
4395594200	-0.0293559218000000004	0.152798552799999987
4395595000	-0.0303758662999999984	0.149464265799999996
4395595800	-0.0307417993000000007	0.155595475700000013
4395596600	-0.0306947935999999991	0.149695832800000012
4395597400	-0.0300497384999999992	0.14917127320000001
4395598200	-0.0331131273000000032	0.151727644599999989
4395599000	-0.0284128283999999995	0.152342204600000003
4395599800	-0.0309009569999999997	0.150814367100000013
4395600600	-0.0306803982000000003	0.148833568500000013
4395601400	-0.0266799560000000012	0.147113250899999992
4395602200	-0.0284396758999999992	0.147436986999999992
4395603000	-0.0280667903999999996	0.15116941519999999
4395603800	-0.0257479310000000017	0.150574636000000012
4395604600	-0.0297151647000000012	0.147367451199999999
4395605400	-0.0295147566000000007	0.15369195799999999
4395606200	-0.0295071275000000008	0.149750658099999989
4395607000	-0.030190956599999999	0.150503060500000008
4395607800	-0.0298362097999999992	0.150021995399999997
4395608600	-0.0297872302999999984	0.150885401400000008
4395609400	-0.0281284546999999996	0.148754676400000008
4395610200	-0.0292116237999999993	0.149597327199999991
4395611000	-0.0279453534999999989	0.15275177840000001
4395611800	-0.0321404808999999972	0.144995982400000001
4395612600	-0.0286439081000000005	0.152452316899999996
4395613400	-0.0296315673000000016	0.144455626300000001
4395614200	-0.0271607763000000016	0.147774751199999999
4395615000	-0.0303078128000000002	0.143005109800000002
4395615800	-0.0277939578000000014	0.148526101100000002
4395616600	-0.0305261032000000015	0.147921650099999996
4395617400	-0.0242233019999999986	0.151078998299999989
4395618200	-0.0282262655000000001	0.148252793100000002
4395619000	-0.0279277253999999989	0.146405712999999993
4395619800	-0.0262088315999999995	0.149540043600000006
4395620600	-0.0235642738999999983	0.147253624500000013
4395621400	-0.0246368653999999992	0.146838092899999995
4395622200	-0.0270922414999999993	0.145239220700000005
4395623000	-0.023314142999999999	0.150571743499999994
4395623800	-0.0259916721000000017	0.147853032100000004
4395624600	-0.0248713734999999984	0.146507815300000011
4395625400	-0.0249771925999999998	0.147187845799999995
4395626200	-0.0256529237	0.149488917700000001
4395627000	-0.0251844812999999987	0.148118861399999996
4395627800	-0.0237091822000000015	0.148467309299999989
4395628600	-0.0258195670999999995	0.150962736600000008
4395629400	-0.0211192421000000012	0.14867140840000001
4395630200	-0.0261427021999999995	0.144779435499999998
4395631000	-0.0182436958999999989	0.142938552800000007
4395631800	-0.0208224930999999988	0.148410740399999991
4395632600	-0.019143325499999999	0.145455942599999999
4395633400	-0.0228095959000000001	0.146827965899999996
4395634200	-0.0230970082000000014	0.146414588000000012
4395635000	-0.0222028018000000014	0.140080255699999989
4395635800	-0.0207493628999999985	0.144462577000000009
4395636600	-0.0244409210000000009	0.143333504
4395637400	-0.0214971590999999997	0.142150208599999994
4395638200	-0.0228790827999999988	0.148821756400000005
4395639000	-0.0202086135	0.142629268599999998
4395639800	-0.0193828291999999999	0.143737045499999994
4395640600	-0.021703212999999999	0.142671554700000008
4395641400	-0.0181425518000000001	0.147763385800000008
4395642200	-0.0218768706999999986	0.141147434799999999
4395643000	-0.0201697077000000009	0.14797464669999999
4395643800	-0.0252925251000000011	0.146275285799999988
4395644600	-0.0212395153999999989	0.143820007700000002
4395645400	-0.0193816568999999987	0.142034448300000005
4395646200	-0.0202489159999999987	0.145024686799999997
4395647000	-0.0174680112999999991	0.140031826400000003
4395647800	-0.0187674027999999993	0.144351571000000012
4395648600	-0.0169929163999999987	0.143118783400000005
4395649400	-0.0212306613999999998	0.142717644100000013
4395650200	-0.0189027941999999997	0.141066872700000012
4395651000	-0.0181792534999999991	0.142716551400000002
4395651800	-0.0165501433000000003	0.145194976499999989
4395652600	-0.0193094195999999989	0.142544843700000007
4395653400	-0.0179359111000000002	0.141271985099999997
4395654200	-0.0182250018999999992	0.143070306700000011
4395655000	-0.0164396293999999991	0.139499447700000001
4395655800	-0.0132389015000000006	0.138855501800000003
4395656600	-0.0123253721000000007	0.142987101300000002
4395657400	-0.0169981223000000015	0.141152152800000014
4395658200	-0.0179107761000000011	0.138578688400000011
4395659000	-0.0153493232000000007	0.139504642300000009
4395659800	-0.0167714867000000011	0.142051346500000009
4395660600	-0.0137305176000000004	0.137790960099999998
4395661400	-0.0130973483000000005	0.137306967199999991
4395662200	-0.0161433069000000012	0.141764197300000006
4395663000	-0.0125298182000000008	0.141061611400000009
4395663800	-0.0156764699	0.139115365200000007
4395664600	-0.0159322377000000008	0.141309835900000014
4395665400	-0.0155509949000000001	0.137711434299999991
4395666200	-0.0120828201000000007	0.139283404400000005
4395667000	-0.0103068463000000003	0.138355991300000009
4395667800	-0.0139483780000000009	0.136842439900000001
4395668600	-0.0160191205999999989	0.140560041999999996
4395669400	-0.0132077802999999994	0.13825788180000001
4395670200	-0.0138922290000000007	0.138102467799999989
4395671000	-0.0122255650000000007	0.137002366300000011
4395671800	-0.0143889524999999997	0.137186123699999996
4395672600	-0.0119467249000000005	0.138332748700000008
4395673400	-0.0109299242999999994	0.135110009100000011
4395674200	-0.0114248555000000009	0.136017155700000003
4395675000	-0.00725924699999999992	0.134249394900000013
4395675800	-0.00842129680000000026	0.133039817100000013
4395676600	-0.0145920332	0.133477206799999998
4395677400	-0.0137629754000000003	0.135032815800000011
4395678200	-0.00767089920000000019	0.13354801220000001
4395679000	-0.0102474144999999996	0.137191413600000006
4395679800	-0.0128796620999999997	0.135703855000000012
4395680600	-0.00800870040000000068	0.137801384500000013
4395681400	-0.00957194349999999916	0.134184422400000003
4395682200	-0.00744014120000000001	0.128936911099999996
4395683000	-0.00765137520000000026	0.131427015099999989
4395683800	-0.00793339170000000038	0.1332989386
4395684600	-0.00867501239999999944	0.131797865600000008
4395685400	-0.00766202780000000035	0.133266926300000005
4395686200	-0.0065424951999999998	0.13198290330000001
4395687000	-0.0107507895999999995	0.130431178799999992
4395687800	-0.00805692619999999991	0.131455531799999997
4395688600	-0.00455927340000000011	0.133251514600000009
4395689400	-0.00904467630000000029	0.132964238099999993
4395690200	-0.00759478050000000036	0.127288822400000001
4395691000	-0.00952894680000000022	0.1316900248
4395691800	-0.00646688680000000009	0.128720865699999992
4395692600	-0.00365639200000000006	0.12943613679999999
4395693400	-0.00673569660000000042	0.126068340499999987
4395694200	-0.00741270630000000035	0.129904203299999993
4395695000	-0.00484045619999999999	0.125655002200000004
4395695800	-0.00537478470000000031	0.127917565799999994
4395696600	-0.00235921959999999984	0.126672717399999996
4395697400	-0.00523536479999999957	0.129438763000000012
4395698200	-0.0054207242999999997	0.128990643699999991
4395699000	-0.00657877370000000024	0.128668556600000011
4395699800	-0.00520356689999999962	0.125994356599999996
4395700600	-0.00420329390000000018	0.125162549900000003
4395701400	-0.0028045085	0.122766888000000005
4395702200	-0.00550309850000000027	0.126355660199999997
4395703000	-0.0073084418	0.125793171799999992
4395703800	-0.00511048140000000019	0.125735480600000005
4395704600	-0.00665109699999999991	0.1198870561
4395705400	-0.00433857360000000029	0.12561205789999999
4395706200	-0.00116416229999999994	0.129750535800000011
4395707000	-0.00359828240000000009	0.119400474399999998
4395707800	-0.0019765061999999999	0.122957222899999996
4395708600	-0.00547385499999999969	0.121214235200000006
4395709400	-0.00440752629999999982	0.122994379099999995
4395710200	-0.00247150130000000018	0.123304285700000002
4395711000	0.000345112899999999994	0.121165540399999994
4395711800	-0.00181736240000000002	0.122453490900000003
4395712600	-0.00456690519999999964	0.117679783800000007
4395713400	-0.00133025520000000009	0.118689507200000002
4395714200	-0.00447787350000000001	0.121449174100000001
4395715000	-0.000128968800000000004	0.117655777500000003
4395715800	-0.00174077309999999996	0.117791014400000005
4395716600	-0.000167470500000000002	0.117928362199999998
4395717400	0.00126852350000000009	0.121736087199999996
4395718200	0.00131942689999999994	0.1188704077
4395719000	0.0021171594000000001	0.115579900799999996
4395719800	0.00112503280000000004	0.116482938800000005
4395720600	0.000186874200000000001	0.115137378400000004
4395721400	-0.00234674790000000003	0.115168135099999999
4395722200	0.00181551169999999993	0.115582073100000002
4395723000	6.3759999999999996e-06	0.111426389700000003
4395723800	-0.000877699400000000042	0.115398796900000003
4395724600	-0.00252477599999999984	0.114969995199999994
4395725400	0.00364957099999999989	0.111726078500000006
4395726200	-0.00522806980000000039	0.111713411900000004
4395727000	-0.000819679900000000006	0.114007209900000003
4395727800	-0.00240633030000000003	0.109891602099999999
4395728600	0.00283082330000000021	0.114792471300000004
4395729400	-0.00127331670000000005	0.112231904899999999
4395730200	-0.00254952140000000004	0.109780330600000003
4395731000	-0.00106848480000000003	0.113395993299999998
4395731800	-0.00107109520000000006	0.113400574500000004
4395732600	0.000681939799999999952	0.111839656199999998
4395733400	0.00432522810000000001	0.105515150899999993
4395734200	0.000600778399999999974	0.109572986600000005
4395735000	-0.0002098104	0.111104284400000003
4395735800	0.0015289692000000001	0.107007294000000003
4395736600	0.00090932739999999995	0.105309371099999993
4395737400	0.00179161759999999989	0.107258245899999993
4395738200	0.00307253239999999992	0.105838286899999995
4395739000	-0.00375562669999999999	0.1050517012
4395739800	0.00307275339999999982	0.103672165799999993
4395740600	0.000440227300000000006	0.103034809599999999
4395741400	0.00137716940000000006	0.1056325236
4395742200	-0.00107437659999999992	0.101614169399999996
4395743000	-0.000255145900000000006	0.101079549800000001
4395743800	0.0028351104999999998	0.0995077565000000025
4395744600	0.00266693459999999992	0.0982704754000000014
4395745400	0.000994539600000000001	0.1027611368
4395746200	0.000909546000000000009	0.0999427299999999935
4395747000	0.00256613720000000009	0.100783111499999994
4395747800	-0.000888728599999999967	0.099789154599999999
4395748600	0.00138558069999999999	0.0990542076999999938
4395749400	-0.00170886879999999994	0.0993602184000000055
4395750200	-0.00209514530000000018	0.0996731951000000005
4395751000	0.000632841500000000043	0.0955535096000000028
4395751800	-0.000266572199999999982	0.0972621436999999978
4395752600	0.00365150259999999982	0.0974120334999999948
4395753400	-0.00172751520000000006	0.0987240573999999954
4395754200	0.00123614449999999996	0.0967925045000000012
4395755000	0.000572017599999999956	0.0956199717000000005
4395755800	0.00251591370000000007	0.0976951548000000031
4395756600	0.00292325699999999985	0.0920449809000000035
4395757400	0.00316394469999999994	0.0918837012999999952
4395758200	0.00104251080000000002	0.0911872712999999974
4395759000	0.00263590049999999979	0.0894253559999999975
4395759800	0.000556507099999999956	0.0905221326999999937
4395760600	0.00301523350000000015	0.0928080944999999935
4395761400	0.00352594960000000021	0.090171898200000003
4395762200	0.00244553109999999995	0.090323187799999996
4395763000	-0.00200561289999999981	0.0870806989999999975
4395763800	0.00315962179999999988	0.0880702820999999941
4395764600	8.96433999999999962e-05	0.0863887009000000039
4395765400	0.00302647990000000019	0.0818512484000000068
4395766200	-0.00226349739999999987	0.084273464500000006
4395767000	-0.000732345300000000017	0.0869159904000000039
4395767800	0.000576523000000000009	0.0857788683000000052
4395768600	-0.000110148800000000005	0.0851138183000000048
4395769400	0.00111421029999999991	0.0843645920999999965
4395770200	-0.000935988799999999958	0.083232380100000003
4395771000	-0.000399612299999999975	0.0821250208000000037
4395771800	-0.00380008129999999996	0.0812152332000000005
4395772600	-0.00408669330000000029	0.0830631007000000032
4395773400	-0.00162575029999999991	0.0792006289999999946
4395774200	-0.00213221899999999987	0.079404994699999995
4395775000	-0.00215509600000000001	0.0792893615000000024
4395775800	-0.00596908049999999961	0.0792385743999999975
4395776600	-0.00675426530000000028	0.0784665469999999976
4395777400	-0.00248503890000000005	0.0818458009000000014
4395778200	-0.00663633379999999974	0.0783627053000000018
4395779000	-0.0047115172999999998	0.0761351090000000064
4395779800	-0.00783405520000000043	0.078507281799999995
4395780600	-0.00572082759999999971	0.0761200046999999935
4395781400	-0.0081312108000000001	0.0745993538999999983
4395782200	-0.0041217125000000002	0.0748291804999999949
4395783000	-0.00497159730000000001	0.0732977597000000064
4395783800	-0.00631436710000000002	0.073280420299999996
4395784600	-0.00323980100000000005	0.0723468290000000014
4395785400	-0.00897728170000000082	0.0710762823000000016
4395786200	-0.00918118750000000011	0.0703704804000000045
4395787000	-0.00932601230000000038	0.0691440677000000059
4395787800	-0.0106418903999999995	0.0717886239000000009
4395788600	-0.0104825370999999997	0.071426478099999996
4395789400	-0.0074496546000000002	0.0685222453000000065
4395790200	-0.00984279729999999915	0.0671957900000000052
4395791000	-0.0105000291000000006	0.0691227524999999954
4395791800	-0.0117746208999999994	0.0687750872999999957
4395792600	-0.0113748940999999996	0.0678990576000000068
4395793400	-0.00756117609999999978	0.0690109348000000067
4395794200	-0.0121526064	0.0668995319999999977
4395795000	-0.0129077193000000003	0.0666924296999999999
4395795800	-0.0097954658	0.063144615799999998
4395796600	-0.0109118406999999997	0.0655249895999999998
4395797400	-0.0148040655999999993	0.0653406148999999964
4395798200	-0.0131463119000000007	0.0635598832000000002
4395799000	-0.0152532112999999997	0.0629366744000000033
4395799800	-0.0138403460999999995	0.0643952777000000032
4395800600	-0.0175639668000000006	0.0617750362000000011
4395801400	-0.0167079566999999984	0.0611923741000000021
4395802200	-0.0164896708999999995	0.0606425110999999975
4395803000	-0.0137744676999999992	0.061151921599999999
4395803800	-0.0147203031000000002	0.0577881161000000018
4395804600	-0.0169540053999999996	0.0594714407000000028
4395805400	-0.0190234165000000011	0.0609276570000000031
4395806200	-0.0184248911000000001	0.0619026349999999975
4395807000	-0.0166794544999999995	0.0621972142000000033
4395807800	-0.0205441622999999983	0.0594169602000000005
4395808600	-0.0241478242999999988	0.0602309134000000024
4395809400	-0.0200220299999999997	0.0619777629999999982
4395810200	-0.0213125043	0.0607659150999999981
4395811000	-0.0201156250999999994	0.0599687288999999971
4395811800	-0.0238535365999999992	0.0603179869000000021
4395812600	-0.0239454969999999996	0.0565360993999999978
4395813400	-0.0260337895000000014	0.0565056940999999965
4395814200	-0.0254258621999999997	0.0607146726999999997
4395815000	-0.0239804898000000009	0.0590136803000000029
4395815800	-0.0260128404000000008	0.0566779214999999989
4395816600	-0.0282188633999999987	0.0564506955000000019
4395817400	-0.0250647111999999991	0.0547591582999999993
4395818200	-0.0263217593000000007	0.0528321734000000015
4395819000	-0.0306117420000000008	0.0575293672000000006
4395819800	-0.0267316806999999997	0.0492589708000000029
4395820600	-0.0250302207000000013	0.0513628834000000034
4395821400	-0.0284338444000000017	0.0573421096000000033
4395822200	-0.027623847	0.0558016882999999991
4395823000	-0.0310492248999999984	0.0512325631999999975
4395823800	-0.0317069228999999966	0.0503139068999999967
4395824600	-0.0310062268000000016	0.0529229703999999981
4395825400	-0.0303015672999999985	0.055959074999999997
4395826200	-0.0314438947000000024	0.0540478725999999979
4395827000	-0.0330576030999999992	0.0519888860999999994
4395827800	-0.0335590587999999995	0.0529366267000000029
4395828600	-0.0333611944000000021	0.0507354001000000013
4395829400	-0.0354714783999999991	0.0500995885000000002
4395830200	-0.0366580937999999995	0.0538842501999999973
4395831000	-0.0366397957999999996	0.0507642712999999968
4395831800	-0.0336824798999999994	0.050494415899999999
4395832600	-0.0358627618999999981	0.0534613663000000003
4395833400	-0.0403092474999999992	0.0498459690999999983
4395834200	-0.0406068233999999986	0.0546489271000000013
4395835000	-0.0370007051000000031	0.0509619522000000005
4395835800	-0.0419053195000000031	0.048372273200000003
4395836600	-0.0417819774999999977	0.0511479420000000018
4395837400	-0.0409966767999999995	0.0482125003000000024
4395838200	-0.0410195366000000033	0.0524268617000000006
4395839000	-0.0473307888000000024	0.0468805657000000015
4395839800	-0.0425009141000000021	0.0471640371000000003
4395840600	-0.0437023225000000015	0.0516298648000000013
4395841400	-0.0439357895000000026	0.0496096814000000011
4395842200	-0.0456026854000000023	0.051654176000000003
4395843000	-0.0462517812000000014	0.050343635400000003
4395843800	-0.0515563075999999967	0.0493665214000000019
4395844600	-0.0472254900000000019	0.0509710170000000004
4395845400	-0.045189690099999999	0.0458401812999999977
4395846200	-0.0499205720999999977	0.0508462847000000009
4395847000	-0.0498346018999999973	0.0458530674999999971
4395847800	-0.053389383399999997	0.0508009504000000028
4395848600	-0.0496131295999999999	0.0487723257000000007
4395849400	-0.0505056898000000032	0.049550129200000001
4395850200	-0.0531371886000000029	0.0465958295999999994
4395851000	-0.0554433138999999992	0.0497624632999999969
4395851800	-0.0555414580000000019	0.0500823477000000017
4395852600	-0.0538725817999999995	0.0524319930999999975
4395853400	-0.0539201664999999983	0.0491759838000000032
4395854200	-0.0538323449999999967	0.0518035877000000006
4395855000	-0.0568036469999999988	0.0495538617000000001
4395855800	-0.0583566781000000034	0.050610436100000003
4395856600	-0.0569307932999999974	0.0497627874000000012
4395857400	-0.0587553473999999978	0.053576575199999997
4395858200	-0.063053091399999997	0.0507451112999999995
4395859000	-0.0569423130000000013	0.0521210230999999968
4395859800	-0.0597462102999999981	0.0497464461000000011
4395860600	-0.0571148251999999967	0.0526786656000000006
4395861400	-0.0608365982000000013	0.0488607288999999972
4395862200	-0.0621357115000000029	0.0492100341000000011
4395863000	-0.0618983651999999995	0.0517780873999999988
4395863800	-0.0626555562999999982	0.0525116298000000009
4395864600	-0.0634610166000000031	0.0548071139000000027
4395865400	-0.0668812072000000007	0.0496671348999999998
4395866200	-0.0664007372999999984	0.051454353500000001
4395867000	-0.0654637619000000004	0.051181236300000002
4395867800	-0.0627424636000000063	0.0491822827000000032
4395868600	-0.0651603694999999955	0.0526720068999999985
4395869400	-0.0671646880999999946	0.0497315189000000005
4395870200	-0.070794230400000005	0.0557097247999999989
4395871000	-0.0679331846999999961	0.0494952686999999975
4395871800	-0.0683423088000000012	0.0540492263000000028
4395872600	-0.0662316492000000062	0.0544648746999999989
4395873400	-0.0674281265000000046	0.0532656208999999978
4395874200	-0.0688944164000000053	0.0519427770000000025
4395875000	-0.0720788066999999977	0.0547336179000000034
4395875800	-0.0679989537000000033	0.0541615064999999979
4395876600	-0.0694086792000000036	0.0537073143999999975
4395877400	-0.0749294392999999975	0.0543485448999999968
4395878200	-0.0692608006000000054	0.0541683792999999997
4395879000	-0.0699162096000000011	0.0536645644999999977
4395879800	-0.0735284625000000025	0.0567524885000000034
4395880600	-0.0746240638000000012	0.0565679858999999993
4395881400	-0.0713453351000000041	0.0549446697999999983
4395882200	-0.0766103018999999968	0.0565553488000000021
4395883000	-0.0716469299999999976	0.0576784485
4395883800	-0.0764896661000000061	0.0567317789000000017
4395884600	-0.0746663149000000026	0.0560780376999999997
4395885400	-0.0769773190999999968	0.0581551457000000008
4395886200	-0.0764511454000000035	0.0565873355000000022
4395887000	-0.0781856437000000015	0.0535411713999999969
4395887800	-0.0790590372000000013	0.0567803601000000033
4395888600	-0.0766043274000000052	0.0584237889999999968
4395889400	-0.0806712037999999937	0.0631982291999999973
4395890200	-0.0803995495000000004	0.0582157946000000023
4395891000	-0.0801794324999999947	0.0602503822000000008
4395891800	-0.0799012374999999997	0.0558001928999999966
4395892600	-0.0779933777999999994	0.0578935318000000018
4395893400	-0.0824633842000000034	0.0601392491000000001
4395894200	-0.0804696793999999938	0.0604398638000000002
4395895000	-0.0794741944999999977	0.0543520881000000011
4395895800	-0.0805600214000000009	0.0611365203999999982
4395896600	-0.0817587924999999965	0.0542885250999999985
4395897400	-0.0812436886999999969	0.0616106473000000016
4395898200	-0.0808272990000000052	0.0630641569000000013
4395899000	-0.0823266366999999971	0.0604064050000000033
4395899800	-0.0840126179000000028	0.0608117015999999969
4395900600	-0.0846927308000000045	0.0607067630999999983
4395901400	-0.0838123270000000059	0.0606786459000000014
4395902200	-0.0830095071999999989	0.0614769019999999999
4395903000	-0.0862658604999999995	0.0645294664999999934
4395903800	-0.0871323538000000064	0.0612800242999999994
4395904600	-0.088868562799999995	0.0609218367000000025
4395905400	-0.0826401457000000006	0.0617873731000000009
4395906200	-0.0864725382999999986	0.0640399152000000055
4395907000	-0.0858515750999999938	0.0597598630999999977
4395907800	-0.0876959124000000062	0.0630566959999999954
4395908600	-0.089690354299999997	0.0663040825999999944
4395909400	-0.0882687193000000064	0.0664247827000000041
4395910200	-0.0839478684000000003	0.0667975647000000061
4395911000	-0.0918308087999999967	0.0673961790999999949
4395911800	-0.0873279960999999993	0.0648383939999999936
4395912600	-0.088587473299999997	0.0657119672999999932
4395913400	-0.0894830892999999988	0.0693339488000000032
4395914200	-0.0900287238999999961	0.0662252088000000044
4395915000	-0.0884689129999999962	0.0646603352999999964
4395915800	-0.0873156167999999955	0.0690800171000000018
4395916600	-0.0873065581999999951	0.0679381515000000019
4395917400	-0.0893729832000000057	0.0694217411999999978
4395918200	-0.0922434116999999998	0.0652898932999999987
4395919000	-0.088477144100000002	0.0693822993999999998
4395919800	-0.0887594072999999956	0.0696533651999999975
4395920600	-0.0932678856999999972	0.0715352991999999993
4395921400	-0.0948769326000000052	0.0703978435000000013
4395922200	-0.0906831819000000067	0.0696231479999999958
4395923000	-0.0920381064999999943	0.0736665415999999962
4395923800	-0.0922309446999999977	0.0692822357999999944
4395924600	-0.0949056894000000068	0.0717347111000000009
4395925400	-0.0936289817999999968	0.0704260919000000013
4395926200	-0.0950560104999999961	0.0705545793999999976
4395927000	-0.092744160000000006	0.0724915455000000042
4395927800	-0.0951166407000000047	0.0736614832999999969
4395928600	-0.0921029666000000025	0.0746884153000000051
4395929400	-0.093811877599999996	0.0730047934999999981
4395930200	-0.0930771128999999947	0.0734374894999999944
4395931000	-0.0965257387000000022	0.0745572260000000042
4395931800	-0.0950899377999999962	0.0763293411999999977
4395932600	-0.0966447155000000058	0.0748781228999999965
4395933400	-0.0965038993999999956	0.0773762523000000035
4395934200	-0.0987268085999999934	0.0761160938000000065
4395935000	-0.0975292457999999973	0.074829837499999996
4395935800	-0.0936595674000000045	0.0771514120000000025
4395936600	-0.0997752452999999956	0.0769874195999999955
4395937400	-0.094069917599999997	0.0743271981999999998
4395938200	-0.0948206588999999933	0.0780835948999999974
4395939000	-0.0946697184000000053	0.0773266568000000043
4395939800	-0.0944705011000000067	0.0792774427000000059
4395940600	-0.0985323074999999993	0.0784108891000000058
4395941400	-0.0975813447999999972	0.079179751399999998
4395942200	-0.0959644382000000018	0.0795201185000000005
4395943000	-0.0938349356000000023	0.0807973986000000005
4395943800	-0.100868558100000005	0.0806169402000000007
4395944600	-0.094778355100000003	0.0796367347000000031
4395945400	-0.0999051162999999992	0.0782082060000000023
4395946200	-0.0981811625999999965	0.0791629692000000024
4395947000	-0.0955237936999999981	0.0804226631999999941
4395947800	-0.0978099169999999962	0.0789045520000000028
4395948600	-0.0983068933000000034	0.0801650190999999984
4395949400	-0.0977836695000000033	0.0768605623000000043
4395950200	-0.0980249578000000066	0.0816626857999999956
4395951000	-0.0999817474999999956	0.0834025300000000025
4395951800	-0.0979059002000000067	0.0840715872000000058
4395952600	-0.0993089894000000056	0.0825791550000000013
4395953400	-0.0999488062999999982	0.0821265397000000008
4395954200	-0.0968799397000000007	0.0826613105999999959
4395955000	-0.0993579678999999966	0.0831800510999999992
4395955800	-0.0976313012000000063	0.0874665860999999933
4395956600	-0.0994039983999999988	0.0859869669000000031
4395957400	-0.0987489074999999966	0.0830323168000000056
4395958200	-0.100219166600000006	0.0850398629999999933
4395959000	-0.0995851197000000021	0.0872717274999999931
4395959800	-0.0981143815999999946	0.0862220987999999938
4395960600	-0.100535515199999995	0.0853316456000000056
4395961400	-0.101209434799999998	0.0826342110999999935
4395962200	-0.0992881894999999987	0.0863591003999999995
4395963000	-0.100439399600000007	0.0870190618000000055
4395963800	-0.100335506699999993	0.0874879632000000046
4395964600	-0.102421192600000002	0.0861613979000000058
4395965400	-0.101115723099999999	0.0905237217000000038
4395966200	-0.101198400699999996	0.0883519241000000066
4395967000	-0.102376011099999997	0.0883214811000000016
4395967800	-0.101381193800000005	0.0855306450000000024
4395968600	-0.103821039700000006	0.0880211285000000038
4395969400	-0.101133009900000001	0.0910362339999999937
4395970200	-0.100541819700000007	0.0855168768999999968
4395971000	-0.102705047399999999	0.0857369387000000011
4395971800	-0.100138552199999994	0.0881665063999999971
4395972600	-0.103128477400000002	0.0888532251000000023
4395973400	-0.100526604199999994	0.0873631700000000039
4395974200	-0.103170474299999995	0.0894428540000000022
4395975000	-0.100162924799999997	0.0894292966999999939
4395975800	-0.100838863700000003	0.0924311002999999992
4395976600	-0.0997516120000000034	0.0907184625999999938
4395977400	-0.0996898420999999951	0.0907098201999999992
4395978200	-0.101537921399999995	0.0946250411000000013
4395979000	-0.0998913926999999979	0.0929710727999999986
4395979800	-0.0989545057000000006	0.089203887699999998
4395980600	-0.100335627699999999	0.0917571947999999971
4395981400	-0.0993998046999999968	0.0905849189000000055
4395982200	-0.101442426200000005	0.0905819704000000031
4395983000	-0.0996198853999999967	0.0940535935000000045
4395983800	-0.104018121199999994	0.0931124215000000005
4395984600	-0.0988794201000000039	0.094337465800000006
4395985400	-0.1026342123	0.0923117108999999963
4395986200	-0.099695273299999998	0.0933081684999999966
4395987000	-0.101358455200000003	0.096101101800000005
4395987800	-0.102289343699999993	0.0975931560000000003
4395988600	-0.1046030503	0.0943390672999999957
4395989400	-0.100855792400000005	0.0998365504000000015
4395990200	-0.103860264199999996	0.0997926242999999935
4395991000	-0.106075721600000006	0.0979643273000000009
4395991800	-0.0996131429000000068	0.0960237587000000031
4395992600	-0.1029723377	0.1015693706
4395993400	-0.100499036799999997	0.0970408492999999955
4395994200	-0.0986664309000000045	0.0990790129999999936
4395995000	-0.101361594200000002	0.1017170456
4395995800	-0.101914371700000006	0.101170913400000007
4395996600	-0.103788456400000006	0.097131286499999997
4395997400	-0.102055264600000001	0.0982010360000000054
4395998200	-0.103584811099999993	0.0998730907000000001
4395999000	-0.105610955899999998	0.096757984199999994
4395999800	-0.101060023400000004	0.102926878799999996
4396000600	-0.103351325999999993	0.0995634625000000051
4396001400	-0.104884764599999999	0.0967823309999999992
4396002200	-0.102850269199999997	0.0994054568999999943
4396003000	-0.102847880799999999	0.0955648664000000037
4396003800	-0.101463027100000006	0.0977352617000000062
4396004600	-0.101468747400000003	0.098388594900000001
4396005400	-0.105839037799999994	0.0990252434999999986
4396006200	-0.100662735000000003	0.1004738508
4396007000	-0.100767266600000002	0.102887610700000007
4396007800	-0.102373426300000001	0.0983447764000000002
4396008600	-0.100116233600000007	0.1029338843
4396009400	-0.105112282799999998	0.104699105400000006
4396010200	-0.100616952300000007	0.102407549400000006
4396011000	-0.102870307499999994	0.102799193699999999
4396011800	-0.0991739179000000054	0.103742289900000006
4396012600	-0.102948130099999993	0.101501474999999994
4396013400	-0.100739056199999996	0.103681893299999994
4396014200	-0.103072713999999996	0.104922893399999995
4396015000	-0.0999858131000000011	0.1037457356
4396015800	-0.104443445800000007	0.105277950999999995
4396016600	-0.104195297399999998	0.107318763100000006
4396017400	-0.101386708300000003	0.100919913400000005
4396018200	-0.105702381400000003	0.104477194400000001
4396019000	-0.101101231299999997	0.102916274799999999
4396019800	-0.0998898245000000018	0.107466329599999993
4396020600	-0.100130981199999997	0.106887599999999999
4396021400	-0.0995499469999999997	0.104990040199999995
4396022200	-0.100164888699999996	0.102631124399999996
4396023000	-0.104046646399999998	0.108440325200000007
4396023800	-0.102535287899999994	0.105429009599999998
4396024600	-0.105876498599999994	0.106781048200000006
4396025400	-0.101363336900000003	0.105732735300000005
4396026200	-0.103975843400000004	0.108917091800000004
4396027000	-0.105986981999999993	0.109102463499999996
4396027800	-0.101241398900000001	0.110141262700000006
4396028600	-0.104747034200000005	0.106522834299999994
4396029400	-0.103499551100000003	0.107580879099999999
4396030200	-0.101383724300000005	0.107035648900000002
4396031000	-0.103444377899999995	0.106499720000000006
4396031800	-0.100859668599999994	0.110097400600000006
4396032600	-0.104111007399999997	0.108383616899999993
4396033400	-0.0981908873999999959	0.105740920299999999
4396034200	-0.106855375599999997	0.106662415400000002
4396035000	-0.101256028799999995	0.110428476799999994
4396035800	-0.102655096700000004	0.110219051299999996
4396036600	-0.0998971223000000019	0.108592691300000002
4396037400	-0.103658011100000003	0.110410188699999995
4396038200	-0.100133739200000002	0.110300801099999998
4396039000	-0.101657929600000002	0.110717845100000004
4396039800	-0.100976959800000002	0.1092061966
4396040600	-0.103336160199999999	0.109586386199999997
4396041400	-0.102699877600000003	0.109595024799999996
4396042200	-0.102157044000000002	0.110594862799999999
4396043000	-0.103076780800000004	0.107122004399999998
4396043800	-0.100847804400000005	0.1104340558
4396044600	-0.101442663799999999	0.110444176099999999
4396045400	-0.0988275482000000038	0.109196857899999999
4396046200	-0.102127230900000004	0.112993819800000006
4396047000	-0.104149355599999993	0.113293587799999998
4396047800	-0.101446098900000004	0.108288385599999995
4396048600	-0.1004642226	0.112919085000000002
4396049400	-0.0995057683000000054	0.111786023799999995
4396050200	-0.100383092100000001	0.113527990300000006
4396051000	-0.103919325500000007	0.117216073700000006
4396051800	-0.0981067448000000064	0.111855335
4396052600	-0.101879375499999994	0.110169384999999995
4396053400	-0.101740961300000002	0.111715693899999996
4396054200	-0.103680270000000005	0.112849906700000002
4396055000	-0.102387188800000001	0.115942420899999996
4396055800	-0.0988520935999999961	0.110367399099999999
4396056600	-0.103854920099999998	0.115610292399999995
4396057400	-0.0969779354000000066	0.1112243589
4396058200	-0.100017653999999998	0.112508940599999996
4396059000	-0.1016353116	0.115360723999999998
4396059800	-0.101482385100000003	0.113179984400000003
4396060600	-0.098379998499999996	0.116515157499999994
4396061400	-0.103474005399999999	0.115131498600000007
4396062200	-0.106184122899999997	0.114787193199999998
4396063000	-0.1004314491	0.115514837100000003
4396063800	-0.103963055700000001	0.117306026399999999
4396064600	-0.0988777393999999976	0.120589386100000001
4396065400	-0.101337923900000001	0.117831776799999996
4396066200	-0.1012420131	0.116739575900000003
4396067000	-0.106142199000000007	0.113587332400000005
4396067800	-0.0987630681000000038	0.117376701099999994
4396068600	-0.0992741426000000038	0.119728004099999993
4396069400	-0.100484762699999994	0.118229336199999993
4396070200	-0.100629727299999999	0.117458191700000006
4396071000	-0.0988579762000000029	0.119096434299999998
4396071800	-0.102750111399999997	0.116076633200000001
4396072600	-0.0985304792000000068	0.115306599300000007
4396073400	-0.101060446200000001	0.119721919299999993
4396074200	-0.100031053100000003	0.121647584399999995
4396075000	-0.103482491400000001	0.116567323299999998
4396075800	-0.1027504625	0.114489584599999999
4396076600	-0.0998249655999999957	0.115963692399999999
4396077400	-0.0994018494000000058	0.121908734599999999
4396078200	-0.100599993799999995	0.114755503199999997
4396079000	-0.0978409288999999988	0.119072276099999999
4396079800	-0.0987243730999999985	0.119289342399999998
4396080600	-0.100033849699999997	0.1177839886
4396081400	-0.103590494500000005	0.117044959899999995
4396082200	-0.0982856121000000027	0.121039990900000005
4396083000	-0.100572766399999999	0.119938504599999995
4396083800	-0.0999874822000000052	0.124667972599999996
4396084600	-0.0977413342000000018	0.119787971500000007
4396085400	-0.0998729929999999932	0.120079061500000001
4396086200	-0.098767068999999999	0.116434275099999998
4396087000	-0.100980530999999998	0.116554748799999996
4396087800	-0.0989833189000000058	0.120424742400000007
4396088600	-0.099105413500000003	0.119925368599999999
4396089400	-0.099789937499999995	0.120727847599999993
4396090200	-0.0989003469000000052	0.122081914299999997
4396091000	-0.0964411995999999994	0.120808161799999994
4396091800	-0.0983554103999999957	0.1226180137
4396092600	-0.0956619335000000043	0.121851227699999995
4396093400	-0.098532989200000004	0.122537131600000002
4396094200	-0.102106306600000002	0.123205595000000001
4396095000	-0.100085091400000006	0.120633748999999998
4396095800	-0.100835458099999997	0.121045037100000002
4396096600	-0.100757975299999997	0.119958254200000003
4396097400	-0.0997270090000000053	0.124081280000000002
4396098200	-0.0979696875999999939	0.122697938199999995
4396099000	-0.099599741699999994	0.124557439000000006
4396099800	-0.0971680827999999996	0.119845927899999996
4396100600	-0.100677591499999997	0.120067473699999996
4396101400	-0.100632271800000006	0.119626785999999999
4396102200	-0.0963616498000000044	0.123300916299999994
4396103000	-0.0952332929000000022	0.124435319200000005
4396103800	-0.0994039605999999937	0.122322412699999994
4396104600	-0.100999403900000007	0.124401461699999993
4396105400	-0.100169260900000001	0.124847500799999997
4396106200	-0.0985104883000000042	0.125150205699999989
4396107000	-0.0958318950000000003	0.126502741599999996
4396107800	-0.0951294939000000006	0.122848993000000004
4396108600	-0.0998998942000000056	0.121798395399999995
4396109400	-0.0980201931999999942	0.124666093500000005
4396110200	-0.0991660119000000034	0.124736187900000003
4396111000	-0.0969861268000000026	0.126636571199999992
4396111800	-0.0946635113000000028	0.121826744799999998
4396112600	-0.0966366174999999938	0.121337994800000001
4396113400	-0.0986930758000000019	0.126095639700000012
4396114200	-0.100103751300000002	0.123381687300000001
4396115000	-0.0969538598000000001	0.124816939500000001
4396115800	-0.0983289388000000014	0.123823138999999999
4396116600	-0.0974143824999999935	0.123813641399999994
4396117400	-0.0983687277000000054	0.12634270010000001
4396118200	-0.0966672749000000026	0.127545034499999987
4396119000	-0.0976071022000000038	0.123517490699999996
4396119800	-0.0947847899999999938	0.123784402599999996
4396120600	-0.0961923212999999944	0.120510081399999996
4396121400	-0.0968663622999999946	0.126930843099999996
4396122200	-0.0988262594999999994	0.125589350099999997
4396123000	-0.0962534059000000053	0.127354474100000004
4396123800	-0.0995563576000000061	0.125093925299999992
4396124600	-0.0958070696999999971	0.124553936099999998
4396125400	-0.0975334260000000064	0.127189361400000006
4396126200	-0.0989072629000000009	0.128304246000000011
4396127000	-0.095462553399999997	0.128079222500000006
4396127800	-0.0965190774999999945	0.126308017900000014
4396128600	-0.0960569279000000054	0.129078882799999989
4396129400	-0.0993251742000000049	0.128681052600000012
4396130200	-0.094759370999999995	0.129389821900000007
4396131000	-0.0927468464999999936	0.123756434600000007
4396131800	-0.0965544195000000022	0.125299904999999989
4396132600	-0.0954129873999999961	0.127728759100000006
4396133400	-0.0969881865000000037	0.122857471300000007
4396134200	-0.0972659186000000009	0.126995464199999991
4396135000	-0.0961801770000000056	0.125204888300000011
4396135800	-0.093109039399999996	0.127958176400000012
4396136600	-0.0963823919999999973	0.127980863299999997
4396137400	-0.0969053212999999997	0.129688728800000014
4396138200	-0.0964798661000000057	0.131452505899999988
4396139000	-0.0960545091000000045	0.128737461100000006
4396139800	-0.0966124698999999976	0.128700616299999987
4396140600	-0.0973091987999999963	0.128226141799999999
4396141400	-0.0928239292000000021	0.128414663499999998
4396142200	-0.092760379599999998	0.130924248100000001
4396143000	-0.0969193247999999979	0.127416693199999986
4396143800	-0.0922599702999999938	0.127121702499999989
4396144600	-0.0947319789999999939	0.128053276299999991
4396145400	-0.0950925767999999949	0.129344228300000003
4396146200	-0.0947824082999999956	0.134111836499999998
4396147000	-0.0973402918000000061	0.130047577599999992
4396147800	-0.0938914103999999999	0.129292866400000012
4396148600	-0.0942588880999999934	0.133818527399999998
4396149400	-0.0958413600999999948	0.128153713899999994
4396150200	-0.0942202109999999982	0.132555386100000006
4396151000	-0.0934035101000000034	0.13362935640000001
4396151800	-0.0955825364000000011	0.13076333309999999
4396152600	-0.0966878825999999969	0.127904856799999994
4396153400	-0.0945683717000000007	0.1299555617
4396154200	-0.0968068235999999943	0.13008063680000001
4396155000	-0.0942499828000000067	0.131395356200000007
4396155800	-0.0944543548000000011	0.132580607699999992
4396156600	-0.0901622883999999986	0.133103306700000007
4396157400	-0.0928591663000000039	0.133601540200000007
4396158200	-0.0922242147000000012	0.131720535500000013
4396159000	-0.0925738769000000045	0.132153553300000004
4396159800	-0.0886243562999999984	0.13042759009999999
4396160600	-0.0914957311999999995	0.129807082399999996
4396161400	-0.0950559514999999994	0.134936432599999989
4396162200	-0.0936634833000000028	0.128973900599999997
4396163000	-0.0938136046999999973	0.1300592042
4396163800	-0.0943083633999999976	0.131468200400000013
4396164600	-0.0931916010999999933	0.132665754999999996
4396165400	-0.0941111681000000033	0.129699535000000005
4396166200	-0.093447599199999995	0.134833489700000003
4396167000	-0.0907810797999999974	0.133654949999999995
4396167800	-0.0904146259000000035	0.130720787100000013
4396168600	-0.0935681904000000009	0.132620153600000013
4396169400	-0.0955581164999999982	0.131082552500000005
4396170200	-0.093627482600000006	0.13020922900000001
4396171000	-0.094388291799999996	0.137088501800000012
4396171800	-0.0956842299000000007	0.133680311699999999
4396172600	-0.0970578529999999995	0.1319646924
4396173400	-0.0948783276000000064	0.131370313200000005
4396174200	-0.0947628296000000009	0.131560842300000008
4396175000	-0.0954985180000000045	0.135611172800000013
4396175800	-0.0935338225000000023	0.133969564099999994
4396176600	-0.0931315407000000012	0.13477557309999999
4396177400	-0.0936885645000000017	0.133743028000000014
4396178200	-0.0892206658000000014	0.13462038879999999
4396179000	-0.0934515266999999955	0.135179178099999991
4396179800	-0.0938903603000000031	0.134917274700000006
4396180600	-0.0940064280999999974	0.133814207200000007
4396181400	-0.0914140585000000061	0.135329772099999995
4396182200	-0.0925532404000000003	0.135468812800000005
4396183000	-0.0926581046999999935	0.135690229299999993
4396183800	-0.0918030737000000013	0.133246639400000005
4396184600	-0.0957958450999999989	0.135507322600000008
4396185400	-0.0891280536000000068	0.133189172599999989
4396186200	-0.0900714303999999993	0.135003438100000012
4396187000	-0.0932971774999999948	0.135959199499999989
4396187800	-0.0896796792000000009	0.135405702399999994
4396188600	-0.092291405600000001	0.136234581999999993
4396189400	-0.0914256499000000028	0.135695824599999987
4396190200	-0.0928743774999999938	0.136540055900000012
4396191000	-0.0915760374999999988	0.132175498299999999
4396191800	-0.0947197520999999987	0.135270098000000005
4396192600	-0.0928867527999999998	0.13643922180000001
4396193400	-0.0946412137999999986	0.133608411099999991
4396194200	-0.0934542482000000063	0.136562839600000013
4396195000	-0.0963293870999999968	0.135336691700000011
4396195800	-0.0909256528000000064	0.132995333399999999
4396196600	-0.0911166359000000065	0.135948529200000001
4396197400	-0.0941192463000000007	0.134133790700000005
4396198200	-0.0893852004999999977	0.137721646800000014
4396199000	-0.0948019018000000047	0.134890437899999993
4396199800	-0.0892406433999999998	0.133960291199999998
4396200600	-0.0883673073999999975	0.133373104100000001
4396201400	-0.0920260569	0.136141795300000007
4396202200	-0.0937548136999999948	0.135629789499999986
4396203000	-0.0896530796000000046	0.137187389999999992
4396203800	-0.0910256635000000064	0.134652404499999989
