# freq, I e Q
5255000000	-0.138290854200000007	-0.241124692299999999
5255002000	-0.138592584800000002	-0.2387575579
5255004000	-0.138517105700000004	-0.241682367399999987
5255006000	-0.141483917999999986	-0.241151320499999988
5255008000	-0.139597600999999988	-0.239091030300000007
5255010000	-0.138908874500000001	-0.23908838730000001
5255012000	-0.138846800399999998	-0.238633275000000006
5255014000	-0.139153556300000009	-0.23961192340000001
5255016000	-0.140545718699999989	-0.239857763899999993
5255018000	-0.140011109299999992	-0.236277068700000009
5255020000	-0.141899480500000008	-0.240369196499999993
5255022000	-0.140803458800000003	-0.238912172700000008
5255024000	-0.14059448699999999	-0.238494273499999992
5255026000	-0.141729611499999991	-0.2402831151
5255028000	-0.141080787799999996	-0.239089013200000006
5255030000	-0.141821133900000007	-0.239174238099999992
5255032000	-0.142272596700000004	-0.239919668199999991
5255034000	-0.142040183399999992	-0.23823256109999999
5255036000	-0.139807256099999999	-0.238869051599999993
5255038000	-0.144009483900000013	-0.237570474400000009
5255040000	-0.141997640400000014	-0.236317786800000013
5255042000	-0.142629430299999999	-0.236191970599999995
5255044000	-0.143550352399999998	-0.235115231300000005
5255046000	-0.142837745799999999	-0.237791043499999993
5255048000	-0.141491943199999998	-0.238216660699999999
5255050000	-0.145088629400000002	-0.237590582599999989
5255052000	-0.143635412099999998	-0.236427536900000013
5255054000	-0.14446382029999999	-0.235999233100000011
5255056000	-0.144591335900000006	-0.237520436400000007
5255058000	-0.143904042600000004	-0.236739979600000011
5255060000	-0.143388067099999988	-0.236954012299999989
5255062000	-0.143251728200000011	-0.237604328599999998
5255064000	-0.142097975300000012	-0.235747959400000012
5255066000	-0.143226096800000008	-0.234528681999999988
5255068000	-0.145165986599999991	-0.235817549099999996
5255070000	-0.144490541100000008	-0.23614037160000001
5255072000	-0.145891847600000013	-0.237692276400000013
5255074000	-0.144864894399999999	-0.233564169200000005
5255076000	-0.143460068299999993	-0.237170168799999997
5255078000	-0.141450378900000007	-0.23609707390000001
5255080000	-0.143900468300000001	-0.235802491000000003
5255082000	-0.145343148000000005	-0.233791818499999998
5255084000	-0.145701299499999992	-0.233557058099999992
5255086000	-0.145467808700000006	-0.23329553480000001
5255088000	-0.144011742299999995	-0.234599667200000001
5255090000	-0.145243675900000008	-0.233619673199999989
5255092000	-0.145640761499999993	-0.233165055900000001
5255094000	-0.146012789400000009	-0.238030774899999992
5255096000	-0.146695948200000009	-0.234874197600000001
5255098000	-0.14546297729999999	-0.234824014299999995
5255100000	-0.145313190199999998	-0.230685934300000006
5255102000	-0.148626186399999999	-0.234406700699999998
5255104000	-0.149277278399999991	-0.232910385299999995
5255106000	-0.148801402400000005	-0.230705060200000006
5255108000	-0.148482767999999987	-0.232481892899999987
5255110000	-0.143823495100000004	-0.232503497700000006
5255112000	-0.147071123100000006	-0.232859087100000001
5255114000	-0.147277294899999994	-0.233171459599999992
5255116000	-0.144935579700000011	-0.233985871600000006
5255118000	-0.148659365399999993	-0.233524105199999998
5255120000	-0.14958088550000001	-0.233002207399999994
5255122000	-0.150916874099999987	-0.231945008499999994
5255124000	-0.150528379699999992	-0.234609972700000002
5255126000	-0.148846936600000007	-0.230456975499999994
5255128000	-0.150592864999999992	-0.23155638240000001
5255130000	-0.149605775100000005	-0.231767733799999986
5255132000	-0.152371923999999992	-0.231986979499999996
5255134000	-0.1495562265	-0.229809513599999987
5255136000	-0.150440595799999993	-0.231037084199999992
5255138000	-0.1498559696	-0.232429043899999993
5255140000	-0.151484991000000013	-0.232085379199999997
5255142000	-0.150935548199999992	-0.231724610999999997
5255144000	-0.15090028929999999	-0.229466438200000011
5255146000	-0.1512746955	-0.232665492499999987
5255148000	-0.150752194799999989	-0.230619141700000002
5255150000	-0.152828983899999993	-0.230466949199999993
5255152000	-0.149730599599999986	-0.229120883500000011
5255154000	-0.153962160300000012	-0.228633845800000013
5255156000	-0.152079814400000013	-0.23144117689999999
5255158000	-0.15265787850000001	-0.227186648399999996
5255160000	-0.150894452200000001	-0.230558338499999987
5255162000	-0.153768358100000002	-0.232069928499999995
5255164000	-0.152742023700000007	-0.2308081206
5255166000	-0.153520662400000008	-0.22878211309999999
5255168000	-0.149364888499999987	-0.231093627400000001
5255170000	-0.153952821900000009	-0.229264102800000008
5255172000	-0.152663525999999994	-0.2272508845
5255174000	-0.155760601199999987	-0.2261427627
5255176000	-0.156115253700000012	-0.227093871599999997
5255178000	-0.154087154700000006	-0.22808765210000001
5255180000	-0.154295246599999991	-0.228502522099999994
5255182000	-0.154023852600000011	-0.230591518699999998
5255184000	-0.1556898746	-0.228095834899999989
5255186000	-0.15580733699999999	-0.228084612500000006
5255188000	-0.155957615999999993	-0.226234018499999995
5255190000	-0.154898218799999987	-0.228724318600000004
5255192000	-0.155792208399999993	-0.22625038480000001
5255194000	-0.154547244700000003	-0.226339774699999996
5255196000	-0.153705304799999998	-0.227969725200000001
5255198000	-0.153604752399999989	-0.228225377300000004
5255200000	-0.155013838900000006	-0.22754877409999999
5255202000	-0.156131998900000013	-0.225375173600000006
5255204000	-0.159663658699999988	-0.226201246699999997
5255206000	-0.156575382399999991	-0.226135466499999993
5255208000	-0.1575550956	-0.224296221500000004
5255210000	-0.158205523600000009	-0.224429221699999987
5255212000	-0.157230159000000008	-0.225186021399999992
5255214000	-0.155860690800000007	-0.224986069600000005
5255216000	-0.157560565399999991	-0.225504443100000007
5255218000	-0.158147876399999998	-0.226578024999999988
5255220000	-0.155646865500000009	-0.22644742000000001
5255222000	-0.158357262599999993	-0.223224565399999991
5255224000	-0.153651208600000005	-0.222591874599999989
5255226000	-0.158198471300000004	-0.224202689099999991
5255228000	-0.155650867199999987	-0.226049349099999991
5255230000	-0.155411056999999991	-0.224509095699999994
5255232000	-0.158744109100000003	-0.223898221000000008
5255234000	-0.158341359699999989	-0.222430968199999995
5255236000	-0.15723687489999999	-0.221724623700000012
5255238000	-0.157973677400000012	-0.223617090299999988
5255240000	-0.160031551299999991	-0.223226552500000008
5255242000	-0.161077587500000008	-0.225209405299999998
5255244000	-0.158306238200000005	-0.2247039438
5255246000	-0.159728952000000007	-0.223010378000000009
5255248000	-0.160811522200000001	-0.222413681899999993
5255250000	-0.161693165999999999	-0.221233221600000002
5255252000	-0.159431024199999993	-0.22076891030000001
5255254000	-0.162082783799999991	-0.224090169400000011
5255256000	-0.163387961800000009	-0.223097985299999996
5255258000	-0.159133261999999998	-0.223806075900000012
5255260000	-0.162497562699999987	-0.220065779299999986
5255262000	-0.160419863500000009	-0.220242277200000003
5255264000	-0.159083865699999993	-0.222943701800000005
5255266000	-0.160231852899999999	-0.222089910000000001
5255268000	-0.159683446199999995	-0.221030375000000001
5255270000	-0.160363536000000001	-0.220779956100000008
5255272000	-0.160247228900000011	-0.220342381300000001
5255274000	-0.162167563300000012	-0.222435863799999994
5255276000	-0.161098757399999987	-0.219129420999999991
5255278000	-0.161062902400000013	-0.220402150500000005
5255280000	-0.162444269499999988	-0.219850624299999992
5255282000	-0.164685816000000013	-0.219594998499999999
5255284000	-0.163804027800000002	-0.219855395600000003
5255286000	-0.164751262799999992	-0.219606626999999999
5255288000	-0.164775700500000011	-0.221360635100000008
5255290000	-0.162500711299999989	-0.218559866200000008
5255292000	-0.164833369600000001	-0.217989446199999992
5255294000	-0.162577503300000009	-0.217405105999999987
5255296000	-0.162318034100000008	-0.217913992899999992
5255298000	-0.164202945399999994	-0.218807985099999991
5255300000	-0.163679351000000001	-0.215295440899999996
5255302000	-0.163709131199999997	-0.218841356699999989
5255304000	-0.165486493499999998	-0.217638728300000001
5255306000	-0.163050018399999996	-0.219642985900000004
5255308000	-0.167103444900000009	-0.220332676000000005
5255310000	-0.164952531799999996	-0.218576479399999996
5255312000	-0.164198956700000009	-0.217840680099999989
5255314000	-0.166013494799999994	-0.217723314499999987
5255316000	-0.165973186299999992	-0.217693321800000006
5255318000	-0.167512640600000012	-0.217620819900000012
5255320000	-0.163691772200000002	-0.216404522300000013
5255322000	-0.164679948599999987	-0.216883214600000013
5255324000	-0.168936293500000001	-0.214631767899999992
5255326000	-0.165897172499999995	-0.215901847600000002
5255328000	-0.167657982600000005	-0.215785068400000002
5255330000	-0.165995473799999987	-0.214629240700000001
5255332000	-0.166917508399999998	-0.215402971400000004
5255334000	-0.168327339100000001	-0.215869624199999999
5255336000	-0.170228742699999991	-0.211657678500000002
5255338000	-0.166131916299999988	-0.214763145999999988
5255340000	-0.166572053199999986	-0.213073765599999992
5255342000	-0.167700359599999987	-0.212054467699999999
5255344000	-0.167311037400000001	-0.213672221200000012
5255346000	-0.17019202289999999	-0.216425433199999989
5255348000	-0.170307293199999987	-0.213905854300000003
5255350000	-0.17117737529999999	-0.212699833000000005
5255352000	-0.169745740300000003	-0.212974208299999995
5255354000	-0.168436711399999994	-0.212308532500000008
5255356000	-0.170820159500000013	-0.210297688399999988
5255358000	-0.170076573300000006	-0.210650620900000002
5255360000	-0.169692160000000009	-0.213434377300000006
5255362000	-0.170889221000000008	-0.211098457200000006
5255364000	-0.16952215109999999	-0.212223843699999998
5255366000	-0.170882956400000008	-0.211135782599999988
5255368000	-0.173678246799999991	-0.213484967299999995
5255370000	-0.170259568	-0.208401401600000008
5255372000	-0.171898007200000008	-0.209616910200000006
5255374000	-0.172001742600000007	-0.210190684399999994
5255376000	-0.172244871500000007	-0.211011800899999991
5255378000	-0.173732552300000009	-0.207848870500000005
5255380000	-0.17004804770000001	-0.2112993658
5255382000	-0.172642600400000013	-0.208755551399999989
5255384000	-0.171877739899999993	-0.21030225629999999
5255386000	-0.173009264400000001	-0.2080400902
5255388000	-0.175418980599999996	-0.208463160300000006
5255390000	-0.172632335100000006	-0.207823062499999989
5255392000	-0.173867280900000004	-0.20704626579999999
5255394000	-0.175416187400000007	-0.209316374299999997
5255396000	-0.172559645499999997	-0.206415979100000008
5255398000	-0.174748689600000007	-0.208031424800000003
5255400000	-0.171658558699999991	-0.207639670400000004
5255402000	-0.17273645809999999	-0.20766006540000001
5255404000	-0.172117511400000006	-0.207097956700000002
5255406000	-0.174388340499999989	-0.208334919899999998
5255408000	-0.172235894100000009	-0.207152552500000003
5255410000	-0.175461136399999995	-0.206269122599999993
5255412000	-0.177012003400000006	-0.20737791450000001
5255414000	-0.176337302400000007	-0.205923761900000002
5255416000	-0.17413211549999999	-0.203691644100000013
5255418000	-0.175824757199999987	-0.204197459899999989
5255420000	-0.179804347100000012	-0.205249276400000014
5255422000	-0.175989678099999991	-0.20269558909999999
5255424000	-0.1742736701	-0.203775266600000005
5255426000	-0.177910265900000003	-0.204470317499999998
5255428000	-0.1758278603	-0.204170405700000002
5255430000	-0.174679257799999987	-0.2035390755
5255432000	-0.175874727400000014	-0.202184696800000008
5255434000	-0.176581720400000003	-0.203408420799999989
5255436000	-0.177858452199999989	-0.204697572699999997
5255438000	-0.177750934100000008	-0.203068103100000008
5255440000	-0.176905479599999998	-0.202854944600000003
5255442000	-0.175883253600000011	-0.201555900799999993
5255444000	-0.17801996719999999	-0.202762395799999995
5255446000	-0.178989760800000008	-0.200690663399999997
5255448000	-0.1790030591	-0.200824572099999987
5255450000	-0.180484573499999995	-0.202533771299999998
5255452000	-0.178370354600000003	-0.200677370399999999
5255454000	-0.179703597599999987	-0.200693088699999994
5255456000	-0.178233002299999999	-0.2002490029
5255458000	-0.176229735299999996	-0.198994405600000007
5255460000	-0.178515608200000009	-0.198708234900000003
5255462000	-0.179376074400000002	-0.200075710600000012
5255464000	-0.177377309700000013	-0.200197116899999999
5255466000	-0.181931118199999992	-0.197387316499999993
5255468000	-0.1786435418	-0.198461546200000005
5255470000	-0.182803022499999995	-0.199996794899999997
5255472000	-0.179189470099999998	-0.200305088399999998
5255474000	-0.181539401900000008	-0.198173916300000003
5255476000	-0.181519928699999999	-0.194614168899999995
5255478000	-0.182684598499999989	-0.197743621600000002
5255480000	-0.180091465499999992	-0.195495785499999991
5255482000	-0.182751993700000004	-0.194231622999999992
5255484000	-0.181959494999999999	-0.197004879699999996
5255486000	-0.181406276499999991	-0.193597836100000004
5255488000	-0.181814096400000014	-0.194038623900000012
5255490000	-0.182798132800000013	-0.195336934399999995
5255492000	-0.182375318300000006	-0.191607646800000003
5255494000	-0.18384805709999999	-0.19568002579999999
5255496000	-0.183342840199999996	-0.194692346399999994
5255498000	-0.180989942600000009	-0.194274227999999993
5255500000	-0.182927150399999988	-0.194567879100000007
5255502000	-0.183395643299999994	-0.192994552399999991
5255504000	-0.185785571700000013	-0.191730722299999989
5255506000	-0.182081678599999991	-0.191300148000000003
5255508000	-0.18547371339999999	-0.191734028299999998
5255510000	-0.186512152699999989	-0.19003233550000001
5255512000	-0.184621339999999995	-0.192678901900000005
5255514000	-0.186011409699999991	-0.190618914400000006
5255516000	-0.184695954100000004	-0.193023834799999988
5255518000	-0.185205002899999999	-0.188960834999999994
5255520000	-0.186793588399999988	-0.190992491200000003
5255522000	-0.187182467200000008	-0.190089613500000004
5255524000	-0.184359703300000011	-0.185728694500000013
5255526000	-0.18659758709999999	-0.186721688100000005
5255528000	-0.188981331499999988	-0.186824220699999988
5255530000	-0.185792592600000001	-0.189195650800000004
5255532000	-0.186916509000000008	-0.187011183100000006
5255534000	-0.186190854699999991	-0.188206955600000003
5255536000	-0.187603886100000006	-0.187984252699999993
5255538000	-0.188156446599999999	-0.18814355029999999
5255540000	-0.188098207900000008	-0.184699095899999999
5255542000	-0.188882783700000001	-0.186065739600000002
5255544000	-0.186759140399999995	-0.183865888700000008
5255546000	-0.188608830100000013	-0.184312857200000013
5255548000	-0.19096942280000001	-0.185239540799999991
5255550000	-0.184200955299999997	-0.183556896899999988
5255552000	-0.187605404400000009	-0.183913322699999993
5255554000	-0.187772172900000006	-0.185408526299999987
5255556000	-0.188730035900000009	-0.182614560799999992
5255558000	-0.189936291700000009	-0.183226631299999998
5255560000	-0.191742745900000011	-0.184316161099999987
5255562000	-0.189556501300000013	-0.18120382639999999
5255564000	-0.19025525800000001	-0.182482971500000007
5255566000	-0.190476773500000002	-0.183535761299999989
5255568000	-0.189642774699999989	-0.179621298900000004
5255570000	-0.191151860300000004	-0.180885663700000004
5255572000	-0.192021380600000013	-0.179162547000000005
5255574000	-0.188498420199999989	-0.180315441399999998
5255576000	-0.191757137699999997	-0.181327316200000005
5255578000	-0.191816599000000004	-0.178131324899999999
5255580000	-0.190284041799999998	-0.17904667660000001
5255582000	-0.192426104300000012	-0.179412229000000006
5255584000	-0.191169165800000013	-0.179836247100000013
5255586000	-0.192983991299999991	-0.177423489299999987
5255588000	-0.190863830900000003	-0.177380247200000007
5255590000	-0.195404337000000011	-0.176643721400000009
5255592000	-0.18971178050000001	-0.175116026499999994
5255594000	-0.193254838300000009	-0.179571643499999989
5255596000	-0.193223226100000006	-0.175622609600000007
5255598000	-0.190985495799999988	-0.17743339629999999
5255600000	-0.194525226200000012	-0.177698496300000008
5255602000	-0.192521269200000011	-0.17537989100000001
5255604000	-0.193009505100000006	-0.172941457500000006
5255606000	-0.195496769900000006	-0.172523128299999995
5255608000	-0.192333959100000007	-0.171906356099999991
5255610000	-0.193137165299999997	-0.173915396899999991
5255612000	-0.192581171699999998	-0.169768768699999989
5255614000	-0.194290893699999995	-0.174947468500000008
5255616000	-0.196944980900000011	-0.170323376199999987
5255618000	-0.193203148500000005	-0.167303802499999987
5255620000	-0.195354910200000009	-0.17298572009999999
5255622000	-0.194819876700000005	-0.168491598999999992
5255624000	-0.197111210300000006	-0.167589457800000008
5255626000	-0.196174503500000014	-0.169221666200000009
5255628000	-0.198758237700000007	-0.16852444459999999
5255630000	-0.194585541100000009	-0.167255189400000004
5255632000	-0.197379829000000007	-0.168793102400000006
5255634000	-0.197287549199999995	-0.166253007499999994
5255636000	-0.197302144799999996	-0.167229050200000007
5255638000	-0.194514361699999999	-0.167236762799999994
5255640000	-0.196903316599999989	-0.162602975600000005
5255642000	-0.195696564500000003	-0.162611538299999997
5255644000	-0.197892334199999992	-0.163184502499999995
5255646000	-0.196355211599999996	-0.165484028899999996
5255648000	-0.198988258100000009	-0.161407321900000011
5255650000	-0.197683379100000001	-0.162047092100000012
5255652000	-0.195966959200000013	-0.158620889500000001
5255654000	-0.197858997300000006	-0.159093779600000013
5255656000	-0.196857796299999999	-0.159294208999999992
5255658000	-0.19678642360000001	-0.162611413799999993
5255660000	-0.197237980600000001	-0.160555461700000013
5255662000	-0.198786036400000005	-0.161123735900000009
5255664000	-0.193529439400000003	-0.157351422200000007
5255666000	-0.200241132099999997	-0.15921561070000001
5255668000	-0.199648944800000006	-0.1600335534
5255670000	-0.2003348764	-0.156263936599999986
5255672000	-0.198061834699999995	-0.156541158399999991
5255674000	-0.197769523400000008	-0.155788647400000008
5255676000	-0.200982353899999994	-0.155821405800000007
5255678000	-0.197155715600000003	-0.153406455899999988
5255680000	-0.198915322799999988	-0.153964776400000003
5255682000	-0.200142323399999988	-0.150668418400000004
5255684000	-0.199845313100000005	-0.152924442500000007
5255686000	-0.198680239400000014	-0.152549401299999998
5255688000	-0.199348567000000004	-0.150505686299999997
5255690000	-0.2018966975	-0.150928149700000014
5255692000	-0.200515781799999987	-0.150939027599999998
5255694000	-0.199389835500000001	-0.149728441900000009
5255696000	-0.198534958300000008	-0.148471601399999986
5255698000	-0.200758880899999992	-0.146603246200000009
5255700000	-0.19801525880000001	-0.147065982399999989
5255702000	-0.201239775799999993	-0.145652788799999988
5255704000	-0.2002330041	-0.144123348900000003
5255706000	-0.20049838880000001	-0.144342219900000013
5255708000	-0.201223406299999991	-0.14170779280000001
5255710000	-0.202312599900000001	-0.141909274000000002
5255712000	-0.19778678999999999	-0.140368524100000003
5255714000	-0.203466706400000003	-0.144504719599999998
5255716000	-0.201578678499999997	-0.139024985800000001
5255718000	-0.201098121699999993	-0.143057372999999988
5255720000	-0.20389225250000001	-0.139061834699999998
5255722000	-0.200019071900000012	-0.138951760400000013
5255724000	-0.20167708949999999	-0.140089052500000005
5255726000	-0.2007176658	-0.139032705700000009
5255728000	-0.201456024600000005	-0.138190198099999995
5255730000	-0.201693072400000006	-0.135370365399999998
5255732000	-0.200354395200000007	-0.135928489300000011
5255734000	-0.201329895300000006	-0.134335545700000003
5255736000	-0.201207019099999995	-0.135573171200000009
5255738000	-0.201486853500000007	-0.131570926799999988
5255740000	-0.20150428279999999	-0.132266390900000003
5255742000	-0.20357404870000001	-0.132530411300000012
5255744000	-0.203531474800000001	-0.130307526600000001
5255746000	-0.202058580900000007	-0.128867001600000003
5255748000	-0.201697862000000006	-0.130910106400000004
5255750000	-0.201101344999999987	-0.127763790699999991
5255752000	-0.20128233479999999	-0.126169131200000006
5255754000	-0.201316357800000012	-0.126219894100000007
5255756000	-0.201979094800000009	-0.12559701940000001
5255758000	-0.19945697409999999	-0.123495727499999999
5255760000	-0.198278674099999996	-0.124684679699999995
5255762000	-0.200294904200000012	-0.123552735600000005
5255764000	-0.199303713900000012	-0.121473511100000001
5255766000	-0.198466957899999991	-0.120671993300000002
5255768000	-0.201005646300000007	-0.120208040399999994
5255770000	-0.199029371600000005	-0.116127274899999994
5255772000	-0.201364977000000001	-0.119025554899999997
5255774000	-0.200499814199999987	-0.115519976799999993
5255776000	-0.199801457200000004	-0.1157805415
5255778000	-0.201250717100000004	-0.116228956199999997
5255780000	-0.19793942619999999	-0.114084959499999999
5255782000	-0.198682136499999995	-0.113498238099999996
5255784000	-0.198252620900000009	-0.113261595800000003
5255786000	-0.201100617199999998	-0.112947413999999996
5255788000	-0.198069424100000002	-0.109763394200000003
5255790000	-0.198762371399999999	-0.107482976999999993
5255792000	-0.1977050853	-0.110817650899999995
5255794000	-0.199700021400000011	-0.106769134599999996
5255796000	-0.197775531899999996	-0.105208195399999996
5255798000	-0.19770604189999999	-0.106276789900000002
5255800000	-0.196844481399999993	-0.103750016799999997
5255802000	-0.195700140999999994	-0.103999479399999997
5255804000	-0.197825297099999992	-0.0998153365000000042
5255806000	-0.198107232200000011	-0.103790253700000001
5255808000	-0.195115527799999994	-0.0997850292999999944
5255810000	-0.195572384399999993	-0.100533960699999994
5255812000	-0.195743623700000008	-0.0985911554000000051
5255814000	-0.191846662499999987	-0.0963232450999999962
5255816000	-0.194668696499999988	-0.0946923145999999938
5255818000	-0.195658508000000009	-0.0951427387000000069
5255820000	-0.193670021599999992	-0.0945187551000000042
5255822000	-0.194570619700000003	-0.0909370800000000035
5255824000	-0.19477980319999999	-0.090225965800000002
5255826000	-0.191533109199999996	-0.0903047059999999985
5255828000	-0.194066519699999995	-0.0878968029000000012
5255830000	-0.193189192700000012	-0.0878903884000000052
5255832000	-0.192057926699999992	-0.0854920987000000049
5255834000	-0.190539317799999997	-0.0844900917000000057
5255836000	-0.191131053500000009	-0.0822373931000000002
5255838000	-0.189054162199999987	-0.0805812010000000051
5255840000	-0.190776256799999988	-0.0811759516999999986
5255842000	-0.188798961200000004	-0.077096150799999999
5255844000	-0.18833278140000001	-0.080299070799999997
5255846000	-0.187806729700000008	-0.0757467723000000009
5255848000	-0.185563439999999996	-0.0794879891999999977
5255850000	-0.186682719299999994	-0.0760861839000000068
5255852000	-0.186417695699999997	-0.0747744776
5255854000	-0.185679976899999988	-0.073928769500000005
5255856000	-0.184231895000000007	-0.069714553999999998
5255858000	-0.183198269400000002	-0.071417457700000006
5255860000	-0.182242420300000013	-0.0661954200000000048
5255862000	-0.179752473200000012	-0.0687185654999999951
5255864000	-0.179055320900000009	-0.0646180679000000063
5255866000	-0.178836293899999998	-0.0654877217000000011
5255868000	-0.177152309799999991	-0.0621747432000000003
5255870000	-0.178250533500000002	-0.0638877590999999967
5255872000	-0.175696290599999999	-0.0619116133000000013
5255874000	-0.174822583300000001	-0.0617750256999999997
5255876000	-0.175183925900000009	-0.0574340453000000001
5255878000	-0.173302129299999996	-0.0564310650000000025
5255880000	-0.170866259200000009	-0.0569750728999999997
5255882000	-0.170893031100000009	-0.0565960527000000033
5255884000	-0.167199052200000003	-0.052602285700000001
5255886000	-0.166838419099999996	-0.0549182438999999967
5255888000	-0.166747761500000008	-0.0519490749999999973
5255890000	-0.163383816799999998	-0.0507554038000000013
5255892000	-0.164717136099999995	-0.0512302391999999995
5255894000	-0.16076061450000001	-0.0483456522999999999
5255896000	-0.161264450100000012	-0.0455522104000000011
5255898000	-0.158106430500000006	-0.0439723803999999968
5255900000	-0.155803121300000014	-0.0451641054000000014
5255902000	-0.156598758000000005	-0.043680879899999997
5255904000	-0.156287208799999994	-0.0439129858999999997
5255906000	-0.154419748100000004	-0.0409330616000000008
5255908000	-0.151359715799999989	-0.040392833000000003
5255910000	-0.148722859200000002	-0.0391942315999999971
5255912000	-0.149635552599999999	-0.0361843306000000017
5255914000	-0.146541026600000013	-0.0387532006000000026
5255916000	-0.141535858600000009	-0.0364444837000000021
5255918000	-0.140877550399999996	-0.035485855099999998
5255920000	-0.140337667500000013	-0.0297305720000000002
5255922000	-0.13601214989999999	-0.0306162477999999995
5255924000	-0.136449324799999994	-0.0312890030000000027
5255926000	-0.136358411499999999	-0.0305237171000000002
5255928000	-0.127492651499999998	-0.0305803522999999987
5255930000	-0.127679300200000012	-0.0294241112999999999
5255932000	-0.129281577099999989	-0.0283376016999999994
5255934000	-0.121134432599999994	-0.030714855499999999
5255936000	-0.120377704799999999	-0.0269261210000000008
5255938000	-0.120211473200000002	-0.0240546932999999991
5255940000	-0.117090946700000004	-0.0252277214
5255942000	-0.118954029099999997	-0.0275830869999999992
5255944000	-0.114032946699999999	-0.0268954798000000002
5255946000	-0.111669297599999995	-0.0242489040999999995
5255948000	-0.108425605699999997	-0.0233134281999999998
5255950000	-0.105687574500000006	-0.0246177893999999994
5255952000	-0.102132700300000004	-0.0225748536
5255954000	-0.0998544643999999953	-0.0220285472999999996
5255956000	-0.0988121908000000049	-0.0229212370999999984
5255958000	-0.095522663100000002	-0.0233797692999999987
5255960000	-0.0929893536000000048	-0.0234968655999999998
5255962000	-0.0917735850999999991	-0.0219789310000000002
5255964000	-0.0837278151000000054	-0.0235495891999999984
5255966000	-0.0861444979000000055	-0.0255899409000000001
5255968000	-0.0826827049000000008	-0.0218952630000000016
5255970000	-0.0790255282000000003	-0.0243432706000000013
5255972000	-0.0771336942000000053	-0.0217903977999999998
5255974000	-0.0722213681999999968	-0.0259479467999999998
5255976000	-0.0708226349000000005	-0.0270857741999999992
5255978000	-0.0672370724999999947	-0.0258856447999999996
5255980000	-0.0646743884000000047	-0.0274987197000000003
5255982000	-0.0622205525999999995	-0.0277679920999999996
5255984000	-0.0587130183999999972	-0.0292121512999999992
5255986000	-0.0574013484999999976	-0.0286047323999999992
5255988000	-0.0549459782999999966	-0.0290265388999999992
5255990000	-0.0510672055999999985	-0.033074219299999999
5255992000	-0.0494802707000000022	-0.034551348699999998
5255994000	-0.0459598318000000033	-0.0352703271999999998
5255996000	-0.044323948600000003	-0.0348385616999999995
5255998000	-0.042259865100000002	-0.0362066685999999985
5256000000	-0.0400102342000000014	-0.0385446374999999994
5256002000	-0.0355729813000000006	-0.0413013973000000006
5256004000	-0.0319336142000000017	-0.0427022693999999994
5256006000	-0.0316375491999999967	-0.0420000620999999991
5256008000	-0.0269472821000000008	-0.0463147314000000032
5256010000	-0.0264230836999999989	-0.0468386900000000023
5256012000	-0.0243294702999999994	-0.0472193769999999999
5256014000	-0.0227369705999999998	-0.0497016435000000034
5256016000	-0.0191395586999999999	-0.0521468165999999997
5256018000	-0.0163998282000000009	-0.0553623824
5256020000	-0.0184467082999999997	-0.0545091337999999981
5256022000	-0.0123817554999999992	-0.0561377592999999994
5256024000	-0.0122419415000000007	-0.0595406606000000033
5256026000	-0.0106999373000000002	-0.0595841767999999994
5256028000	-0.0103948410999999998	-0.0620153177999999972
5256030000	-0.00956897420000000012	-0.0680861132000000063
5256032000	-0.00521352289999999982	-0.0670257018000000038
5256034000	-0.00536961610000000027	-0.0698810624999999935
5256036000	-0.00362613079999999982	-0.0722906935000000028
5256038000	0.000759249300000000029	-0.0739635612999999942
5256040000	-0.00230179299999999989	-0.0775570882999999933
5256042000	0.00555167160000000041	-0.0807404131000000053
5256044000	-0.000172610499999999997	-0.082927400200000001
5256046000	0.00461525000000000043	-0.0843974921999999933
5256048000	0.00342848240000000019	-0.0871628311999999988
5256050000	0.00722515059999999983	-0.0891522247999999989
5256052000	0.00741113919999999982	-0.0909528200000000037
5256054000	0.00875077349999999962	-0.0943975586999999949
5256056000	0.00673058909999999996	-0.0991973986000000002
5256058000	0.00926116819999999938	-0.101564380499999996
5256060000	0.0116566168999999997	-0.104779636900000001
5256062000	0.00964695450000000072	-0.107118786100000002
5256064000	0.0103840900999999999	-0.107622410299999999
5256066000	0.0134627739000000007	-0.109851813300000004
5256068000	0.0125473489999999993	-0.111627273700000001
5256070000	0.0146029816000000003	-0.115915368500000004
5256072000	0.0144149165999999992	-0.117728690299999994
5256074000	0.0138225389000000004	-0.121067339800000007
5256076000	0.0136816725000000004	-0.121648816199999996
5256078000	0.0167897377999999993	-0.1240783944
5256080000	0.0156359715999999996	-0.1262520278
5256082000	0.0132161402000000004	-0.129334595999999996
5256084000	0.0142427074000000004	-0.133282018299999999
5256086000	0.0148167977999999999	-0.131986796500000003
5256088000	0.0152830008999999996	-0.13452520309999999
5256090000	0.016560479999999999	-0.137319581699999999
5256092000	0.0113786226000000008	-0.142970035200000012
5256094000	0.0132600830000000006	-0.141901615799999992
5256096000	0.0133129423999999996	-0.14713943060000001
5256098000	0.0131874355000000006	-0.146724330399999991
5256100000	0.0135244792999999995	-0.150060747599999988
5256102000	0.0152477602999999996	-0.151398982799999998
5256104000	0.0111757677000000003	-0.155048844699999994
5256106000	0.00739457030000000015	-0.15698714259999999
5256108000	0.0111651414000000001	-0.1598059493
5256110000	0.00735762440000000024	-0.161453661400000004
5256112000	0.00865267689999999964	-0.163273536200000013
5256114000	0.00790995639999999937	-0.162640590400000007
5256116000	0.00698659450000000022	-0.165829416600000001
5256118000	0.00822758129999999997	-0.170019060700000002
5256120000	0.00622291560000000007	-0.171447189500000013
5256122000	0.00803483569999999953	-0.173519292900000011
5256124000	-0.00315078789999999982	-0.192873234199999993
5256126000	-0.00796414120000000017	-0.195830867600000014
5256128000	-0.00596608099999999981	-0.196267100299999997
5256130000	-0.00399069230000000021	-0.195353379699999996
5256132000	-0.0091857359999999999	-0.201130757800000004
5256134000	-0.00649633519999999985	-0.200050402300000013
5256136000	-0.0119824405999999998	-0.201570923200000002
5256138000	-0.0117764275000000005	-0.204468707100000008
5256140000	-0.0136384842999999999	-0.206978117099999998
5256142000	-0.0140147672000000001	-0.208200606300000007
5256144000	-0.0141652887000000005	-0.208541723600000006
5256146000	-0.0154403313000000004	-0.210938002200000002
5256148000	-0.0208826340000000006	-0.210015132399999999
5256150000	-0.0171386510999999991	-0.211478278900000011
5256152000	-0.0195695157999999994	-0.210228027499999998
5256154000	-0.0183076193999999991	-0.213859429500000003
5256156000	-0.0229495379999999985	-0.212308486500000004
5256158000	-0.0222403558000000001	-0.214427791499999992
5256160000	-0.0242124867999999986	-0.214850292299999995
5256162000	-0.0270713552999999989	-0.216965639099999996
5256164000	-0.0264772887000000005	-0.214970052299999992
5256166000	-0.029799486	-0.219653687200000003
5256168000	-0.0296712841000000005	-0.219139015100000001
5256170000	-0.0318518295999999992	-0.223096351500000012
5256172000	-0.0322882764999999974	-0.221972686000000002
5256174000	-0.0347605787999999971	-0.222146581399999987
5256176000	-0.0359490470999999992	-0.222531423199999995
5256178000	-0.0374374430000000008	-0.223287506699999999
5256180000	-0.0364951956999999966	-0.224309215799999989
5256182000	-0.0404593043999999999	-0.225011258999999991
5256184000	-0.0376811752	-0.224968377999999997
5256186000	-0.042801768300000001	-0.224782070100000009
5256188000	-0.0400993752999999967	-0.226350541200000005
5256190000	-0.0399943129999999966	-0.227525056199999992
5256192000	-0.044782955200000002	-0.230740573300000001
5256194000	-0.0466174592000000027	-0.228565985500000013
5256196000	-0.0460372877999999999	-0.227831200499999997
5256198000	-0.0462028857000000015	-0.230952000800000001
5256200000	-0.0460861960999999973	-0.231265267699999999
5256202000	-0.0517736067000000022	-0.230215486800000008
5256204000	-0.0498692759999999971	-0.233629752800000007
5256206000	-0.052659148599999997	-0.233647495600000005
5256208000	-0.0544131408000000025	-0.233678150899999992
5256210000	-0.0540834198999999988	-0.233312728899999988
5256212000	-0.0539718013999999982	-0.231478428600000008
5256214000	-0.0553689694999999968	-0.232341698399999991
5256216000	-0.0600189629000000002	-0.234483101400000005
5256218000	-0.0593991447999999977	-0.235838274699999989
5256220000	-0.0580962303000000027	-0.236386472900000005
5256222000	-0.0584932718999999976	-0.234785653399999988
5256224000	-0.0598622320000000013	-0.236339164600000012
5256226000	-0.0609366386000000024	-0.236046074900000014
5256228000	-0.0630142177999999942	-0.2372831356
5256230000	-0.0644901405999999955	-0.238510268899999989
5256232000	-0.0642420347000000058	-0.235916738999999986
5256234000	-0.0668762276999999988	-0.236452790100000004
5256236000	-0.0682572468000000043	-0.237058578900000011
5256238000	-0.0694909266999999969	-0.237214913400000005
5256240000	-0.0701274801999999947	-0.236390303400000001
5256242000	-0.0705337639999999988	-0.238482474
5256244000	-0.0706371301000000007	-0.238483619300000005
5256246000	-0.0743818643999999973	-0.238505286300000008
5256248000	-0.0733537982999999949	-0.238547986099999998
5256250000	-0.073268655000000002	-0.239141952299999988
5256252000	-0.0739229316999999997	-0.241166550300000004
5256254000	-0.0727501702000000056	-0.240733113400000004
5256256000	-0.0754677935999999994	-0.239066925499999999
5256258000	-0.0765814447999999953	-0.236626191300000011
5256260000	-0.0759638923999999965	-0.239948214100000001
5256262000	-0.079496111199999997	-0.242151137999999988
5256264000	-0.0806794202999999988	-0.242847272499999989
5256266000	-0.0788315750999999953	-0.243969582099999999
5256268000	-0.0780787713000000022	-0.239783553799999993
5256270000	-0.0825699535999999956	-0.240509827700000012
5256272000	-0.0837155658000000025	-0.243802553100000013
5256274000	-0.0823771024999999935	-0.23956639099999999
5256276000	-0.0828686096000000039	-0.239712774399999995
5256278000	-0.0852932240999999952	-0.24267173789999999
5256280000	-0.0863935007000000005	-0.241297351999999993
5256282000	-0.0873028477000000053	-0.239662381499999994
5256284000	-0.0862187835000000069	-0.243553890299999992
5256286000	-0.0905020106999999963	-0.241477596500000002
5256288000	-0.087482927000000002	-0.2413518791
5256290000	-0.0881907536000000047	-0.239922867300000009
5256292000	-0.0915212611000000009	-0.239601823299999989
5256294000	-0.0922820501999999931	-0.240799906099999989
5256296000	-0.0924533517000000055	-0.2423059615
5256298000	-0.0897762711999999935	-0.239408878999999991
5256300000	-0.0938019565000000055	-0.240269172700000005
5256302000	-0.0947981477000000017	-0.241613366800000007
5256304000	-0.0936582261000000055	-0.240284623700000005
5256306000	-0.0953865648000000038	-0.241787164400000004
5256308000	-0.0956493457999999935	-0.241287723900000001
5256310000	-0.0976860949000000062	-0.241361759300000006
5256312000	-0.0980332089999999962	-0.242281889400000006
5256314000	-0.0973351316999999938	-0.240965957000000008
5256316000	-0.0991153158000000062	-0.242711321600000002
5256318000	-0.0987590772000000033	-0.242653070199999987
5256320000	-0.0988804243000000055	-0.240921455300000004
5256322000	-0.101856133700000004	-0.240809835100000008
5256324000	-0.101702394900000007	-0.240101579000000009
5256326000	-0.103182088699999994	-0.243346405300000013
5256328000	-0.103334453000000007	-0.241374782600000004
5256330000	-0.103929093400000006	-0.240368056899999988
5256332000	-0.104749265300000005	-0.239450593900000008
5256334000	-0.105766286500000001	-0.242168909399999993
5256336000	-0.107425709999999994	-0.242773101200000008
5256338000	-0.106045851600000005	-0.239928655800000001
5256340000	-0.106573479499999998	-0.242331299500000014
5256342000	-0.107393409499999995	-0.239978566899999995
5256344000	-0.106449780100000002	-0.241236772999999988
5256346000	-0.107860711299999995	-0.240344403600000006
5256348000	-0.108832090500000006	-0.240626656599999988
5256350000	-0.114713811400000004	-0.240101532300000003
5256352000	-0.110921086399999994	-0.2383506128
5256354000	-0.110005276700000001	-0.24014201369999999
5256356000	-0.110948918999999993	-0.241456539899999989
5256358000	-0.111846970599999998	-0.241211911700000003
5256360000	-0.1096150823	-0.238512166999999997
5256362000	-0.113604843999999996	-0.238722657700000007
5256364000	-0.112337269500000003	-0.239437465500000002
5256366000	-0.114952987199999995	-0.238306407999999997
5256368000	-0.115215166399999999	-0.241707575099999988
5256370000	-0.116724958500000003	-0.239036170399999998
5256372000	-0.117291286699999997	-0.238234687800000011
5256374000	-0.115333567200000001	-0.2428546335
5256376000	-0.115934172899999993	-0.243389327399999994
5256378000	-0.117089577599999994	-0.238486987499999997
5256380000	-0.118455550300000004	-0.238940859100000014
5256382000	-0.120563465499999994	-0.239362980899999994
5256384000	-0.119398826799999996	-0.239077421099999993
5256386000	-0.122092085099999997	-0.239980906900000013
5256388000	-0.121891789099999995	-0.240768175400000006
5256390000	-0.120056286600000006	-0.239615077700000012
5256392000	-0.122821555200000002	-0.237839456300000002
5256394000	-0.120748157499999995	-0.23927886000000001
5256396000	-0.120766793799999994	-0.240957332200000013
5256398000	-0.124781392800000002	-0.237999165799999995
5256400000	-0.121975009100000004	-0.241615675299999999
5256402000	-0.124709377299999993	-0.237938887200000004
5256404000	-0.124578846100000001	-0.238144012900000007
5256406000	-0.125401836799999999	-0.235841923499999995
5256408000	-0.125435307899999987	-0.240307905999999988
5256410000	-0.124724524099999998	-0.237717457399999998
5256412000	-0.126134099599999994	-0.237045590199999989
5256414000	-0.126927880599999987	-0.235697761799999989
5256416000	-0.128440260100000009	-0.238228301000000003
5256418000	-0.126859398499999998	-0.238273989900000011
5256420000	-0.1287900243	-0.239993184800000009
5256422000	-0.125077946699999998	-0.235239814699999994
5256424000	-0.127885459300000004	-0.238359563599999991
5256426000	-0.131357114800000008	-0.238733977399999991
5256428000	-0.129479894799999995	-0.234782754900000001
5256430000	-0.130952281700000006	-0.234755907699999988
5256432000	-0.129634432999999993	-0.238064105500000012
5256434000	-0.130338211499999995	-0.235361869299999998
5256436000	-0.129377088800000012	-0.236971919800000014
5256438000	-0.12916117869999999	-0.236300304900000008
5256440000	-0.132626330900000006	-0.237023278400000009
5256442000	-0.133878719300000004	-0.236272763999999996
5256444000	-0.133976845499999997	-0.234344606099999991
5256446000	-0.132611550299999992	-0.234901813799999998
5256448000	-0.134711544799999999	-0.237540209400000008
5256450000	-0.135882682599999999	-0.235085780999999994
5256452000	-0.134671817100000007	-0.233958758600000011
5256454000	-0.136145528799999999	-0.237676265899999989
5256456000	-0.135707000299999991	-0.236723686500000002
5256458000	-0.137634502500000006	-0.2348246477
5256460000	-0.13385854820000001	-0.235085164200000002
5256462000	-0.137703035899999993	-0.234156070999999993
5256464000	-0.1403850388	-0.233455780599999996
5256466000	-0.139529041500000006	-0.234180715399999989
5256468000	-0.1393921095	-0.2364095903
5256470000	-0.138842114600000011	-0.234720493700000005
5256472000	-0.138808715400000005	-0.235126229999999992
5256474000	-0.141687159600000001	-0.231887141600000013
5256476000	-0.136742886499999994	-0.235067949700000001
5256478000	-0.141310532799999999	-0.232939098600000005
5256480000	-0.141383213499999993	-0.232538030700000009
5256482000	-0.141140828999999995	-0.232575706900000012
5256484000	-0.141944487799999991	-0.232723215900000002
5256486000	-0.143086458599999994	-0.233451220500000001
5256488000	-0.141155138200000002	-0.234068876799999992
5256490000	-0.14340954580000001	-0.232742051199999994
5256492000	-0.14145499889999999	-0.234540512199999995
5256494000	-0.144065525899999991	-0.232774191999999991
5256496000	-0.145084080300000001	-0.230778182100000007
5256498000	-0.142219208900000005	-0.231374677599999995
5256500000	-0.1433822649	-0.232119985299999998
5256502000	-0.142566852999999993	-0.23054839399999999
5256504000	-0.147043456900000008	-0.232178636999999993
5256506000	-0.143935037999999987	-0.233776365699999988
5256508000	-0.147216188100000006	-0.233641497499999989
5256510000	-0.1462064119	-0.229834767999999995
5256512000	-0.147835709900000001	-0.232029931299999992
5256514000	-0.144860221600000005	-0.231671755499999993
5256516000	-0.146182702500000011	-0.227995388500000007
5256518000	-0.144676577299999998	-0.231618285199999996
5256520000	-0.146666788399999998	-0.230846035599999999
5256522000	-0.149293688799999991	-0.229216756800000004
5256524000	-0.151045305600000013	-0.228351802500000006
5256526000	-0.148411986200000012	-0.230136171100000009
5256528000	-0.146698709199999999	-0.22906283899999999
5256530000	-0.148840245799999993	-0.230402047199999988
5256532000	-0.147517852199999994	-0.226766289600000004
5256534000	-0.149908518200000007	-0.229134781700000012
5256536000	-0.153207978299999992	-0.230450637699999988
5256538000	-0.150516641099999987	-0.230155094000000005
5256540000	-0.150692013399999991	-0.227547548300000013
5256542000	-0.152440864000000009	-0.22915606890000001
5256544000	-0.153644394999999989	-0.231340526200000007
5256546000	-0.152954279599999993	-0.228186928600000005
5256548000	-0.151378957499999994	-0.230219535499999989
5256550000	-0.151632103699999993	-0.23069053140000001
5256552000	-0.151712270900000001	-0.228270608399999991
5256554000	-0.153786933900000006	-0.228530461200000007
5256556000	-0.155131195400000005	-0.226183678999999999
5256558000	-0.155148707100000005	-0.228382501500000001
5256560000	-0.155975297799999996	-0.230253875200000013
5256562000	-0.153764381799999988	-0.226756680799999999
5256564000	-0.157367409799999997	-0.226407784599999995
5256566000	-0.158896659299999993	-0.22980964370000001
5256568000	-0.157085397900000007	-0.227004842099999993
5256570000	-0.154469238000000009	-0.226676701499999994
5256572000	-0.15503448319999999	-0.22619402059999999
5256574000	-0.159984443799999987	-0.226992192600000003
5256576000	-0.157323259399999998	-0.22963053180000001
5256578000	-0.156007009499999988	-0.227301453200000003
5256580000	-0.156186352899999992	-0.226754467799999998
5256582000	-0.160514262500000005	-0.222725887000000011
5256584000	-0.158125725299999992	-0.227185350000000008
5256586000	-0.156305385399999996	-0.226071342199999997
5256588000	-0.15706794730000001	-0.224755139399999998
5256590000	-0.160056557999999988	-0.224162829099999988
5256592000	-0.1578911962	-0.2258027071
5256594000	-0.157044349899999991	-0.224112980699999992
5256596000	-0.159881296499999992	-0.228901942999999997
5256598000	-0.160959174099999991	-0.225210148700000001
5256600000	-0.157954973100000007	-0.226717463799999991
5256602000	-0.160528621900000001	-0.226981366800000001
5256604000	-0.161471946499999991	-0.225779011299999999
5256606000	-0.159826219500000005	-0.222919280400000003
5256608000	-0.161523691699999999	-0.223586281400000003
5256610000	-0.162013426399999994	-0.224239455899999995
5256612000	-0.161452741399999988	-0.223409854800000002
5256614000	-0.162747564300000008	-0.222271972499999998
5256616000	-0.162026501600000011	-0.224431861499999996
5256618000	-0.161239133499999993	-0.22401304259999999
5256620000	-0.164034329199999995	-0.222903424999999988
5256622000	-0.162908037400000011	-0.222975070100000006
5256624000	-0.164050146899999999	-0.224467607000000013
5256626000	-0.163003931600000013	-0.222474558300000014
5256628000	-0.164161183300000013	-0.2245105513
5256630000	-0.170026193900000011	-0.223180039100000005
5256632000	-0.162407507600000001	-0.223864275499999987
5256634000	-0.164239015300000013	-0.223908650900000006
5256636000	-0.164757206900000008	-0.223081952100000008
5256638000	-0.164962711300000009	-0.223753730799999995
5256640000	-0.166541823799999988	-0.217272647699999988
5256642000	-0.1670325161	-0.222717096400000009
5256644000	-0.166291582900000012	-0.220612152000000006
5256646000	-0.168223063899999997	-0.220600571299999992
5256648000	-0.165692784600000004	-0.218625233700000005
5256650000	-0.166501594199999992	-0.221375554299999999
5256652000	-0.167403502700000012	-0.218890654600000012
5256654000	-0.166163636599999998	-0.219549610000000006
5256656000	-0.167980152500000007	-0.222643096799999995
5256658000	-0.167722574000000013	-0.22039520700000001
5256660000	-0.168656912999999992	-0.221672227199999988
5256662000	-0.168723190999999995	-0.220106206800000009
5256664000	-0.170949664400000007	-0.217861705900000008
5256666000	-0.169133673200000001	-0.216817278800000013
5256668000	-0.16969486310000001	-0.218462501799999986
5256670000	-0.171674901200000007	-0.220746722400000012
5256672000	-0.171922056600000012	-0.218604851699999991
5256674000	-0.168196627099999996	-0.2200311036
5256676000	-0.169324633199999991	-0.218842155499999996
5256678000	-0.170763752600000013	-0.218261576200000001
5256680000	-0.170601303799999993	-0.217781636700000003
5256682000	-0.168175216900000007	-0.219802828799999989
5256684000	-0.169152149499999988	-0.21965749879999999
5256686000	-0.171225031199999989	-0.218537319899999999
5256688000	-0.169281023599999997	-0.217260860299999997
5256690000	-0.170270761399999998	-0.219356644399999995
5256692000	-0.170112000099999994	-0.218369216199999994
5256694000	-0.172622514100000013	-0.218812623699999986
5256696000	-0.174213591400000006	-0.218199848899999993
5256698000	-0.172096285399999993	-0.216642830799999991
5256700000	-0.173993607699999997	-0.217947099000000005
5256702000	-0.175705329599999988	-0.217631225799999994
5256704000	-0.171430603600000009	-0.215212555899999991
5256706000	-0.174305558899999991	-0.218781975299999987
5256708000	-0.172424801200000005	-0.218040467799999998
5256710000	-0.172582332300000002	-0.216281990499999993
5256712000	-0.173484927099999992	-0.216826375200000004
5256714000	-0.175298918199999987	-0.214915028300000005
5256716000	-0.173653718900000004	-0.216637084199999996
5256718000	-0.177300211600000007	-0.215031548900000008
5256720000	-0.175751358699999999	-0.219268005500000002
5256722000	-0.176074134699999996	-0.218165927799999992
5256724000	-0.173357020400000006	-0.216759842799999991
5256726000	-0.175772641499999993	-0.21657437530000001
5256728000	-0.176255294300000004	-0.214668112100000003
5256730000	-0.177206411300000005	-0.2161446266
5256732000	-0.175333387199999996	-0.214863285200000004
5256734000	-0.175627451500000004	-0.215194452600000002
5256736000	-0.18043384970000001	-0.215268317200000003
5256738000	-0.175507984300000003	-0.213229913900000012
5256740000	-0.177908237599999991	-0.214210743700000011
5256742000	-0.175502000699999994	-0.212149685599999999
5256744000	-0.179666553099999987	-0.215130225700000011
5256746000	-0.175824388999999998	-0.216002981700000013
5256748000	-0.177912513900000013	-0.212498326999999987
5256750000	-0.176478802800000001	-0.213558258400000006
5256752000	-0.178580015199999997	-0.214754636700000001
5256754000	-0.179543667699999993	-0.213276077600000002
5256756000	-0.177513869800000001	-0.210927345799999999
5256758000	-0.177652037900000004	-0.213615516300000002
5256760000	-0.180673497200000005	-0.214816963899999991
5256762000	-0.178859389300000005	-0.212252153100000007
5256764000	-0.1791913547	-0.212887738599999987
5256766000	-0.179259028600000009	-0.211861961799999998
5256768000	-0.180029500099999989	-0.211811687299999996
5256770000	-0.179372840000000006	-0.212255843199999988
5256772000	-0.180670988100000013	-0.211335516100000009
5256774000	-0.181380571600000012	-0.211421207299999997
5256776000	-0.180126877099999999	-0.211557790999999995
5256778000	-0.177918926300000002	-0.210858105600000012
5256780000	-0.180756236200000003	-0.212519344999999998
5256782000	-0.1813631463	-0.211795399200000012
5256784000	-0.180719452499999989	-0.211319172400000005
5256786000	-0.182133599600000001	-0.210588965399999994
5256788000	-0.18083954129999999	-0.2116289331
5256790000	-0.182371062499999986	-0.20969890129999999
5256792000	-0.18240123359999999	-0.20842263829999999
5256794000	-0.181758573199999995	-0.211144310800000012
5256796000	-0.181831546000000011	-0.21044808579999999
5256798000	-0.180449740299999994	-0.209332883199999986
5256800000	-0.183898849599999997	-0.2090599031
5256802000	-0.181442968600000004	-0.209086267999999992
5256804000	-0.184550011300000011	-0.208232788400000007
5256806000	-0.184963978000000001	-0.208710993600000005
5256808000	-0.18306148920000001	-0.2104050472
5256810000	-0.183920162899999989	-0.208943220099999993
5256812000	-0.183197649099999998	-0.209440588900000002
5256814000	-0.186684315699999992	-0.209430790899999997
5256816000	-0.183947702699999993	-0.210898505799999997
5256818000	-0.187946443600000013	-0.208704536400000001
5256820000	-0.1837171316	-0.208039581100000009
5256822000	-0.186324215799999998	-0.206531947800000004
5256824000	-0.186773480999999991	-0.209415666700000003
5256826000	-0.185804248899999996	-0.206910325700000008
5256828000	-0.186647438100000007	-0.207163860799999988
5256830000	-0.186319159699999987	-0.206888925400000007
5256832000	-0.186096718200000011	-0.209293658100000002
5256834000	-0.18539831570000001	-0.208286736199999989
5256836000	-0.185869020299999993	-0.203628719699999988
5256838000	-0.186281662799999997	-0.205683908199999987
5256840000	-0.189007648100000009	-0.207603273700000007
5256842000	-0.189796801600000009	-0.206780206299999991
5256844000	-0.185485481899999999	-0.206913417500000002
5256846000	-0.189824303299999997	-0.208732243399999989
5256848000	-0.186293955300000008	-0.204400610399999988
5256850000	-0.185861467299999999	-0.207692060000000012
5256852000	-0.186015744900000002	-0.20578745779999999
5256854000	-0.189818681099999997	-0.204994611999999993
5256856000	-0.188433598099999988	-0.202998392299999997
5256858000	-0.187389246399999987	-0.203924334600000007
5256860000	-0.188041440599999998	-0.206983127200000006
5256862000	-0.188400837300000012	-0.205959279299999992
5256864000	-0.190886882000000008	-0.205581400199999986
5256866000	-0.186389051100000008	-0.204769918999999995
5256868000	-0.189446861200000011	-0.203033232000000008
5256870000	-0.189220088000000008	-0.203299997600000004
5256872000	-0.189666734599999998	-0.204182041499999994
5256874000	-0.190570877599999994	-0.203159262899999998
5256876000	-0.190484653599999998	-0.205392383799999995
5256878000	-0.187941840100000007	-0.203690948300000008
5256880000	-0.186744263599999988	-0.203555713299999996
5256882000	-0.19191273410000001	-0.203630223500000013
5256884000	-0.193097379799999996	-0.203565900999999994
5256886000	-0.189159733800000007	-0.201427225300000012
5256888000	-0.18939606819999999	-0.203306936999999993
5256890000	-0.192529812200000011	-0.202680081200000001
5256892000	-0.193115206300000009	-0.203452141499999989
5256894000	-0.190688123399999993	-0.203741044300000007
5256896000	-0.190949202099999993	-0.202643064900000003
5256898000	-0.190180306399999999	-0.202669149200000009
5256900000	-0.191439824499999994	-0.200952809099999991
5256902000	-0.191661184099999993	-0.202732148000000001
5256904000	-0.193141796799999987	-0.200852719900000004
5256906000	-0.192852136499999993	-0.201439360799999995
5256908000	-0.191528703900000014	-0.204304934800000004
5256910000	-0.19340853320000001	-0.200783355999999996
5256912000	-0.193245824399999988	-0.203985199700000008
5256914000	-0.19422882520000001	-0.201872615799999988
5256916000	-0.193237082300000002	-0.199547249799999993
5256918000	-0.192690738499999986	-0.201917819299999995
5256920000	-0.192516127199999998	-0.201626784499999989
5256922000	-0.193344856600000004	-0.19798955800000001
5256924000	-0.196242473299999998	-0.202106383800000011
5256926000	-0.192993829799999989	-0.198580343900000011
5256928000	-0.193325656300000009	-0.202264675799999988
5256930000	-0.192333475100000012	-0.202240131299999987
5256932000	-0.196361226700000002	-0.20148361070000001
5256934000	-0.194608895700000006	-0.198800857999999997
5256936000	-0.189707229799999988	-0.199961359400000011
5256938000	-0.196096346499999991	-0.202194147200000007
5256940000	-0.193844168000000011	-0.201198915300000003
5256942000	-0.196508311399999996	-0.199746140900000008
5256944000	-0.196044788400000003	-0.200363120499999992
5256946000	-0.195266196599999997	-0.19645768990000001
5256948000	-0.194936740899999988	-0.199148130099999987
5256950000	-0.195998875900000008	-0.201799750199999989
5256952000	-0.196991823099999991	-0.19912237129999999
5256954000	-0.19694075920000001	-0.197904415800000011
5256956000	-0.192742703999999987	-0.197747140399999993
5256958000	-0.195389766599999987	-0.195926034400000004
5256960000	-0.196490611199999998	-0.196688074800000001
5256962000	-0.197944914	-0.197484030700000007
5256964000	-0.19591403260000001	-0.196491038099999987
5256966000	-0.196291966499999998	-0.1976486254
5256968000	-0.196982444700000009	-0.196876295499999993
5256970000	-0.1979269263	-0.199022653999999993
5256972000	-0.197381820600000008	-0.196607796000000001
5256974000	-0.195807643799999986	-0.198366608400000005
5256976000	-0.197769370299999997	-0.197584988600000011
5256978000	-0.199359361200000001	-0.195587944000000014
5256980000	-0.199079682799999991	-0.195875123600000006
5256982000	-0.195578335900000011	-0.195991427299999993
5256984000	-0.198072585800000006	-0.19466482060000001
5256986000	-0.198977909700000011	-0.197110812800000007
5256988000	-0.1980581498	-0.197095994800000007
5256990000	-0.198818757900000004	-0.194380552099999993
5256992000	-0.201779987900000013	-0.1956076541
5256994000	-0.198081709800000005	-0.195915088099999996
5256996000	-0.197812686200000004	-0.195119970700000006
5256998000	-0.200340832299999994	-0.195760816300000001
5257000000	-0.201247840000000011	-0.194508795300000009
