# freq, I e Q
6233420000	-0.0851245228999999992	0.394120190300000006
6233425000	-0.0887919952999999956	0.391470052000000013
6233430000	-0.0855457275999999961	0.391485225800000003
6233435000	-0.0822866539000000063	0.392305286400000008
6233440000	-0.0853002265000000065	0.391544228300000019
6233445000	-0.0831746077999999944	0.390747786500000027
6233450000	-0.0836075264000000068	0.388587359000000021
6233455000	-0.0861915877999999969	0.392135038800000002
6233460000	-0.0809101376999999955	0.392268403200000004
6233465000	-0.0806998233000000009	0.394351187200000008
6233470000	-0.0818590131000000026	0.393878884200000001
6233475000	-0.0803148456000000038	0.398680147599999979
6233480000	-0.0777690615999999946	0.393795281699999999
6233485000	-0.0798828151999999986	0.39250666649999999
6233490000	-0.0786870657999999973	0.394231174399999995
6233495000	-0.0782096974999999944	0.394466052199999972
6233500000	-0.0765780513999999995	0.393703729499999988
6233505000	-0.079491060500000002	0.393188917799999982
6233510000	-0.0757807325999999976	0.394955943300000001
6233515000	-0.0734778620000000049	0.397757051500000014
6233520000	-0.0729454154999999993	0.394541497500000005
6233525000	-0.0753907020000000039	0.396780622000000027
6233530000	-0.0712656578000000068	0.395182562500000001
6233535000	-0.0738588894999999968	0.393348858700000026
6233540000	-0.0746579730999999969	0.398632357499999979
6233545000	-0.0727574215000000024	0.394497220400000015
6233550000	-0.0695214301000000034	0.394702269699999997
6233555000	-0.0729206344999999978	0.394248628400000023
6233560000	-0.0732417872000000053	0.39542972970000001
6233565000	-0.0682712062000000036	0.39809686150000001
6233570000	-0.0709580578999999961	0.399468934200000014
6233575000	-0.0710186656999999971	0.399858860300000007
6233580000	-0.0704059249999999942	0.39807781339999998
6233585000	-0.0683123281999999943	0.398550397599999995
6233590000	-0.0690685600999999955	0.398747008999999986
6233595000	-0.0655967962000000016	0.397261624699999982
6233600000	-0.0671432869000000015	0.400158178099999984
6233605000	-0.0681732404000000014	0.400873083000000019
6233610000	-0.0679439978000000028	0.394901793000000001
6233615000	-0.0687900676000000044	0.394586901599999984
6233620000	-0.0642948328000000069	0.396326456400000027
6233625000	-0.0627995159999999997	0.397171175099999996
6233630000	-0.0601170441999999972	0.394456497199999978
6233635000	-0.0611734929000000011	0.395590364500000014
6233640000	-0.0656523573999999999	0.399107074499999992
6233645000	-0.0629101749000000043	0.397446704200000001
6233650000	-0.0615985864000000022	0.396580932399999975
6233655000	-0.0638990576999999976	0.402029999000000027
6233660000	-0.0596986441000000034	0.397316666500000026
6233665000	-0.0577942992999999974	0.397840287000000015
6233670000	-0.0588660379000000011	0.398553425700000019
6233675000	-0.0585036290000000014	0.398726470300000024
6233680000	-0.0580620150000000015	0.400115426900000015
6233685000	-0.0561571351999999996	0.399273231299999976
6233690000	-0.0553441417000000019	0.399373661499999977
6233695000	-0.0514302781999999986	0.398817191000000015
6233700000	-0.0555368405999999981	0.398856178999999977
6233705000	-0.056366711899999998	0.399683534000000007
6233710000	-0.048661175299999998	0.401376797200000024
6233715000	-0.052655832700000002	0.400775931600000024
6233720000	-0.0521956244000000014	0.400792695699999979
6233725000	-0.0500969662000000024	0.399658449299999996
6233730000	-0.0503023940000000003	0.3983369041
6233735000	-0.048686807399999997	0.399924162000000027
6233740000	-0.0534759300999999992	0.397855860999999977
6233745000	-0.0478658965999999991	0.396295923400000027
6233750000	-0.0474611943999999966	0.400290737399999985
6233755000	-0.0471560244000000031	0.402871295799999973
6233760000	-0.0465483568000000028	0.400967955499999973
6233765000	-0.0463990307999999976	0.404731635799999989
6233770000	-0.0479490076999999973	0.400297879899999987
6233775000	-0.046837496800000003	0.400553531199999979
6233780000	-0.0439783320000000019	0.403263193399999997
6233785000	-0.0409394682999999968	0.40068917300000001
6233790000	-0.0416790574999999983	0.402452143500000026
6233795000	-0.0423039928999999967	0.402090223999999996
6233800000	-0.0420557857000000007	0.4012832925
6233805000	-0.0389818857000000032	0.402228913799999976
6233810000	-0.0447749302000000002	0.399285157900000021
6233815000	-0.0384177375000000002	0.401428524200000025
6233820000	-0.0391950743000000004	0.40042310590000002
6233825000	-0.0376630096999999997	0.404860753899999981
6233830000	-0.0383178184000000019	0.403332095300000026
6233835000	-0.0380385514999999966	0.400707500699999997
6233840000	-0.0377858829999999993	0.402230938599999976
6233845000	-0.0393724917999999993	0.403069507800000004
6233850000	-0.0303962369999999996	0.399747926600000025
6233855000	-0.0377755897000000007	0.401205859100000006
6233860000	-0.033010786200000003	0.402221148899999992
6233865000	-0.033469146499999998	0.403618140800000025
6233870000	-0.0321411561999999998	0.401690301899999991
6233875000	-0.0311046237000000003	0.401042305499999974
6233880000	-0.0329177496999999986	0.401103643600000004
6233885000	-0.0334764975000000006	0.40371728229999998
6233890000	-0.0317596332999999995	0.404534476500000018
6233895000	-0.0300531316999999992	0.40438026119999998
6233900000	-0.0294303627999999984	0.4068695846
6233905000	-0.0292259012999999991	0.400991637199999973
6233910000	-0.0296721755999999996	0.401007721500000025
6233915000	-0.0278756842999999983	0.404281947699999977
6233920000	-0.0252844335000000017	0.406327541299999984
6233925000	-0.0259298638000000012	0.403568439000000001
6233930000	-0.024971831600000001	0.401911218700000017
6233935000	-0.0248106228000000012	0.400125766599999988
6233940000	-0.0243376429999999991	0.405474270999999997
6233945000	-0.025544804899999999	0.409362305300000007
6233950000	-0.0258715960000000002	0.404002595899999983
6233955000	-0.0221661324	0.405951792400000011
6233960000	-0.0239438803000000013	0.406452618099999996
6233965000	-0.0184427983000000004	0.402456287700000026
6233970000	-0.0197811791000000008	0.403478591300000022
6233975000	-0.0199252016000000011	0.404023097399999975
6233980000	-0.0165120851999999985	0.403991078499999989
6233985000	-0.0190739709000000007	0.405715309000000024
6233990000	-0.0178818497000000007	0.405706659000000025
6233995000	-0.0166680095999999986	0.406346370100000021
6234000000	-0.0204228169000000015	0.408279715900000006
6234005000	-0.0156831070000000017	0.404323481799999995
6234010000	-0.0175579852999999987	0.404583696100000001
6234015000	-0.00880072139999999933	0.409013675600000015
6234020000	-0.0110800069999999994	0.406011554399999974
6234025000	-0.0109735123999999996	0.406736490000000006
6234030000	-0.0134246654000000007	0.400191805600000006
6234035000	-0.0114148488000000003	0.407327561100000013
6234040000	-0.0140147042999999999	0.404259594700000002
6234045000	-0.0123959838999999992	0.408324764700000009
6234050000	-0.0113953887	0.404311798499999986
6234055000	-0.00656383200000000035	0.408274818400000017
6234060000	-0.00893846430000000067	0.409070280800000019
6234065000	-0.0132659128999999994	0.405885162299999991
6234070000	-0.00776878070000000011	0.409412359299999973
6234075000	-0.00620279250000000011	0.405501106599999994
6234080000	-0.00736064259999999991	0.408116156999999979
6234085000	-0.00780407199999999957	0.403485621800000027
6234090000	-0.00373098829999999985	0.406316893700000015
6234095000	-0.00344858870000000007	0.403915293100000017
6234100000	-0.000752485700000000025	0.406197006000000027
6234105000	-0.00360402800000000001	0.408874558100000007
6234110000	-0.00457962769999999998	0.404753761200000006
6234115000	-0.00323035859999999979	0.408006742099999986
6234120000	0.00144685689999999993	0.407889168099999977
6234125000	0.000375756700000000007	0.406082442300000013
6234130000	0.000680878299999999989	0.407580208100000008
6234135000	0.00499401749999999964	0.407677311699999989
6234140000	0.000643058699999999976	0.406795910699999985
6234145000	0.00207334749999999986	0.407865193199999976
6234150000	0.00216306939999999981	0.405865842899999996
6234155000	0.00571699199999999973	0.407063900099999987
6234160000	0.00315054389999999988	0.403319379300000003
6234165000	0.00442114709999999987	0.407044632600000011
6234170000	0.00303614270000000016	0.408601796299999986
6234175000	0.00609867850000000034	0.406261047900000005
6234180000	0.00675320190000000022	0.406689069000000014
6234185000	0.00810017879999999982	0.409332168499999982
6234190000	0.00813135029999999953	0.405510678199999974
6234195000	0.00737953310000000022	0.405346757800000013
6234200000	0.0100469274000000008	0.402081513499999987
6234205000	0.00604641830000000012	0.404750315299999996
6234210000	0.0110110290000000003	0.405759310300000009
6234215000	0.0122481525999999993	0.407360885999999978
6234220000	0.0129587920999999998	0.405341106999999978
6234225000	0.0156793364999999983	0.404105168199999976
6234230000	0.0158350774000000014	0.408352974199999996
6234235000	0.0141917055000000004	0.405758009099999983
6234240000	0.0151717364	0.406739062599999979
6234245000	0.0132731637	0.406906885900000015
6234250000	0.0188874664999999983	0.405500646700000023
6234255000	0.0180108276000000012	0.405300012099999996
6234260000	0.0167752806000000011	0.409838688999999978
6234265000	0.0199450889999999992	0.407408335600000004
6234270000	0.0188498048000000015	0.409232767100000006
6234275000	0.0218171831999999996	0.411059170400000007
6234280000	0.0196890373	0.406856398299999977
6234285000	0.0217726110000000007	0.407452639000000005
6234290000	0.0273776859000000004	0.402659101000000019
6234295000	0.0205180854000000003	0.405033419299999975
6234300000	0.0229600684999999999	0.40552263030000002
6234305000	0.0283479402999999991	0.409652807100000016
6234310000	0.0291695918999999998	0.407416329899999985
6234315000	0.0267608042999999997	0.406331776099999986
6234320000	0.0261693680999999997	0.406043683200000005
6234325000	0.0292909416999999998	0.403799124499999995
6234330000	0.0307563313999999997	0.404396801299999997
6234335000	0.0322039969999999981	0.404485971900000019
6234340000	0.0321174392000000003	0.407690789300000023
6234345000	0.0336191751999999969	0.406792628300000014
6234350000	0.0328983246000000007	0.404852171900000002
6234355000	0.035298105199999999	0.407275003999999996
6234360000	0.0328559775000000012	0.406536645699999977
6234365000	0.0331883990000000004	0.408880430199999978
6234370000	0.0347301638999999995	0.407071785600000013
6234375000	0.0363681951000000003	0.406815952300000006
6234380000	0.0343300233999999996	0.403968755299999982
6234385000	0.0339375155000000012	0.405899127299999996
6234390000	0.0386679693000000005	0.406343829499999976
6234395000	0.0368703422000000031	0.407693885099999986
6234400000	0.0393943277000000022	0.407192654599999981
6234405000	0.0402901493000000013	0.406124927199999985
6234410000	0.0426858193999999982	0.407474881899999974
6234415000	0.0389563295999999989	0.40492368849999999
6234420000	0.0388332942	0.406543723299999993
6234425000	0.0432437483000000025	0.406681235899999993
6234430000	0.044395059399999999	0.405656805999999981
6234435000	0.0465716397000000004	0.402746389199999999
6234440000	0.0451063982000000016	0.404848322099999991
6234445000	0.0479343295999999988	0.407561423699999981
6234450000	0.0469189304000000029	0.404668840299999999
6234455000	0.0469876106000000002	0.404872828000000018
6234460000	0.0465240376999999997	0.403446408199999995
6234465000	0.0527923222999999997	0.407360410700000009
6234470000	0.0517941038999999992	0.404465138700000004
6234475000	0.0513833217999999994	0.406467615200000021
6234480000	0.0527167919999999984	0.40731984160000001
6234485000	0.0547348203000000005	0.403845206800000023
6234490000	0.0534481652000000015	0.402298294200000017
6234495000	0.0507827882999999994	0.408459051199999978
6234500000	0.0493561845999999985	0.406650302500000005
6234505000	0.0553774865000000033	0.406881180200000026
6234510000	0.0574107514000000013	0.405718175800000025
6234515000	0.0567395242999999966	0.402852776000000024
6234520000	0.0581155855999999985	0.40530134470000001
6234525000	0.0578154068999999979	0.40739904859999998
6234530000	0.0599584259000000008	0.405785765099999973
6234535000	0.0619791431000000018	0.404091460700000016
6234540000	0.0635487705000000042	0.406707371300000009
6234545000	0.060354617800000003	0.40483729089999998
6234550000	0.0627525547000000045	0.40227237389999998
6234555000	0.0662185586999999992	0.402448564700000011
6234560000	0.0644044648999999997	0.403905175299999974
6234565000	0.0663731961000000037	0.404351679600000014
6234570000	0.0683752029000000011	0.402044366300000011
6234575000	0.0708625209000000034	0.403312725400000016
6234580000	0.068868007600000003	0.403747524099999977
6234585000	0.0675939896000000012	0.406676798700000008
6234590000	0.0679292880999999987	0.402243510099999979
6234595000	0.0699400555999999951	0.404069599999999973
6234600000	0.070253501600000004	0.402085819000000011
6234605000	0.0732981902999999962	0.403812813800000003
6234610000	0.0734683874999999958	0.405213746500000027
6234615000	0.0741047137999999994	0.407064672299999986
6234620000	0.0755765672999999943	0.402075221500000024
6234625000	0.0755015103999999992	0.405791730799999972
6234630000	0.0775954606999999935	0.405047698199999973
6234635000	0.0767504440999999954	0.402125634700000012
6234640000	0.0781683865000000061	0.400470316400000026
6234645000	0.0787134636000000054	0.404896448299999989
6234650000	0.0813021832999999972	0.399466195099999977
6234655000	0.0804394424999999996	0.406287417599999978
6234660000	0.0795229841999999937	0.399972447800000019
6234665000	0.0859063270000000045	0.405891659700000018
6234670000	0.0789606476000000029	0.400954032199999977
6234675000	0.0834044869999999994	0.400908269799999994
6234680000	0.0822661244999999958	0.397337675300000026
6234685000	0.0853684318000000053	0.400970183599999974
6234690000	0.0869659918999999976	0.402253711399999991
6234695000	0.0806258207000000032	0.400896781300000005
6234700000	0.0863327599000000001	0.399567701800000008
6234705000	0.0879308104000000035	0.399612354999999975
6234710000	0.0896984417000000062	0.400058225200000006
6234715000	0.0894792068999999968	0.397072552700000025
6234720000	0.0928078910000000035	0.402624891400000018
6234725000	0.0940119818000000051	0.398576785200000006
6234730000	0.0915620008999999957	0.3994423748
6234735000	0.0919363123999999976	0.400265033499999978
6234740000	0.0980027859999999945	0.398087137099999988
6234745000	0.0917926091999999999	0.402149335399999974
6234750000	0.0945160983999999982	0.397683514899999979
6234755000	0.0979851850000000024	0.399641799999999991
6234760000	0.0970270587000000018	0.399089391700000018
6234765000	0.101070971199999998	0.395907363000000012
6234770000	0.104317489700000002	0.402892893500000016
6234775000	0.101966722900000001	0.397256475200000014
6234780000	0.102640896400000001	0.398743790499999973
6234785000	0.106302549600000004	0.393889804899999973
6234790000	0.105171266400000005	0.395493813500000013
6234795000	0.104530499099999993	0.393848000600000026
6234800000	0.105159042999999994	0.396495862099999985
6234805000	0.105767386099999999	0.397304428300000012
6234810000	0.110557539699999999	0.392718098399999993
6234815000	0.108562213500000004	0.395548910099999984
6234820000	0.110204307900000006	0.396172809299999984
6234825000	0.113180080299999999	0.398223965100000021
6234830000	0.111818778899999999	0.393660229400000006
6234835000	0.112126762599999999	0.397302904899999976
6234840000	0.112232490599999998	0.39071261060000001
6234845000	0.114895822100000003	0.392507708899999974
6234850000	0.120347340900000002	0.390607471900000003
6234855000	0.117728284000000002	0.391538134599999976
6234860000	0.119260550800000004	0.393909079100000004
6234865000	0.117316891199999995	0.391839361900000016
6234870000	0.118915522600000004	0.393134352500000006
6234875000	0.124976701800000006	0.390646076100000017
6234880000	0.119266159400000002	0.387732345899999997
6234885000	0.122506922099999999	0.38962439069999999
6234890000	0.124120332	0.392649577199999988
6234895000	0.122664378800000001	0.389662108100000015
6234900000	0.122121892600000004	0.387654758499999974
6234905000	0.125248635400000002	0.393568776600000003
6234910000	0.125845235500000013	0.39105240400000002
6234915000	0.129332143799999993	0.388804360299999985
6234920000	0.129440871900000004	0.390497301500000005
6234925000	0.132170639099999987	0.387057743200000026
6234930000	0.13208988490000001	0.387803996099999992
6234935000	0.133738833899999993	0.38708266149999998
6234940000	0.137791197199999993	0.389618517399999975
6234945000	0.137458136099999989	0.387567895200000012
6234950000	0.134222362399999989	0.385018050599999995
6234955000	0.140626193600000005	0.385989042299999974
6234960000	0.141593149000000001	0.384661366000000005
6234965000	0.139821885099999987	0.382802360299999977
6234970000	0.1468318032	0.388744277299999996
6234975000	0.1423412285	0.381563352500000008
6234980000	0.144246170000000007	0.385012263299999991
6234985000	0.142428386800000001	0.379631892000000026
6234990000	0.148582045800000007	0.381792377700000019
6234995000	0.145467011600000001	0.385589187499999986
6235000000	0.148351489800000014	0.384149642100000022
6235005000	0.150211379499999992	0.383266613799999989
6235010000	0.152864528999999999	0.380326740399999974
6235015000	0.153588718900000004	0.380952250300000017
6235020000	0.155581698099999999	0.380802280900000012
6235025000	0.155500412199999993	0.379415315600000025
6235030000	0.155100591199999999	0.38166959239999998
6235035000	0.157520564299999999	0.37826960599999998
6235040000	0.155722217400000001	0.379767522199999985
6235045000	0.156787077200000013	0.376376166700000014
6235050000	0.160194802500000011	0.377175064000000004
6235055000	0.162827862600000012	0.374824761700000009
6235060000	0.158932245700000002	0.371326446099999985
6235065000	0.163756875699999999	0.373083797599999989
6235070000	0.167770069699999996	0.375614733400000012
6235075000	0.168275133399999999	0.370870140100000023
6235080000	0.166542825499999991	0.376521919799999993
6235085000	0.164599106200000012	0.372852037000000025
6235090000	0.171359477700000012	0.372248699199999977
6235095000	0.172360779600000014	0.371517547900000022
6235100000	0.172316849500000008	0.370080037600000022
6235105000	0.173368424599999987	0.369206221700000004
6235110000	0.175014544699999997	0.367665714799999988
6235115000	0.175799002399999987	0.36976700509999999
6235120000	0.175957068800000005	0.365584541400000018
6235125000	0.177048740399999988	0.368269543600000027
6235130000	0.179192274000000012	0.364721684400000024
6235135000	0.181268086200000011	0.364804689100000024
6235140000	0.183326207699999993	0.364233826199999999
6235145000	0.182582217999999991	0.365621712799999998
6235150000	0.182003838100000009	0.358496291000000022
6235155000	0.19064518829999999	0.359257830900000019
6235160000	0.188253091300000008	0.357998631899999975
6235165000	0.185686956799999997	0.360177602099999994
6235170000	0.191560489599999995	0.357251579799999996
6235175000	0.190565444100000009	0.354014966499999972
6235180000	0.197083791000000008	0.353327708500000004
6235185000	0.193176317099999995	0.356895497499999992
6235190000	0.194590145900000011	0.3564365907
6235195000	0.199405292000000012	0.352371500900000023
6235200000	0.197637847499999991	0.353807436600000025
6235205000	0.197786438399999986	0.349082401900000006
6235210000	0.200254226300000004	0.353769484500000009
6235215000	0.202547945199999996	0.347163852200000012
6235220000	0.205471466299999989	0.349748281100000002
6235225000	0.205769569000000013	0.344211411999999994
6235230000	0.207696309299999993	0.347753263899999998
6235235000	0.205146568800000012	0.34098867519999998
6235240000	0.207006045100000008	0.342183235099999983
6235245000	0.211636095800000007	0.339015047800000024
6235250000	0.215510775399999993	0.339277458500000018
6235255000	0.214356772800000012	0.336461853099999986
6235260000	0.216736044999999988	0.339813219499999986
6235265000	0.21377902330000001	0.336529296799999988
6235270000	0.2174135653	0.336028874199999994
6235275000	0.218111664900000002	0.330730189299999977
6235280000	0.221171186200000008	0.330318492000000019
6235285000	0.223374243199999989	0.333347443500000007
6235290000	0.225710874300000003	0.324050871899999982
6235295000	0.222749983699999987	0.329384362900000005
6235300000	0.229718244300000013	0.32248764969999999
6235305000	0.226455782100000003	0.323216036400000017
6235310000	0.232468151099999992	0.322422094900000011
6235315000	0.22973374290000001	0.317951155599999979
6235320000	0.2298405798	0.317823282500000026
6235325000	0.235004773500000014	0.31670554820000002
6235330000	0.233477283099999988	0.313035331400000005
6235335000	0.232333976599999992	0.315248799299999993
6235340000	0.236172375099999998	0.309035998699999981
6235345000	0.240901385100000004	0.309892572099999986
6235350000	0.243139178700000014	0.304815181400000024
6235355000	0.239055593000000011	0.30092377549999999
6235360000	0.241912940399999998	0.303285183899999977
6235365000	0.2434179484	0.301187328699999979
6235370000	0.247837727499999994	0.294199382100000018
6235375000	0.247301176900000003	0.296386486299999974
6235380000	0.246981138999999988	0.292614463400000024
6235385000	0.251278412399999984	0.289268022899999977
6235390000	0.251599777700000027	0.288558114300000002
6235395000	0.250273930400000011	0.284735557899999991
6235400000	0.250273892800000008	0.283258659899999987
6235405000	0.255157946400000002	0.277435203100000027
6235410000	0.256478953999999981	0.275358049800000004
6235415000	0.257482839000000019	0.277566715399999997
6235420000	0.254868973399999976	0.273654819900000013
6235425000	0.25920099219999998	0.267997852300000006
6235430000	0.261576200099999989	0.267642736499999978
6235435000	0.258684540700000021	0.2620248456
6235440000	0.261022107299999973	0.259526494300000021
6235445000	0.261986669100000014	0.254636005800000009
6235450000	0.262608382400000007	0.252555601799999974
6235455000	0.262418892500000001	0.251719277100000027
6235460000	0.266153069600000014	0.24851066220000001
6235465000	0.268859909600000002	0.245612209999999997
6235470000	0.264771692999999975	0.240332704300000005
6235475000	0.268838737900000013	0.241655840900000002
6235480000	0.265211547699999994	0.233331044799999998
6235485000	0.265254277400000016	0.229961475599999993
6235490000	0.26860863610000002	0.230796130799999999
6235495000	0.265420535899999976	0.225000583799999987
6235500000	0.267801392299999996	0.220977904599999997
6235505000	0.267203678900000019	0.214969049800000006
6235510000	0.270224292300000002	0.21210411400000001
6235515000	0.267771570100000023	0.209630250099999998
6235520000	0.26676258479999998	0.206934214300000002
6235525000	0.264267522300000002	0.198210122500000002
6235530000	0.266048764400000026	0.196621120499999996
6235535000	0.266942795999999982	0.188635611600000003
6235540000	0.263091754200000028	0.184829270999999989
6235545000	0.266742207899999972	0.184162117699999989
6235550000	0.262554933300000015	0.176538897700000003
6235555000	0.262733109399999998	0.172750369600000009
6235560000	0.260976393600000023	0.168373436300000012
6235565000	0.262623416700000001	0.165772925500000001
6235570000	0.262828873799999974	0.160295862300000008
6235575000	0.26176039299999998	0.153478438900000014
6235580000	0.260182906200000008	0.150574399400000003
6235585000	0.256968427200000016	0.147975719499999991
6235590000	0.254910564200000023	0.145103658800000007
6235595000	0.250514992599999986	0.137004744900000003
6235600000	0.250889957200000013	0.136449170400000014
6235605000	0.245327781500000008	0.127372570299999988
6235610000	0.239711103199999997	0.124923863999999996
6235615000	0.241062740599999992	0.1189735242
6235620000	0.239038394200000004	0.115893939299999998
6235625000	0.234864964600000004	0.114625335300000006
6235630000	0.229091213900000007	0.110874093300000004
6235635000	0.223630842100000005	0.105870077800000004
6235640000	0.218828217600000013	0.0999055950999999942
6235645000	0.218466105900000013	0.0954688102000000038
6235650000	0.213535465499999993	0.0953256636999999935
6235655000	0.210053933500000012	0.0907554007000000024
6235660000	0.206675980399999987	0.0901958219000000005
6235665000	0.204355127100000006	0.0831192417999999933
6235670000	0.199241743100000007	0.0794760350000000004
6235675000	0.192663449200000003	0.0768295861999999941
6235680000	0.186211107999999986	0.0721568295000000054
6235685000	0.185558972200000005	0.0715715231000000063
6235690000	0.176972969199999997	0.0706825182999999968
6235695000	0.169214705599999987	0.0676262682000000059
6235700000	0.16558199400000001	0.0640796025999999935
6235705000	0.166757309100000001	0.0618823474000000026
6235710000	0.154368510900000006	0.0588279718999999979
6235715000	0.147735345600000012	0.0601282931000000007
6235720000	0.139513425999999996	0.0611050335999999972
6235725000	0.135493848899999991	0.0569874376999999974
6235730000	0.131002609200000009	0.0562254304999999996
6235735000	0.126200113000000003	0.053486414000000003
6235740000	0.117831177600000003	0.0590277525000000025
6235745000	0.114417387800000006	0.0566564650999999975
6235750000	0.110069611600000006	0.0549047792999999978
6235755000	0.103963663999999997	0.0565533705999999997
6235760000	0.0969359746999999966	0.0558271837999999992
6235765000	0.0935038272000000004	0.0604943623
6235770000	0.087754993200000006	0.0575723434000000034
6235775000	0.0761022744999999973	0.0593854584000000005
6235780000	0.0754738531000000018	0.0627615006000000059
6235785000	0.070457654699999997	0.0632199492999999946
6235790000	0.064227663500000004	0.0628184348999999975
6235795000	0.0629923577999999956	0.0640428952999999995
6235800000	0.0541624521000000012	0.0692444507000000015
6235805000	0.0476407272999999978	0.0704121506999999952
6235810000	0.0464213292	0.074456578999999995
6235815000	0.0381159053000000025	0.0797821610000000042
6235820000	0.0362035349000000006	0.0794142865000000003
6235825000	0.0334655998999999968	0.0810840220000000056
6235830000	0.0281725565000000011	0.0865601926999999965
6235835000	0.0181851727999999997	0.0891332524000000015
6235840000	0.0213259704999999994	0.0888981251999999972
6235845000	0.0163098384999999999	0.0950012514000000002
6235850000	0.0136433961999999995	0.095681371799999998
6235855000	0.00856059449999999923	0.101018638100000002
6235860000	0.00626357700000000021	0.107105476899999996
6235865000	0.00377544339999999999	0.110515244100000007
6235870000	-0.000634323400000000033	0.111685187800000002
6235875000	-0.00412090229999999974	0.117296146000000004
6235880000	-0.00685760980000000003	0.1130802796
6235885000	-0.00840399759999999919	0.124258391100000004
6235890000	-0.00771199590000000001	0.12822618420000001
6235895000	-0.0126673784000000001	0.129046294499999992
6235900000	-0.0146661325999999995	0.135735178399999989
6235905000	-0.0176400318999999986	0.139242112000000001
6235910000	-0.0180820109999999985	0.14380959439999999
6235915000	-0.0212818591999999994	0.141619595300000012
6235920000	-0.0223765047999999987	0.152490311900000008
6235925000	-0.0238223218999999986	0.155872854100000013
6235930000	-0.0220624110999999984	0.153670979399999991
6235935000	-0.0257608803000000004	0.158529505099999996
6235940000	-0.0266493416000000011	0.164649763300000002
6235945000	-0.0242752091000000003	0.168149482200000006
6235950000	-0.0281866201000000004	0.171090442199999998
6235955000	-0.0261476421000000001	0.176339030799999991
6235960000	-0.0314944189000000013	0.179674955100000006
6235965000	-0.0306453349000000014	0.184411931899999992
6235970000	-0.0309486333000000002	0.183715862300000005
6235975000	-0.0269604306000000016	0.18860550949999999
6235980000	-0.0321051955999999972	0.1911086699
6235985000	-0.0260077582000000015	0.195261510199999988
6235990000	-0.0298502050000000012	0.197616495800000014
6235995000	-0.027618410999999999	0.201135245900000009
6236000000	-0.0286583862000000002	0.206743488499999989
6236005000	-0.0316234897000000001	0.209722017600000005
6236010000	-0.0306572804999999983	0.209369285099999997
6236015000	-0.0299217971000000013	0.212634454899999992
6236020000	-0.0288159410000000012	0.211303052200000008
6236025000	-0.0252474367000000005	0.218885964300000013
6236030000	-0.0267373680000000009	0.217996848599999987
6236035000	-0.0258491328000000006	0.225523879199999999
6236040000	-0.0305648027999999988	0.227968372899999994
6236045000	-0.0275304705999999989	0.230731414200000012
6236050000	-0.0271165584000000008	0.2337051094
6236055000	-0.0244745552999999991	0.234466166400000009
6236060000	-0.0250347671000000008	0.238574130500000009
6236065000	-0.0282487553000000009	0.237147564100000013
6236070000	-0.0282738234999999997	0.240136514699999998
6236075000	-0.0231281498999999988	0.245941195299999998
6236080000	-0.0207676379000000001	0.248964787500000007
6236085000	-0.0211121381000000004	0.250504681800000017
6236090000	-0.0192504468999999991	0.25321382349999999
6236095000	-0.0204764735999999996	0.251938035999999976
6236100000	-0.0170711758999999991	0.254364294099999999
6236105000	-0.0182606872000000003	0.259324723099999987
6236110000	-0.0137317545000000003	0.25782439439999999
6236115000	-0.0137922696000000004	0.266506072099999991
6236120000	-0.0119058867999999995	0.265991776399999991
6236125000	-0.0143176680000000004	0.263976632200000005
6236130000	-0.0122335164	0.266230245799999987
6236135000	-0.0144791100999999995	0.269889041399999974
6236140000	-0.0106691705000000001	0.26980062370000002
6236145000	-0.0133217807000000008	0.275673169900000015
6236150000	-0.00904359750000000018	0.275602622000000019
6236155000	-0.00410510339999999984	0.275205477899999995
6236160000	-0.00449580059999999965	0.278162575799999978
6236165000	-0.00283087989999999999	0.276932506999999994
6236170000	-0.00363612120000000004	0.279902895099999993
6236175000	-0.00399437490000000006	0.28033612400000002
6236180000	-0.00100441700000000007	0.285922997199999973
6236185000	-0.00142639700000000004	0.286865420199999999
6236190000	0.0010046708000000001	0.284691953499999983
6236195000	0.00484774990000000003	0.288787991399999999
6236200000	-0.00193338020000000002	0.290422209799999997
6236205000	0.00461453700000000015	0.289815963200000026
6236210000	0.00726799740000000014	0.293821449600000006
6236215000	0.00666155090000000033	0.291112348199999982
6236220000	0.00648253150000000031	0.291094612099999983
6236225000	0.00670310939999999977	0.29754038599999999
6236230000	0.0119235565999999994	0.29907654290000002
6236235000	0.0143987830999999997	0.295972439500000017
6236240000	0.0147766927999999995	0.300225311900000014
6236245000	0.0146259826999999999	0.302476888300000024
6236250000	0.0166712465999999983	0.299848475499999989
6236255000	0.0180802901000000002	0.30169275299999998
6236260000	0.017158829300000001	0.305016562200000008
6236265000	0.0194540948999999998	0.304195229199999972
6236270000	0.0228523067999999996	0.304523910000000009
6236275000	0.0198408579000000015	0.304260024299999987
6236280000	0.0195170310000000007	0.306337037300000004
6236285000	0.0209977696999999984	0.306335170800000001
6236290000	0.0271861810000000002	0.309313959500000013
6236295000	0.0241097777000000013	0.312286335299999995
6236300000	0.0292517514000000013	0.31001009169999999
6236305000	0.0262726931000000011	0.310320275199999995
6236310000	0.027957748000000001	0.313443793799999981
6236315000	0.0288350841999999996	0.314470069600000013
6236320000	0.0311788589999999997	0.312035172400000005
6236325000	0.0331548753999999987	0.312736961799999991
6236330000	0.0304532588999999985	0.314533930999999989
6236335000	0.033368202700000002	0.316603943499999985
6236340000	0.0372036235999999992	0.318173737899999975
6236345000	0.0357141189000000012	0.315881151000000027
6236350000	0.0377142360999999995	0.315749518100000015
6236355000	0.0396176468000000032	0.314272123199999975
6236360000	0.0409744946000000013	0.318713241599999975
6236365000	0.0420524716000000021	0.322473713900000014
6236370000	0.0433031575000000016	0.323844667500000016
6236375000	0.0457402422999999975	0.320885292499999975
6236380000	0.0466108255000000013	0.323262932999999975
6236385000	0.0454500924000000028	0.322812067500000022
6236390000	0.0434607621000000013	0.32189376660000002
6236395000	0.0442286298999999966	0.322340108100000022
6236400000	0.0502115823000000017	0.321520466000000005
6236405000	0.0492226147000000003	0.324792159199999986
6236410000	0.050772250900000003	0.325465789100000014
6236415000	0.050530254099999998	0.326536998500000009
6236420000	0.0547923254000000012	0.326422629500000006
6236425000	0.0518316153000000016	0.327451194200000018
6236430000	0.0538654453000000019	0.327034240500000017
6236435000	0.0549321988999999997	0.331413741699999986
6236440000	0.0586266578999999968	0.327939087000000018
6236445000	0.0596581361000000018	0.326401160199999985
6236450000	0.0577939042999999972	0.332614180199999998
6236455000	0.0617299290999999972	0.32924283809999999
6236460000	0.0621373814999999982	0.325946605399999978
6236465000	0.0618018343999999983	0.330416571200000009
6236470000	0.0594019532999999975	0.333417340999999978
6236475000	0.0642730623999999973	0.330617148699999974
6236480000	0.0666211867000000013	0.331256135200000024
6236485000	0.0656625093999999992	0.3312798468
6236490000	0.0668636558000000047	0.332037373199999986
6236495000	0.0718525145000000059	0.329637518000000018
6236500000	0.0734576358999999984	0.333383704399999981
6236505000	0.0692697830999999958	0.335397939400000011
6236510000	0.0721885760000000043	0.333787393599999982
6236515000	0.0737372976999999957	0.3312903076
6236520000	0.0756153739999999991	0.33391791799999998
6236525000	0.0761482170000000042	0.334286459400000013
6236530000	0.0718605999000000023	0.336072238099999976
6236535000	0.0729571215999999939	0.338238515000000017
6236540000	0.0766757670000000058	0.335404377500000017
6236545000	0.0817283072999999971	0.335208204399999987
6236550000	0.0801389138000000029	0.336841703800000003
6236555000	0.0806142814000000013	0.3344331096
6236560000	0.0828312540000000069	0.337038976800000001
6236565000	0.0832681244999999987	0.334043828300000012
6236570000	0.0829205716000000065	0.336585754899999978
6236575000	0.0840866804999999967	0.334283276100000026
6236580000	0.0853422508000000052	0.339391360799999986
6236585000	0.0858192645000000059	0.337332378699999991
6236590000	0.0863966060999999952	0.335557231199999972
6236595000	0.0881543602000000037	0.338379401400000002
6236600000	0.0921209694999999967	0.338258238699999991
6236605000	0.0887080088000000017	0.337313728899999998
6236610000	0.0916619951999999988	0.336366491200000006
6236615000	0.0916266572999999973	0.340189721300000025
6236620000	0.0945357921000000018	0.338799722999999997
6236625000	0.0931231790000000004	0.336109565499999985
6236630000	0.0941986826999999943	0.341092665299999986
6236635000	0.0944096668	0.340254524800000013
6236640000	0.0976600155000000025	0.33602844300000001
6236645000	0.0980829804000000055	0.341722393800000024
6236650000	0.0948888340000000052	0.342105867900000027
6236655000	0.101681883400000006	0.336187593100000015
6236660000	0.0982006027999999948	0.340459565999999991
6236665000	0.101062778199999995	0.343690475200000012
6236670000	0.102093086099999994	0.340652963600000025
6236675000	0.103537682800000003	0.337621582799999986
6236680000	0.108681774600000003	0.337398790399999982
6236685000	0.106356579800000003	0.33697528630000001
6236690000	0.104988501900000003	0.337764340699999999
6236695000	0.105520427299999997	0.339297443500000018
6236700000	0.106272671400000004	0.338277129200000026
6236705000	0.107065525199999997	0.338513791000000008
6236710000	0.105572696699999996	0.339090636399999978
6236715000	0.109912392100000006	0.339351999299999985
6236720000	0.110192075799999997	0.339838448999999987
6236725000	0.110567504799999994	0.336994814699999978
6236730000	0.109441202400000007	0.337842170900000016
6236735000	0.113433734300000005	0.334632563400000027
6236740000	0.112925747699999995	0.34170542009999999
6236745000	0.114132120200000006	0.340399499400000027
6236750000	0.115729547200000005	0.341241566100000004
6236755000	0.114124562900000004	0.337761448999999991
6236760000	0.115625692500000002	0.343107353700000006
6236765000	0.116520626899999993	0.339408700000000008
6236770000	0.119093835300000006	0.339118447900000008
6236775000	0.122083776899999996	0.340167114499999979
6236780000	0.119776346399999997	0.338673225899999986
6236785000	0.122646759499999994	0.338682214699999984
6236790000	0.123397322599999998	0.339352133300000025
6236795000	0.122988546899999995	0.341661584299999987
6236800000	0.118852236400000005	0.341861147699999979
6236805000	0.125993342199999997	0.340818745300000003
6236810000	0.1241947474	0.339561396800000026
6236815000	0.123399297000000005	0.337951484199999985
6236820000	0.124574343700000006	0.339926769500000003
6236825000	0.129062201900000006	0.340493040600000019
6236830000	0.125468926700000011	0.338104303699999997
6236835000	0.129832407600000005	0.338280912200000006
6236840000	0.132894082400000002	0.336274319400000021
6236845000	0.129671539499999988	0.340175467000000009
6236850000	0.128038950000000012	0.338101931799999977
6236855000	0.128902738399999994	0.335541977800000002
6236860000	0.130045262999999994	0.339786022000000021
6236865000	0.135085614200000009	0.338844523700000011
6236870000	0.135478487199999997	0.334691327400000016
6236875000	0.13248056829999999	0.338860537000000017
6236880000	0.137464741899999993	0.340284464700000011
6236885000	0.139624367299999996	0.33972812899999999
6236890000	0.141351991799999993	0.339982097500000024
6236895000	0.141003319099999996	0.335796527999999983
6236900000	0.13633804020000001	0.338938891700000022
6236905000	0.139427990800000012	0.341382976200000021
6236910000	0.140736425400000004	0.338985854199999992
6236915000	0.139914481499999993	0.335549707400000008
6236920000	0.138721720999999992	0.336174967800000002
6236925000	0.143933966999999996	0.340433501000000027
6236930000	0.143259794699999998	0.337218737499999976
6236935000	0.143581842999999987	0.335077993199999979
6236940000	0.146980639699999999	0.337786478499999987
6236945000	0.147428748199999987	0.333600890500000025
6236950000	0.149668450099999989	0.3410128194
6236955000	0.146088120399999993	0.334986391800000005
6236960000	0.145041528400000008	0.335659795500000024
6236965000	0.146821571799999995	0.33729280690000002
6236970000	0.148025140199999988	0.341227798999999998
6236975000	0.149630011099999988	0.339293403800000004
6236980000	0.147079350500000011	0.337092640499999985
6236985000	0.148488007300000002	0.332196226099999992
6236990000	0.151649999000000008	0.336845514100000021
6236995000	0.149569888300000009	0.338145466900000025
6237000000	0.153033512300000007	0.335348755900000017
6237005000	0.156145148000000011	0.334641998200000013
6237010000	0.15279126400000001	0.336581064400000018
6237015000	0.158331883600000001	0.339535611700000017
6237020000	0.15925732649999999	0.336729475100000009
6237025000	0.158108663799999993	0.336570512900000007
6237030000	0.159840291699999998	0.335477301999999977
6237035000	0.157222823399999989	0.336671494700000018
6237040000	0.157635365	0.330964181400000002
6237045000	0.158105974099999991	0.3339172272
6237050000	0.159529292900000008	0.334757693500000009
6237055000	0.161593200200000009	0.335605931799999979
6237060000	0.159035872100000003	0.336169056999999993
6237065000	0.162637130600000013	0.332652649000000022
6237070000	0.161688238799999995	0.333239286600000018
6237075000	0.167875482999999992	0.334758514200000024
6237080000	0.16571784249999999	0.333714445299999996
6237085000	0.163009211099999995	0.331728070200000003
6237090000	0.169243658299999988	0.332809067999999986
6237095000	0.167165521399999989	0.335728294900000002
6237100000	0.166798681899999995	0.33258470200000001
6237105000	0.16550820120000001	0.335382842700000017
6237110000	0.166151927499999991	0.334819644000000027
6237115000	0.168419793900000003	0.329850158999999976
6237120000	0.169878684000000002	0.331272943900000005
6237125000	0.17167209289999999	0.333350884000000014
6237130000	0.168477617699999999	0.332390674399999975
6237135000	0.172326482100000011	0.331923227499999973
6237140000	0.172140655400000009	0.327892088799999981
6237145000	0.173003869700000007	0.332439565599999987
6237150000	0.17196454650000001	0.330957314200000019
6237155000	0.171929036899999999	0.32866989000000002
6237160000	0.174382440199999988	0.329306706200000021
6237165000	0.174560410999999999	0.330692975300000025
6237170000	0.176416498499999991	0.333441739000000015
6237175000	0.175088495300000008	0.330335736800000002
6237180000	0.176545088999999988	0.32937231979999998
6237185000	0.178070630899999999	0.32914268200000002
6237190000	0.179880134299999994	0.327247195200000007
6237195000	0.180154195299999986	0.332127093799999995
6237200000	0.176362970199999997	0.329846250900000026
6237205000	0.178121555099999995	0.328748453499999982
6237210000	0.180158157099999994	0.33113615289999998
6237215000	0.182690405299999997	0.328246966899999992
6237220000	0.179784998499999987	0.328611978000000027
6237225000	0.180974958200000008	0.326767609299999984
6237230000	0.181887019300000008	0.329260492899999979
6237235000	0.18154959679999999	0.328124133099999993
6237240000	0.185923409799999995	0.328048053299999975
6237245000	0.188196672799999992	0.328470091899999983
6237250000	0.188756743100000013	0.329436749799999984
6237255000	0.187045704300000004	0.327689311500000025
6237260000	0.186784118700000001	0.327154797300000022
6237265000	0.186332169800000003	0.329210889399999984
6237270000	0.186527315199999988	0.327694943100000025
6237275000	0.194183393700000012	0.327384931599999984
6237280000	0.187917200899999998	0.325580357699999989
6237285000	0.190314721299999989	0.325142284499999989
6237290000	0.191747889000000005	0.323708467100000008
6237295000	0.188532318599999998	0.323411146199999999
6237300000	0.195576868300000012	0.326256243999999973
6237305000	0.191196982999999987	0.324128611499999997
6237310000	0.193770548900000006	0.324085382799999988
6237315000	0.192508115499999993	0.324838028800000012
6237320000	0.193520938300000001	0.325409586699999975
6237325000	0.192466972900000005	0.324373325800000001
6237330000	0.1926508267	0.324297609499999973
6237335000	0.197695451500000008	0.321914570499999997
6237340000	0.197981578800000002	0.325911797399999981
6237345000	0.199336372900000003	0.325087108499999999
6237350000	0.200454671299999998	0.322818005399999997
6237355000	0.194239968000000013	0.325377897500000013
6237360000	0.19835062240000001	0.32508841970000002
6237365000	0.198616433000000009	0.323560821300000023
6237370000	0.197269852100000004	0.324756260399999996
6237375000	0.203061444499999993	0.323965439500000008
6237380000	0.197992007599999992	0.321992274199999984
6237385000	0.201791365499999986	0.325495548400000001
6237390000	0.202368298700000004	0.323250434799999986
6237395000	0.20326246919999999	0.321799560900000003
6237400000	0.205786134799999992	0.321944462300000012
6237405000	0.206437900400000013	0.319533794199999999
6237410000	0.204083271900000002	0.324006612799999982
6237415000	0.205534005200000008	0.324324658099999996
6237420000	0.207486537299999996	0.319985676100000005
6237425000	0.209364591999999988	0.319424685500000027
6237430000	0.207322524600000002	0.321601726899999996
6237435000	0.206436628900000002	0.318083263499999991
6237440000	0.208154963199999987	0.32046414849999999
6237445000	0.211204074999999991	0.319893908599999999
6237450000	0.210221243299999999	0.316736394699999979
6237455000	0.2094999414	0.317348463500000011
6237460000	0.211765753700000003	0.318837822100000001
6237465000	0.21103614879999999	0.318598314499999979
6237470000	0.207380346900000012	0.318509398599999993
6237475000	0.210296838600000008	0.318816643800000021
6237480000	0.216069600899999992	0.316335298099999995
6237485000	0.212681632399999987	0.315830115199999983
6237490000	0.2113026083	0.314213451500000018
6237495000	0.212753424999999996	0.3146284419
6237500000	0.217085627700000006	0.317742894800000009
6237505000	0.21907962210000001	0.312984998800000025
6237510000	0.217563669999999987	0.315473161000000002
6237515000	0.218549185499999993	0.311415977800000021
6237520000	0.219054121800000001	0.315809267900000024
6237525000	0.219586693400000005	0.314780222900000017
6237530000	0.216270020899999998	0.312109044900000021
6237535000	0.220177014300000001	0.315026164300000022
6237540000	0.2157945483	0.310163221699999991
6237545000	0.218051292499999994	0.31606080390000002
6237550000	0.221677437700000007	0.314887095399999983
6237555000	0.220606852999999992	0.311742805800000022
6237560000	0.222061244800000002	0.313875876900000017
6237565000	0.2230464224	0.313876161499999973
6237570000	0.219971881099999989	0.310677534300000002
6237575000	0.226915758400000001	0.311617824900000007
6237580000	0.221330607699999987	0.312383540500000001
6237585000	0.222246332699999993	0.310320878999999994
6237590000	0.227431280099999994	0.311067647700000005
6237595000	0.229827247799999995	0.309578218999999988
6237600000	0.226455698600000005	0.310982292699999996
6237605000	0.224170140600000012	0.309753422200000017
6237610000	0.226562688300000009	0.309912938400000004
6237615000	0.228061313099999996	0.312784944999999981
6237620000	0.231526902300000004	0.312753716199999976
6237625000	0.228747335800000007	0.31247793330000001
6237630000	0.228940780499999996	0.306367054500000013
6237635000	0.230247814500000009	0.309335320899999988
6237640000	0.228313326900000002	0.304932449100000003
6237645000	0.23329884649999999	0.311356074199999999
6237650000	0.233709889100000012	0.308407419000000016
6237655000	0.231974463900000011	0.305315698299999994
6237660000	0.231928594099999996	0.307129839700000018
6237665000	0.235976980899999994	0.307732199599999978
6237670000	0.234529696499999996	0.306631641999999982
6237675000	0.232906178800000002	0.30308398419999999
6237680000	0.235716739099999989	0.308336021000000016
6237685000	0.236411419499999997	0.304395057299999994
6237690000	0.235303107799999994	0.302787214199999988
6237695000	0.235295449600000012	0.305641513300000001
6237700000	0.232428707000000012	0.305962073399999979
6237705000	0.237078460500000004	0.303235557699999991
6237710000	0.237838592900000007	0.301208274200000015
6237715000	0.238175085799999992	0.301893556499999993
6237720000	0.239331424099999995	0.30245484290000002
6237725000	0.240426351199999999	0.303006312800000011
6237730000	0.239581313200000007	0.304935113899999999
6237735000	0.238785192300000004	0.303825996599999981
6237740000	0.240777858000000011	0.301804341699999978
6237745000	0.23984040949999999	0.305078331699999983
6237750000	0.244559149700000006	0.303022983999999995
6237755000	0.242914351599999995	0.306394851099999976
6237760000	0.242908007000000009	0.301924134600000005
6237765000	0.241325935399999997	0.299104512499999975
6237770000	0.2440535016	0.301421545800000024
6237775000	0.242244584600000007	0.298936694700000005
6237780000	0.24207810460000001	0.300157065700000003
6237785000	0.242707602800000005	0.302501522600000017
6237790000	0.244421929700000012	0.30048158749999998
6237795000	0.243341327400000002	0.299245202400000021
6237800000	0.246852709599999998	0.297146811200000027
6237805000	0.247783593699999999	0.301184749899999993
6237810000	0.252232997100000023	0.300828842500000027
6237815000	0.249502456799999994	0.296854660699999995
6237820000	0.245874846899999999	0.303358124100000015
6237825000	0.248927872999999994	0.294770462999999983
6237830000	0.244438617699999999	0.298553060300000006
6237835000	0.247368879000000014	0.297651675000000004
6237840000	0.253735915899999998	0.298005095499999983
6237845000	0.253758679699999989	0.292432092699999979
6237850000	0.250815903700000009	0.296634062199999993
6237855000	0.24870177269999999	0.294751976000000027
6237860000	0.255269944000000026	0.294363966899999996
6237865000	0.253780161100000012	0.29424256230000001
6237870000	0.251708928499999984	0.291588883099999974
6237875000	0.252901866400000008	0.293620371499999977
6237880000	0.251109311200000018	0.293147979800000014
6237885000	0.254928667499999984	0.293104983799999996
6237890000	0.253698639700000006	0.290708069399999991
6237895000	0.255098815599999973	0.292370298899999992
6237900000	0.256733385400000014	0.292654560299999977
6237905000	0.256447017399999977	0.28999930359999998
6237910000	0.255013464199999984	0.289824708499999972
6237915000	0.257587873600000017	0.289946625399999991
6237920000	0.255044027900000025	0.291300164899999992
6237925000	0.259328216300000025	0.291175121799999992
6237930000	0.258466441699999994	0.290145050800000026
6237935000	0.264216021700000026	0.291329142900000004
6237940000	0.256579651299999989	0.290312489399999984
6237945000	0.259756665100000006	0.287838690800000019
6237950000	0.262633194299999984	0.291590991299999991
6237955000	0.265134361799999996	0.287306184999999992
6237960000	0.259833142999999989	0.287327461900000025
6237965000	0.262696204499999975	0.287506979100000004
6237970000	0.260836538200000023	0.292054250100000024
6237975000	0.262333350099999973	0.289981006400000019
6237980000	0.265268004900000021	0.283569692900000003
6237985000	0.263329083100000028	0.282274287499999998
6237990000	0.26504122870000002	0.286960131600000001
6237995000	0.263257748899999977	0.28333184119999999
6238000000	0.262919550700000004	0.288024812100000027
6238005000	0.267443661700000002	0.285440058800000007
6238010000	0.267086664600000023	0.280773143200000019
6238015000	0.266260601500000027	0.286780771800000001
6238020000	0.268265773599999979	0.283702965600000023
6238025000	0.268022119999999975	0.285077334399999993
6238030000	0.267388150699999994	0.283938342600000004
6238035000	0.268644907900000007	0.286986274500000027
6238040000	0.265088561800000011	0.282894321100000012
6238045000	0.269169049100000002	0.280183944299999987
6238050000	0.267642306599999991	0.284511520100000026
6238055000	0.269287366099999981	0.277952495199999983
6238060000	0.271410947199999975	0.277795193300000021
6238065000	0.272355388500000017	0.276720325699999992
6238070000	0.272889484100000024	0.278255752500000009
6238075000	0.271200200200000019	0.280527341500000027
6238080000	0.27671288690000001	0.279494464399999976
6238085000	0.274960357499999974	0.281504187399999994
6238090000	0.27324825530000002	0.278062258000000007
6238095000	0.273815413100000016	0.283114104300000002
6238100000	0.275614405299999976	0.278132857600000005
6238105000	0.271486477900000023	0.277670066900000012
6238110000	0.272918947299999992	0.277538061599999997
6238115000	0.273725766599999976	0.275818554499999979
6238120000	0.276307579099999978	0.280593078800000006
6238125000	0.276047705500000018	0.278627082500000012
6238130000	0.276982773399999993	0.274469723100000007
6238135000	0.277410756599999975	0.275052005400000021
6238140000	0.273830532000000015	0.273542143700000018
6238145000	0.279858951899999986	0.275059042600000025
6238150000	0.278933321800000023	0.275443377900000008
6238155000	0.281627032499999985	0.275029676399999978
6238160000	0.283043440199999996	0.27273039939999999
6238165000	0.280119886599999979	0.272920625699999975
6238170000	0.278176831899999977	0.276311009699999999
6238175000	0.281516924800000012	0.269714327600000026
6238180000	0.282859729100000012	0.269291107199999991
6238185000	0.285328860500000003	0.27159860349999998
6238190000	0.27883046979999998	0.268845253700000009
6238195000	0.286381611500000022	0.267938235000000025
6238200000	0.280756627400000014	0.273575685499999999
6238205000	0.283863711399999996	0.268025044099999998
6238210000	0.283465676	0.27061700150000001
6238215000	0.283743250200000019	0.265709313700000005
6238220000	0.284124261200000006	0.270563106399999975
6238225000	0.282610405299999978	0.268550185200000013
6238230000	0.28703533539999998	0.268763797699999973
6238235000	0.284467351400000013	0.270409571399999993
6238240000	0.288708911299999982	0.269735831599999976
6238245000	0.286264542800000021	0.273048378699999983
6238250000	0.288347374099999998	0.266461124100000002
6238255000	0.285675634399999989	0.265372743799999977
6238260000	0.28827299839999998	0.264221567800000001
6238265000	0.287939600999999989	0.269590359499999987
6238270000	0.287672235300000023	0.264264984599999975
6238275000	0.288608677199999997	0.265220636999999981
6238280000	0.288964919200000003	0.266666616999999995
6238285000	0.290059593900000023	0.26605289510000002
6238290000	0.291228633600000009	0.259773595299999993
6238295000	0.294313954200000005	0.265425860899999977
6238300000	0.292604501999999989	0.263336862100000013
6238305000	0.291786215500000001	0.262328382199999988
6238310000	0.29105731709999999	0.264304329000000005
6238315000	0.293334726300000015	0.26076855459999998
6238320000	0.294314207800000005	0.262089286899999996
6238325000	0.29252351729999998	0.261246313900000027
6238330000	0.292016580899999989	0.260214190999999984
6238335000	0.289744380500000009	0.259269328500000007
6238340000	0.294677535499999976	0.258298264100000008
6238345000	0.29504477480000002	0.2561986282
6238350000	0.295889596099999985	0.259445058800000017
6238355000	0.296049444900000014	0.259365765799999981
6238360000	0.297743292300000018	0.25819254559999999
6238365000	0.292053670799999998	0.258386400199999977
6238370000	0.300796583900000025	0.260964554500000001
6238375000	0.297924058200000008	0.25737299520000001
6238380000	0.296742959500000014	0.254395708599999992
6238385000	0.298315744699999996	0.253980153900000005
6238390000	0.300125564800000022	0.257348187399999984
6238395000	0.300269849199999994	0.254468971300000013
6238400000	0.297990443800000004	0.255830318599999995
6238405000	0.299763090299999979	0.257035530800000023
6238410000	0.298096503000000013	0.253140297899999978
6238415000	0.299608005000000011	0.256343047599999985
6238420000	0.301724076299999977	0.253678310500000004
