# freq, I e Q
6233420000	0.103709402399999998	0.0782407133999999949
6233425000	0.0983721070999999947	0.0777550595999999955
6233430000	0.101411141900000001	0.0794952503999999949
6233435000	0.100468897900000007	0.0787593726000000022
6233440000	0.0990088694000000047	0.0828929369000000055
6233445000	0.1015906263	0.0814627601999999978
6233450000	0.0989990505999999992	0.0777504749000000051
6233455000	0.100066329800000006	0.0786218825000000038
6233460000	0.0995013259000000067	0.077468900800000004
6233465000	0.0996990434000000064	0.0793412619000000013
6233470000	0.103345759400000001	0.0807185230999999948
6233475000	0.101159057900000002	0.0782044060999999985
6233480000	0.100440528799999998	0.0791936354999999981
6233485000	0.100102892900000004	0.076704272599999998
6233490000	0.102335643399999995	0.0752034339999999996
6233495000	0.101995153399999997	0.0766552545000000057
6233500000	0.106474167499999994	0.0756283685000000011
6233505000	0.103988061000000007	0.0748958336999999974
6233510000	0.100922784000000001	0.0761189564000000068
6233515000	0.101977514800000002	0.0741847479999999948
6233520000	0.103602013600000001	0.0756378419999999968
6233525000	0.108611855699999996	0.0771105978999999941
6233530000	0.104076688099999995	0.0767884412000000016
6233535000	0.103601757099999997	0.0761536960000000068
6233540000	0.105695629200000002	0.0775443925999999978
6233545000	0.103045500700000001	0.077689898199999996
6233550000	0.103261979700000006	0.0793787165999999961
6233555000	0.101692840699999995	0.0726323534999999965
6233560000	0.104303003300000002	0.074630663599999994
6233565000	0.103642689699999999	0.0733379462999999981
6233570000	0.102689823799999996	0.074444397999999995
6233575000	0.103359258699999998	0.0719970808000000018
6233580000	0.105974329500000006	0.0754169273000000057
6233585000	0.106212241499999999	0.0738880528000000064
6233590000	0.103046109499999997	0.0750527804999999992
6233595000	0.103786170799999994	0.072780460800000002
6233600000	0.10425914	0.0740615151000000027
6233605000	0.102753890900000006	0.0746210102000000042
6233610000	0.102486004699999994	0.0770573566000000015
6233615000	0.106021018800000005	0.0752062664999999936
6233620000	0.101974245599999999	0.075065175900000003
6233625000	0.106780532600000005	0.0727279242999999964
6233630000	0.107000674399999995	0.0699503600999999975
6233635000	0.101032412599999996	0.0720265432999999955
6233640000	0.106103272799999995	0.0692117351999999991
6233645000	0.105111018900000006	0.0704785103999999996
6233650000	0.103702861100000002	0.0712027917000000038
6233655000	0.105600343499999999	0.0701995113999999976
6233660000	0.105743587900000005	0.0701134947999999952
6233665000	0.1041645187	0.0734999293000000026
6233670000	0.107429379800000002	0.0706180247999999983
6233675000	0.106683744999999996	0.0703252342999999974
6233680000	0.103078870399999994	0.0711247690999999987
6233685000	0.108257051399999998	0.0740732340999999961
6233690000	0.107757741099999999	0.0736606702000000002
6233695000	0.107404928299999994	0.0723443176999999937
6233700000	0.104178702100000006	0.0750153816999999945
6233705000	0.106361829399999996	0.0736787914999999932
6233710000	0.113326894400000003	0.0666347941000000055
6233715000	0.105817163500000005	0.0709511929999999957
6233720000	0.110682571699999996	0.0734983688999999996
6233725000	0.1060157293	0.0666139644999999975
6233730000	0.104886193599999997	0.0678609022999999978
6233735000	0.110083533100000006	0.0719574907000000014
6233740000	0.108193460300000002	0.0713843292999999934
6233745000	0.111034232699999999	0.0677446567999999971
6233750000	0.1095941676	0.0706744604999999942
6233755000	0.1099730129	0.068828110900000003
6233760000	0.110384655799999995	0.0697870176000000009
6233765000	0.108357497400000002	0.0688810844000000005
6233770000	0.108388172399999996	0.0698112495999999999
6233775000	0.109413486899999995	0.0684586341999999931
6233780000	0.109850658899999995	0.0692188532999999939
6233785000	0.109964900700000007	0.0673395631999999938
6233790000	0.107888801300000003	0.0681521472999999933
6233795000	0.108080546999999999	0.0667022357999999954
6233800000	0.1074970128	0.0673117470000000051
6233805000	0.108255563499999999	0.0652691323999999989
6233810000	0.110288065899999996	0.0690947343999999963
6233815000	0.108731183100000003	0.0669415441999999944
6233820000	0.109750829899999999	0.0687369312000000038
6233825000	0.108306930699999998	0.0661248371999999945
6233830000	0.107333951699999999	0.0669023625000000066
6233835000	0.110373381399999998	0.0633615309999999987
6233840000	0.108012534899999998	0.0666938752999999968
6233845000	0.111062837400000003	0.0701451352999999944
6233850000	0.108400470700000001	0.0660431384000000066
6233855000	0.115927100500000005	0.0637414122999999944
6233860000	0.107428748500000004	0.0672925553999999954
6233865000	0.112150823400000002	0.0672527524999999987
6233870000	0.109422946600000001	0.0646161224000000034
6233875000	0.111239723999999998	0.0678235554999999934
6233880000	0.111859233500000002	0.0657417118999999994
6233885000	0.112893139099999998	0.0644515028999999989
6233890000	0.113090397699999998	0.063272602499999997
6233895000	0.108508511799999999	0.0630111616999999985
6233900000	0.112614598900000001	0.0664944583999999977
6233905000	0.1124760125	0.0646128661999999937
6233910000	0.1130176653	0.0641988794000000057
6233915000	0.112519313699999998	0.0643541391999999934
6233920000	0.112292067699999998	0.0610630548999999967
6233925000	0.111862540400000002	0.0640045246999999956
6233930000	0.1079920449	0.0626940804000000046
6233935000	0.113221663400000006	0.0616917420000000008
6233940000	0.111273571500000001	0.0596460927000000002
6233945000	0.113449518200000002	0.0641755018000000066
6233950000	0.114920446100000004	0.0621327077999999991
6233955000	0.114389954000000002	0.0623042794999999969
6233960000	0.116460069999999999	0.0666327215000000056
6233965000	0.113699704499999998	0.0598808041999999985
6233970000	0.1149882339	0.0660326393000000011
6233975000	0.110583304199999996	0.0614169921999999993
6233980000	0.116881236200000002	0.0610069084999999983
6233985000	0.115268582100000003	0.0611221662000000013
6233990000	0.113512739900000006	0.0611852174999999998
6233995000	0.117093318000000002	0.0627709416000000048
6234000000	0.112871521500000002	0.0615101440000000027
6234005000	0.114048424499999995	0.0621849732000000002
6234010000	0.113882661600000004	0.0584167641999999987
6234015000	0.112366510500000003	0.0606286169000000014
6234020000	0.116090495599999996	0.0619204009999999999
6234025000	0.110842892200000001	0.0621698451000000027
6234030000	0.115046870800000006	0.0594097702999999977
6234035000	0.1142382745	0.0579643204999999995
6234040000	0.113979776899999996	0.0570362108000000007
6234045000	0.117708271099999998	0.0538309698000000031
6234050000	0.113412658499999999	0.0561552899000000022
6234055000	0.113853463200000005	0.0556388723999999973
6234060000	0.115181149499999996	0.056125187
6234065000	0.116251010599999996	0.0564674015000000001
6234070000	0.115114074699999999	0.0596502864999999965
6234075000	0.118106174100000003	0.0557476661000000026
6234080000	0.118085315199999999	0.0579932413999999993
6234085000	0.114647506900000001	0.0560810289000000031
6234090000	0.116599353899999994	0.0543833579999999997
6234095000	0.117633824400000003	0.0588628917999999973
6234100000	0.1185361791	0.0595404854000000025
6234105000	0.112112132599999997	0.0562772341999999981
6234110000	0.116943502099999999	0.0587145923
6234115000	0.116490387200000003	0.0554523644999999968
6234120000	0.114248159700000004	0.055421764200000001
6234125000	0.118083019299999994	0.0527071999000000013
6234130000	0.118489167100000001	0.0557298459999999996
6234135000	0.116654002199999995	0.0558737182999999998
6234140000	0.117679384799999995	0.0555194689000000005
6234145000	0.116373885100000005	0.0552062343999999983
6234150000	0.117182782099999994	0.0567072329000000014
6234155000	0.119082634300000004	0.0544410779000000025
6234160000	0.119421677700000006	0.0532372981999999981
6234165000	0.115342635900000004	0.0569026227999999967
6234170000	0.121147912199999999	0.0527950423999999988
6234175000	0.115819447199999995	0.0539948717000000022
6234180000	0.118266432000000005	0.0535058917000000023
6234185000	0.118346436200000002	0.0566992925999999994
6234190000	0.115797839400000005	0.0568669658000000022
6234195000	0.120024421399999998	0.0510020257000000019
6234200000	0.1196093347	0.0542362589000000006
6234205000	0.114947380200000004	0.0533875326999999969
6234210000	0.116239896800000006	0.0526869157000000032
6234215000	0.120362073299999997	0.0521996293000000014
6234220000	0.117938329300000005	0.0489292492999999981
6234225000	0.120565927399999995	0.052279218199999998
6234230000	0.121848276399999997	0.0511239563000000022
6234235000	0.116630498799999996	0.0529941955000000006
6234240000	0.117699067300000002	0.0526694116000000004
6234245000	0.119750111699999995	0.0515437681999999994
6234250000	0.121255715	0.0503865823999999976
6234255000	0.119479892899999995	0.0497250740000000011
6234260000	0.1209321639	0.0498261795999999993
6234265000	0.120635961400000005	0.0503132426000000021
6234270000	0.119949512699999997	0.0517113999999999976
6234275000	0.120796497899999994	0.0501776732000000017
6234280000	0.122137747899999996	0.0538568365999999993
6234285000	0.116849763100000004	0.048805760099999998
6234290000	0.121581495999999997	0.0522615241999999994
6234295000	0.122671156200000006	0.0490772889000000018
6234300000	0.119055244099999999	0.0478735731999999983
6234305000	0.119689789399999996	0.0532565455000000021
6234310000	0.119938589299999995	0.0494726003999999969
6234315000	0.119050234000000005	0.0523818932000000015
6234320000	0.117451047399999994	0.0448006987000000023
6234325000	0.119823844799999996	0.0462188037999999995
6234330000	0.123174983000000002	0.0488194102999999976
6234335000	0.1213221087	0.0504241778999999987
6234340000	0.120405964800000001	0.0477132483999999982
6234345000	0.121348904399999999	0.048796205799999999
6234350000	0.119479319	0.0463044789000000012
6234355000	0.119093426399999994	0.0481551798999999975
6234360000	0.117610333100000006	0.0449580799000000031
6234365000	0.118782665100000004	0.0481160278999999969
6234370000	0.117945314400000001	0.0444095598999999994
6234375000	0.123396790300000003	0.0449516307000000018
6234380000	0.124236765200000002	0.0464849282999999988
6234385000	0.125879952099999998	0.0495316051000000007
6234390000	0.1220151919	0.0462646225999999994
6234395000	0.121446972900000005	0.0453133807000000027
6234400000	0.123030856199999997	0.0485551264000000024
6234405000	0.119782871499999999	0.0487152979000000028
6234410000	0.124067230299999998	0.0416349359999999974
6234415000	0.121631610900000006	0.0427334798000000016
6234420000	0.123308842500000002	0.0447873535000000017
6234425000	0.124932829800000006	0.0468810419000000034
6234430000	0.120276422899999999	0.0464729353999999983
6234435000	0.122303879399999996	0.0414733652000000008
6234440000	0.1235600003	0.0416605520999999979
6234445000	0.128163516700000008	0.0414713846000000011
6234450000	0.125560820999999989	0.0440221916000000033
6234455000	0.1217606943	0.0417164298000000031
6234460000	0.121584077900000004	0.0446789422000000019
6234465000	0.123528816999999999	0.0431594720999999987
6234470000	0.121583628200000002	0.041532490800000002
6234475000	0.124683093300000006	0.0404911472000000008
6234480000	0.125192980700000012	0.042054637899999997
6234485000	0.125081576299999997	0.0400599714999999995
6234490000	0.125941585699999997	0.0428258294000000012
6234495000	0.123630237399999995	0.0376772713999999967
6234500000	0.123668234500000002	0.0392478302000000001
6234505000	0.124476526399999995	0.0398521402999999982
6234510000	0.124305031799999993	0.0376974511000000012
6234515000	0.126613468400000012	0.0365864589000000004
6234520000	0.122492713500000003	0.040577970900000003
6234525000	0.124354901500000004	0.0418306821000000023
6234530000	0.120565292399999996	0.0403558508000000024
6234535000	0.124200978200000006	0.0344466325999999989
6234540000	0.127042585600000008	0.0353570389999999998
6234545000	0.127058939900000001	0.037340848599999997
6234550000	0.127996253199999993	0.0387766724999999979
6234555000	0.124891077200000006	0.0383708824000000004
6234560000	0.124700519900000001	0.0416655826000000007
6234565000	0.124970435199999994	0.0375109777000000033
6234570000	0.125508473300000006	0.0398629255000000002
6234575000	0.124020374799999999	0.0372164453999999992
6234580000	0.124691405699999994	0.0364037933000000008
6234585000	0.122181076400000005	0.0372580304000000029
6234590000	0.127027971500000003	0.034738759000000001
6234595000	0.1233432577	0.0361930092000000009
6234600000	0.125912501300000007	0.0358940421000000023
6234605000	0.126818900600000006	0.0371408137999999985
6234610000	0.126311373899999996	0.0378229132000000023
6234615000	0.125572784100000001	0.0324229700000000023
6234620000	0.128177416500000002	0.0362976531000000005
6234625000	0.127660850599999987	0.0340262912999999972
6234630000	0.128864745700000005	0.0304514235999999994
6234635000	0.125137616099999988	0.0317563641999999979
6234640000	0.124841072400000003	0.0324657028000000028
6234645000	0.126769984299999999	0.0300565401999999988
6234650000	0.1299450033	0.0340532899999999999
6234655000	0.122684374799999996	0.0318669136999999991
6234660000	0.129878665700000007	0.0357508793999999977
6234665000	0.126597359900000012	0.0292611483999999991
6234670000	0.125503125599999987	0.032328076499999997
6234675000	0.125545998399999997	0.0321377029000000022
6234680000	0.131523973900000007	0.0303166550999999992
6234685000	0.123728928899999993	0.0280010334
6234690000	0.122262540099999997	0.0287246685999999994
6234695000	0.127144289800000004	0.0294532248000000003
6234700000	0.126155322600000008	0.0323722032999999992
6234705000	0.126871546599999996	0.0304919542999999987
6234710000	0.127318398100000008	0.0284201317000000002
6234715000	0.128880713199999997	0.0294573059000000012
6234720000	0.125920818600000012	0.0274395706999999989
6234725000	0.123950674799999994	0.0265359551999999992
6234730000	0.12741435470000001	0.0283193524000000009
6234735000	0.126327964300000012	0.0303071014000000014
6234740000	0.129636225999999993	0.030367437399999999
6234745000	0.128486107999999988	0.0260628159000000012
6234750000	0.127472460300000007	0.0291398985999999985
6234755000	0.129535345100000004	0.0283827461999999996
6234760000	0.130629186700000011	0.0285304845999999994
6234765000	0.129835183699999995	0.0239970863999999992
6234770000	0.12593475979999999	0.0273922116000000007
6234775000	0.131739427100000001	0.0274983139999999994
6234780000	0.127707328700000011	0.0238991845000000001
6234785000	0.126450039300000011	0.022357687099999999
6234790000	0.127818944399999995	0.0222438351000000013
6234795000	0.126201097600000006	0.0274662298999999999
6234800000	0.129725027599999987	0.0244942582000000006
6234805000	0.12963550430000001	0.0214227170999999987
6234810000	0.130074756300000011	0.0240664483000000012
6234815000	0.129798686999999996	0.0210545214999999994
6234820000	0.12881120909999999	0.0236768012
6234825000	0.131507483300000005	0.0236270407000000009
6234830000	0.1272626439	0.0254512458000000011
6234835000	0.131793644300000012	0.0213726997999999987
6234840000	0.125016651199999995	0.0225064545999999997
6234845000	0.130132724400000011	0.0202492997999999987
6234850000	0.129162506799999993	0.0195578824000000005
6234855000	0.129972193900000005	0.0231283016999999994
6234860000	0.131563402100000004	0.0239973038000000014
6234865000	0.1310482127	0.0169833061999999993
6234870000	0.130242207199999988	0.0204419722999999998
6234875000	0.128921538499999988	0.0232596026999999997
6234880000	0.131213980799999991	0.0201076149999999988
6234885000	0.129455620699999996	0.0183307625000000002
6234890000	0.135673790300000013	0.0186578727999999992
6234895000	0.126849801499999998	0.0189066596000000003
6234900000	0.129098833299999993	0.0181027757999999983
6234905000	0.131372575800000002	0.0189627620999999989
6234910000	0.130280816699999996	0.0171943251000000012
6234915000	0.129244203899999993	0.0163305005999999989
6234920000	0.132925335199999994	0.0130233616
6234925000	0.127403992699999996	0.0159075140000000011
6234930000	0.13155856769999999	0.0163279635000000006
6234935000	0.127594539899999998	0.0124183943999999994
6234940000	0.128851845599999987	0.0131160843000000006
6234945000	0.1316526425	0.0155011813999999994
6234950000	0.1291355327	0.0122166128000000002
6234955000	0.128261847200000001	0.0153139522999999993
6234960000	0.131858748100000006	0.0123687194000000004
6234965000	0.130646900499999996	0.0126018397000000008
6234970000	0.125758618799999999	0.0137947439999999994
6234975000	0.127121786900000006	0.0106329969999999999
6234980000	0.128139012400000002	0.0134275987999999992
6234985000	0.130678180499999991	0.0114516488999999999
6234990000	0.131416619300000009	0.00994048569999999958
6234995000	0.131412365000000003	0.00810382949999999963
6235000000	0.129159012200000006	0.0116340586999999999
6235005000	0.130827014399999997	0.00978439440000000021
6235010000	0.129540296500000013	0.0107778118999999999
6235015000	0.128310919999999995	0.0118808031000000001
6235020000	0.128912583599999991	0.0062406772999999997
6235025000	0.128524818000000013	0.00845199639999999995
6235030000	0.132746512300000008	0.00736154120000000016
6235035000	0.130690150000000005	0.00809152070000000029
6235040000	0.130428928500000013	0.00583581919999999997
6235045000	0.13202338059999999	0.00881584470000000044
6235050000	0.131467012900000013	0.0060009928000000004
6235055000	0.128710483699999989	0.00629978640000000006
6235060000	0.132092789200000005	0.00757521730000000008
6235065000	0.129113554600000013	0.00335891140000000015
6235070000	0.129910940100000011	0.00337380559999999989
6235075000	0.129948339400000001	0.00623146390000000033
6235080000	0.128544504899999995	-0.000113201600000000004
6235085000	0.128798825799999989	0.0037034870000000001
6235090000	0.130131814300000009	0.00230861339999999986
6235095000	0.130554038399999989	0.00415732620000000032
6235100000	0.132512823899999993	0.00210761000000000021
6235105000	0.123391041699999995	0.000204688200000000003
6235110000	0.126671661200000008	0.00207684820000000013
6235115000	0.126805673300000005	-0.00411287150000000032
6235120000	0.130331651800000003	-0.00275871449999999995
6235125000	0.129459641699999989	-0.00138772039999999998
6235130000	0.130601936199999991	-0.0043925088999999997
6235135000	0.132903470299999993	-0.00270944879999999999
6235140000	0.126579665499999994	-0.00146431569999999991
6235145000	0.127713672100000009	-0.00260697029999999979
6235150000	0.133363282	-0.00502385550000000042
6235155000	0.130394348900000012	-0.00514889460000000042
6235160000	0.133374761799999991	-0.00496307390000000001
6235165000	0.130428169900000002	-0.0046080918999999998
6235170000	0.127085259700000008	-0.00396011800000000032
6235175000	0.129080335500000004	-0.0085614420000000007
6235180000	0.129008838200000003	-0.00467379940000000032
6235185000	0.126305689100000007	-0.00645281849999999966
6235190000	0.127708383600000003	-0.0102649426999999998
6235195000	0.128257055300000006	-0.0072678491000000003
6235200000	0.13120085749999999	-0.00533821769999999994
6235205000	0.127198316799999989	-0.00703046880000000006
6235210000	0.126153086299999995	-0.0103846266000000003
6235215000	0.128338018400000003	-0.00912948539999999982
6235220000	0.126192436099999999	-0.00996898369999999964
6235225000	0.123257056000000004	-0.00889534739999999977
6235230000	0.128250127200000008	-0.0114073206999999992
6235235000	0.125777430500000009	-0.0125469750000000001
6235240000	0.124235017700000006	-0.0104693645999999994
6235245000	0.132167961700000003	-0.0173299800999999996
6235250000	0.126687129300000006	-0.0131185027999999992
6235255000	0.12941061009999999	-0.0154194055999999999
6235260000	0.121703374200000006	-0.0157338446999999992
6235265000	0.121958699800000001	-0.0168730064000000013
6235270000	0.123309360199999996	-0.0173505764999999992
6235275000	0.127078031799999991	-0.0181861835999999992
6235280000	0.124565900899999998	-0.0173387386999999983
6235285000	0.124575827799999997	-0.018780992199999999
6235290000	0.123823436100000003	-0.0198220482999999989
6235295000	0.125536662599999987	-0.0175568081999999993
6235300000	0.126021931799999987	-0.0214036031000000015
6235305000	0.123635918799999994	-0.0210542730999999997
6235310000	0.123978825799999998	-0.0213498465999999998
6235315000	0.123803559199999996	-0.0210083943000000002
6235320000	0.121550594100000006	-0.0219945518999999992
6235325000	0.124687700999999998	-0.0232094800000000011
6235330000	0.122104155399999997	-0.024419402199999999
6235335000	0.115355850100000004	-0.0268859146999999993
6235340000	0.124935967100000003	-0.0239445489000000011
6235345000	0.119518848499999997	-0.0296093545000000007
6235350000	0.1163573896	-0.0290111530000000013
6235355000	0.118521705899999996	-0.0249196533999999983
6235360000	0.120623790699999997	-0.0267858091999999999
6235365000	0.122100311899999994	-0.0297695520999999991
6235370000	0.118939591100000006	-0.0290529698000000017
6235375000	0.117965846099999994	-0.0295292371000000012
6235380000	0.119170778800000002	-0.0314120321000000008
6235385000	0.117348683300000006	-0.0300419780999999983
6235390000	0.119636882999999999	-0.033348402800000003
6235395000	0.116890955599999999	-0.0325929958999999977
6235400000	0.115401141200000001	-0.0300095857999999986
6235405000	0.1122208913	-0.0336975364999999999
6235410000	0.114865113699999993	-0.0350329590999999968
6235415000	0.112415221600000004	-0.0322102421000000014
6235420000	0.1141486575	-0.0401770811999999991
6235425000	0.112092942099999995	-0.0350108215999999986
6235430000	0.110979475300000005	-0.0316983454000000012
6235435000	0.113043080899999995	-0.0378801040999999991
6235440000	0.112593194399999999	-0.0375900254999999989
6235445000	0.107980318300000003	-0.0405250274999999979
6235450000	0.110480375699999994	-0.0363022886999999975
6235455000	0.108183997399999995	-0.0402185503000000028
6235460000	0.107948009400000003	-0.0418742481999999985
6235465000	0.106339671199999999	-0.045809533999999999
6235470000	0.104525034599999997	-0.0426753306999999998
6235475000	0.103816356799999995	-0.044814619299999997
6235480000	0.100735915199999998	-0.0485352662999999976
6235485000	0.0999268427999999986	-0.0431022693000000026
6235490000	0.103436554200000003	-0.0494975492999999989
6235495000	0.104052921500000006	-0.0457631739000000023
6235500000	0.0999290862999999974	-0.0434690393999999994
6235505000	0.0980423745000000013	-0.0433430505000000008
6235510000	0.0999992242999999947	-0.0452770659000000034
6235515000	0.0933938614	-0.0494156015000000032
6235520000	0.0957690243000000052	-0.0483687199000000026
6235525000	0.0944087274000000032	-0.0479584881000000018
6235530000	0.0906512574000000043	-0.0505987879999999987
6235535000	0.0941353473999999996	-0.0469802715999999981
6235540000	0.0901777084000000007	-0.0518106275999999991
6235545000	0.0903576096999999939	-0.0486568367999999987
6235550000	0.086298574599999997	-0.0527293461999999991
6235555000	0.0878996357000000061	-0.0492405924999999994
6235560000	0.0832111279000000009	-0.0489899674000000007
6235565000	0.0847937633000000052	-0.0496935256000000034
6235570000	0.0854456841000000022	-0.0494049907999999996
6235575000	0.0819709893999999994	-0.0520160723000000005
6235580000	0.0805549029999999971	-0.050759182299999997
6235585000	0.073998626900000003	-0.0521357522000000032
6235590000	0.0789165024000000048	-0.0522992010999999979
6235595000	0.0747269812000000005	-0.0512895977000000017
6235600000	0.0731235303999999975	-0.0540112582999999966
6235605000	0.0723706563000000025	-0.0528303912000000001
6235610000	0.0725120045000000046	-0.0527694183999999969
6235615000	0.0715977287000000018	-0.0531465786000000009
6235620000	0.0659699972000000051	-0.0516687591999999973
6235625000	0.0654832382999999962	-0.0565386078000000014
6235630000	0.0662619457000000051	-0.0499419274000000024
6235635000	0.0660817231999999977	-0.0489156942999999997
6235640000	0.061967202300000003	-0.0492988223000000031
6235645000	0.0627065296999999994	-0.0506325622000000017
6235650000	0.0597798531999999966	-0.0474518438999999986
6235655000	0.0548582618000000022	-0.0490672603999999998
6235660000	0.054165919899999998	-0.0447316339999999993
6235665000	0.0539445772000000032	-0.0445874450999999977
6235670000	0.0505250593000000012	-0.0434582480999999993
6235675000	0.049057687099999997	-0.0452351964999999981
6235680000	0.0496892187000000027	-0.0448481588999999972
6235685000	0.0463947056999999968	-0.0431601522000000029
6235690000	0.0469202436000000014	-0.0375341002000000035
6235695000	0.0458536510999999966	-0.0400400787999999966
6235700000	0.0473923725000000018	-0.0360814554999999981
6235705000	0.0435462487999999995	-0.0361559541999999998
6235710000	0.0412963542000000031	-0.0337429168000000015
6235715000	0.0415519397999999998	-0.0340892382999999979
6235720000	0.0369247168000000001	-0.0326569464999999989
6235725000	0.0361461265000000004	-0.0296833137999999996
6235730000	0.0381245803999999966	-0.0284827898999999995
6235735000	0.034495976099999999	-0.0272876693999999989
6235740000	0.0353904612000000007	-0.0295404420000000001
6235745000	0.0314352841000000022	-0.0243532566999999991
6235750000	0.0346748049000000017	-0.0253003478000000011
6235755000	0.0318000002999999989	-0.0214666571000000014
6235760000	0.0322468377000000028	-0.0204411435000000016
6235765000	0.0321633990999999966	-0.0190431422000000017
6235770000	0.0306908354999999994	-0.0179754415000000015
6235775000	0.0335734358000000024	-0.0157356368999999989
6235780000	0.0271848526	-0.0150328957999999995
6235785000	0.0261232212999999991	-0.0142106264000000006
6235790000	0.0293814277000000006	-0.0120002163999999995
6235795000	0.0280288640999999984	-0.0160164648999999992
6235800000	0.0318996845999999987	-0.00968314680000000039
6235805000	0.0271412283999999983	-0.0107726980000000007
6235810000	0.0289488497000000011	-0.00189170320000000007
6235815000	0.027701753400000001	-0.00160807130000000008
6235820000	0.030998618700000001	-0.000420676199999999996
6235825000	0.0308066593000000007	-2.95827000000000005e-05
6235830000	0.031558613800000003	0.00193453380000000006
6235835000	0.0294842396	0.00394629270000000035
6235840000	0.0323229685000000003	0.00738132769999999983
6235845000	0.0269441014	0.00715751719999999959
6235850000	0.031794797399999998	0.0122830248000000003
6235855000	0.0296441451000000016	0.00879977839999999956
6235860000	0.0350636601999999992	0.00903917220000000077
6235865000	0.0303874836000000009	0.00852882259999999948
6235870000	0.0324478138000000027	0.0142221683000000008
6235875000	0.0352653455000000032	0.0153617775999999994
6235880000	0.0374929655999999972	0.0116798091000000007
6235885000	0.0346572263000000033	0.018546368399999999
6235890000	0.0319206089000000012	0.0231944702999999988
6235895000	0.0359353198999999984	0.020022532400000001
6235900000	0.0339544393	0.0250949107999999983
6235905000	0.0363131090000000031	0.0218092314000000002
6235910000	0.0394304343999999987	0.0227518929999999987
6235915000	0.039331603100000001	0.0232356649000000012
6235920000	0.0360101838999999993	0.024664129600000001
6235925000	0.0441378638999999975	0.0259159808999999998
6235930000	0.0418645497999999977	0.0301751336000000009
6235935000	0.0449627199999999977	0.0280239359000000014
6235940000	0.0435942911000000016	0.0306435509000000002
6235945000	0.0470859069000000019	0.0281466411999999992
6235950000	0.0471548874999999992	0.032591961400000001
6235955000	0.0468023092999999973	0.0335895125000000017
6235960000	0.0476374228000000025	0.0339684251999999992
6235965000	0.0503457844000000029	0.0290568252999999985
6235970000	0.0504714232999999984	0.0302353822999999987
6235975000	0.0476174541999999992	0.0331068861999999978
6235980000	0.0532251752999999966	0.0321655420999999997
6235985000	0.0499933475000000002	0.0335485878000000015
6235990000	0.0542186284000000032	0.0332725572999999983
6235995000	0.0509498582000000033	0.0362710067999999983
6236000000	0.0501243284000000011	0.0382738842999999981
6236005000	0.0552640829999999986	0.0357292729999999989
6236010000	0.0584651563000000013	0.0369300532000000001
6236015000	0.0565532172999999999	0.0356360952000000022
6236020000	0.0618517235999999984	0.0406957645000000021
6236025000	0.0616755277999999976	0.0396373043999999966
6236030000	0.0607755723999999983	0.0364734571000000021
6236035000	0.0624594003000000023	0.038966757400000003
6236040000	0.0626734166000000037	0.0350261821999999987
6236045000	0.0598118954000000022	0.0375012158000000012
6236050000	0.0601085593999999973	0.0392941787000000015
6236055000	0.0666950218000000039	0.0405715014000000013
6236060000	0.0689383124000000069	0.0403706458000000004
6236065000	0.0655499917999999987	0.0399670332000000017
6236070000	0.063516129399999996	0.0394251728999999995
6236075000	0.0659171471000000037	0.0386323886999999991
6236080000	0.0673338081000000033	0.0364117444000000012
6236085000	0.0694078261000000002	0.0373279512000000008
6236090000	0.0706786130000000012	0.0391189740000000008
6236095000	0.0727149322999999931	0.0385578156000000033
6236100000	0.0710562809000000045	0.0390484153
6236105000	0.0733145739999999935	0.0422094677000000029
6236110000	0.0700697858000000062	0.0393500305000000009
6236115000	0.0719202634000000035	0.0421632411999999998
6236120000	0.0727355061999999941	0.0367027358999999984
6236125000	0.075739905499999996	0.0407994471999999983
6236130000	0.0755195091000000068	0.0411274592000000008
6236135000	0.0773927004999999946	0.0372328323999999988
6236140000	0.0772155060999999976	0.040334035499999997
6236145000	0.0750835006999999999	0.0370921046000000018
6236150000	0.0748011269000000006	0.0380307340999999979
6236155000	0.0786073823999999949	0.0371419549999999973
6236160000	0.0753483602000000058	0.0435118171000000026
6236165000	0.0823156300000000007	0.0428385503000000001
6236170000	0.0826543552000000015	0.0380812747000000007
6236175000	0.0826044789000000002	0.037965144800000003
6236180000	0.0822493128000000018	0.0383762512999999972
6236185000	0.0788968428999999999	0.0378824604999999995
6236190000	0.0823002552000000054	0.0385920902999999996
6236195000	0.0864265139000000016	0.0387813618999999984
6236200000	0.0829923961999999987	0.0388898467000000012
6236205000	0.0845876802999999955	0.0384965783000000006
6236210000	0.0822247846999999976	0.0365972117
6236215000	0.0838718507999999946	0.0352820790000000009
6236220000	0.0846447206000000008	0.0376018569000000011
6236225000	0.0855460450999999955	0.0363938913000000017
6236230000	0.0842644208999999977	0.0418375371999999968
6236235000	0.0899918957000000047	0.0395651108999999987
6236240000	0.0887543779000000005	0.0360443064999999979
6236245000	0.0876051701999999988	0.037369330800000003
6236250000	0.0876842937999999933	0.0416363121999999974
6236255000	0.0904532256000000062	0.038358592900000002
6236260000	0.0922565674999999974	0.0349564902000000025
6236265000	0.094240044300000006	0.0373854819000000033
6236270000	0.0920846119000000018	0.0371198147000000034
6236275000	0.092202487400000005	0.0387379216000000026
6236280000	0.0897227748000000019	0.0399488933000000032
6236285000	0.0923398267999999967	0.0337549540999999981
6236290000	0.0903110919000000012	0.0364949140999999977
6236295000	0.0925136639999999955	0.0341645282000000022
6236300000	0.094459654000000004	0.0360254531000000003
6236305000	0.0931006050000000029	0.0317411957999999966
6236310000	0.0935799115999999959	0.0349255012000000004
6236315000	0.0909829344000000068	0.0333560528000000009
6236320000	0.0930658404999999966	0.0324322796999999968
6236325000	0.0946297806999999991	0.0315485393999999988
6236330000	0.0942780319999999977	0.0322093754999999982
6236335000	0.0929317560999999986	0.0363585011000000027
6236340000	0.0944903411999999943	0.0345470871999999998
6236345000	0.0982216466999999982	0.0337793606999999968
6236350000	0.0948465379999999941	0.0321105434999999981
6236355000	0.0971754518000000067	0.0319318691999999973
6236360000	0.0974768272000000047	0.0319347315000000007
6236365000	0.102041610699999993	0.030627304000000001
6236370000	0.0984965086999999989	0.029890631899999999
6236375000	0.0955958593000000023	0.0294431487999999991
6236380000	0.101513106300000003	0.0317042426000000016
6236385000	0.095744874399999999	0.0343602065999999984
6236390000	0.0974299031000000065	0.0299860534000000005
6236395000	0.0995839523000000004	0.0323887745000000019
6236400000	0.0998750689000000025	0.0311711398999999986
6236405000	0.100673830199999995	0.0292093231000000002
6236410000	0.102443547199999999	0.0269439160999999996
6236415000	0.104418616699999994	0.0311590867000000014
6236420000	0.101387760899999999	0.0282174188999999992
6236425000	0.100360110599999997	0.0287532487999999989
6236430000	0.0996837695999999995	0.034361437100000003
6236435000	0.102637558300000001	0.0294884055999999999
6236440000	0.099476076699999999	0.0291402655999999996
6236445000	0.106094218000000004	0.0255613295000000004
6236450000	0.102029908799999999	0.0295380472999999984
6236455000	0.101389973999999994	0.0273154196999999994
6236460000	0.106792514099999999	0.0267732154000000014
6236465000	0.102491338599999995	0.0275627030000000009
6236470000	0.102831654300000006	0.0289996910999999989
6236475000	0.101455852499999999	0.0241368555999999998
6236480000	0.105397704100000003	0.0257206611000000002
6236485000	0.103940350599999995	0.027731520400000001
6236490000	0.102404347800000003	0.0246941863999999983
6236495000	0.105982728200000001	0.0279964527000000005
6236500000	0.102833121700000002	0.0233275005000000007
6236505000	0.106875808799999999	0.0247502801999999987
6236510000	0.106343818600000001	0.0249335536000000017
6236515000	0.106628348999999997	0.0252207804000000001
6236520000	0.106207198700000005	0.0246000864999999999
6236525000	0.110221699300000003	0.0286069377999999992
6236530000	0.107333682900000005	0.0252491188999999991
6236535000	0.1070312343	0.0233089967999999988
6236540000	0.1069190473	0.0260994241000000009
6236545000	0.1087442292	0.0195871339999999991
6236550000	0.108307699899999998	0.0270595809000000014
6236555000	0.1068511251	0.0239992454000000008
6236560000	0.105435057400000004	0.0245183734000000014
6236565000	0.106546400499999999	0.0228936029999999985
6236570000	0.107845498299999995	0.0224005946000000004
6236575000	0.108673747500000001	0.0241561703000000016
6236580000	0.106997074499999997	0.0209739887999999992
6236585000	0.109044890199999994	0.0187681396999999986
6236590000	0.109370268600000001	0.0228072510999999985
6236595000	0.109526185400000003	0.0213630835000000012
6236600000	0.108415414000000002	0.0198621525000000007
6236605000	0.109132160500000006	0.0214698879999999995
6236610000	0.111121694800000004	0.0193639331000000012
6236615000	0.110938493700000002	0.0213659624000000006
6236620000	0.108502713299999998	0.0216220186000000009
6236625000	0.109942585100000004	0.0222687521999999985
6236630000	0.113470656200000006	0.0183740847000000013
6236635000	0.107941457800000001	0.0179059262999999996
6236640000	0.110523800899999997	0.0174246062000000014
6236645000	0.1093631625	0.0215833193000000007
6236650000	0.112559089299999998	0.0174161320999999987
6236655000	0.114100289499999993	0.0194568679999999987
6236660000	0.112280210199999994	0.0167061134
6236665000	0.110689750700000006	0.0153658286000000009
6236670000	0.109541207099999996	0.0212826628000000011
6236675000	0.112470730500000005	0.0186704266000000015
6236680000	0.111774854800000004	0.0221290045000000005
6236685000	0.108005763099999999	0.0194945610999999984
6236690000	0.112958594900000001	0.0173294912999999995
6236695000	0.111290852100000004	0.0171863730999999992
6236700000	0.111906861299999993	0.0181774471999999986
6236705000	0.111994953899999999	0.0150558714999999999
6236710000	0.114810634100000003	0.0155071934000000008
6236715000	0.112930919199999993	0.0180605497999999989
6236720000	0.112718327600000001	0.0142471179999999996
6236725000	0.1112191716	0.0120914569000000003
6236730000	0.115142119099999996	0.0171052042000000015
6236735000	0.110910719099999999	0.0146118766000000004
6236740000	0.111491981599999998	0.0131077057999999993
6236745000	0.116124265700000007	0.0110194716000000005
6236750000	0.116245896500000001	0.0128689756000000006
6236755000	0.112087792500000005	0.0169176733000000017
6236760000	0.115117232299999997	0.0143379769000000004
6236765000	0.116731136599999993	0.0105614829000000004
6236770000	0.115295077199999998	0.0150294189000000009
6236775000	0.115797207400000005	0.0130024680999999993
6236780000	0.118482301400000004	0.0126716350000000005
6236785000	0.117341601800000001	0.0116899853000000005
6236790000	0.115822966700000002	0.0111181340999999996
6236795000	0.1138855374	0.0111316020000000009
6236800000	0.113790877700000001	0.0117204075000000001
6236805000	0.115765072699999999	0.0127735933000000003
6236810000	0.114069556799999999	0.00572028139999999994
6236815000	0.115504277500000002	0.0109262426999999999
6236820000	0.113455284500000003	0.0100297487000000005
6236825000	0.116434442599999993	0.0117647349000000005
6236830000	0.114894548900000004	0.0105902246999999994
6236835000	0.116525801999999998	0.00999761220000000041
6236840000	0.117325597300000001	0.0120130594999999993
6236845000	0.116730661499999999	0.00773259769999999971
6236850000	0.118571823600000001	0.00851133490000000048
6236855000	0.115044847500000005	0.0100418156000000001
6236860000	0.117347379200000004	0.00874794779999999925
6236865000	0.114333823299999998	0.00474717099999999968
6236870000	0.116703710500000002	0.0110772353
6236875000	0.115967412500000006	0.00422179660000000009
6236880000	0.112858633099999994	0.00820273390000000012
6236885000	0.117248260399999998	0.00674332120000000011
6236890000	0.116824782000000002	0.00869587219999999952
6236895000	0.116561370999999997	0.00532607969999999986
6236900000	0.109779869299999999	0.00396624579999999959
6236905000	0.117575087699999997	0.00734752129999999976
6236910000	0.114366416499999998	0.00686778639999999999
6236915000	0.119650942400000002	0.0101632231999999999
6236920000	0.115072550699999998	0.00678142649999999986
6236925000	0.119629499900000005	0.00315144579999999995
6236930000	0.114115060700000007	0.000492394800000000004
6236935000	0.117305379200000004	0.00502604149999999993
6236940000	0.117240637300000006	0.00323321070000000006
6236945000	0.116472699400000004	0.00590750240000000038
6236950000	0.120783513600000003	0.00361159229999999994
6236955000	0.1120030152	0.00110510059999999991
6236960000	0.117139887799999995	0.00601326449999999967
6236965000	0.119740203599999998	-0.00046629629999999999
6236970000	0.121086197300000004	0.00699900930000000015
6236975000	0.117009111200000002	-0.000796413300000000041
6236980000	0.118727238400000004	0.00235218829999999995
6236985000	0.113859827900000002	0.00267717479999999989
6236990000	0.115172307900000007	0.0037889102
6236995000	0.119459878199999994	0.00480264440000000015
6237000000	0.117260112900000005	-0.00133267549999999992
6237005000	0.114437267600000003	0.00452883040000000032
6237010000	0.117281115599999999	0.0032009079000000001
6237015000	0.116231653399999996	0.00147608789999999993
6237020000	0.119896528399999994	-0.00102266589999999995
6237025000	0.116570251900000005	-0.00147902499999999991
6237030000	0.121548843099999998	-0.000137224500000000007
6237035000	0.1182005998	0.00146752309999999991
6237040000	0.118126911400000006	-0.000398794500000000012
6237045000	0.119893737200000003	0.000956060199999999964
6237050000	0.119562059700000001	-0.000901429300000000026
6237055000	0.118615362000000002	0.00294132970000000014
6237060000	0.121291138899999998	-0.000365051199999999985
6237065000	0.118855133000000002	4.76990999999999987e-05
6237070000	0.119693230100000006	0.000816641899999999985
6237075000	0.121208855599999998	-0.0010753583000000001
6237080000	0.119151420199999997	0.0012896762999999999
6237085000	0.119666182699999998	-0.00260933509999999999
6237090000	0.1162329644	-0.00055223920000000001
6237095000	0.117107315399999995	-0.00268506650000000001
6237100000	0.120893936600000002	0.0018432492
6237105000	0.117906626299999998	0.000456398299999999997
6237110000	0.115670466099999994	-0.0027231089
6237115000	0.1201723772	-0.000187157500000000005
6237120000	0.1162967414	-0.00590698959999999985
6237125000	0.120258036400000004	-0.00385127050000000012
6237130000	0.118011921399999997	-0.00375238599999999992
6237135000	0.118460364400000004	-0.00186007690000000009
6237140000	0.119541912700000003	-0.00346806470000000011
6237145000	0.120981143799999996	-0.00512243400000000036
6237150000	0.122031976200000003	-0.00364771809999999991
6237155000	0.122402051600000006	0.00110885249999999997
6237160000	0.114786896599999994	-0.0027135725000000002
6237165000	0.118251583800000004	-0.00333495529999999979
6237170000	0.1198827539	-0.00234784489999999985
6237175000	0.119415910599999994	-0.00672516919999999966
6237180000	0.117655103100000005	-0.00329367109999999979
6237185000	0.117422766100000006	-0.00737134779999999972
6237190000	0.121732293199999994	-0.00338773269999999987
6237195000	0.121464389199999995	-0.00483053850000000028
6237200000	0.119792807599999995	-0.00686366830000000039
6237205000	0.119988572599999996	-0.00772730830000000011
6237210000	0.119477338099999997	-0.00471400070000000011
6237215000	0.118327529400000006	-0.00718939720000000022
6237220000	0.121165408799999999	-0.00781817790000000068
6237225000	0.118282569599999998	-0.00594934040000000015
6237230000	0.120126478499999995	-0.00879695139999999917
6237235000	0.121878388399999996	-0.00764479110000000021
6237240000	0.118256170199999996	-0.00913467159999999979
6237245000	0.122883112399999994	-0.00800854060000000083
6237250000	0.120210891900000005	-0.00715175199999999994
6237255000	0.125637645100000001	-0.00893179789999999987
6237260000	0.121305864599999993	-0.00680165740000000015
6237265000	0.118023641200000001	-0.00875142790000000073
6237270000	0.122870905500000002	-0.0103029045999999992
6237275000	0.122697009600000004	-0.0104059459999999993
6237280000	0.118297793700000001	-0.00922668110000000007
6237285000	0.120383801299999996	-0.00646175189999999983
6237290000	0.119916427899999997	-0.0090465201999999998
6237295000	0.123800205600000005	-0.00860440020000000083
6237300000	0.1242013852	-0.00826474670000000057
6237305000	0.118671396799999995	-0.0123331680999999999
6237310000	0.120014777200000006	-0.0080798056999999996
6237315000	0.120863345999999997	-0.00688619160000000004
6237320000	0.117539593499999998	-0.0119578771999999996
6237325000	0.123042047000000002	-0.0070846104999999996
6237330000	0.118177264599999998	-0.0100514637000000007
6237335000	0.118211136999999994	-0.0123429334000000005
6237340000	0.122838658000000003	-0.0100823699000000006
6237345000	0.122043792600000006	-0.00841717640000000031
6237350000	0.119436585900000003	-0.0125403704000000005
6237355000	0.118149434999999997	-0.0132919250999999992
6237360000	0.118278021100000005	-0.0139913806000000005
6237365000	0.119228804999999993	-0.0161941422000000008
6237370000	0.119213176000000004	-0.0130612539999999996
6237375000	0.121457656499999997	-0.0119609991999999991
6237380000	0.116326812500000001	-0.0138025792999999994
6237385000	0.120342161099999997	-0.0132547033000000002
6237390000	0.121264483399999998	-0.0135119743999999996
6237395000	0.122382482299999998	-0.0148239311999999995
6237400000	0.122485895600000005	-0.0164521697999999994
6237405000	0.121063196999999997	-0.0175533531999999999
6237410000	0.121212093399999998	-0.0137160476999999992
6237415000	0.123262212499999996	-0.0135404067000000003
6237420000	0.120198270600000004	-0.0163861047999999988
6237425000	0.118100943799999997	-0.0155563005000000001
6237430000	0.1206633394	-0.0127326830999999994
6237435000	0.120203264500000004	-0.0127782213999999995
6237440000	0.119477355899999999	-0.0155766441999999998
6237445000	0.120974259900000006	-0.0166060258000000002
6237450000	0.117929916600000004	-0.0156826439000000012
6237455000	0.117195050600000003	-0.022168322800000001
6237460000	0.121227034600000005	-0.0182138477000000007
6237465000	0.121013399499999993	-0.0166791054999999994
6237470000	0.120414323200000006	-0.0155157642000000005
6237475000	0.116726434099999998	-0.0141035293000000006
6237480000	0.120532778500000007	-0.0199401711999999988
6237485000	0.119788758199999998	-0.0184067317000000015
6237490000	0.118521221499999996	-0.0152706218000000001
6237495000	0.118302016499999996	-0.0182765624000000015
6237500000	0.119318667099999998	-0.0180399389
6237505000	0.118729701199999996	-0.0149220935000000006
6237510000	0.119961547299999999	-0.017442539
6237515000	0.121861066300000001	-0.0230651899000000014
6237520000	0.122669465300000002	-0.0186662037999999995
6237525000	0.122019822200000003	-0.0187192504000000016
6237530000	0.117976408899999996	-0.0179294244999999991
6237535000	0.120712386399999996	-0.0173286547000000013
6237540000	0.121058845100000007	-0.0205252299000000006
6237545000	0.121678649799999997	-0.0199024996999999995
6237550000	0.122500387299999999	-0.0230983109999999998
6237555000	0.118039783199999998	-0.0195799873999999985
6237560000	0.120691547499999996	-0.0204265536000000011
6237565000	0.1210690138	-0.0189651869000000001
6237570000	0.120913236899999998	-0.0243964075999999995
6237575000	0.122182339599999995	-0.0201716579000000007
6237580000	0.1203176881	-0.0211546862999999995
6237585000	0.119610191099999999	-0.0233543592999999987
6237590000	0.119716539299999994	-0.0217806751000000007
6237595000	0.119558080299999994	-0.0240940623
6237600000	0.117790076899999999	-0.0175492894999999989
6237605000	0.118313332699999996	-0.0238300354999999991
6237610000	0.121110726599999996	-0.0231755429999999998
6237615000	0.122054441099999994	-0.0201111263999999984
6237620000	0.119016467099999995	-0.0273306326000000016
6237625000	0.118150284499999994	-0.0233262724999999983
6237630000	0.118868040300000005	-0.0234510963999999995
6237635000	0.122073521000000004	-0.0210592648999999993
6237640000	0.120392824400000001	-0.0253184777999999992
6237645000	0.119657879100000003	-0.0243173653999999989
6237650000	0.121628629399999993	-0.0217496447000000009
6237655000	0.119579191700000004	-0.0215414984999999989
6237660000	0.119536759199999995	-0.0221551744999999994
6237665000	0.120313620499999996	-0.0235177251000000011
6237670000	0.121166959199999993	-0.0229264411000000001
6237675000	0.116119675899999997	-0.0243374205999999996
6237680000	0.120615558499999997	-0.0267176722000000005
6237685000	0.120710467099999996	-0.0259470803000000014
6237690000	0.117866134100000006	-0.0271985081999999989
6237695000	0.117863382000000003	-0.0216704469000000011
6237700000	0.121017324900000001	-0.028204223300000001
6237705000	0.120517525099999995	-0.0246036155999999999
6237710000	0.117421343299999995	-0.0275701793000000007
6237715000	0.120991538600000004	-0.0244058953000000009
6237720000	0.118356742900000006	-0.0271936774999999992
6237725000	0.119299031900000005	-0.0235964817000000014
6237730000	0.119809913500000004	-0.0283043904999999985
6237735000	0.118763402300000001	-0.0285386995999999983
6237740000	0.120203388999999994	-0.0295440624000000013
6237745000	0.121297344400000007	-0.0272782737000000011
6237750000	0.119903770000000007	-0.0297977583000000011
6237755000	0.119397095600000003	-0.0293767287000000002
6237760000	0.121091137799999998	-0.0294343895999999994
6237765000	0.121484555600000002	-0.0299333476000000001
6237770000	0.118184769100000003	-0.0295299265000000012
6237775000	0.122066405399999994	-0.0303202423000000013
6237780000	0.117580670900000003	-0.0287900942000000014
6237785000	0.118392684600000006	-0.0292369061999999992
6237790000	0.123687685899999997	-0.0292285491999999987
6237795000	0.120193685499999994	-0.0274392214000000016
6237800000	0.120380675899999998	-0.0322078370999999974
6237805000	0.119094475899999996	-0.0328612564999999981
6237810000	0.120842091900000004	-0.0276926036000000007
6237815000	0.119819730599999993	-0.0315895020999999998
6237820000	0.115721380200000001	-0.0297506352000000002
6237825000	0.120495613500000001	-0.0279353515000000004
6237830000	0.117782127299999997	-0.0301812706000000007
6237835000	0.118913075100000001	-0.0252085052999999996
6237840000	0.121778396799999994	-0.0327945904999999982
6237845000	0.119673199800000005	-0.0303687776999999985
6237850000	0.1202683435	-0.0297108688999999995
6237855000	0.117782596500000003	-0.0332483959999999995
6237860000	0.117784190799999994	-0.0320690203000000007
6237865000	0.121521613400000006	-0.0311576795000000004
6237870000	0.119334767800000005	-0.0305692255000000017
6237875000	0.121396835199999997	-0.0292789785000000004
6237880000	0.119856322200000004	-0.0350148668999999968
6237885000	0.114733799799999994	-0.0320523186999999987
6237890000	0.1184140058	-0.033535260499999997
6237895000	0.116712736900000003	-0.0320224475000000022
6237900000	0.117336758400000005	-0.0364602269999999978
6237905000	0.1200715849	-0.0331543861000000023
6237910000	0.117042960500000001	-0.0328337604000000019
6237915000	0.124610623200000006	-0.0318709522999999981
6237920000	0.122836662599999993	-0.0331710404999999986
6237925000	0.121713116900000001	-0.0336601134999999982
6237930000	0.117201309899999995	-0.033064799899999997
6237935000	0.119231259500000006	-0.031514785699999999
6237940000	0.118396273299999993	-0.0345976927000000017
6237945000	0.117761654399999999	-0.0348831428000000027
6237950000	0.120612233299999996	-0.0339467055000000004
6237955000	0.120606615700000003	-0.0385518891000000002
6237960000	0.121244756199999998	-0.0344814983000000033
6237965000	0.118214537199999997	-0.0354902068000000001
6237970000	0.116305715599999998	-0.0362283273000000017
6237975000	0.118716592300000007	-0.0358652320999999982
6237980000	0.119360818199999996	-0.0379437238999999968
6237985000	0.120938874799999999	-0.0368393699000000019
6237990000	0.116633051799999998	-0.0378726278999999971
6237995000	0.116776146600000005	-0.0368676677000000022
6238000000	0.120119480700000003	-0.0358206372999999995
6238005000	0.120593686199999994	-0.0319530704999999998
6238010000	0.119365047899999993	-0.0394520921999999968
6238015000	0.115063229000000003	-0.0333068897000000017
6238020000	0.115352671200000007	-0.0335638420000000035
6238025000	0.118345378200000004	-0.0385162262999999977
6238030000	0.121556088100000001	-0.0378803605000000015
6238035000	0.1174451366	-0.0371023541999999998
6238040000	0.119044719199999996	-0.0379218003000000026
6238045000	0.11705902	-0.0351491113000000008
6238050000	0.118827250800000006	-0.0403621951999999992
6238055000	0.117794754400000007	-0.039558111
6238060000	0.115878593599999996	-0.0368835553000000024
6238065000	0.116938356699999996	-0.0385467902000000001
6238070000	0.117321491099999994	-0.039456874900000001
6238075000	0.117843494199999996	-0.0410840258
6238080000	0.117008364099999998	-0.0361103664999999976
6238085000	0.114264181300000003	-0.0382544937000000029
6238090000	0.119012838100000004	-0.0413143727999999988
6238095000	0.120307924499999996	-0.0366991196000000033
6238100000	0.118359188500000004	-0.042870456500000001
6238105000	0.117710870300000006	-0.0405111043000000032
6238110000	0.118306690699999995	-0.038231549699999999
6238115000	0.120961103099999995	-0.039234102899999998
6238120000	0.117952735899999994	-0.0410925392
6238125000	0.117631322100000005	-0.0430946136999999993
6238130000	0.121044498299999997	-0.0405792608000000027
6238135000	0.117157088000000006	-0.0385734698999999973
6238140000	0.118053023300000004	-0.0435867883999999997
6238145000	0.118799266400000006	-0.0442115806000000014
6238150000	0.1167209419	-0.0439728958000000017
6238155000	0.122351540300000006	-0.0424107189999999995
6238160000	0.118933081400000001	-0.0446775119000000012
6238165000	0.118763031399999996	-0.0403727610000000001
6238170000	0.115882595300000002	-0.041041036000000003
6238175000	0.118325859699999994	-0.0421335870000000001
6238180000	0.117959424100000002	-0.0464518133999999999
6238185000	0.117493232700000005	-0.0419549493000000023
6238190000	0.115687445400000005	-0.0420846607999999997
6238195000	0.1179559367	-0.0463851204000000003
6238200000	0.120565109899999995	-0.0430166316000000007
6238205000	0.116275246999999998	-0.0433545067999999978
6238210000	0.117082470199999997	-0.0450012847999999993
6238215000	0.116915175499999996	-0.0427592081000000013
6238220000	0.116144656600000007	-0.0452997502999999968
6238225000	0.116189867299999999	-0.0453233377000000007
6238230000	0.117533563999999993	-0.0439999998000000017
6238235000	0.117687190299999994	-0.0434603169999999983
6238240000	0.116757065899999998	-0.0464339373999999999
6238245000	0.117293651200000001	-0.0480464109999999972
6238250000	0.117697249800000001	-0.0449502389000000016
6238255000	0.118126556600000002	-0.0450953607000000034
6238260000	0.114022605799999996	-0.0448030312000000028
6238265000	0.116519124500000001	-0.0449927598999999984
6238270000	0.115772427499999997	-0.0472613024000000034
6238275000	0.116486877500000002	-0.0481862573000000002
6238280000	0.116052842899999994	-0.0467967363999999969
6238285000	0.112795421600000001	-0.0441255568000000001
6238290000	0.114938946799999997	-0.0488919894000000022
6238295000	0.116451024799999997	-0.0475580672999999995
6238300000	0.115212958800000001	-0.0491285664999999983
6238305000	0.116599259999999996	-0.0480633864999999993
6238310000	0.113063802800000002	-0.0461006641000000009
6238315000	0.114455784099999999	-0.0507870601000000033
6238320000	0.115448844300000006	-0.0516718800000000034
6238325000	0.115384107	-0.0483895713999999977
6238330000	0.114372468199999994	-0.0471355301999999976
6238335000	0.113925630900000005	-0.0486617618000000016
6238340000	0.116443434799999995	-0.0505334747999999986
6238345000	0.116694170099999994	-0.0493141746000000034
6238350000	0.11730438	-0.0499868933000000015
6238355000	0.116475949800000006	-0.0517298444999999968
6238360000	0.115422369999999996	-0.0482874802999999977
6238365000	0.112925473700000001	-0.0485866246000000029
6238370000	0.1144614043	-0.0493427980000000002
6238375000	0.111940606600000006	-0.0506000059000000016
6238380000	0.113611635399999994	-0.0504456821
6238385000	0.1171197707	-0.049755506300000002
6238390000	0.113009654299999998	-0.0480145428999999985
6238395000	0.119693447499999994	-0.0497059548000000004
6238400000	0.117947080900000001	-0.0513911439999999997
6238405000	0.113278416399999998	-0.0488453974999999985
6238410000	0.112504015200000002	-0.0539915218999999988
6238415000	0.113690452799999994	-0.0519914960999999995
6238420000	0.114356710099999995	-0.0539305758999999996
