# freq, I e Q
4395403800	-0.508058635100000044	0.192517807600000007
4395404600	-0.506056366200000052	0.195337927200000011
4395405400	-0.502767307199999958	0.195346833599999992
4395406200	-0.506984886100000032	0.195179652199999998
4395407000	-0.501296438500000052	0.195230254999999991
4395407800	-0.502232465800000027	0.192842279899999997
4395408600	-0.504299450600000032	0.196094862700000011
4395409400	-0.501588080200000008	0.192779331199999987
4395410200	-0.503830077499999973	0.196593686099999998
4395411000	-0.50062820929999996	0.198908341699999991
4395411800	-0.500324181900000053	0.199270162499999987
4395412600	-0.502948157900000026	0.196164629300000004
4395413400	-0.505706497499999963	0.19642858090000001
4395414200	-0.504944101700000036	0.200376602900000006
4395415000	-0.500261445699999974	0.197639606699999998
4395415800	-0.498180315400000018	0.196000967599999992
4395416600	-0.499154513799999977	0.203051976899999986
4395417400	-0.501246928699999983	0.198293073600000008
4395418200	-0.502546380800000025	0.197782765400000005
4395419000	-0.502740329999999958	0.199095264200000011
4395419800	-0.501895838499999969	0.200619479600000011
4395420600	-0.504555328200000042	0.196155304100000011
4395421400	-0.498567721899999983	0.197181796100000001
4395422200	-0.500835390600000041	0.198183713300000008
4395423000	-0.504737366500000006	0.201097926700000013
4395423800	-0.497860814699999987	0.200279095900000009
4395424600	-0.495458090000000018	0.204950797099999998
4395425400	-0.501858144900000025	0.196714414899999995
4395426200	-0.504249354799999994	0.203186386699999999
4395427000	-0.496757035000000013	0.204143428099999996
4395427800	-0.49937239659999999	0.202683266000000001
4395428600	-0.498543846299999982	0.203760987300000002
4395429400	-0.501050389099999993	0.203520566600000008
4395430200	-0.498502446099999996	0.199792719899999999
4395431000	-0.49797297330000001	0.203782111099999996
4395431800	-0.498409609899999995	0.202501354599999989
4395432600	-0.497920642400000002	0.206170122700000014
4395433400	-0.495954957600000024	0.202125447300000011
4395434200	-0.500593698099999984	0.201450235499999991
4395435000	-0.499880046299999992	0.203986454699999986
4395435800	-0.49785900700000002	0.204175690999999992
4395436600	-0.496050452799999986	0.20634058520000001
4395437400	-0.498342160699999981	0.200493152300000005
4395438200	-0.495288669100000023	0.203788689999999995
4395439000	-0.496162111299999986	0.206061283600000006
4395439800	-0.495058819900000002	0.207431299799999996
4395440600	-0.497014236900000017	0.206649116299999991
4395441400	-0.496726849999999998	0.206843549300000012
4395442200	-0.496169591199999982	0.205027307999999991
4395443000	-0.496594916200000014	0.202439441199999987
4395443800	-0.490295333100000008	0.207205259000000003
4395444600	-0.495794194700000024	0.208349297699999991
4395445400	-0.493416491199999974	0.207254917300000008
4395446200	-0.492349425200000024	0.209349389100000005
4395447000	-0.492031805200000005	0.2118451784
4395447800	-0.493295174100000011	0.2086534632
4395448600	-0.493045875199999983	0.211010309400000012
4395449400	-0.490995434499999994	0.206734622000000007
4395450200	-0.490595427899999992	0.209190681600000011
4395451000	-0.490933161700000009	0.209352637799999991
4395451800	-0.489919982899999995	0.209104791699999987
4395452600	-0.491765938100000022	0.212579082899999994
4395453400	-0.493324821099999977	0.208597647599999991
4395454200	-0.492371412800000019	0.209976667899999997
4395455000	-0.493238760200000015	0.209783090000000005
4395455800	-0.489913136199999988	0.210841041600000001
4395456600	-0.488357941899999981	0.209601813500000012
4395457400	-0.491980748299999993	0.211500646900000006
4395458200	-0.488002408300000023	0.215745480500000003
4395459000	-0.491273457700000027	0.2134048573
4395459800	-0.48836235309999998	0.211715070000000005
4395460600	-0.488975757399999988	0.212227332500000004
4395461400	-0.490373557000000015	0.213906715400000003
4395462200	-0.490460752399999977	0.211983018999999995
4395463000	-0.488333421699999992	0.2149213492
4395463800	-0.488635185500000013	0.212526380200000004
4395464600	-0.488472261899999982	0.216207176299999998
4395465400	-0.487031427500000003	0.215713524399999995
4395466200	-0.488943269299999983	0.217144997700000009
4395467000	-0.489485938000000009	0.213838226699999995
4395467800	-0.487294938999999983	0.215116012800000006
4395468600	-0.486753909500000026	0.220978901000000005
4395469400	-0.488250214100000024	0.2147126959
4395470200	-0.488541142799999994	0.21768596300000001
4395471000	-0.48375142069999999	0.216942195300000001
4395471800	-0.484978965300000009	0.214889391799999996
4395472600	-0.479893383200000023	0.218764194100000003
4395473400	-0.488058167300000012	0.216236489700000006
4395474200	-0.486166073400000009	0.218333715499999997
4395475000	-0.486505182899999999	0.216914704300000011
4395475800	-0.486329486400000011	0.219569640099999991
4395476600	-0.486146654800000022	0.216321604700000003
4395477400	-0.481342714900000024	0.223476416099999992
4395478200	-0.484445786499999975	0.215493548000000007
4395479000	-0.484872838500000014	0.220078358000000002
4395479800	-0.485398421899999988	0.2188317444
4395480600	-0.481900519000000027	0.221871165499999995
4395481400	-0.484802613499999979	0.221662323500000008
4395482200	-0.480785177100000016	0.218845641400000013
4395483000	-0.481261260099999977	0.222518078499999994
4395483800	-0.482478027400000009	0.221269025600000002
4395484600	-0.482110004199999997	0.220953836999999986
4395485400	-0.482200131799999987	0.224146438799999986
4395486200	-0.482684292800000025	0.221902660899999993
4395487000	-0.481838892500000004	0.220565612100000003
4395487800	-0.481548927899999979	0.226433227600000009
4395488600	-0.484614277799999993	0.224661666600000004
4395489400	-0.476741144399999983	0.220959954300000011
4395490200	-0.480604583899999993	0.218183916700000008
4395491000	-0.478097688799999976	0.222988142
4395491800	-0.4802499395	0.223973252600000006
4395492600	-0.478661219699999974	0.228561644700000011
4395493400	-0.47704930550000002	0.223899577300000013
4395494200	-0.478265432499999976	0.224119028199999987
4395495000	-0.480969477799999989	0.223972475300000001
4395495800	-0.481687913099999976	0.226622315299999988
4395496600	-0.474797772399999984	0.223971976099999998
4395497400	-0.476793036999999975	0.230175448799999988
4395498200	-0.471231978499999982	0.228007411800000004
4395499000	-0.479330545399999974	0.230652228300000012
4395499800	-0.472851700300000011	0.224578392099999996
4395500600	-0.474743220899999985	0.229986552000000011
4395501400	-0.472131191299999975	0.229985901399999998
4395502200	-0.476134186000000015	0.23116377090000001
4395503000	-0.475475727000000015	0.227594624999999995
4395503800	-0.473181203399999972	0.22731931259999999
4395504600	-0.476917591199999991	0.228887646400000005
4395505400	-0.475469826099999993	0.232723872800000009
4395506200	-0.475455934700000027	0.230754102200000005
4395507000	-0.472162110000000024	0.233576172299999996
4395507800	-0.473175865600000023	0.233381077800000003
4395508600	-0.471021214999999993	0.233129968500000007
4395509400	-0.471399950800000023	0.229825095899999998
4395510200	-0.470092692699999981	0.22858878869999999
4395511000	-0.471201128999999996	0.231966983999999987
4395511800	-0.469998802100000002	0.23220666370000001
4395512600	-0.472817479699999987	0.232640961600000001
4395513400	-0.470304144300000004	0.233632894499999993
4395514200	-0.469404182499999989	0.233553834799999999
4395515000	-0.473642386099999979	0.230445159799999993
4395515800	-0.467794030500000013	0.229682983099999988
4395516600	-0.468522414399999976	0.233320683899999992
4395517400	-0.467460598800000016	0.233421046500000007
4395518200	-0.466331579800000007	0.234066042599999996
4395519000	-0.468346598499999989	0.237316076999999986
4395519800	-0.470752805399999974	0.237013914800000003
4395520600	-0.470980646599999997	0.235663806400000009
4395521400	-0.463537903099999982	0.239298079899999988
4395522200	-0.468779388899999983	0.236830929999999995
4395523000	-0.466681929200000012	0.235413285100000008
4395523800	-0.466192087199999994	0.240010870200000004
4395524600	-0.46510048380000002	0.238285095299999999
4395525400	-0.463262012999999973	0.234252168900000002
4395526200	-0.467164389700000016	0.240355620999999992
4395527000	-0.466883479200000007	0.238494752300000001
4395527800	-0.465634177500000024	0.238539276500000008
4395528600	-0.462462032600000017	0.24036539870000001
4395529400	-0.458977444299999982	0.23755732739999999
4395530200	-0.463873876500000004	0.240610632500000005
4395531000	-0.46302573050000001	0.238547853400000009
4395531800	-0.460051085299999996	0.240951818200000001
4395532600	-0.459508532400000003	0.239480417899999992
4395533400	-0.462875198300000013	0.242129402999999993
4395534200	-0.460834212799999976	0.240972484699999989
4395535000	-0.4604264723	0.244680474600000003
4395535800	-0.460149696100000005	0.239849913800000009
4395536600	-0.46023795150000002	0.243054196599999994
4395537400	-0.462372560099999996	0.239550245699999997
4395538200	-0.460519052099999993	0.242698026499999997
4395539000	-0.459097238899999982	0.241486041099999993
4395539800	-0.459723097700000027	0.238536201400000009
4395540600	-0.457088369200000011	0.2432548135
4395541400	-0.46169547230000002	0.242611203299999995
4395542200	-0.453922033000000003	0.243836862799999998
4395543000	-0.454177700000000018	0.244129148099999999
4395543800	-0.456601351400000022	0.245829326300000012
4395544600	-0.453374897300000024	0.239559862900000003
4395545400	-0.453299574300000008	0.244410151399999998
4395546200	-0.454939192599999986	0.245027339099999991
4395547000	-0.453155992399999985	0.246705326899999994
4395547800	-0.457181975100000026	0.246700910299999993
4395548600	-0.454330228200000019	0.245211295500000009
4395549400	-0.451517637600000021	0.244766090900000011
4395550200	-0.450308465499999977	0.245692648900000005
4395551000	-0.452455246899999997	0.250037666499999978
4395551800	-0.455092218699999995	0.246452231999999993
4395552600	-0.450964758600000015	0.247614728899999997
4395553400	-0.452389852699999984	0.245542927100000002
4395554200	-0.449758004900000008	0.247469897500000008
4395555000	-0.449632464299999979	0.244799981100000008
4395555800	-0.454127410499999995	0.2498628232
4395556600	-0.453122027799999993	0.252214905200000006
4395557400	-0.449151333400000019	0.251784713400000026
4395558200	-0.447102073499999975	0.249909678400000002
4395559000	-0.447734720600000025	0.2451655321
4395559800	-0.448884473200000023	0.253756967300000025
4395560600	-0.44551452359999999	0.246096968100000008
4395561400	-0.44767177330000002	0.249678078100000006
4395562200	-0.441261883000000021	0.249375214000000012
4395563000	-0.446763616699999977	0.24890006440000001
4395563800	-0.448532156600000009	0.252217084699999983
4395564600	-0.443037262200000004	0.253273645699999994
4395565400	-0.444683494899999976	0.256055586399999979
4395566200	-0.442765250700000002	0.25383361430000001
4395567000	-0.443502046300000008	0.250984609500000011
4395567800	-0.444096301699999974	0.2508034549
4395568600	-0.445554729699999985	0.250740899299999986
4395569400	-0.442931688099999998	0.253682471399999998
4395570200	-0.440803316999999972	0.25448967779999998
4395571000	-0.441983770300000023	0.254244034399999985
4395571800	-0.438439052399999973	0.253643510700000019
4395572600	-0.438968513999999976	0.25791070100000002
4395573400	-0.440279154800000017	0.255357055300000024
4395574200	-0.4404560005	0.255547090199999993
4395575000	-0.437505605399999997	0.256052905300000022
4395575800	-0.43659754169999998	0.255974644099999982
4395576600	-0.4351634318	0.258490460600000027
4395577400	-0.434485673000000017	0.257801125600000014
4395578200	-0.435054033900000026	0.257251437500000013
4395579000	-0.429932288699999998	0.254766989700000002
4395579800	-0.436363324699999999	0.256724234499999981
4395580600	-0.434563329300000023	0.25878351970000002
4395581400	-0.436498840499999985	0.259110066999999999
4395582200	-0.428680094999999983	0.260285482899999976
4395583000	-0.434053146499999987	0.258499655599999989
4395583800	-0.431773077299999974	0.263347091199999994
4395584600	-0.430225214000000022	0.257444151200000027
4395585400	-0.431045068400000009	0.260889980799999976
4395586200	-0.429489611300000018	0.262623484299999987
4395587000	-0.426661775899999984	0.259773281600000017
4395587800	-0.428764454999999989	0.261640074200000017
4395588600	-0.4285774054	0.261139618500000004
4395589400	-0.42746093369999999	0.2562489503
4395590200	-0.426646617800000016	0.259791564699999977
4395591000	-0.428575697099999986	0.261467748700000002
4395591800	-0.426330519100000027	0.260569174600000009
4395592600	-0.42580238640000001	0.2633898831
4395593400	-0.426351517899999977	0.26432584050000002
4395594200	-0.423167724999999995	0.262692157699999984
4395595000	-0.423460810500000007	0.264671256899999985
4395595800	-0.42141910840000002	0.262774628399999988
4395596600	-0.423594562100000016	0.267634421700000014
4395597400	-0.421615798400000019	0.26396242889999999
4395598200	-0.42431475270000002	0.267384593700000006
4395599000	-0.418443822999999993	0.265694056299999981
4395599800	-0.420869964500000027	0.266912798700000009
4395600600	-0.421020300399999992	0.26288940999999999
4395601400	-0.415937758200000007	0.265603667499999974
4395602200	-0.419064960699999989	0.264274165100000014
4395603000	-0.413662093200000025	0.263485688699999998
4395603800	-0.413668357200000003	0.268480040099999984
4395604600	-0.413735908500000027	0.267838036300000026
4395605400	-0.412193625000000008	0.268927853300000019
4395606200	-0.412788489099999989	0.267099833800000019
4395607000	-0.416223111899999998	0.267313237400000014
4395607800	-0.415649100100000002	0.267061420400000027
4395608600	-0.408367460700000018	0.267035243500000019
4395609400	-0.408274548399999992	0.269209098699999982
4395610200	-0.408962423700000022	0.267715924800000005
4395611000	-0.409142078199999981	0.268455682099999982
4395611800	-0.406854752400000019	0.268689409200000007
4395612600	-0.409257399399999999	0.271200461900000023
4395613400	-0.407638076100000024	0.270734970299999989
4395614200	-0.407599620900000015	0.270267490200000016
4395615000	-0.405998164800000005	0.269617887800000011
4395615800	-0.406604038800000012	0.265461916999999992
4395616600	-0.407576325500000003	0.270958594399999975
4395617400	-0.4054782153	0.270197253699999973
4395618200	-0.408910890600000021	0.268659532699999981
4395619000	-0.407554990399999983	0.271818637199999991
4395619800	-0.399412597500000022	0.270152751400000002
4395620600	-0.4027389891	0.273791018399999975
4395621400	-0.4043476493	0.272782250100000012
4395622200	-0.400670080900000003	0.271574277699999977
4395623000	-0.399115766099999991	0.270719510100000005
4395623800	-0.395996910400000013	0.274078488399999987
4395624600	-0.395229101199999988	0.275214322700000014
4395625400	-0.395120329100000001	0.273724670399999981
4395626200	-0.398241227500000017	0.273465366300000012
4395627000	-0.394563051599999992	0.272600450900000013
4395627800	-0.39338710189999998	0.274965611800000009
4395628600	-0.389827534199999992	0.274703931600000006
4395629400	-0.390778232700000006	0.276410633399999994
4395630200	-0.392872341299999983	0.271244187299999995
4395631000	-0.389343418699999999	0.272699891400000005
4395631800	-0.391323031200000004	0.277215640200000002
4395632600	-0.388659268599999996	0.275699964600000014
4395633400	-0.387973676300000014	0.276138543600000008
4395634200	-0.387714524800000016	0.272429260700000009
4395635000	-0.386358824400000023	0.274792265300000005
4395635800	-0.388982123499999999	0.275837480999999995
4395636600	-0.385577025799999973	0.278345092299999985
4395637400	-0.382895132600000021	0.274909554800000011
4395638200	-0.382168905599999997	0.276894011100000004
4395639000	-0.379316462899999984	0.277899244499999976
4395639800	-0.381423846899999974	0.276118435699999998
4395640600	-0.382688783300000002	0.275417872100000016
4395641400	-0.37954074430000001	0.278165175200000003
4395642200	-0.378679472700000019	0.276066326500000014
4395643000	-0.374178064500000018	0.274358871700000007
4395643800	-0.3805760158	0.273948076500000026
4395644600	-0.374518024299999974	0.279287239500000006
4395645400	-0.374481083699999995	0.277805484699999994
4395646200	-0.375466579799999978	0.279317214899999999
4395647000	-0.36981623520000001	0.275272570699999997
4395647800	-0.371334183699999987	0.279528804899999983
4395648600	-0.371072911000000005	0.278525090199999992
4395649400	-0.369274731799999978	0.278567536299999974
4395650200	-0.367939288799999986	0.276477636999999998
4395651000	-0.365876626900000002	0.27835085380000002
4395651800	-0.363683720400000021	0.28154689220000001
4395652600	-0.368928927500000003	0.279837015600000016
4395653400	-0.364677280400000026	0.28277258249999998
4395654200	-0.363700687799999978	0.281912126200000002
4395655000	-0.365435255199999975	0.283294498900000025
4395655800	-0.362392182200000024	0.278059898500000013
4395656600	-0.359117137099999983	0.27914675379999998
4395657400	-0.361783756000000012	0.280826503399999983
4395658200	-0.358648896599999989	0.277939165900000007
4395659000	-0.359687251799999996	0.281260378300000002
4395659800	-0.354992613000000012	0.278016460199999982
4395660600	-0.353631043699999981	0.278843738299999977
4395661400	-0.354375130199999999	0.280219957299999989
4395662200	-0.353093534799999997	0.282592562699999994
4395663000	-0.352166095899999976	0.278443696700000021
4395663800	-0.348275217799999981	0.280669047100000013
4395664600	-0.347303211100000009	0.277858730700000001
4395665400	-0.352865389299999999	0.281988225500000023
4395666200	-0.352013096000000025	0.278178002199999996
4395667000	-0.345476364699999983	0.279992702300000007
4395667800	-0.349943309400000013	0.280331962800000001
4395668600	-0.350082819099999998	0.278096351700000022
4395669400	-0.341451935300000009	0.282506509500000003
4395670200	-0.342283320200000019	0.279113781200000022
4395671000	-0.339354490299999978	0.277230108500000016
4395671800	-0.339687777000000024	0.276991568600000015
4395672600	-0.339381884799999978	0.278784441599999988
4395673400	-0.339111472500000011	0.281935997400000027
4395674200	-0.333575546399999978	0.2797789148
4395675000	-0.330890266499999974	0.279618791400000011
4395675800	-0.334881960300000003	0.27934228379999998
4395676600	-0.331755093100000009	0.277530911800000002
4395677400	-0.331190052700000015	0.278665184499999996
4395678200	-0.330150917400000021	0.283368763400000001
4395679000	-0.325977310799999975	0.279572609799999983
4395679800	-0.326994820100000028	0.277848441800000012
4395680600	-0.325828916600000018	0.279228007100000009
4395681400	-0.326153461899999997	0.281673608199999981
4395682200	-0.326144498900000024	0.279236645499999991
4395683000	-0.326740691199999989	0.280058685899999993
4395683800	-0.321429176599999977	0.275575946000000016
4395684600	-0.317724581000000006	0.277170838799999986
4395685400	-0.322585871299999993	0.278247733399999975
4395686200	-0.312734257700000018	0.277516123800000014
4395687000	-0.316453030799999979	0.275328580599999984
4395687800	-0.310681234400000006	0.276503563900000027
4395688600	-0.316541014600000004	0.278566515600000009
4395689400	-0.309870467199999999	0.276426728600000005
4395690200	-0.309315510000000016	0.280776390799999997
4395691000	-0.311517479400000019	0.277168854700000022
4395691800	-0.308095465899999976	0.277818237299999993
4395692600	-0.309392450200000002	0.277520786700000022
4395693400	-0.308146540799999979	0.277821227999999976
4395694200	-0.300892347999999976	0.273886026900000024
4395695000	-0.308480010799999982	0.277440613000000003
4395695800	-0.303763399099999998	0.276449100100000011
4395696600	-0.297514700899999984	0.273949763100000021
4395697400	-0.296425005700000022	0.276564570600000004
4395698200	-0.296007015500000026	0.273885876699999975
4395699000	-0.296871247000000005	0.271134573200000006
4395699800	-0.297537449499999995	0.272130001499999996
4395700600	-0.293726352400000001	0.27496916859999998
4395701400	-0.292751262899999976	0.272158498799999982
4395702200	-0.291199247400000027	0.273554723599999994
4395703000	-0.290265914700000016	0.271478687300000021
4395703800	-0.290995512700000014	0.269014619399999988
4395704600	-0.282866925599999985	0.270101954600000027
4395705400	-0.284314937300000015	0.26988800089999998
4395706200	-0.283309574100000017	0.268947475499999977
4395707000	-0.277326068199999998	0.266706720200000025
4395707800	-0.28206437550000002	0.269578397899999989
4395708600	-0.278654558399999974	0.265621427899999984
4395709400	-0.275037071099999975	0.264325880100000021
4395710200	-0.279756372899999994	0.267438340599999991
4395711000	-0.272417338200000025	0.267922112599999984
4395711800	-0.276737633799999994	0.263547974899999982
4395712600	-0.269454570100000013	0.266553094900000009
4395713400	-0.264556292799999981	0.264266719099999992
4395714200	-0.269888555899999993	0.264313556200000022
4395715000	-0.267193879199999984	0.263133967299999993
4395715800	-0.266463717699999991	0.261020345900000006
4395716600	-0.264050076099999975	0.263101794800000011
4395717400	-0.260945301799999974	0.263964970899999984
4395718200	-0.263014783699999977	0.25954855910000002
4395719000	-0.26021749420000001	0.257292019300000008
4395719800	-0.256898683999999988	0.25863125079999999
4395720600	-0.255893002400000014	0.258966079500000002
4395721400	-0.254158417400000003	0.255956175399999986
4395722200	-0.253986096699999997	0.256226357399999993
4395723000	-0.252927891299999985	0.258032898700000013
4395723800	-0.253606681499999986	0.25164993699999999
4395724600	-0.246724146300000002	0.252781121499999983
4395725400	-0.248875749600000001	0.255926684399999993
4395726200	-0.246832202299999998	0.249828193100000012
4395727000	-0.243970398599999999	0.250876122099999987
4395727800	-0.242233554099999998	0.248565784300000009
4395728600	-0.241607250400000001	0.250722082800000023
4395729400	-0.23830249710000001	0.246117451600000009
4395730200	-0.240084004900000009	0.24802369090000001
4395731000	-0.239231837100000011	0.245315841600000001
4395731800	-0.235794536100000007	0.243893222399999998
4395732600	-0.234256935500000013	0.242620347900000005
4395733400	-0.23080342940000001	0.24137680319999999
4395734200	-0.232195361300000014	0.240599141099999997
4395735000	-0.225355817300000011	0.238178768499999999
4395735800	-0.225783865400000006	0.238937139800000004
4395736600	-0.226716814500000002	0.239127619600000008
4395737400	-0.226455084700000003	0.232084231599999996
4395738200	-0.223314308699999992	0.234844497099999994
4395739000	-0.221029685700000006	0.232607493100000007
4395739800	-0.219655726699999998	0.228497940399999988
4395740600	-0.218663002200000012	0.229254018700000006
4395741400	-0.216648774500000002	0.228610619799999998
4395742200	-0.216820574999999988	0.227370540900000001
4395743000	-0.211711834300000012	0.225613681300000007
4395743800	-0.21675149299999999	0.225972505699999993
4395744600	-0.213349215399999986	0.220167265100000009
4395745400	-0.211713375300000006	0.219415054999999998
4395746200	-0.20866887910000001	0.216887391600000007
4395747000	-0.211602481700000011	0.215715665100000009
4395747800	-0.204333268499999998	0.218437649799999994
4395748600	-0.205495701800000014	0.211977467700000005
4395749400	-0.203150737100000006	0.211587460100000013
4395750200	-0.200324990400000014	0.212496918300000004
4395751000	-0.200356009599999996	0.210950455700000011
4395751800	-0.1970443469	0.208269485799999987
4395752600	-0.198016306899999994	0.202359188200000012
4395753400	-0.195038012600000005	0.206182403399999992
4395754200	-0.197315951500000003	0.201069743899999986
4395755000	-0.194019511400000011	0.199357170700000003
4395755800	-0.194308724399999994	0.196683570700000004
4395756600	-0.195644615599999988	0.193717149499999991
4395757400	-0.192458789299999988	0.192260510299999993
4395758200	-0.187944536400000001	0.191206864700000007
4395759000	-0.192475740199999995	0.191671490400000005
4395759800	-0.186925669699999991	0.18743212070000001
4395760600	-0.190665860599999987	0.187056858500000006
4395761400	-0.188852375500000003	0.182777005900000011
4395762200	-0.184242247599999992	0.182955689100000013
4395763000	-0.184122855700000004	0.182387220399999994
4395763800	-0.184019945399999996	0.176307592099999993
4395764600	-0.180232770699999989	0.177606280899999996
4395765400	-0.18096000570000001	0.174959434500000011
4395766200	-0.180979967999999991	0.172929320199999986
4395767000	-0.177589577500000012	0.169304041200000005
4395767800	-0.180153365600000004	0.168112449100000005
4395768600	-0.176961758800000007	0.163552902999999999
4395769400	-0.176148372299999995	0.165891041500000003
4395770200	-0.172803516099999999	0.159246887400000009
4395771000	-0.178470528099999998	0.160277954500000014
4395771800	-0.174225486200000002	0.156674533100000013
4395772600	-0.173368827100000011	0.156578985799999987
4395773400	-0.175230654600000008	0.152810505799999996
4395774200	-0.170577810999999996	0.150433011700000008
4395775000	-0.168987530599999991	0.146202020999999988
4395775800	-0.169723500500000013	0.144361187199999991
4395776600	-0.166303667099999997	0.14235982820000001
4395777400	-0.169782498300000001	0.141881637700000007
4395778200	-0.169948272300000008	0.137826392399999997
4395779000	-0.170416511599999987	0.135109525600000002
4395779800	-0.169715569300000008	0.135956726599999994
4395780600	-0.167596396700000011	0.131419379199999992
4395781400	-0.165257047699999993	0.127986622599999988
4395782200	-0.165814427699999989	0.127400966799999987
4395783000	-0.166456584699999993	0.124779451
4395783800	-0.17085965010000001	0.120021135200000004
4395784600	-0.165737109500000007	0.116444049600000002
4395785400	-0.1703577389	0.120144547099999999
4395786200	-0.168644737999999988	0.112448132000000006
4395787000	-0.165534931999999996	0.112923318999999994
4395787800	-0.165284318200000002	0.114822805999999999
4395788600	-0.16517875130000001	0.108244048600000004
4395789400	-0.163088602500000013	0.102811243799999993
4395790200	-0.168683889899999995	0.1050567481
4395791000	-0.16727435630000001	0.0993075536999999953
4395791800	-0.164875773100000012	0.100229308700000005
4395792600	-0.166803265000000006	0.0964610280999999986
4395793400	-0.165555987900000007	0.0913988703000000041
4395794200	-0.166808975299999995	0.092145883900000003
4395795000	-0.168812474800000001	0.0902270778999999939
4395795800	-0.167084033699999995	0.0872333651999999959
4395796600	-0.166103667300000007	0.0837690314999999935
4395797400	-0.1686875179	0.0814824613999999975
4395798200	-0.169924932400000006	0.0749746572999999972
4395799000	-0.168226996299999987	0.0797786748000000046
4395799800	-0.169173680900000012	0.0727089905000000009
4395800600	-0.171051597700000002	0.0731937331000000052
4395801400	-0.170820342799999997	0.0741367492999999989
4395802200	-0.169184827199999999	0.0651815943000000064
4395803000	-0.170021569700000014	0.064689269399999999
4395803800	-0.171536682299999993	0.0631312881999999964
4395804600	-0.17327333310000001	0.0626238744999999958
4395805400	-0.169028552800000009	0.0586643416999999973
4395806200	-0.174694213399999992	0.0589304687999999965
4395807000	-0.170463224599999991	0.0535910434000000033
4395807800	-0.172531945200000009	0.0491434526999999996
4395808600	-0.174899927700000013	0.0509689348999999986
4395809400	-0.17211718949999999	0.0488165472999999989
4395810200	-0.175261067500000006	0.0443422660999999996
4395811000	-0.178267558800000003	0.0467077545999999982
4395811800	-0.177795724099999997	0.0406145877999999974
4395812600	-0.178127852800000014	0.0352759173000000009
4395813400	-0.178046112000000006	0.0347275377999999996
4395814200	-0.179147616399999987	0.0351067775999999998
4395815000	-0.180179499399999998	0.0330226810999999995
4395815800	-0.182267746000000008	0.0326119320999999976
4395816600	-0.181898884099999991	0.0255960400999999983
4395817400	-0.182502464100000011	0.024210122399999999
4395818200	-0.187118197799999997	0.0227508623000000007
4395819000	-0.188071934400000002	0.0228791672999999994
4395819800	-0.19105101029999999	0.0178305366999999999
4395820600	-0.189090168100000011	0.0219752229999999986
4395821400	-0.187738860899999999	0.0135098109000000004
4395822200	-0.191444658500000003	0.0132503024000000004
4395823000	-0.191716987700000008	0.0108378330999999994
4395823800	-0.191076298899999997	0.00801704760000000044
4395824600	-0.192539667800000008	0.00942267989999999965
4395825400	-0.196950474099999995	0.00487720649999999999
4395826200	-0.197668128500000012	0.00749518999999999967
4395827000	-0.196165739700000008	0.00479941810000000021
4395827800	-0.198611699599999997	-0.00184626639999999997
4395828600	-0.202946502899999992	0.000520065499999999956
4395829400	-0.200478540499999996	-0.00500523269999999989
4395830200	-0.207068901700000002	-0.000925517200000000009
4395831000	-0.206021289800000007	-0.00627918420000000022
4395831800	-0.208971858199999999	-0.0101941099999999993
4395832600	-0.208692913300000005	-0.0116166346999999996
4395833400	-0.210319670300000011	-0.0091889885999999997
4395834200	-0.211788123900000014	-0.00572900770000000018
4395835000	-0.215874581900000001	-0.0150642191999999994
4395835800	-0.217205806800000012	-0.0134767503999999993
4395836600	-0.216644741199999991	-0.0178698306999999987
4395837400	-0.217628661899999992	-0.018227100999999999
4395838200	-0.217108973300000008	-0.0209381676000000017
4395839000	-0.221456120499999992	-0.018950532400000001
4395839800	-0.217475670199999999	-0.0242383868999999988
4395840600	-0.22352542680000001	-0.0233802326999999997
4395841400	-0.222607068200000008	-0.0294269324000000013
4395842200	-0.226241364400000006	-0.0266798738000000001
4395843000	-0.22695114420000001	-0.0272106878999999989
4395843800	-0.228183630199999987	-0.0304216297000000011
4395844600	-0.231606988600000008	-0.0283054249999999986
4395845400	-0.230064980000000002	-0.0301913341999999994
4395846200	-0.232112421499999999	-0.0303885007000000013
4395847000	-0.24176457300000001	-0.0352206715000000017
4395847800	-0.237114622299999994	-0.0351957036000000029
4395848600	-0.240612844100000001	-0.0381007781000000031
4395849400	-0.240962338299999995	-0.0354338629000000016
4395850200	-0.239192032599999993	-0.0406007015999999971
4395851000	-0.238338966399999991	-0.0407556625999999991
4395851800	-0.246125888300000012	-0.0410475137000000032
4395852600	-0.247897258199999998	-0.0431247183999999978
4395853400	-0.248397591599999995	-0.0440180895999999974
4395854200	-0.248652392700000002	-0.0494566212000000019
4395855000	-0.2508042781	-0.0473164685000000002
4395855800	-0.25306523110000001	-0.0449126524000000027
4395856600	-0.253895435999999974	-0.0462688787000000018
4395857400	-0.255670772200000007	-0.0516932209000000031
4395858200	-0.253000198499999995	-0.0480856174000000025
4395859000	-0.25734015189999998	-0.0518478246000000018
4395859800	-0.259525277900000018	-0.0509279883999999988
4395860600	-0.261908792399999979	-0.0498161838999999981
4395861400	-0.265565379699999993	-0.0516165443999999987
4395862200	-0.265915746000000008	-0.0533717644000000005
4395863000	-0.265965701900000018	-0.0552747015999999966
4395863800	-0.267742461499999973	-0.055778745400000003
4395864600	-0.274798399699999973	-0.0550238352999999972
4395865400	-0.273698114100000001	-0.0576836314999999988
4395866200	-0.276440937100000006	-0.0565805779999999994
4395867000	-0.273677109500000015	-0.0591723798000000009
4395867800	-0.280003180299999987	-0.0569450217000000009
4395868600	-0.278571609800000008	-0.0596860581000000015
4395869400	-0.281801035199999994	-0.060925587199999999
4395870200	-0.277764267399999987	-0.0600882588999999967
4395871000	-0.286724672399999991	-0.0584240301999999975
4395871800	-0.28584973520000001	-0.0610642730000000022
4395872600	-0.288664320199999991	-0.0633271804999999965
4395873400	-0.287308372300000003	-0.0614232844
4395874200	-0.288744178299999987	-0.0616461941000000027
4395875000	-0.29416002790000001	-0.0623032326000000011
4395875800	-0.295939504099999973	-0.0662060653000000054
4395876600	-0.297364209699999993	-0.0619103755999999977
4395877400	-0.299104319000000007	-0.0674011885999999949
4395878200	-0.300563753499999975	-0.0653660447000000006
4395879000	-0.303542306200000001	-0.0655231720000000045
4395879800	-0.302688483499999994	-0.0689617577000000009
4395880600	-0.303798435899999997	-0.0638246434000000057
4395881400	-0.307312475899999993	-0.0680422004000000025
4395882200	-0.307730723799999994	-0.0659404417000000048
4395883000	-0.31251650609999998	-0.0666334645999999975
4395883800	-0.311862252700000009	-0.0662040881999999969
4395884600	-0.313376239599999995	-0.0642253614999999944
4395885400	-0.316710134799999987	-0.0695801300000000039
4395886200	-0.315343852799999991	-0.0641654415999999977
4395887000	-0.319734732399999999	-0.0674450438000000069
4395887800	-0.317197177100000005	-0.0691201959000000005
4395888600	-0.321109372000000004	-0.069473834799999995
4395889400	-0.325277481500000021	-0.0655066202000000042
4395890200	-0.32452680909999998	-0.0676256533000000049
4395891000	-0.321752931899999983	-0.070710928199999995
4395891800	-0.325956941200000017	-0.0674102664000000018
4395892600	-0.328555511899999986	-0.0727484270000000044
4395893400	-0.328070839700000005	-0.0711609874000000003
4395894200	-0.333474280899999975	-0.0721330740999999998
4395895000	-0.332594090000000009	-0.0686970216999999994
4395895800	-0.333771668399999999	-0.0698731964000000039
4395896600	-0.335018183000000025	-0.0690380914000000012
4395897400	-0.339531353099999988	-0.0711385632000000045
4395898200	-0.338863096099999983	-0.0685810260000000033
4395899000	-0.341384310000000024	-0.0683042784000000014
4395899800	-0.345483875100000004	-0.0689987407000000053
4395900600	-0.34646900759999999	-0.069024353400000002
4395901400	-0.343601037100000006	-0.0710070752000000055
4395902200	-0.346391826800000024	-0.067849474600000001
4395903000	-0.347949791200000025	-0.0713005590999999939
4395903800	-0.347360128599999984	-0.0683466323999999958
4395904600	-0.351396358299999989	-0.0692866283999999943
4395905400	-0.354093057099999997	-0.0705299493000000055
4395906200	-0.352409084300000008	-0.0683008504000000016
4395907000	-0.351402859000000012	-0.0667157096000000061
4395907800	-0.357047905100000007	-0.0720205329000000033
4395908600	-0.355959511499999992	-0.067375896099999999
4395909400	-0.359701417199999984	-0.0663985143999999972
4395910200	-0.360629807199999985	-0.066720673499999994
4395911000	-0.359356049000000011	-0.0713670187000000067
4395911800	-0.360268420799999989	-0.0698643213000000041
4395912600	-0.3659253804	-0.0639499506999999939
4395913400	-0.361017032500000001	-0.0669225985999999939
4395914200	-0.367485545999999996	-0.068484798999999999
4395915000	-0.366273403300000022	-0.0685540183999999997
4395915800	-0.366380987499999977	-0.0653578228000000067
4395916600	-0.367216583599999979	-0.0671612931000000052
4395917400	-0.371846243500000007	-0.0661772174999999963
4395918200	-0.37592077639999999	-0.0664641012999999947
4395919000	-0.375921652200000012	-0.0660199387000000026
4395919800	-0.372982465900000004	-0.0650540468999999955
4395920600	-0.378045397200000022	-0.0639584465000000019
4395921400	-0.379607497500000002	-0.0617089608999999983
4395922200	-0.381447391899999988	-0.0630216180000000015
4395923000	-0.381626593100000022	-0.0646466834999999962
4395923800	-0.379485485000000011	-0.0668862670999999936
4395924600	-0.383887730300000007	-0.0645115339999999954
4395925400	-0.387862833000000018	-0.0647723661000000062
4395926200	-0.388443181299999996	-0.0641098172999999966
4395927000	-0.386469404800000027	-0.0631962816000000011
4395927800	-0.381926596499999993	-0.0600789910999999996
4395928600	-0.389655350700000014	-0.0601015282999999984
4395929400	-0.390026657200000015	-0.0640930987000000035
4395930200	-0.391492311500000023	-0.061623828999999998
4395931000	-0.395549499400000004	-0.0595871197000000033
4395931800	-0.393159470399999988	-0.061604496100000003
4395932600	-0.393269776700000018	-0.0578374083999999983
4395933400	-0.394064415800000012	-0.061187277499999998
4395934200	-0.394126005499999987	-0.0604484735000000023
4395935000	-0.39913269979999999	-0.059881805500000003
4395935800	-0.399363137699999982	-0.0597769417000000025
4395936600	-0.400593611800000027	-0.0573539420999999994
4395937400	-0.402353308000000021	-0.0580652270999999984
4395938200	-0.401851274500000022	-0.0581063508999999992
4395939000	-0.405726864899999984	-0.0599850186000000021
4395939800	-0.403952030000000017	-0.0568864034000000005
4395940600	-0.40860252050000001	-0.0585843803999999968
4395941400	-0.404385158500000008	-0.0557986952999999994
4395942200	-0.408156380099999994	-0.0539775934999999971
4395943000	-0.409147571599999982	-0.0539370365000000004
4395943800	-0.411326340700000015	-0.0527546467999999991
4395944600	-0.41155394369999998	-0.0567725041999999971
4395945400	-0.41233033899999999	-0.0565062891999999969
4395946200	-0.412355252499999991	-0.0528929212999999995
4395947000	-0.411885734000000003	-0.0491425500000000001
4395947800	-0.41326023810000001	-0.0520867521000000014
4395948600	-0.414027442700000026	-0.0537585838000000024
4395949400	-0.415243272300000021	-0.0524396322000000026
4395950200	-0.419647317399999997	-0.0531452960000000016
4395951000	-0.415787958399999991	-0.0519827620000000018
4395951800	-0.420144091399999975	-0.0535252165000000002
4395952600	-0.41950347360000001	-0.0502869783000000001
4395953400	-0.421092525100000004	-0.0514729119000000013
4395954200	-0.4216468726	-0.0504935445000000011
4395955000	-0.422776587599999976	-0.051702530699999999
4395955800	-0.424089334300000009	-0.049551236999999998
4395956600	-0.42259677670000001	-0.0455242379000000003
4395957400	-0.425520702400000006	-0.0477133370000000015
4395958200	-0.4294467072	-0.0474794428000000004
4395959000	-0.429821122399999977	-0.0491507634999999998
4395959800	-0.428011389399999997	-0.0451239451
4395960600	-0.433740495599999998	-0.0447786910999999968
4395961400	-0.431104301999999995	-0.0442612293000000032
4395962200	-0.431294831900000009	-0.0453259015000000015
4395963000	-0.432388979600000001	-0.0442475459999999987
4395963800	-0.432060509799999992	-0.0475728704000000016
4395964600	-0.435291778000000018	-0.0421139836000000017
4395965400	-0.431764713899999986	-0.0432021022000000018
4395966200	-0.437520408500000013	-0.0406195733999999975
4395967000	-0.439150554299999996	-0.046376993800000002
4395967800	-0.435589204800000018	-0.0382959673999999986
4395968600	-0.437291528200000001	-0.0369790934000000029
4395969400	-0.441544932100000009	-0.039976813600000001
4395970200	-0.440341842400000016	-0.0390755596999999982
4395971000	-0.438141763199999978	-0.0419256492999999994
4395971800	-0.441083945600000027	-0.0370399580999999992
4395972600	-0.44118598069999998	-0.036540392900000003
4395973400	-0.440300390300000011	-0.0371340627999999992
4395974200	-0.43989000880000001	-0.0381448321999999992
4395975000	-0.440644926699999995	-0.0333357914000000019
4395975800	-0.44514233110000001	-0.034029524999999998
4395976600	-0.444360294599999983	-0.0352738823999999979
4395977400	-0.443923446300000024	-0.0391613923000000003
4395978200	-0.446556004100000015	-0.0361249034999999996
4395979000	-0.44500037240000001	-0.0358003413000000034
4395979800	-0.44756874029999999	-0.032049723799999999
4395980600	-0.446670351799999976	-0.0353744835999999993
4395981400	-0.447369793199999977	-0.0321675902999999999
4395982200	-0.447687365299999973	-0.0295050562999999988
4395983000	-0.450103042000000009	-0.0296648171999999988
4395983800	-0.453455328800000002	-0.0272396189999999996
4395984600	-0.449618191300000025	-0.0316754154999999982
4395985400	-0.452844990999999975	-0.0258986936000000015
4395986200	-0.454734562100000017	-0.0286073290999999987
4395987000	-0.452790715800000021	-0.0329617824000000004
4395987800	-0.456519702000000027	-0.0270182849999999995
4395988600	-0.455423606400000014	-0.0267621193999999993
4395989400	-0.453009744900000011	-0.0280844257999999999
4395990200	-0.458614319300000017	-0.0267332025999999986
4395991000	-0.458966316699999988	-0.0230421095000000013
4395991800	-0.456961180600000016	-0.0254838837000000012
4395992600	-0.457174491800000027	-0.0260559534000000016
4395993400	-0.456557223000000012	-0.0205527533000000005
4395994200	-0.458010940799999988	-0.0273193483000000008
4395995000	-0.457395587100000001	-0.0213086964000000004
4395995800	-0.459606891299999987	-0.0221746175000000004
4395996600	-0.460054508600000023	-0.0226907756000000009
4395997400	-0.461771176299999975	-0.0198939636000000017
4395998200	-0.466945304999999977	-0.0200442771000000006
4395999000	-0.462349404799999975	-0.0205347173000000015
4395999800	-0.462955627199999997	-0.0217356639999999983
4396000600	-0.464007682199999993	-0.0205334335
4396001400	-0.466935435600000004	-0.0215333018000000015
4396002200	-0.465100925300000023	-0.0168691007000000004
4396003000	-0.463328817299999973	-0.0141231202000000004
4396003800	-0.463710769299999992	-0.016851104799999999
4396004600	-0.465991205899999983	-0.0156980313000000017
4396005400	-0.469983070800000013	-0.0184356773999999994
4396006200	-0.468312430300000027	-0.0174042177999999999
4396007000	-0.467992137699999977	-0.0169807007000000003
4396007800	-0.469599113499999998	-0.0194150623000000008
4396008600	-0.468308310399999983	-0.0144101716000000005
4396009400	-0.468686609699999979	-0.0122898282999999997
4396010200	-0.470630540500000027	-0.0119663304000000009
4396011000	-0.47592943900000001	-0.00997787299999999995
4396011800	-0.469969453500000023	-0.0129737047999999994
4396012600	-0.470702175800000011	-0.01294965
4396013400	-0.473921140600000013	-0.0123114290000000005
4396014200	-0.473585778000000013	-0.0143606381999999994
4396015000	-0.474638264600000026	-0.00689257609999999969
4396015800	-0.474274822900000004	-0.0115778398999999994
4396016600	-0.476479995400000023	-0.00870185639999999927
4396017400	-0.472585690900000022	-0.0100173773999999993
4396018200	-0.477407527599999992	-0.00830663880000000014
4396019000	-0.476348262999999994	-0.00474739530000000028
4396019800	-0.47711052850000002	-0.00764198250000000003
4396020600	-0.475828998999999975	-0.00788515199999999944
4396021400	-0.479542765400000015	-0.00392135129999999967
4396022200	-0.476603759500000002	-0.00301474209999999998
4396023000	-0.478912279800000007	-0.00584356960000000005
4396023800	-0.479578575600000001	-0.00384326809999999998
4396024600	-0.478046969599999982	-0.0032530972
4396025400	-0.480524608199999981	-0.00667708350000000006
4396026200	-0.48071431739999998	-0.000451516500000000013
4396027000	-0.484071467099999986	-0.00162579320000000001
4396027800	-0.479634937900000002	-0.00652712049999999971
4396028600	-0.478020524999999974	-0.000133025100000000001
4396029400	-0.481828065000000028	-0.00122414269999999992
4396030200	-0.480504822599999992	-0.0013794689000000001
4396031000	-0.484567271199999983	-0.00139946119999999992
4396031800	-0.483559333799999991	-0.00295560020000000014
4396032600	-0.482555034800000004	0.00380852620000000008
4396033400	-0.481600361199999993	0.00268436919999999989
4396034200	-0.485507316999999994	0.00281346600000000014
4396035000	-0.483132054400000011	0.00298804920000000007
4396035800	-0.485698223799999995	-0.00208163299999999983
4396036600	-0.486923865299999981	0.00384755389999999996
4396037400	-0.489047534100000014	0.00129774810000000008
4396038200	-0.487666816599999997	0.00480158730000000006
4396039000	-0.486395133400000013	0.00522942960000000005
4396039800	-0.486514510800000022	0.00404849210000000036
4396040600	-0.485964560300000015	0.00601644409999999973
4396041400	-0.487299334600000023	0.00797766800000000026
4396042200	-0.485539313600000022	0.00891341340000000038
4396043000	-0.491290016100000004	0.00912535239999999991
4396043800	-0.488405711299999989	0.00851157309999999931
4396044600	-0.487307256700000024	0.00661505100000000026
4396045400	-0.489207602000000019	0.00918188539999999914
4396046200	-0.485950154299999992	0.0107429751999999993
4396047000	-0.49460285570000001	0.0115017812000000001
4396047800	-0.49039374619999998	0.0122671611
4396048600	-0.489575253300000013	0.0109299167999999999
4396049400	-0.487111469299999988	0.0106534756999999997
4396050200	-0.491328947199999977	0.0125109408999999998
4396051000	-0.491091137399999988	0.0151393398000000002
4396051800	-0.491002513899999993	0.0157452718999999998
4396052600	-0.487986807500000008	0.0103764571999999996
4396053400	-0.492326624400000024	0.0173381618999999994
4396054200	-0.494648787400000012	0.0155303818999999992
4396055000	-0.489810087399999983	0.0157095429000000016
4396055800	-0.492529309000000026	0.0141875500000000002
4396056600	-0.496290165299999975	0.0145497253999999996
4396057400	-0.491935732899999978	0.0170015124999999996
4396058200	-0.491880016799999986	0.0157901733000000016
4396059000	-0.495660716599999995	0.0171951086000000017
4396059800	-0.492111548600000004	0.0187448636999999994
4396060600	-0.495972679199999988	0.0150642968999999995
4396061400	-0.505312144699999966	0.0195489091000000011
4396062200	-0.495578618500000012	0.0206017406000000014
4396063000	-0.49731603969999999	0.0199457637999999986
4396063800	-0.493052388200000025	0.0216935749999999997
4396064600	-0.49615844990000002	0.0211360379000000015
4396065400	-0.498217917200000027	0.0204013566
4396066200	-0.495243095299999991	0.0234728550999999987
4396067000	-0.49456921199999998	0.0260759394000000012
4396067800	-0.498454922000000022	0.0239194577999999984
4396068600	-0.496563229699999997	0.0253680174999999994
4396069400	-0.500159189300000029	0.0229992518999999999
4396070200	-0.498049012299999982	0.0255865649999999986
4396071000	-0.49627037810000002	0.0251936591999999994
4396071800	-0.49803785220000002	0.0247971599999999986
4396072600	-0.497296130900000022	0.0235308190999999993
4396073400	-0.49666512639999999	0.0259153290999999987
4396074200	-0.501204161999999953	0.0282544444999999998
4396075000	-0.499345453200000011	0.0297302782000000015
4396075800	-0.502459905799999995	0.0298589972000000009
4396076600	-0.499469477900000014	0.0281708713000000006
4396077400	-0.497561329800000007	0.028681406999999999
4396078200	-0.499748220199999982	0.0294456285000000012
4396079000	-0.500801769299999977	0.030903618800000001
4396079800	-0.500167678199999965	0.0319295138999999978
4396080600	-0.50332480589999995	0.0284303765
4396081400	-0.502009674700000019	0.0321881335000000005
4396082200	-0.499602557800000013	0.0336811474
4396083000	-0.503565802799999962	0.0337095776999999999
4396083800	-0.50434594570000002	0.0312379913000000002
4396084600	-0.500665970899999979	0.0331129111000000032
4396085400	-0.504341833999999989	0.0296415605999999984
4396086200	-0.502243239599999947	0.0343882286000000009
4396087000	-0.506304956000000028	0.035716119999999997
4396087800	-0.50356382079999995	0.0339140319999999967
4396088600	-0.499976303200000027	0.031386745700000003
4396089400	-0.504804834700000038	0.0322022048000000019
4396090200	-0.504493628600000021	0.0358464163999999974
4396091000	-0.507903762199999997	0.0339776474999999994
4396091800	-0.500957007500000051	0.036887993899999999
4396092600	-0.501630640499999947	0.0381679575000000021
4396093400	-0.506409157899999962	0.036960436200000002
4396094200	-0.507790702099999991	0.0406183687999999987
4396095000	-0.506172891099999966	0.0422969622000000031
4396095800	-0.502487061600000007	0.0397640999999999967
4396096600	-0.502710418699999995	0.0400391573000000028
4396097400	-0.504284375699999954	0.0405285059999999989
4396098200	-0.511200352399999947	0.0388239376999999983
4396099000	-0.506805465799999966	0.0404523774999999974
4396099800	-0.506159166700000052	0.040707851500000003
4396100600	-0.504694575100000042	0.0422117584000000004
4396101400	-0.507906984999999978	0.0422449131999999977
4396102200	-0.50910379920000004	0.039931298300000001
4396103000	-0.508736648399999991	0.0420982716000000007
4396103800	-0.512066609500000047	0.0413486025999999993
4396104600	-0.509516473499999956	0.0430804357999999971
4396105400	-0.506400511399999975	0.0462956001000000006
4396106200	-0.508744713200000032	0.0468098020999999989
4396107000	-0.508254863400000034	0.0457477552999999981
4396107800	-0.509418502800000006	0.0433067483999999975
4396108600	-0.505691392999999989	0.0454279700999999994
4396109400	-0.510617580899999979	0.0471920570999999969
4396110200	-0.507059400900000012	0.0437881836999999968
4396111000	-0.509607929399999993	0.0509397383999999967
4396111800	-0.507348971600000032	0.0450887095999999987
4396112600	-0.509470543000000053	0.0501939477999999994
4396113400	-0.506953637800000023	0.0460768720999999992
4396114200	-0.506159280500000031	0.0508976568000000032
4396115000	-0.511431400400000014	0.0478370426999999987
4396115800	-0.51037608830000003	0.0483348300000000022
4396116600	-0.515510534300000045	0.0488064823999999967
4396117400	-0.510351509599999975	0.0482612356000000006
4396118200	-0.512433570500000046	0.0506832743999999988
4396119000	-0.509126021699999987	0.0508189220999999969
4396119800	-0.509422918599999996	0.0519393790000000008
4396120600	-0.515878681799999961	0.0551563260999999999
4396121400	-0.513100828599999947	0.0511511662000000006
4396122200	-0.510104255699999953	0.0550639987999999997
4396123000	-0.513687609899999953	0.0518696787999999992
4396123800	-0.511418739000000011	0.0540259935000000011
4396124600	-0.512558880800000005	0.0526979316999999989
4396125400	-0.513788132600000003	0.0528305449999999996
4396126200	-0.510765774400000039	0.0522059742999999993
4396127000	-0.510913414500000052	0.0508901167000000015
4396127800	-0.514759851999999962	0.0600430992999999996
4396128600	-0.512498874800000004	0.0549050163999999993
4396129400	-0.510003107199999972	0.0566181018000000008
4396130200	-0.514468400099999945	0.0533243851999999977
4396131000	-0.515385767099999947	0.0539301633000000002
4396131800	-0.511337615299999992	0.0581162205999999973
4396132600	-0.516527765500000013	0.0597103225999999973
4396133400	-0.516924025699999956	0.0578124776000000021
4396134200	-0.515151558899999973	0.0574655703999999989
4396135000	-0.515144444200000051	0.0588280024000000026
4396135800	-0.514321393100000024	0.0595224282999999993
4396136600	-0.513421459599999963	0.0595165563999999966
4396137400	-0.51424947700000001	0.0620534152000000033
4396138200	-0.513126910200000008	0.0604138415000000026
4396139000	-0.51193505210000001	0.0633505724999999936
4396139800	-0.515838955700000046	0.0637540241999999951
4396140600	-0.518085341399999955	0.0587864769999999967
4396141400	-0.512483107300000018	0.0608367547000000022
4396142200	-0.511550620800000022	0.0612718729999999975
4396143000	-0.51483573760000001	0.0647890618000000057
4396143800	-0.515461153399999983	0.064717866299999996
4396144600	-0.516990037400000046	0.0620295333000000018
4396145400	-0.514382577100000016	0.0599834507000000031
4396146200	-0.513063374999999988	0.0648328878000000025
4396147000	-0.510679201199999988	0.0669698363000000019
4396147800	-0.515513733300000054	0.0678946754000000069
4396148600	-0.514878893500000046	0.0646937206000000042
4396149400	-0.514526262099999965	0.0676780010999999959
4396150200	-0.51356967710000001	0.0648102566999999991
4396151000	-0.518249255399999997	0.0651290865999999968
4396151800	-0.517741449900000039	0.0682409300999999996
4396152600	-0.514637464999999961	0.0668688162000000003
4396153400	-0.515756387200000055	0.0678638614000000029
4396154200	-0.5165126149	0.0690219824999999954
4396155000	-0.516480893999999968	0.0676819976999999962
4396155800	-0.518592850100000002	0.0679464015000000032
4396156600	-0.514798689499999962	0.0685381508999999972
4396157400	-0.515754478399999994	0.0702578145000000015
4396158200	-0.517890393099999957	0.0693288583999999986
4396159000	-0.519790270899999962	0.0695032909999999948
4396159800	-0.518424860300000012	0.0695820578999999939
4396160600	-0.513992311300000004	0.0711823116000000061
4396161400	-0.519196850399999965	0.0694742614000000008
4396162200	-0.516925303499999989	0.0703736058000000025
4396163000	-0.516340275599999954	0.0734961202000000008
4396163800	-0.516257636099999973	0.0705492409000000043
4396164600	-0.515079325199999993	0.074073732500000003
4396165400	-0.513218410500000055	0.0704790562000000009
4396166200	-0.516584569199999954	0.0721222155999999975
4396167000	-0.516975897999999989	0.0721704189999999995
4396167800	-0.517208878299999952	0.074770541900000001
4396168600	-0.515132072799999952	0.072231130399999996
4396169400	-0.513299359799999966	0.0721716973000000039
4396170200	-0.515093978000000008	0.0731940442000000024
4396171000	-0.517492825499999975	0.0756021266999999941
4396171800	-0.519328297099999947	0.0775156320999999954
4396172600	-0.517287461000000004	0.0765510050000000053
4396173400	-0.518891537400000047	0.0766991025000000048
4396174200	-0.517313652899999976	0.0781538132999999996
4396175000	-0.518839705700000042	0.0769534084000000063
4396175800	-0.519418317399999996	0.0786724250000000042
4396176600	-0.517573328200000016	0.0790705419999999937
4396177400	-0.517827626200000002	0.076668161700000001
4396178200	-0.518209452999999987	0.0798841730999999972
4396179000	-0.517477209900000013	0.0781637624999999975
4396179800	-0.521780311600000046	0.0772045259000000011
4396180600	-0.514928979100000017	0.0811314741999999978
4396181400	-0.522202492499999948	0.0798245077999999997
4396182200	-0.519606616499999951	0.0797651151000000058
4396183000	-0.520259402300000007	0.0817110694000000026
4396183800	-0.519923565200000048	0.0821290234999999952
4396184600	-0.516337149000000051	0.0814181060999999984
4396185400	-0.518986062900000045	0.0836937831000000021
4396186200	-0.519000519300000018	0.0805494231999999977
4396187000	-0.51563270689999996	0.0808597063999999949
4396187800	-0.516321581599999968	0.0833327623000000017
4396188600	-0.516507820499999992	0.0839457816000000051
4396189400	-0.521770560600000044	0.0821828767000000043
4396190200	-0.519158845700000038	0.084776104599999999
4396191000	-0.518730318399999946	0.0842625736999999958
4396191800	-0.518340426399999998	0.0850837581000000037
4396192600	-0.519187957500000019	0.0807434707999999945
4396193400	-0.525997921600000029	0.0805525819999999976
4396194200	-0.522836823100000014	0.083453655099999996
4396195000	-0.520003172500000055	0.0861531147999999997
4396195800	-0.518465928200000037	0.0846827772000000034
4396196600	-0.519913319499999971	0.087345358600000006
4396197400	-0.518334235600000026	0.0826736804000000047
4396198200	-0.519521550100000007	0.0833085115000000015
4396199000	-0.520692345700000003	0.0891352299000000015
4396199800	-0.521610283100000016	0.0867638047000000023
4396200600	-0.519213874099999972	0.0855587118000000063
4396201400	-0.518131841300000007	0.0879221998999999976
4396202200	-0.52162256709999999	0.0890239483000000026
4396203000	-0.520944838899999985	0.0879309218000000059
4396203800	-0.52457562609999997	0.0900278865999999955
