# freq, I e Q
4395370000	-0.511916468500000055	0.184964309900000012
4395370800	-0.511542403700000037	0.182362634299999993
4395371600	-0.510470763800000005	0.184236069100000011
4395372400	-0.509841802700000013	0.184129569500000007
4395373200	-0.510794418899999991	0.187008469700000013
4395374000	-0.509562214100000022	0.18372624600000001
4395374800	-0.509372970899999999	0.186037681600000004
4395375600	-0.509690960499999957	0.185172759699999995
4395376400	-0.511375491899999979	0.184603114200000001
4395377200	-0.507660162299999995	0.187924500800000005
4395378000	-0.509262897800000003	0.1854187957
4395378800	-0.509772960399999975	0.184319623500000002
4395379600	-0.508912727599999948	0.188001855999999995
4395380400	-0.507936790100000035	0.187380851500000001
4395381200	-0.509624098900000044	0.188417035499999996
4395382000	-0.508631063800000005	0.186184915000000006
4395382800	-0.510568475200000038	0.186378740300000012
4395383600	-0.507656472400000003	0.186373959000000006
4395384400	-0.508129995799999956	0.189806771699999988
4395385200	-0.505827670199999968	0.190409576800000008
4395386000	-0.505578348100000019	0.186884306599999994
4395386800	-0.508201093499999978	0.188165781199999993
4395387600	-0.506456764800000014	0.188567956300000006
4395388400	-0.509059385499999961	0.188854968699999987
4395389200	-0.508134886599999946	0.188590851400000009
4395390000	-0.506448726799999971	0.191056681700000008
4395390800	-0.506738378300000014	0.19020857020000001
4395391600	-0.507105883699999982	0.19200575789999999
4395392400	-0.503959165499999973	0.191468730400000009
4395393200	-0.50628774870000004	0.192318862899999998
4395394000	-0.506434275100000053	0.192284617600000013
4395394800	-0.506941465000000036	0.191204071700000006
4395395600	-0.50590103689999999	0.192199828999999989
4395396400	-0.506644793999999954	0.192284945699999987
4395397200	-0.507366398800000007	0.191708973499999991
4395398000	-0.506011111399999991	0.194230181499999988
4395398800	-0.506214064200000036	0.193428714499999987
4395399600	-0.50449587429999998	0.192645273700000008
4395400400	-0.50628040129999996	0.193474642100000011
4395401200	-0.505539681300000043	0.193134983199999999
4395402000	-0.504822935099999981	0.194296592900000009
4395402800	-0.503347104399999967	0.194389220000000001
4395403600	-0.504268287900000001	0.194148680800000001
4395404400	-0.504161972799999969	0.195533860300000001
4395405200	-0.503178090599999961	0.194920067899999994
4395406000	-0.503550313600000021	0.196958275900000007
4395406800	-0.504063733099999967	0.195928875100000011
4395407600	-0.503293466200000039	0.196610812899999987
4395408400	-0.504494473700000001	0.197204460500000012
4395409200	-0.503912670199999968	0.196913532400000008
4395410000	-0.503065509899999985	0.1973442101
4395410800	-0.500543327200000054	0.198155114699999996
4395411600	-0.503518376100000054	0.198700406800000007
4395412400	-0.502772667699999953	0.1976366913
4395413200	-0.502491069099999965	0.197673685900000007
4395414000	-0.501067199500000005	0.198299664300000011
4395414800	-0.503127291099999985	0.197911490999999995
4395415600	-0.501283377200000047	0.200041253400000008
4395416400	-0.501464204899999988	0.200077019800000006
4395417200	-0.498998876799999991	0.199999879200000008
4395418000	-0.500372369299999953	0.199746430400000008
4395418800	-0.499826738800000003	0.198365732900000008
4395419600	-0.50136833270000003	0.200907232099999999
4395420400	-0.502501578900000023	0.201002517200000008
4395421200	-0.499068286600000022	0.202026708100000008
4395422000	-0.500005039399999962	0.200008803499999999
4395422800	-0.49880498940000001	0.200481803799999997
4395423600	-0.498365817099999997	0.199822951299999996
4395424400	-0.499104471300000019	0.204597858900000013
4395425200	-0.497312473300000002	0.203729029000000006
4395426000	-0.499437803100000022	0.203285850800000001
4395426800	-0.498761724600000012	0.202265933799999992
4395427600	-0.498091139199999977	0.201325487800000008
4395428400	-0.499189250299999998	0.202969836200000003
4395429200	-0.497738734899999979	0.204537111800000004
4395430000	-0.497383427499999975	0.202962474199999993
4395430800	-0.497605011400000019	0.202794460799999993
4395431600	-0.497962075900000023	0.203662087600000014
4395432400	-0.499090658199999981	0.204961910200000014
4395433200	-0.495950960300000021	0.204585068700000011
4395434000	-0.497741428300000011	0.204839501499999993
4395434800	-0.495521044899999985	0.203419370399999994
4395435600	-0.498283373500000015	0.206513284999999991
4395436400	-0.4956285842	0.207038853999999994
4395437200	-0.495456610500000005	0.206690484000000008
4395438000	-0.496204116400000006	0.207572787600000003
4395438800	-0.495175225499999982	0.206526643199999999
4395439600	-0.494282258400000007	0.206701049100000006
4395440400	-0.49395193879999999	0.206538804200000009
4395441200	-0.494338557800000022	0.206840915300000011
4395442000	-0.496892401400000017	0.206379696700000004
4395442800	-0.494532518699999979	0.207102699899999992
4395443600	-0.492439674599999988	0.209174791999999998
4395444400	-0.494178318900000024	0.209065760999999989
4395445200	-0.494873408800000025	0.209960092099999995
4395446000	-0.49155633339999999	0.207937194500000005
4395446800	-0.4945990569	0.206046116599999996
4395447600	-0.492042077099999975	0.210807643300000014
4395448400	-0.493256826300000006	0.210394283200000004
4395449200	-0.491494211700000017	0.209631391800000011
4395450000	-0.493885232800000018	0.212260259499999993
4395450800	-0.492010317600000024	0.209827227700000007
4395451600	-0.491415969200000025	0.212931389999999998
4395452400	-0.490635851199999973	0.21162429499999999
4395453200	-0.491412522399999996	0.212777553099999989
4395454000	-0.48991204319999998	0.211748024499999993
4395454800	-0.491138542800000022	0.214314382999999997
4395455600	-0.4899079764	0.211150400900000007
4395456400	-0.49153338470000002	0.211899658299999988
4395457200	-0.490096478599999996	0.213140366599999992
4395458000	-0.489967572600000012	0.214700806200000011
4395458800	-0.488530540999999985	0.216126928800000007
4395459600	-0.488794155200000024	0.215714359200000011
4395460400	-0.489932770799999973	0.213263209000000009
4395461200	-0.490414738199999978	0.215597109399999987
4395462000	-0.488066981000000011	0.216608328200000005
4395462800	-0.48909528200000002	0.2145834301
4395463600	-0.487263993800000017	0.217726245900000004
4395464400	-0.487871192600000003	0.215041705999999999
4395465200	-0.488729685299999994	0.215612475899999989
4395466000	-0.488873711799999999	0.216660564800000011
4395466800	-0.485923466000000026	0.215585768000000011
4395467600	-0.487331955900000002	0.216699103799999987
4395468400	-0.487279501399999981	0.214922259300000001
4395469200	-0.486320078300000014	0.217454399599999987
4395470000	-0.485896591200000005	0.218834490699999995
4395470800	-0.485604171400000006	0.218101231700000009
4395471600	-0.485410783299999982	0.218902605400000005
4395472400	-0.483620177900000003	0.220561129299999992
4395473200	-0.484539439299999986	0.219740971099999988
4395474000	-0.486577851399999983	0.217521083899999995
4395474800	-0.483867659999999977	0.219872705800000012
4395475600	-0.484485371200000015	0.219709953499999999
4395476400	-0.483911660199999982	0.219428129899999991
4395477200	-0.483873839600000022	0.220478834099999993
4395478000	-0.483447077700000005	0.222568930199999987
4395478800	-0.482167270199999998	0.220939042400000007
4395479600	-0.481721494899999991	0.220132707300000008
4395480400	-0.483992457300000012	0.221856754200000006
4395481200	-0.482087584199999974	0.219016120499999994
4395482000	-0.481374000199999985	0.22243382410000001
4395482800	-0.481455006799999974	0.222602716499999992
4395483600	-0.481301515600000007	0.223049170800000002
4395484400	-0.480835588300000005	0.225342886699999995
4395485200	-0.479924336299999976	0.222238276799999995
4395486000	-0.480132620899999973	0.224047947200000014
4395486800	-0.476535654099999983	0.2233057715
4395487600	-0.481328748799999984	0.222976087600000011
4395488400	-0.478416808999999998	0.225246468400000011
4395489200	-0.477890136600000015	0.22579050249999999
4395490000	-0.477129460999999977	0.224989062200000006
4395490800	-0.477742808600000013	0.22570027849999999
4395491600	-0.477187694800000006	0.22664519520000001
4395492400	-0.476258401499999984	0.223396658100000006
4395493200	-0.478493587900000017	0.226253594299999999
4395494000	-0.477607657799999974	0.227528776200000005
4395494800	-0.475619584300000009	0.225974378899999995
4395495600	-0.474599764099999988	0.228442055899999996
4395496400	-0.476038994900000012	0.227517199499999989
4395497200	-0.477018940900000021	0.229695679699999988
4395498000	-0.476729683899999979	0.229554633099999988
4395498800	-0.474501194299999984	0.22976371470000001
4395499600	-0.474571184400000012	0.229680542099999996
4395500400	-0.473464756300000011	0.230554269799999989
4395501200	-0.476306486899999992	0.229571478100000004
4395502000	-0.473311152299999982	0.230600449799999996
4395502800	-0.474445997299999978	0.231449496300000002
4395503600	-0.473077910099999999	0.229201037299999993
4395504400	-0.474218543599999987	0.230800047499999994
4395505200	-0.474538111599999979	0.229628624499999989
4395506000	-0.47229303960000002	0.230742538999999997
4395506800	-0.47172100589999999	0.230988718300000007
4395507600	-0.471244819799999992	0.231938432500000014
4395508400	-0.471771526499999982	0.233231270900000009
4395509200	-0.471935832300000024	0.2325130262
4395510000	-0.470496391199999975	0.234750259300000014
4395510800	-0.470938780000000001	0.233328904199999992
4395511600	-0.471614678899999973	0.235741911700000001
4395512400	-0.469759775599999985	0.235258511700000006
4395513200	-0.470070545900000025	0.233000815599999994
4395514000	-0.469228212099999986	0.235889958600000005
4395514800	-0.469627902099999994	0.236011932300000005
4395515600	-0.467677479000000007	0.236261072200000005
4395516400	-0.469014006799999994	0.23675628600000001
4395517200	-0.467999429700000025	0.235574899199999993
4395518000	-0.465780462499999992	0.235852550200000011
4395518800	-0.46494069360000001	0.237989697700000002
4395519600	-0.466362465599999998	0.238961919200000011
4395520400	-0.466940436600000008	0.236400068600000013
4395521200	-0.466589422699999978	0.235677885300000001
4395522000	-0.464553767299999976	0.237353074299999994
4395522800	-0.465682866400000006	0.237869177999999987
4395523600	-0.466682349499999982	0.239354659100000006
4395524400	-0.46339554719999998	0.237551363099999996
4395525200	-0.46541715010000001	0.237493561699999994
4395526000	-0.462582003899999983	0.239311996199999988
4395526800	-0.466425326500000015	0.239202502700000014
4395527600	-0.463768934500000007	0.2386804498
4395528400	-0.463248206200000012	0.24003932389999999
4395529200	-0.46108705459999999	0.241952848500000012
4395530000	-0.461879032700000025	0.239478899500000009
4395530800	-0.4604111756	0.241796893200000002
4395531600	-0.460291972900000013	0.241958225100000007
4395532400	-0.460418540799999998	0.242589080699999987
4395533200	-0.458723230699999984	0.242540706999999994
4395534000	-0.459369111300000021	0.242980028099999995
4395534800	-0.456198403500000016	0.243837026200000001
4395535600	-0.459378244200000008	0.24399851480000001
4395536400	-0.458327049799999997	0.243519232899999993
4395537200	-0.45558062290000001	0.243742859499999992
4395538000	-0.457884785100000025	0.24445841900000001
4395538800	-0.458351523400000016	0.245343815699999995
4395539600	-0.454509455399999984	0.243330098100000003
4395540400	-0.456246736200000003	0.24579492
4395541200	-0.456120411800000014	0.247819547100000009
4395542000	-0.456513425799999983	0.243994671299999993
4395542800	-0.455472280000000007	0.246738330000000006
4395543600	-0.453862386800000017	0.247375975800000009
4395544400	-0.45407639449999998	0.245244526399999996
4395545200	-0.45477009810000002	0.249302091700000006
4395546000	-0.451690415600000006	0.248850652199999994
4395546800	-0.452342069800000024	0.248156527099999996
4395547600	-0.452969002200000026	0.248148830600000009
4395548400	-0.452801110999999978	0.251205354900000011
4395549200	-0.451977236299999974	0.248702638300000001
4395550000	-0.447987397200000026	0.250444225500000006
4395550800	-0.451890789000000015	0.249554154400000006
4395551600	-0.448606962100000006	0.248974197000000008
4395552400	-0.447575071800000002	0.249543173300000004
4395553200	-0.447612284500000013	0.250281916800000004
4395554000	-0.448659873699999989	0.251514212700000017
4395554800	-0.446376117000000017	0.251096403799999979
4395555600	-0.447436420300000026	0.252384027200000027
4395556400	-0.445643718299999991	0.25094601259999999
4395557200	-0.445473171700000004	0.251314000900000001
4395558000	-0.445743787999999974	0.25033476360000001
4395558800	-0.447027707499999982	0.251668024200000007
4395559600	-0.442736450999999975	0.254729220199999995
4395560400	-0.445019231000000015	0.253012699299999977
4395561200	-0.445764285099999991	0.254215850799999976
4395562000	-0.443903289599999973	0.254256793199999998
4395562800	-0.442650189899999991	0.254529524399999985
4395563600	-0.44197303160000001	0.255838324399999983
4395564400	-0.443334478400000009	0.254674207799999996
4395565200	-0.441172978499999979	0.256278753699999973
4395566000	-0.440902256900000011	0.257236380200000003
4395566800	-0.44085671970000001	0.254965763299999981
4395567600	-0.440815270300000006	0.257604009299999992
4395568400	-0.441917751400000003	0.257919964000000002
4395569200	-0.439833295100000021	0.257367899700000013
4395570000	-0.438660529899999985	0.258698287999999998
4395570800	-0.438247577700000002	0.256058866399999974
4395571600	-0.436962766599999997	0.257981751799999992
4395572400	-0.436796003200000005	0.258078957100000006
4395573200	-0.436940204499999985	0.259368052700000018
4395574000	-0.433832116599999984	0.261296010600000017
4395574800	-0.433864015800000002	0.260332002200000023
4395575600	-0.434680491599999996	0.258023710500000003
4395576400	-0.4334950568	0.259855534100000007
4395577200	-0.433785688900000022	0.26095662180000001
4395578000	-0.431751761000000012	0.260405293799999993
4395578800	-0.428591926499999998	0.26037938989999998
4395579600	-0.430804193200000018	0.262691271900000023
4395580400	-0.4303713817	0.265133381200000018
4395581200	-0.43175764630000002	0.261949688800000025
4395582000	-0.428819378400000006	0.263869745400000022
4395582800	-0.427979651000000016	0.263800854600000023
4395583600	-0.427465214300000007	0.264057451399999976
4395584400	-0.428970599600000002	0.262488245000000009
4395585200	-0.426035849999999994	0.26330445600000002
4395586000	-0.427054985399999976	0.263398520999999997
4395586800	-0.424293827700000015	0.262185064799999978
4395587600	-0.424179637300000023	0.266074285899999985
4395588400	-0.424662237599999992	0.265282429400000019
4395589200	-0.422956629099999981	0.266072862600000015
4395590000	-0.422182497300000015	0.264578164299999974
4395590800	-0.420004526400000022	0.266210549799999974
4395591600	-0.421943624399999995	0.265874616499999994
4395592400	-0.420977600200000024	0.266323901299999999
4395593200	-0.419786039499999986	0.266408453300000014
4395594000	-0.419598001900000017	0.267855207200000001
4395594800	-0.418486992999999974	0.267753027899999996
4395595600	-0.418601894699999977	0.268339772300000001
4395596400	-0.415846156199999983	0.268725282600000004
4395597200	-0.417446728699999992	0.267707756399999997
4395598000	-0.415468333299999992	0.268024908999999978
4395598800	-0.412859684299999974	0.268713605199999983
4395599600	-0.416882801700000027	0.270925807799999974
4395600400	-0.413720314899999997	0.269603835600000008
4395601200	-0.411243218899999985	0.267621569100000012
4395602000	-0.411869418099999995	0.270468058399999989
4395602800	-0.408560101499999995	0.270451045000000001
4395603600	-0.409568321199999974	0.269551021599999996
4395604400	-0.408944008000000025	0.270885716700000001
4395605200	-0.4100186844	0.27190986020000002
4395606000	-0.406266840600000012	0.271236116400000005
4395606800	-0.407538235000000026	0.273336089399999982
4395607600	-0.406715764099999988	0.272248622800000006
4395608400	-0.404681842999999986	0.271948771300000003
4395609200	-0.406447626299999976	0.272077667199999984
4395610000	-0.403517710899999993	0.273488153499999997
4395610800	-0.402487444199999989	0.273358168199999974
4395611600	-0.40195331740000001	0.274189626099999972
4395612400	-0.402161010099999994	0.272689067100000015
4395613200	-0.399082986699999975	0.274955811400000028
4395614000	-0.397921593799999973	0.274393288800000024
4395614800	-0.397290775699999987	0.275131449799999983
4395615600	-0.39621898350000001	0.275285449000000015
4395616400	-0.396470160299999985	0.276356606399999982
4395617200	-0.397236669300000012	0.274669910999999989
4395618000	-0.394462869599999988	0.275470692299999986
4395618800	-0.395711321000000005	0.2767915876
4395619600	-0.39157820539999999	0.276641500200000001
4395620400	-0.39457823110000001	0.278294481099999991
4395621200	-0.391030034000000026	0.27669536950000001
4395622000	-0.391791779900000026	0.277321122799999986
4395622800	-0.389213635499999988	0.279328665899999995
4395623600	-0.38915805240000001	0.278623883600000011
4395624400	-0.389439710699999997	0.280055995599999996
4395625200	-0.38723875219999998	0.276935659499999987
4395626000	-0.38666226640000001	0.278168866199999976
4395626800	-0.385890338399999977	0.279585198699999982
4395627600	-0.381875381100000022	0.277569324200000023
4395628400	-0.383088511199999981	0.278683730600000013
4395629200	-0.383109377099999981	0.278370487200000016
4395630000	-0.381089307799999999	0.279653655200000018
4395630800	-0.380636823700000015	0.277731089499999972
4395631600	-0.37887684319999998	0.281029443300000015
4395632400	-0.376860797600000019	0.280868944899999973
4395633200	-0.378092376600000002	0.278888150999999973
4395634000	-0.375983156500000026	0.283533451499999978
4395634800	-0.376511248700000023	0.280383423700000023
4395635600	-0.373125131800000009	0.281644767299999987
4395636400	-0.370877846600000005	0.279465472599999987
4395637200	-0.372622991199999976	0.280731409799999998
4395638000	-0.369605209499999976	0.280339085400000021
4395638800	-0.368891674100000011	0.283030211600000026
4395639600	-0.369998931799999986	0.2812331743
4395640400	-0.366065547300000016	0.282480399100000001
4395641200	-0.366235395500000005	0.283291163700000015
4395642000	-0.365805189500000016	0.282255281199999986
4395642800	-0.361091898500000008	0.282809209000000006
4395643600	-0.362729366399999975	0.281714554499999992
4395644400	-0.361666435399999986	0.284390104799999988
4395645200	-0.358476419300000015	0.283258797000000007
4395646000	-0.357889144800000003	0.281357131500000024
4395646800	-0.356488812400000021	0.283398235200000015
4395647600	-0.358597761700000017	0.285530363000000009
4395648400	-0.355569680599999993	0.282023568900000021
4395649200	-0.353684233199999976	0.283730325299999975
4395650000	-0.353921452400000003	0.282508159799999992
4395650800	-0.352373517999999997	0.283229547199999987
4395651600	-0.349631634299999994	0.282215383300000011
4395652400	-0.350123892800000003	0.284338665099999999
4395653200	-0.348366199300000012	0.286183145000000028
4395654000	-0.346941918299999985	0.28390300369999999
4395654800	-0.34554720630000002	0.28543807160000001
4395655600	-0.343212090999999997	0.285487053699999993
4395656400	-0.344377021900000024	0.284327596299999985
4395657200	-0.342101116400000016	0.284901163899999976
4395658000	-0.339126414300000012	0.282618072399999976
4395658800	-0.339062875400000019	0.283984123099999985
4395659600	-0.336867401499999997	0.284367059600000027
4395660400	-0.336750779900000019	0.284013307200000009
4395661200	-0.334603921099999979	0.285458219199999974
4395662000	-0.331961027099999972	0.285316918699999977
4395662800	-0.331872549100000025	0.283110808300000016
4395663600	-0.330149198699999979	0.283169152099999988
4395664400	-0.328452477099999973	0.283883429799999976
4395665200	-0.328893913599999976	0.284074382199999975
4395666000	-0.3266692967	0.284733999999999987
4395666800	-0.326697364800000001	0.282417446299999986
4395667600	-0.323794515200000022	0.285654379899999977
4395668400	-0.320013281199999999	0.283272327200000007
4395669200	-0.318165821600000009	0.281659350699999977
4395670000	-0.319898671400000001	0.281929289999999999
4395670800	-0.315342761400000005	0.282563169999999975
4395671600	-0.316245101899999992	0.281848255699999994
4395672400	-0.316700481699999981	0.281975932099999993
4395673200	-0.3122247259	0.280654139700000027
4395674000	-0.310860532799999978	0.28250676819999998
4395674800	-0.30834564510000001	0.281304877600000003
4395675600	-0.308384977900000024	0.280483430899999997
4395676400	-0.304669463099999982	0.281194877299999979
4395677200	-0.303298515499999977	0.281912092599999997
4395678000	-0.301234520900000025	0.280118230999999995
4395678800	-0.299919981800000013	0.281487276499999994
4395679600	-0.297974494300000003	0.280574633000000018
4395680400	-0.297597574300000001	0.280609135200000026
4395681200	-0.295178959299999988	0.27850037649999998
4395682000	-0.294157244599999979	0.279135189700000008
4395682800	-0.292178842699999997	0.275334899600000016
4395683600	-0.2908232818	0.277559822899999975
4395684400	-0.288998920900000011	0.276337361499999989
4395685200	-0.285108955200000014	0.275497091799999982
4395686000	-0.286246294899999976	0.277357761099999989
4395686800	-0.28238657020000002	0.274385766500000017
4395687600	-0.28153766600000002	0.273153874600000013
4395688400	-0.275996091900000018	0.27225302899999998
4395689200	-0.276065434300000023	0.272053448899999994
4395690000	-0.274196210399999973	0.273401987499999999
4395690800	-0.273878464499999974	0.273033546299999985
4395691600	-0.27022945180000002	0.269805602600000027
4395692400	-0.267377853200000015	0.271232678599999999
4395693200	-0.26636953419999998	0.26922267150000001
4395694000	-0.266809937900000016	0.267855750599999998
4395694800	-0.263823790800000013	0.268921991799999982
4395695600	-0.262668887500000003	0.268084935400000002
4395696400	-0.261844783899999989	0.263581603900000017
4395697200	-0.257428537299999982	0.266238072400000025
4395698000	-0.25558273749999999	0.262981170300000011
4395698800	-0.256565069699999981	0.262486140099999987
4395699600	-0.25132495589999998	0.263441494200000015
4395700400	-0.249540232899999992	0.259721743100000013
4395701200	-0.2475221799	0.257709647099999994
4395702000	-0.246882375799999998	0.258613107499999995
4395702800	-0.244505848800000009	0.257546116800000002
4395703600	-0.241477663700000011	0.25933050660000001
4395704400	-0.239948649099999994	0.255164122400000026
4395705200	-0.238759516300000002	0.253623021299999973
4395706000	-0.235365598700000012	0.253895767100000003
4395706800	-0.233585282100000013	0.250516958199999973
4395707600	-0.231609738300000007	0.251327112999999991
4395708400	-0.228562087999999997	0.248233057600000001
4395709200	-0.227481297700000001	0.245995160699999993
4395710000	-0.225589594899999996	0.244935538700000011
4395710800	-0.223388536400000004	0.243168541399999993
4395711600	-0.22113232490000001	0.243879107799999995
4395712400	-0.219191036000000006	0.24003400929999999
4395713200	-0.2191488402	0.239019774099999999
4395714000	-0.215496634399999998	0.237485155599999997
4395714800	-0.214323496499999988	0.236975262299999989
4395715600	-0.211203242699999988	0.232749434199999994
4395716400	-0.210384715199999989	0.2306990347
4395717200	-0.208874781600000003	0.230159287200000007
4395718000	-0.205681294099999995	0.228795395699999987
4395718800	-0.204372172099999999	0.225412261400000008
4395719600	-0.201604607800000002	0.224691241200000003
4395720400	-0.199454637600000012	0.22157841519999999
4395721200	-0.198925720800000011	0.218616479899999994
4395722000	-0.19762898109999999	0.215974353400000013
4395722800	-0.194035641000000009	0.215072650000000004
4395723600	-0.195658618199999995	0.213018078700000002
4395724400	-0.192321365200000011	0.211816755699999998
4395725200	-0.1889457883	0.209178633700000005
4395726000	-0.188797719499999989	0.206340875600000001
4395726800	-0.187747636100000004	0.20339963920000001
4395727600	-0.186722229200000006	0.203211401900000005
4395728400	-0.183518251500000007	0.198090372600000009
4395729200	-0.181590162500000013	0.196552289299999988
4395730000	-0.182101582300000009	0.195423320600000006
4395730800	-0.179664158600000012	0.190992877700000008
4395731600	-0.17608903749999999	0.188508688499999993
4395732400	-0.175687565500000004	0.185334171699999994
4395733200	-0.174280585200000004	0.184395206400000011
4395734000	-0.17254160369999999	0.181033121800000002
4395734800	-0.172383359600000008	0.177902580000000005
4395735600	-0.172711752699999999	0.176492344400000001
4395736400	-0.169668941999999989	0.174252007099999995
4395737200	-0.167640264600000005	0.171836454199999988
4395738000	-0.167170145999999992	0.168197711400000005
4395738800	-0.166017117900000011	0.164369368900000007
4395739600	-0.16599161770000001	0.163024862500000006
4395740400	-0.163702138999999997	0.158592278199999992
4395741200	-0.161775979600000008	0.160689702399999995
4395742000	-0.162104056299999993	0.155067523200000001
4395742800	-0.158684423600000013	0.150278531800000004
4395743600	-0.159968287600000009	0.148967749600000005
4395744400	-0.159993114699999994	0.148090069500000004
4395745200	-0.159764401400000006	0.140875716300000009
4395746000	-0.158680255200000009	0.140506278000000012
4395746800	-0.156953757299999996	0.136701699499999996
4395747600	-0.156304309400000008	0.135207774000000003
4395748400	-0.158002636700000004	0.131559465300000011
4395749200	-0.157887759200000005	0.129500530899999994
4395750000	-0.156142658299999987	0.127153729100000001
4395750800	-0.155783186699999993	0.122167178200000004
4395751600	-0.154894990900000001	0.121051747900000006
4395752400	-0.155271970399999987	0.117625668700000005
4395753200	-0.1540662327	0.115441400099999994
4395754000	-0.154027098400000007	0.112844609499999998
4395754800	-0.154573728599999988	0.110526782000000004
4395755600	-0.154662440300000009	0.107833832399999996
4395756400	-0.155178558299999991	0.104569359900000006
4395757200	-0.152324949399999993	0.101037717299999996
4395758000	-0.153231334800000008	0.0998724616999999981
4395758800	-0.154323685099999997	0.0965308373999999997
4395759600	-0.155123031299999992	0.0945235814000000008
4395760400	-0.15354750880000001	0.0900800182999999949
4395761200	-0.154715035499999987	0.0892376213999999945
4395762000	-0.154516383300000004	0.0861283493000000039
4395762800	-0.153482693799999986	0.0832889321000000044
4395763600	-0.153098840699999988	0.0814400490999999949
4395764400	-0.153522854200000003	0.0777114757000000045
4395765200	-0.154248015799999999	0.0763386496000000025
4395766000	-0.155427478000000008	0.0721508624000000015
4395766800	-0.155673255900000002	0.0717804051999999942
4395767600	-0.155727403600000008	0.0687954939999999987
4395768400	-0.156052000800000007	0.065352097900000003
4395769200	-0.156467107699999997	0.0640625657000000043
4395770000	-0.156960447499999989	0.0604166354000000017
4395770800	-0.159337570600000006	0.0577393970999999992
4395771600	-0.158408228499999998	0.0562837699000000025
4395772400	-0.161591530399999989	0.0553533257999999986
4395773200	-0.160514813400000012	0.0507241822999999967
4395774000	-0.161038294700000001	0.0476508261000000016
4395774800	-0.162730887800000001	0.047230578799999999
4395775600	-0.163513718499999988	0.0447776839999999982
4395776400	-0.1626971371	0.0401765313999999998
4395777200	-0.164539611299999999	0.0390986586000000025
4395778000	-0.165552150600000003	0.036637560999999999
4395778800	-0.16650934810000001	0.0349379968000000027
4395779600	-0.166624685100000003	0.031440198699999998
4395780400	-0.167618351999999998	0.029531759099999999
4395781200	-0.167720878999999989	0.0286996883999999994
4395782000	-0.168371072099999991	0.0259541788999999995
4395782800	-0.170356937600000008	0.0255090782000000002
4395783600	-0.171434760699999994	0.020929903100000001
4395784400	-0.172240347699999991	0.0192168051999999992
4395785200	-0.174268115000000001	0.0172785903000000005
4395786000	-0.174774659599999993	0.0144389371999999998
4395786800	-0.174856494800000012	0.0125518372000000007
4395787600	-0.176903972599999987	0.0103682641999999995
4395788400	-0.176082390199999994	0.00962106830000000052
4395789200	-0.180406488199999993	0.0071428593999999998
4395790000	-0.178352603199999987	0.00627282179999999988
4395790800	-0.182412161299999986	0.00324778079999999986
4395791600	-0.181948073900000007	0.00196505990000000021
4395792400	-0.184098670599999986	-0.000602167300000000017
4395793200	-0.1857711695	-0.00035869649999999999
4395794000	-0.186971899999999996	-0.00458580560000000029
4395794800	-0.184819017299999999	-0.00358276719999999979
4395795600	-0.187387385900000009	-0.00699001039999999976
4395796400	-0.191195680400000012	-0.00819354939999999976
4395797200	-0.191011025899999992	-0.0114408597000000001
4395798000	-0.193897027599999994	-0.0117036737999999998
4395798800	-0.193024252899999998	-0.0113856584
4395799600	-0.194031052399999987	-0.0133213685999999994
4395800400	-0.197423343800000012	-0.0168257464999999988
4395801200	-0.19678461550000001	-0.0156291881000000001
4395802000	-0.198513138199999994	-0.0186836488999999988
4395802800	-0.202311738800000002	-0.0210777008999999994
4395803600	-0.201117827700000001	-0.0202919569999999994
4395804400	-0.204719514800000002	-0.0213542450999999987
4395805200	-0.205029045599999987	-0.0255254720999999983
4395806000	-0.203811854900000006	-0.0265724773000000011
4395806800	-0.206772630000000013	-0.0287922855000000005
4395807600	-0.208216163499999996	-0.0299867163000000006
4395808400	-0.21130254209999999	-0.0311194376000000009
4395809200	-0.212266841399999989	-0.030035473699999999
4395810000	-0.212679991499999999	-0.0332046957000000018
4395810800	-0.215420342900000006	-0.0351348037000000016
4395811600	-0.216131710899999996	-0.0350386349999999985
4395812400	-0.215881544600000003	-0.0362111410000000022
4395813200	-0.217931769400000003	-0.0405711071999999978
4395814000	-0.221663188900000002	-0.0399055249999999972
4395814800	-0.221882441000000014	-0.0410356248000000035
4395815600	-0.224478667699999995	-0.0418018246000000024
4395816400	-0.223340120499999989	-0.0439516802000000026
4395817200	-0.226977286700000003	-0.0423455547999999973
4395818000	-0.229852793599999994	-0.0432430773000000018
4395818800	-0.230845108399999999	-0.0447558996999999972
4395819600	-0.230732928599999998	-0.0483157056000000015
4395820400	-0.234046777799999994	-0.0485000053999999972
4395821200	-0.23521408290000001	-0.051040798200000001
4395822000	-0.236124322199999986	-0.0488528004000000002
4395822800	-0.238766813900000013	-0.0519649143999999993
4395823600	-0.236522833099999996	-0.0528094991999999985
4395824400	-0.238627243600000011	-0.0540705501999999977
4395825200	-0.24268771950000001	-0.0560940825999999976
4395826000	-0.243249575200000012	-0.0558871938999999998
4395826800	-0.244208355500000002	-0.0549072958999999999
4395827600	-0.245711640300000006	-0.0569837470000000013
4395828400	-0.249198386200000011	-0.056471830100000002
4395829200	-0.248652005799999992	-0.0591559259999999976
4395830000	-0.250848853699999985	-0.0598765576999999993
4395830800	-0.251132832199999989	-0.0603364341000000026
4395831600	-0.254166477000000002	-0.059865791699999997
4395832400	-0.253491689199999981	-0.0633699768999999996
4395833200	-0.256850650299999983	-0.0619429016000000027
4395834000	-0.259343356700000027	-0.0632681652000000039
4395834800	-0.258522465300000004	-0.0646608968000000062
4395835600	-0.264381397899999981	-0.0643655620999999956
4395836400	-0.264089754499999996	-0.0635802941999999982
4395837200	-0.263943243400000027	-0.0655277145000000005
4395838000	-0.266023290000000023	-0.0651650995000000038
4395838800	-0.266610032100000005	-0.0657269694999999959
4395839600	-0.268286828500000019	-0.0683152174000000029
4395840400	-0.26971610800000001	-0.0675684656000000022
4395841200	-0.273271506800000008	-0.069852537800000003
4395842000	-0.273061806100000026	-0.0697810705999999947
4395842800	-0.275346040800000025	-0.070282924699999999
4395843600	-0.276167800700000021	-0.0715884291000000034
4395844400	-0.277207487099999983	-0.0689689864999999958
4395845200	-0.279807364599999997	-0.070522243200000001
4395846000	-0.282365942099999989	-0.0719083001000000027
4395846800	-0.282312589200000019	-0.0699317324999999962
4395847600	-0.285685402099999985	-0.0714098058999999979
4395848400	-0.286041876099999981	-0.072204869599999999
4395849200	-0.284421419399999986	-0.0722626662000000058
4395850000	-0.287499982499999973	-0.0747522577000000049
4395850800	-0.290110911000000027	-0.0733419814000000059
4395851600	-0.292663922999999992	-0.0748634160000000021
4395852400	-0.291289775699999975	-0.0743918977999999953
4395853200	-0.293669420800000025	-0.0742178782999999981
4395854000	-0.298784497099999991	-0.0746725471000000002
4395854800	-0.29679458219999999	-0.075290890799999996
4395855600	-0.297176522200000015	-0.0746556859000000045
4395856400	-0.29879767359999998	-0.0756261225999999981
4395857200	-0.300154267600000024	-0.0745368599999999965
4395858000	-0.301641217800000028	-0.075100269499999997
4395858800	-0.304004045700000003	-0.0778084307999999947
4395859600	-0.3074141071	-0.0774547466999999934
4395860400	-0.307045906699999982	-0.0784678412999999936
4395861200	-0.30953136069999998	-0.0769372932000000065
4395862000	-0.30914151740000001	-0.0763555451999999996
4395862800	-0.310100489300000004	-0.0782285570000000041
4395863600	-0.312277551599999981	-0.0759957700999999985
4395864400	-0.311228398399999995	-0.0782962833000000052
4395865200	-0.315120010900000025	-0.0776540488999999945
4395866000	-0.318662613900000002	-0.0781602812999999952
4395866800	-0.319257419200000003	-0.0781672773000000043
4395867600	-0.320642103399999989	-0.0770198656999999953
4395868400	-0.323183129000000013	-0.0770672319999999994
4395869200	-0.32298239820000002	-0.0793040391000000011
4395870000	-0.32578852279999998	-0.0792838436999999951
4395870800	-0.325589363999999992	-0.079051804200000006
4395871600	-0.327735278100000027	-0.0805504801999999964
4395872400	-0.329119378000000018	-0.0769420086000000003
4395873200	-0.331830245000000024	-0.0789931303000000057
4395874000	-0.331271500699999999	-0.0788376118999999931
4395874800	-0.333492099900000005	-0.0793988897000000027
4395875600	-0.333471183700000007	-0.0790027613000000017
4395876400	-0.334705672499999995	-0.0789279417999999983
4395877200	-0.337440514700000027	-0.0776855681999999992
4395878000	-0.339675446900000011	-0.0764814801999999933
4395878800	-0.339988084999999995	-0.0786028515000000011
4395879600	-0.341360638800000005	-0.0781227206999999951
4395880400	-0.342552679099999979	-0.0766393576999999937
4395881200	-0.344969194899999998	-0.0791486307
4395882000	-0.345643587299999999	-0.0802049836000000016
4395882800	-0.345273778099999984	-0.0787115916000000054
4395883600	-0.348621731699999993	-0.076941495400000004
4395884400	-0.349159503699999985	-0.0795679474999999997
4395885200	-0.349662754399999998	-0.0770885094000000048
4395886000	-0.352986655400000016	-0.0797460844999999946
4395886800	-0.355059332399999983	-0.0776482290999999936
4395887600	-0.350621045899999983	-0.0790919290000000053
4395888400	-0.354057520199999975	-0.0773368757999999962
4395889200	-0.355660673199999999	-0.0779223983000000009
4395890000	-0.358618417000000023	-0.0763443315000000011
4395890800	-0.362042659900000008	-0.0771444369999999963
4395891600	-0.361514595200000011	-0.0762723435000000061
4395892400	-0.359851084799999998	-0.0763714729999999953
4395893200	-0.363288338400000022	-0.0763729801999999958
4395894000	-0.363906813200000012	-0.0761304981999999936
4395894800	-0.36535843870000001	-0.0751988729999999994
4395895600	-0.365142922500000022	-0.0741738239999999993
4395896400	-0.36865825419999998	-0.0767985838999999948
4395897200	-0.367977778099999986	-0.0757142239000000022
4395898000	-0.369773895799999974	-0.0773267326000000033
4395898800	-0.369859671999999973	-0.0757209586999999934
4395899600	-0.370573514499999979	-0.0734846142000000063
4395900400	-0.372647119500000013	-0.0755656113000000018
4395901200	-0.37442892379999998	-0.0756545636000000021
4395902000	-0.374599683500000002	-0.0743810787000000057
4395902800	-0.378651887099999973	-0.0737485754000000021
4395903600	-0.375068428200000026	-0.0735314487999999961
4395904400	-0.380473049299999977	-0.0726391123999999971
4395905200	-0.380203848100000019	-0.0729604551000000018
4395906000	-0.380503329499999987	-0.074466644999999998
4395906800	-0.379754867300000021	-0.0719793756000000062
4395907600	-0.383653218500000004	-0.0723428495000000005
4395908400	-0.38364257639999999	-0.0717192279000000016
4395909200	-0.384597876499999991	-0.0704947892999999992
4395910000	-0.385512789099999975	-0.0721196426000000057
4395910800	-0.388317621499999988	-0.0704973893000000046
4395911600	-0.388512601600000007	-0.069570404200000005
4395912400	-0.389220814400000004	-0.0700439457999999932
4395913200	-0.38890885850000001	-0.0709842702999999992
4395914000	-0.391779664299999997	-0.0703432903999999942
4395914800	-0.393922538300000014	-0.0668159339999999935
4395915600	-0.394925152999999973	-0.0679033126000000015
4395916400	-0.393162434000000005	-0.0671956033000000036
4395917200	-0.396795053800000019	-0.0688806029000000042
4395918000	-0.397025663099999981	-0.0691076870999999954
4395918800	-0.397236428099999983	-0.0662572336000000067
4395919600	-0.397560115300000017	-0.0672384884000000044
4395920400	-0.398470186599999998	-0.0663785904000000065
4395921200	-0.398594617699999987	-0.0648272029999999999
4395922000	-0.402320357299999987	-0.0663294120000000043
4395922800	-0.4012366188	-0.0657587275000000027
4395923600	-0.404128971599999998	-0.0660521438000000044
4395924400	-0.404372886599999981	-0.0637610157000000066
4395925200	-0.404810604000000018	-0.0640044679999999949
4395926000	-0.406958391099999983	-0.0636312148999999966
4395926800	-0.407971920200000004	-0.0629998412000000035
4395927600	-0.407176532300000005	-0.0636586331999999949
4395928400	-0.410573034900000022	-0.0613094485000000022
4395929200	-0.409090362699999988	-0.0616198427999999979
4395930000	-0.411243690900000014	-0.061716083599999999
4395930800	-0.411576430400000026	-0.0615663953
4395931600	-0.411726660099999975	-0.0594427298000000034
4395932400	-0.415213667299999978	-0.0588595605999999993
4395933200	-0.41205888089999998	-0.0593355278000000028
4395934000	-0.415593772600000022	-0.0590935281000000007
4395934800	-0.416309590000000007	-0.0590707162999999993
4395935600	-0.417031017999999976	-0.0595727678000000024
4395936400	-0.418047065100000004	-0.0566547203999999971
4395937200	-0.417650705200000028	-0.0575560738999999974
4395938000	-0.419773742399999983	-0.0583747729999999979
4395938800	-0.421480449300000004	-0.0589584355999999976
4395939600	-0.421078078600000016	-0.0547107291000000009
4395940400	-0.423276493099999984	-0.0569031388000000027
4395941200	-0.423401847599999992	-0.0556923532000000027
4395942000	-0.422568200900000024	-0.0549749808000000034
4395942800	-0.423709205400000011	-0.0541321105999999982
4395943600	-0.42410156630000001	-0.0548348121999999993
4395944400	-0.428408311799999997	-0.0528640625999999975
4395945200	-0.426706835800000017	-0.0521923706999999973
4395946000	-0.428534551099999994	-0.0515233822000000022
4395946800	-0.427997132100000011	-0.0531817876999999967
4395947600	-0.428939548299999973	-0.0534383405000000006
4395948400	-0.428802066300000007	-0.0510047938000000034
4395949200	-0.431550727600000017	-0.051275431199999999
4395950000	-0.434489245099999977	-0.0501094769999999995
4395950800	-0.434348287100000008	-0.0498253359000000035
4395951600	-0.43274543729999998	-0.0501787725999999976
4395952400	-0.434667067399999996	-0.0488999456000000013
4395953200	-0.436377284099999985	-0.049076413800000003
4395954000	-0.434902760100000008	-0.0470069388000000019
4395954800	-0.437117328600000021	-0.0457537805000000006
4395955600	-0.436804024700000015	-0.0465101835000000033
4395956400	-0.439561287299999992	-0.0461476062999999978
4395957200	-0.436925301699999991	-0.0436447453000000027
4395958000	-0.439394119899999991	-0.0456680739000000016
4395958800	-0.441543959500000027	-0.0441163292999999998
4395959600	-0.441609631200000019	-0.0436980376999999975
4395960400	-0.443295407799999985	-0.0438329332000000002
4395961200	-0.442337569400000019	-0.0410759833000000005
4395962000	-0.442805500000000019	-0.0427221659999999989
4395962800	-0.442075469399999976	-0.0407940259000000027
4395963600	-0.443027224200000014	-0.0435623756000000015
4395964400	-0.443956439099999989	-0.0424052477000000025
4395965200	-0.44504578119999999	-0.0392521748999999989
4395966000	-0.446290513300000025	-0.0398425589999999996
4395966800	-0.448765998200000016	-0.0378932379000000014
4395967600	-0.446498719499999974	-0.0400751016999999973
4395968400	-0.447632348299999983	-0.0361285635000000022
4395969200	-0.448964126100000027	-0.0389996157999999982
4395970000	-0.447476687300000009	-0.0374713834000000023
4395970800	-0.452156102399999982	-0.0359185649999999995
4395971600	-0.453196714599999995	-0.0365534153000000028
4395972400	-0.450304687300000006	-0.0340911453000000003
4395973200	-0.453886101699999989	-0.0362529928000000015
4395974000	-0.453619120900000006	-0.0355311641999999997
4395974800	-0.453921802400000018	-0.0344927416000000014
4395975600	-0.454266987600000005	-0.0353307839000000026
4395976400	-0.456437743000000007	-0.0337067143999999971
4395977200	-0.456120594400000023	-0.0318767123999999999
4395978000	-0.456601699500000013	-0.0318163899999999999
4395978800	-0.458226456200000021	-0.0307738839
4395979600	-0.458287142599999975	-0.0298222929999999997
4395980400	-0.456768730000000012	-0.0307002767999999988
4395981200	-0.458202864099999996	-0.0297868457999999996
4395982000	-0.460204645799999978	-0.0287357116000000017
4395982800	-0.459643660399999987	-0.0289168996999999983
4395983600	-0.460420823300000004	-0.0269239627000000016
4395984400	-0.460874290199999981	-0.0283464865000000003
4395985200	-0.461356334699999981	-0.0260012623999999991
4395986000	-0.461598449099999975	-0.0253762860999999992
4395986800	-0.462712305900000009	-0.0260190125999999987
4395987600	-0.462580610000000003	-0.0250880001000000005
4395988400	-0.463952883099999991	-0.0226224785000000012
4395989200	-0.464847915399999978	-0.0242487982000000012
4395990000	-0.463402313700000013	-0.0241251811000000004
4395990800	-0.464610828400000009	-0.0237864723
4395991600	-0.464729192800000024	-0.0217321722000000002
4395992400	-0.465853204199999982	-0.0203069688999999998
4395993200	-0.46697620070000001	-0.0239540420999999996
4395994000	-0.467658907499999998	-0.0220421233999999987
4395994800	-0.466581061999999991	-0.0175144323000000005
4395995600	-0.468014878899999986	-0.0179668402000000005
4395996400	-0.469974441600000015	-0.0201385391999999996
4395997200	-0.471074453599999998	-0.0180671987999999999
4395998000	-0.468139740000000026	-0.0184660601000000008
4395998800	-0.471548904200000008	-0.0207096503000000001
4395999600	-0.471345773099999976	-0.0185649027000000001
4396000400	-0.472137156000000002	-0.0184570060000000015
4396001200	-0.470400639399999987	-0.0176143819
4396002000	-0.472381501199999998	-0.016087376300000001
4396002800	-0.472403647900000001	-0.0168725703000000005
4396003600	-0.472111777899999974	-0.0149272938999999993
4396004400	-0.473005940299999983	-0.0138332465000000002
4396005200	-0.4724887163	-0.0145745912000000005
4396006000	-0.473989223600000009	-0.0143382604000000004
4396006800	-0.475100394199999998	-0.0138333805000000008
4396007600	-0.475124779300000022	-0.0115860813999999999
4396008400	-0.476892472399999989	-0.0127897440000000005
4396009200	-0.475255197600000012	-0.0123568719999999996
4396010000	-0.477656156599999993	-0.0122730154999999997
4396010800	-0.475780058399999983	-0.0100762014
4396011600	-0.478671630199999976	-0.0117035779999999992
4396012400	-0.478539578199999982	-0.0103584303000000006
4396013200	-0.477764434000000016	-0.0082036863000000005
4396014000	-0.478803969100000004	-0.00673768960000000004
4396014800	-0.479090941900000011	-0.0065664514999999998
4396015600	-0.480369212699999992	-0.00708380390000000037
4396016400	-0.480710178799999999	-0.00940284740000000077
4396017200	-0.480395025400000009	-0.00706958360000000015
4396018000	-0.481003803200000024	-0.00401159990000000011
4396018800	-0.481537242500000018	-0.00503604050000000004
4396019600	-0.482198310299999988	-0.00621857830000000032
4396020400	-0.480726773399999974	-0.00345585899999999993
4396021200	-0.480451373000000015	-0.00557627969999999976
4396022000	-0.482710568299999976	-0.00368273369999999991
4396022800	-0.482235535900000012	-0.00252453880000000006
4396023600	-0.483463337800000004	-0.00228230309999999988
4396024400	-0.484034067499999998	-0.00253589830000000007
4396025200	-0.484593875000000007	-0.0010870147000000001
4396026000	-0.485549606600000017	0.000423378399999999998
4396026800	-0.484238303500000022	0.000698312100000000012
4396027600	-0.484727913499999996	-0.000354523600000000022
4396028400	-0.485211380099999978	0.00138521869999999993
4396029200	-0.487498132699999975	0.00126367980000000003
4396030000	-0.487363596700000012	0.0024499614999999998
4396030800	-0.488309701099999993	0.00153136729999999994
4396031600	-0.485728578000000022	0.0044381437000000001
4396032400	-0.488549527300000008	0.00355701569999999998
4396033200	-0.48902462419999998	0.00458262840000000019
4396034000	-0.488185118600000023	0.00319221260000000003
4396034800	-0.487199750699999989	0.00568034409999999997
4396035600	-0.489065594200000009	0.00647515250000000025
4396036400	-0.487726508399999981	0.00502448480000000034
4396037200	-0.489922232100000021	0.00607778880000000004
4396038000	-0.489593234200000005	0.00814155620000000038
4396038800	-0.489977443000000012	0.00633987280000000014
4396039600	-0.489510423099999981	0.00727914049999999965
4396040400	-0.492157444499999985	0.0073260202
4396041200	-0.491299726400000025	0.00828149239999999981
4396042000	-0.492648462000000009	0.00955930340000000003
4396042800	-0.489499573500000007	0.00864871939999999929
4396043600	-0.49010224619999998	0.00956909960000000039
4396044400	-0.491100382700000004	0.0105191814000000008
4396045200	-0.491935975999999997	0.0115412241000000006
4396046000	-0.491992497899999992	0.0109174900999999998
4396046800	-0.494577068000000009	0.0125850176999999994
4396047600	-0.494627119399999982	0.0137810420999999999
4396048400	-0.491158265300000008	0.0121926229999999997
4396049200	-0.494631096200000009	0.0134167392999999992
4396050000	-0.493466206600000012	0.0149093712000000003
4396050800	-0.494355151800000003	0.0155192912000000002
4396051600	-0.494584487600000011	0.0146301908999999994
4396052400	-0.494845940500000026	0.0156631085999999996
4396053200	-0.49530667610000001	0.0157639444000000004
4396054000	-0.495131994600000014	0.0166303018000000004
4396054800	-0.497710768299999995	0.0167998165999999997
4396055600	-0.495176564200000002	0.0170851140999999998
4396056400	-0.496687680600000014	0.0167874154999999997
4396057200	-0.497762364199999974	0.0164110842999999999
4396058000	-0.498281438700000023	0.0180747490999999989
4396058800	-0.496763175399999979	0.0200457734000000012
4396059600	-0.499908459799999982	0.0191325148
4396060400	-0.499381705700000011	0.0211078888999999999
4396061200	-0.499329502699999983	0.0186669835000000013
4396062000	-0.49750535600000001	0.0220998167000000002
4396062800	-0.498614744700000001	0.0199435757999999984
4396063600	-0.498520964800000022	0.0240082736999999991
4396064400	-0.500589796199999992	0.0220546601000000016
4396065200	-0.498605077900000027	0.0225083439000000017
4396066000	-0.499848729300000016	0.0243029457999999997
4396066800	-0.499116216700000004	0.0252500637999999999
4396067600	-0.500296961899999948	0.0244283856000000014
4396068400	-0.500290254000000045	0.0269403557000000016
4396069200	-0.500059497099999972	0.0248796675000000009
4396070000	-0.49932939970000001	0.0262631595000000009
4396070800	-0.500612291799999998	0.0258325242999999996
4396071600	-0.500375235100000038	0.0264059781999999993
4396072400	-0.502960377199999975	0.0284712768000000005
4396073200	-0.50280820319999997	0.0269721771999999992
4396074000	-0.500944901699999945	0.0291904117999999997
4396074800	-0.504054673499999994	0.0300162289999999984
4396075600	-0.504417580699999979	0.0290521909000000002
4396076400	-0.502795157200000009	0.0294983465000000014
4396077200	-0.501126364099999999	0.0288526763000000012
4396078000	-0.503701552700000055	0.0311818158999999998
4396078800	-0.503858650700000021	0.0319385018999999992
4396079600	-0.503435752799999969	0.0293206188
4396080400	-0.504757027499999955	0.0321255621999999991
4396081200	-0.503753839499999967	0.0314641454999999987
4396082000	-0.504292651199999997	0.0324712689000000027
4396082800	-0.504695968599999989	0.0328179482999999966
4396083600	-0.504566560100000006	0.033404772800000003
4396084400	-0.50373191390000005	0.0329205743999999995
4396085200	-0.505426321900000031	0.0352085357000000015
4396086000	-0.503734438700000009	0.035953951900000003
4396086800	-0.504267886700000001	0.0353417462000000029
4396087600	-0.505572624899999989	0.0355159716000000014
4396088400	-0.505906327399999967	0.0342896424000000005
4396089200	-0.506036332500000019	0.0397200762999999971
4396090000	-0.506292788400000027	0.0366000461999999999
4396090800	-0.505856792500000041	0.0378471186000000001
4396091600	-0.505629356100000038	0.0386327945999999992
4396092400	-0.506577335400000051	0.0378543505000000016
4396093200	-0.507755411999999962	0.0387626531000000024
4396094000	-0.505882439199999978	0.038345294000000002
4396094800	-0.506925520899999982	0.0402452670000000012
4396095600	-0.508625893299999965	0.0419590535999999972
4396096400	-0.506994445100000024	0.040179974799999997
4396097200	-0.505632737600000048	0.0406133295999999977
4396098000	-0.507457973099999959	0.0427713653999999971
4396098800	-0.506590006599999976	0.0411313974999999998
4396099600	-0.508978250800000032	0.0421512131000000012
4396100400	-0.50980416620000002	0.0426668051999999978
4396101200	-0.506886057999999973	0.0431148543999999995
4396102000	-0.508841897499999973	0.0421533723999999999
4396102800	-0.508934886000000031	0.0457258592000000033
4396103600	-0.50859741650000001	0.0456105549000000027
4396104400	-0.508506933900000013	0.0433758205000000022
4396105200	-0.511786671500000012	0.0478147048999999977
4396106000	-0.509428312399999972	0.0442786923999999998
4396106800	-0.509746145799999995	0.0440492798000000005
4396107600	-0.510213421400000033	0.0471791952999999972
4396108400	-0.50788474589999999	0.047585279799999998
4396109200	-0.510568172599999981	0.0454625188999999985
4396110000	-0.511783336100000041	0.0480586710999999986
4396110800	-0.509389606800000005	0.0468733401000000008
4396111600	-0.509038621299999994	0.0469688710000000023
4396112400	-0.511591787600000014	0.0475353882000000005
4396113200	-0.50891576220000001	0.0480465782999999966
4396114000	-0.510235117000000016	0.0491279487000000001
4396114800	-0.510772255599999947	0.0477364122000000016
4396115600	-0.510541117100000053	0.0514451511999999972
4396116400	-0.510177452400000009	0.0497291663999999967
4396117200	-0.510331604600000044	0.0494634825000000028
4396118000	-0.511651082700000037	0.0522576816000000013
4396118800	-0.513203736300000046	0.0519453028000000025
4396119600	-0.509506287500000044	0.0515008283000000025
4396120400	-0.511944568600000038	0.0534233986999999994
4396121200	-0.51304708769999996	0.0529867636000000003
4396122000	-0.511435998199999964	0.0533629671999999999
4396122800	-0.511661090599999979	0.0545199286000000033
4396123600	-0.512081993300000038	0.0537021368000000013
4396124400	-0.511719765000000049	0.0555741978000000025
4396125200	-0.510953132899999996	0.0558099861000000003
4396126000	-0.512771220600000022	0.0557231966999999981
4396126800	-0.512972743900000028	0.0544522485000000014
4396127600	-0.514246500000000051	0.0554925981999999998
4396128400	-0.514388510199999982	0.0594899565000000033
4396129200	-0.514202316600000042	0.0568212935000000016
4396130000	-0.512796677700000036	0.0562386454999999966
4396130800	-0.514218997600000005	0.0592530243999999998
4396131600	-0.516386720199999982	0.0600106894999999987
4396132400	-0.514386268600000029	0.059238179299999999
4396133200	-0.512145089300000023	0.0588579663000000017
4396134000	-0.515243696900000048	0.0588459438000000015
4396134800	-0.515054657900000046	0.0566482233000000016
4396135600	-0.515887563299999963	0.0599534977999999982
4396136400	-0.515130778399999989	0.0584530577999999995
4396137200	-0.512991636999999945	0.0591349421999999986
4396138000	-0.515305175700000007	0.0621792477000000024
4396138800	-0.514596391400000019	0.0596345107999999985
4396139600	-0.515312431000000015	0.0620823750999999965
4396140400	-0.513898549500000024	0.0633469685999999976
4396141200	-0.514668715699999946	0.0642455517000000004
4396142000	-0.514945160400000046	0.0642476195000000055
4396142800	-0.516602046299999951	0.0624666851999999967
4396143600	-0.514094892100000034	0.0640323822999999959
4396144400	-0.515420315299999987	0.0628489418999999966
4396145200	-0.514200779299999966	0.0635406626000000058
4396146000	-0.516871735399999976	0.066666243
4396146800	-0.513518453999999958	0.0656907203999999995
4396147600	-0.517286765499999968	0.066196749799999996
4396148400	-0.514895691400000022	0.0634737132999999981
4396149200	-0.515836374199999947	0.0658891786999999951
4396150000	-0.515894569600000019	0.0664610375999999947
4396150800	-0.516740693499999959	0.0655461905000000039
4396151600	-0.516964313599999947	0.0660054216000000027
4396152400	-0.517853367399999986	0.0671120055999999965
4396153200	-0.516257849199999952	0.0677272654999999946
4396154000	-0.517918299700000029	0.0678543523000000037
4396154800	-0.516952597199999975	0.0675634452999999968
4396155600	-0.519726533199999952	0.0707119674000000059
4396156400	-0.515741138300000013	0.069161774499999995
4396157200	-0.515677123899999978	0.0689016392000000033
4396158000	-0.516192471300000011	0.0678525715999999945
4396158800	-0.515685710500000005	0.0701674184000000006
4396159600	-0.519045856800000038	0.0728674790999999933
4396160400	-0.516048100599999948	0.0728769518000000061
4396161200	-0.517001064799999965	0.071293691500000006
4396162000	-0.516272867700000027	0.0722751127999999993
4396162800	-0.517881481500000018	0.0739570538999999999
4396163600	-0.517366087500000016	0.0723558863999999996
4396164400	-0.516594147700000006	0.072168446799999994
4396165200	-0.519302449799999954	0.0727608963000000025
4396166000	-0.516987838799999988	0.0746385454000000059
4396166800	-0.517171249799999955	0.074077672799999994
4396167600	-0.517080129400000033	0.0733272969000000052
4396168400	-0.520287783699999951	0.0755599136999999949
4396169200	-0.519615365299999965	0.0726773740999999973
4396170000	-0.519097994300000032	0.0752774075000000042
