# freq, I e Q
5787440000	-0.0486440064000000019	0.33461978819999999
5787490000	-0.0461655119999999988	0.335331011299999981
5787540000	-0.0376190003999999981	0.334328132499999986
5787590000	-0.0338533545000000019	0.336087389700000017
5787640000	-0.0287961220000000004	0.336390937200000018
5787690000	-0.0270337000000000008	0.336095506200000005
5787740000	-0.0210658223999999998	0.337322371700000012
5787790000	-0.0183809756999999997	0.337938215799999997
5787840000	-0.0144424064999999994	0.338050656599999999
5787890000	-0.00999590669999999952	0.338906532300000007
5787940000	-0.00663334429999999989	0.339788432899999993
5787990000	-0.000662639400000000051	0.33833974859999999
5788040000	0.00297091080000000006	0.340152077800000008
5788090000	0.00680944629999999992	0.3378727802
5788140000	0.0108914761999999998	0.338570359499999973
5788190000	0.0157565534000000014	0.340080902500000004
5788240000	0.0205686661999999985	0.338137612899999995
5788290000	0.0243942940000000004	0.33705290269999999
5788340000	0.0298321871000000009	0.336856671499999982
5788390000	0.0340201014999999968	0.336911642800000022
5788440000	0.0380506425999999967	0.335759838300000002
5788490000	0.0415573438000000003	0.339717521199999983
5788540000	0.0466594255999999985	0.33691229210000001
5788590000	0.0512593022999999967	0.334211986800000027
5788640000	0.0559004687999999986	0.33468999490000001
5788690000	0.0594319632	0.335437518599999984
5788740000	0.0617482822999999986	0.335227138199999997
5788790000	0.0655762099999999959	0.336001676699999974
5788840000	0.0722673439000000029	0.33048074719999998
5788890000	0.075206205799999995	0.33177959880000002
5788940000	0.0803500996000000023	0.329126240100000023
5788990000	0.0842208217999999981	0.329224045999999992
5789040000	0.0892152883000000008	0.329031351500000013
5789090000	0.0914687534999999996	0.327878294199999976
5789140000	0.0954648156999999969	0.326160613499999974
5789190000	0.101261820700000005	0.325737201099999985
5789240000	0.102063375400000003	0.324760109999999991
5789290000	0.109837154699999995	0.324354157400000009
5789340000	0.111916660099999996	0.320692056999999975
5789390000	0.117596959799999998	0.318251076000000022
5789440000	0.121177365699999998	0.319249399099999998
5789490000	0.124259174200000003	0.314448876799999999
5789540000	0.131526749700000001	0.315722911100000003
5789590000	0.133114018899999992	0.313340605800000005
5789640000	0.13666261930000001	0.314239665200000018
5789690000	0.142156568300000008	0.310063537100000008
5789740000	0.145881015400000008	0.309184631499999973
5789790000	0.150758020500000006	0.306522217200000002
5789840000	0.153004759200000007	0.306945403299999975
5789890000	0.157920797599999996	0.304334473900000013
5789940000	0.163035252800000002	0.304608500000000004
5789990000	0.164032838900000005	0.300695714800000014
5790040000	0.170177015399999992	0.298455423800000008
5790090000	0.172620077799999994	0.295545204499999992
5790140000	0.176820992499999996	0.294539007000000019
5790190000	0.180370321899999991	0.291659778500000022
5790240000	0.1839071387	0.288765694500000003
5790290000	0.1867488447	0.285723761799999976
5790340000	0.193948343100000004	0.282189538600000012
5790390000	0.195735895900000012	0.280813428899999995
5790440000	0.197293395799999993	0.278695186699999986
5790490000	0.203755585099999997	0.278158375299999983
5790540000	0.2064144007	0.273913266400000022
5790590000	0.211276773700000003	0.271770701700000006
5790640000	0.212447075399999991	0.269677882400000013
5790690000	0.217563939399999989	0.2673424197
5790740000	0.221169887199999998	0.263514188400000016
5790790000	0.222529089600000007	0.262581554399999972
5790840000	0.224248596999999994	0.258465290000000014
5790890000	0.229343077300000003	0.255415148300000006
5790940000	0.235217252099999996	0.253602551399999987
5790990000	0.23674651490000001	0.249910715499999991
5791040000	0.239338809499999999	0.244990143299999991
5791090000	0.242203993400000012	0.243399650699999998
5791140000	0.245195443699999988	0.240159421399999989
5791190000	0.250097603499999988	0.237712621200000002
5791240000	0.252584916599999987	0.234611138400000002
5791290000	0.257551213700000003	0.230346011200000006
5791340000	0.2580311354	0.228667817699999998
5791390000	0.263434614299999981	0.223648710700000003
5791440000	0.264742026700000022	0.222067257099999998
5791490000	0.266449069500000024	0.21923053910000001
5791540000	0.270213371899999999	0.214412763099999987
5791590000	0.273201003499999984	0.209510962699999997
5791640000	0.276761465099999993	0.207151956800000009
5791690000	0.278781231000000018	0.205598823799999997
5791740000	0.280658748999999985	0.199690226400000004
5791790000	0.284604842400000002	0.197413828000000013
5791840000	0.286838463300000013	0.194392414900000005
5791890000	0.2882286617	0.1913424185
5791940000	0.289837671399999997	0.186606306999999999
5791990000	0.292740899499999985	0.184582717000000007
5792040000	0.295298952100000012	0.180040132399999997
5792090000	0.29826085699999999	0.175962022999999995
5792140000	0.300558626800000006	0.172353306600000006
5792190000	0.306328725899999987	0.168753891900000008
5792240000	0.303804859400000016	0.164605187200000003
5792290000	0.307045850299999978	0.161401665599999994
5792340000	0.308533166400000003	0.155452458900000007
5792390000	0.311231095800000024	0.152776946999999996
5792440000	0.314033807700000001	0.148382162399999989
5792490000	0.315070785099999973	0.143837633200000009
5792540000	0.315376321299999984	0.142043080900000007
5792590000	0.318003867100000004	0.136621150599999991
5792640000	0.319954034300000023	0.133187801999999994
5792690000	0.323148900199999978	0.128145213199999997
5792740000	0.326238832899999998	0.12680378140000001
5792790000	0.324817425800000004	0.120842450399999995
5792840000	0.327707534099999975	0.115992167500000007
5792890000	0.328681873199999974	0.112534703099999994
5792940000	0.330030380299999981	0.105040401199999994
5792990000	0.330454340600000007	0.104514306799999998
5793040000	0.33348109749999999	0.100372510700000001
5793090000	0.332624960099999978	0.094245561699999994
5793140000	0.337976952300000022	0.0905097898999999984
5793190000	0.33710397780000001	0.0862897524000000027
5793240000	0.339735218000000005	0.0834072396000000021
5793290000	0.337379008799999991	0.0766105095000000069
5793340000	0.33995174789999999	0.0723607260000000002
5793390000	0.341798156099999972	0.0718409849999999961
5793440000	0.343042913399999982	0.0647795099999999985
5793490000	0.344826657799999992	0.0596136578999999986
5793540000	0.342471466800000013	0.0568383749999999965
5793590000	0.344265803799999992	0.0523886182000000006
5793640000	0.345362042799999991	0.0451705774000000018
5793690000	0.346448851999999974	0.0431060977999999997
5793740000	0.347474799599999995	0.0379237979000000003
5793790000	0.347701881200000007	0.0350292207999999966
5793840000	0.347262059499999998	0.0310605569000000012
5793890000	0.34844171169999999	0.0242999253999999984
5793940000	0.347531195899999978	0.0213485241999999999
5793990000	0.349661937400000011	0.0179094826999999998
5794040000	0.350353226100000026	0.0100865959999999998
5794090000	0.350054893500000019	0.00801672600000000006
5794140000	0.351978300700000024	0.0037120956000000001
5794190000	0.348489517000000026	-0.00084058519999999999
5794240000	0.351363687300000005	-0.0054016063000000003
5794290000	0.349866917200000016	-0.0125663027000000004
5794340000	0.350173689899999974	-0.0143324877999999999
5794390000	0.348175282799999986	-0.0195562752999999985
5794440000	0.348710704900000001	-0.0225012277999999989
5794490000	0.348952884399999996	-0.0282170056000000009
5794540000	0.348437866500000026	-0.0331939793000000025
5794590000	0.348840847999999981	-0.0360776100999999974
5794640000	0.348555928600000009	-0.041349224900000002
5794690000	0.347491732499999983	-0.0445450311000000002
5794740000	0.345553705599999983	-0.050079465400000002
5794790000	0.345788017299999972	-0.0553281861999999972
5794840000	0.345037867100000006	-0.0573479579000000031
5794890000	0.343665017100000025	-0.0656055326999999966
5794940000	0.342766220999999982	-0.0693832959999999971
5794990000	0.34417188999999998	-0.074447555700000001
5795040000	0.342940930300000002	-0.0753059846000000005
5795090000	0.340488683399999992	-0.082852100299999995
5795140000	0.342028996299999999	-0.0843417513000000035
5795190000	0.340226122999999991	-0.090615060499999997
5795240000	0.337820820000000022	-0.0931915286000000037
5795290000	0.337520462799999976	-0.0999866003000000059
5795340000	0.336593364200000023	-0.103494982999999999
5795390000	0.335248381799999995	-0.109784258600000004
5795440000	0.332765115200000017	-0.112405105699999994
5795490000	0.331275039599999988	-0.116199927100000003
5795540000	0.329658971500000009	-0.120281182700000003
5795590000	0.32988088539999999	-0.124742292099999999
5795640000	0.327332841400000019	-0.129922118899999994
5795690000	0.324303994900000003	-0.132878995
5795740000	0.325603112099999981	-0.137669056200000001
5795790000	0.321907541500000005	-0.141152108199999987
5795840000	0.319059642899999996	-0.1444940153
5795890000	0.319064968100000013	-0.149945487900000007
5795940000	0.318343336300000002	-0.154692956999999992
5795990000	0.315139324599999993	-0.158208048399999995
5796040000	0.311976055799999985	-0.160827819900000002
5796090000	0.30987200840000001	-0.167161889400000013
5796140000	0.308879087499999982	-0.169598365599999995
5796190000	0.306037469700000009	-0.17484809770000001
5796240000	0.304594091499999997	-0.178583371699999993
5796290000	0.3015125944	-0.181515496999999998
5796340000	0.299650618899999999	-0.186662159900000013
5796390000	0.294925430099999997	-0.188606847299999991
5796440000	0.29420880290000001	-0.192788446199999991
5796490000	0.293500442899999991	-0.198600395900000004
5796540000	0.289990405900000026	-0.200804753000000002
5796590000	0.285342001000000012	-0.204234231399999994
5796640000	0.286064504300000022	-0.207674877899999999
5796690000	0.282696759399999997	-0.212247930299999998
5796740000	0.277862349499999994	-0.214434873199999987
5796790000	0.278560787799999987	-0.219607460700000007
5796840000	0.274183523500000026	-0.223640482299999999
5796890000	0.271643707199999973	-0.226880861699999992
5796940000	0.267866196499999987	-0.230196575600000009
5796990000	0.266262389900000007	-0.234261703799999998
5797040000	0.262246604100000003	-0.236680907699999998
5797090000	0.257532464800000027	-0.23915448110000001
5797140000	0.255990072700000015	-0.244581400300000001
5797190000	0.252644747599999997	-0.246870119299999996
5797240000	0.249697567499999995	-0.251072136300000026
5797290000	0.248111848999999995	-0.253349256899999986
5797340000	0.241674626400000009	-0.258342594400000014
5797390000	0.241665865000000007	-0.260718554599999985
5797440000	0.237499110499999999	-0.264182694800000006
5797490000	0.234448803600000005	-0.265531385200000025
5797540000	0.230787423900000011	-0.268792653599999987
5797590000	0.228737763199999999	-0.270624429599999994
5797640000	0.224004848400000012	-0.273837580600000019
5797690000	0.219754958400000006	-0.2777670156
5797740000	0.216616737000000004	-0.280775791499999983
5797790000	0.210857178899999997	-0.283318042300000017
5797840000	0.207848930799999998	-0.28423044489999999
5797890000	0.20637748219999999	-0.289374576200000011
5797940000	0.201560984100000007	-0.292777401300000018
5797990000	0.198880446799999999	-0.296029531100000021
5798040000	0.193453127499999988	-0.296122492800000026
5798090000	0.190097314200000006	-0.299918924199999992
5798140000	0.188440201599999996	-0.302115181399999988
5798190000	0.184010005899999995	-0.303915873399999981
5798240000	0.178901266100000012	-0.306148628899999997
5798290000	0.175710539500000013	-0.310312015100000005
5798340000	0.16876294859999999	-0.311867441799999978
5798390000	0.167769411000000007	-0.315724979399999994
5798440000	0.163029238100000001	-0.313065320799999991
5798490000	0.156587176800000005	-0.319838912799999986
5798540000	0.154066863599999992	-0.319620287200000019
5798590000	0.148728260400000006	-0.322347406100000011
5798640000	0.144552350999999996	-0.323252122099999983
5798690000	0.14088743170000001	-0.325550913399999975
5798740000	0.137734151100000007	-0.326375874499999996
5798790000	0.1334916357	-0.328267234399999996
5798840000	0.129093715500000011	-0.329007297300000001
5798890000	0.126141576199999994	-0.331482004300000022
5798940000	0.119548080500000001	-0.333751828699999975
5798990000	0.116242823100000003	-0.33546764870000001
5799040000	0.111040527799999997	-0.338549663200000017
5799090000	0.108102247900000004	-0.340733327500000016
5799140000	0.102441245400000006	-0.339471239199999997
5799190000	0.098688538199999995	-0.340838899099999981
5799240000	0.0954229595000000014	-0.342955428100000015
5799290000	0.0897743317999999957	-0.344285112200000021
5799340000	0.0848966755999999989	-0.346550639300000018
5799390000	0.0819187006000000051	-0.347012589799999993
5799440000	0.0781737133999999972	-0.347564096900000008
5799490000	0.0725710442999999983	-0.347608948500000015
5799540000	0.0684678878000000019	-0.351482350700000001
5799590000	0.0636324258000000031	-0.351785287499999988
5799640000	0.0574909005999999986	-0.351970973899999984
5799690000	0.0534638476000000029	-0.350958607300000003
5799740000	0.0500332136000000011	-0.353215071900000011
5799790000	0.0463853383000000022	-0.353384073999999992
5799840000	0.0404771661999999977	-0.352835860499999987
5799890000	0.0365896584000000025	-0.355101278899999984
5799940000	0.032966752600000003	-0.355753022600000024
5799990000	0.0253533994999999984	-0.356266633399999977
5800040000	0.0218330730999999993	-0.356437798699999975
5800090000	0.0185553273000000005	-0.356373266999999994
5800140000	0.0112193181999999999	-0.357508791900000011
5800190000	0.0089475726000000002	-0.356521706699999996
5800240000	0.00475416850000000019	-0.357440505100000028
5800290000	0.000745186199999999964	-0.354110597299999996
5800340000	-0.00538034190000000016	-0.356113753799999988
5800390000	-0.0118480845999999994	-0.355836887599999985
5800440000	-0.0169094098000000005	-0.354052888200000027
5800490000	-0.0188302457000000013	-0.357795643499999982
5800540000	-0.0248336891000000004	-0.355570559000000008
5800590000	-0.0287066082999999986	-0.35756279470000002
5800640000	-0.0347772812000000028	-0.356311585400000019
5800690000	-0.038313087099999997	-0.356076851799999983
5800740000	-0.0415018784999999987	-0.356162987200000003
5800790000	-0.0468851924999999989	-0.354956379599999983
5800840000	-0.0511530834000000004	-0.353996585400000008
5800890000	-0.0546367980000000003	-0.353214193899999973
5800940000	-0.0583685603999999983	-0.353737377700000022
5800990000	-0.0651637327999999988	-0.352235823800000014
5801040000	-0.0702481744999999963	-0.350464143700000008
5801090000	-0.0736907885000000068	-0.349991843899999988
5801140000	-0.0780955611999999966	-0.351526038699999988
5801190000	-0.0840496144000000001	-0.347293878499999986
5801240000	-0.087494327100000005	-0.348034809800000011
5801290000	-0.0924998893999999933	-0.347290549599999998
5801340000	-0.097255757499999998	-0.345165676600000026
5801390000	-0.102122576399999998	-0.342353502400000009
5801440000	-0.106440122600000006	-0.339447202900000022
5801490000	-0.109902968500000003	-0.341680923099999978
5801540000	-0.114355088399999999	-0.338876266199999998
5801590000	-0.120067388600000005	-0.337569889999999984
5801640000	-0.124669847700000003	-0.335649276900000015
5801690000	-0.126994842999999996	-0.334835711400000013
5801740000	-0.132864685600000004	-0.332156522999999981
5801790000	-0.137484959099999998	-0.330591971500000026
5801840000	-0.141669270799999997	-0.3299914605
5801890000	-0.14272292880000001	-0.326651791199999986
5801940000	-0.151986235299999994	-0.326357670799999999
5801990000	-0.153219719000000004	-0.32214431440000002
5802040000	-0.158439750699999993	-0.32172823519999999
5802090000	-0.161454370600000008	-0.319192327499999984
5802140000	-0.165398585900000006	-0.318039378699999986
5802190000	-0.170673215200000006	-0.316593660900000018
5802240000	-0.175378992099999992	-0.3122668636
5802290000	-0.178707206499999993	-0.311950601200000011
5802340000	-0.180404948900000001	-0.310850218199999973
5802390000	-0.187453028599999988	-0.306623640199999992
5802440000	-0.191282295600000013	-0.305390850200000008
5802490000	-0.193178148299999991	-0.299372320000000025
5802540000	-0.198095880599999996	-0.299481044899999993
5802590000	-0.201724452599999993	-0.295092267500000005
5802640000	-0.203990549399999999	-0.292870324500000001
5802690000	-0.210408820699999999	-0.290374283499999997
5802740000	-0.212397722600000005	-0.286433236300000005
5802790000	-0.217673487299999996	-0.286073580100000002
5802840000	-0.223385544600000013	-0.283758919499999984
5802890000	-0.2266013214	-0.280686357599999992
5802940000	-0.227269347399999988	-0.277018028299999997
5802990000	-0.2334832607	-0.274359295499999989
5803040000	-0.235182411899999999	-0.271693422299999987
5803090000	-0.240437971899999992	-0.267282416799999978
5803140000	-0.24208018349999999	-0.2640775494
5803190000	-0.247047808400000013	-0.260284899999999986
5803240000	-0.250874209000000015	-0.258031329799999987
5803290000	-0.253843044999999989	-0.25500667199999999
5803340000	-0.256212461499999988	-0.252030474399999982
5803390000	-0.258690476000000003	-0.248585070999999991
5803440000	-0.263585458200000011	-0.243689280099999989
5803490000	-0.266210156099999984	-0.240617434200000008
5803540000	-0.2714906916	-0.238270452299999991
5803590000	-0.27224475720000002	-0.236399475100000006
5803640000	-0.277081689799999975	-0.231075319599999995
5803690000	-0.278392679400000009	-0.226459492200000001
5803740000	-0.280660803299999984	-0.223451798199999996
5803790000	-0.284503327199999989	-0.219485341899999992
5803840000	-0.286720753699999997	-0.216944729499999989
5803890000	-0.29153954809999999	-0.213312452799999996
5803940000	-0.292751606100000006	-0.209990341200000014
5803990000	-0.296394438199999999	-0.203032142100000007
5804040000	-0.298201925400000012	-0.202294653200000007
5804090000	-0.301023097000000017	-0.195371108999999987
5804140000	-0.30266105539999999	-0.191895517999999987
5804190000	-0.304578864599999999	-0.189280732099999988
5804240000	-0.307355850799999997	-0.185100270600000005
5804290000	-0.310707723599999985	-0.181976940700000006
5804340000	-0.313802270599999988	-0.179709859400000005
5804390000	-0.315832538800000007	-0.173527603199999991
5804440000	-0.317068159700000018	-0.168786427999999988
5804490000	-0.321441653699999996	-0.162607196300000006
5804540000	-0.32395780930000001	-0.159669255199999999
5804590000	-0.326360877900000013	-0.156270741800000001
5804640000	-0.327215769200000006	-0.152779709300000011
5804690000	-0.329857486899999996	-0.147426576700000006
5804740000	-0.333627652399999974	-0.145542796299999999
5804790000	-0.332685689700000009	-0.139497567200000006
5804840000	-0.332934536700000006	-0.134824587699999998
5804890000	-0.337266561899999984	-0.129416524700000007
5804940000	-0.337157621299999988	-0.126086270499999986
5804990000	-0.338362630100000006	-0.122476219999999997
5805040000	-0.341697909099999975	-0.116912537499999997
5805090000	-0.342800804199999976	-0.114224195299999998
5805140000	-0.344039387500000016	-0.108857946299999994
5805190000	-0.345730961999999975	-0.105425812600000002
5805240000	-0.347657473900000014	-0.0988735607000000016
5805290000	-0.348172557900000013	-0.0956799254000000043
5805340000	-0.348751312599999974	-0.0905165121000000017
5805390000	-0.350306934199999975	-0.084091279300000002
5805440000	-0.353174368199999977	-0.0819066851000000012
5805490000	-0.35391916109999999	-0.0784244345000000009
5805540000	-0.356090861799999991	-0.0718251897999999944
5805590000	-0.352275371100000012	-0.0670252753000000062
5805640000	-0.357168575400000021	-0.0608741159999999989
5805690000	-0.357509939700000001	-0.0565747233999999988
5805740000	-0.358818062599999987	-0.0518410273000000019
5805790000	-0.358461954999999999	-0.0481403310000000015
5805840000	-0.358543569100000015	-0.0444829050999999975
5805890000	-0.361381724899999979	-0.0382965753999999978
5805940000	-0.360090930300000001	-0.0328786880000000031
5805990000	-0.360281489999999982	-0.0300211069000000004
5806040000	-0.362147934900000024	-0.0226429884000000012
5806090000	-0.360787793700000026	-0.0202797483000000008
5806140000	-0.363327542100000012	-0.0165344985999999992
5806190000	-0.36104569390000002	-0.00921039920000000026
5806240000	-0.361169229599999975	-0.00334805390000000001
5806290000	-0.361772604399999975	-0.00127129890000000001
5806340000	-0.364264495299999991	0.00499271320000000025
5806390000	-0.362493439799999984	0.00960218730000000041
5806440000	-0.363501922799999988	0.0148115129000000005
5806490000	-0.361181958600000019	0.0191902265000000009
5806540000	-0.362495122599999997	0.0218297019000000016
5806590000	-0.36072291540000001	0.0287906809000000007
5806640000	-0.35983844370000001	0.0337158654999999974
5806690000	-0.362508039100000012	0.0382901740000000032
5806740000	-0.358733152100000008	0.0447244156999999989
5806790000	-0.361302315900000004	0.0489646879999999993
5806840000	-0.361267998199999996	0.0539535028999999985
5806890000	-0.358776280700000005	0.0592156049999999975
5806940000	-0.357770101700000009	0.0634168137999999992
5806990000	-0.357719944700000014	0.0673609176999999948
5807040000	-0.356318980100000016	0.072818330700000003
5807090000	-0.354639985400000024	0.0765959063000000023
5807140000	-0.355152794900000013	0.0812574105999999963
5807190000	-0.352411649800000004	0.0871138907999999962
5807240000	-0.350662974399999994	0.090760239699999995
5807290000	-0.349933902600000013	0.0959267589000000059
5807340000	-0.351086872800000005	0.101325181900000005
5807390000	-0.350062288700000002	0.105523989100000007
5807440000	-0.346105133399999987	0.111754417699999997
5807490000	-0.345059186600000012	0.114296811999999998
5807540000	-0.345070885100000002	0.120734933099999997
5807590000	-0.343418462400000013	0.124332067199999993
5807640000	-0.3412237085	0.130504553699999998
5807690000	-0.338180153599999977	0.136828756400000001
5807740000	-0.339369246299999983	0.139210879900000001
5807790000	-0.335499460799999982	0.145672720300000003
5807840000	-0.335735819599999985	0.147922792599999992
5807890000	-0.331671034799999986	0.152619821999999988
5807940000	-0.329566185299999981	0.15595751129999999
5807990000	-0.328434080299999986	0.162376553899999998
5808040000	-0.325683131700000017	0.166086462399999996
5808090000	-0.32356034119999999	0.171910720399999994
5808140000	-0.321712804500000005	0.176243365200000002
5808190000	-0.31801725879999998	0.179930089399999993
5808240000	-0.316976111800000016	0.183751809399999994
5808290000	-0.312726580400000009	0.188590456099999998
5808340000	-0.312713913899999973	0.193526596800000006
5808390000	-0.309278391300000011	0.1975154774
5808440000	-0.307028354299999973	0.203031653000000006
5808490000	-0.301548745999999979	0.209512612999999986
5808540000	-0.301629927399999997	0.211924640199999986
5808590000	-0.299506737199999984	0.2151207594
5808640000	-0.294259223100000022	0.219794663499999987
5808690000	-0.291066708499999993	0.226707667800000012
5808740000	-0.288336113700000007	0.226793904600000013
5808790000	-0.286084002599999998	0.234134133999999994
5808840000	-0.281295707299999975	0.235706455600000003
5808890000	-0.279747366399999975	0.238632816800000008
5808940000	-0.275715234600000025	0.244817984200000005
5808990000	-0.271567176500000007	0.24875157710000001
5809040000	-0.267810412300000023	0.255262566000000024
5809090000	-0.263462702800000004	0.254765148100000005
5809140000	-0.259187103500000016	0.262276731500000027
5809190000	-0.257508428000000011	0.266466117800000013
5809240000	-0.253690338600000009	0.269852901300000003
5809290000	-0.250726090800000023	0.274252841500000011
5809340000	-0.246038689799999988	0.275105420400000023
5809390000	-0.241837449799999993	0.279864557299999983
5809440000	-0.237909377599999999	0.284807022999999992
5809490000	-0.234761270100000002	0.28874570690000001
5809540000	-0.229455903500000002	0.292912907900000019
5809590000	-0.223274056500000012	0.296290796600000017
5809640000	-0.219195797500000011	0.299387998300000013
5809690000	-0.215588464899999999	0.303027043300000021
5809740000	-0.210249371299999988	0.306782370000000026
5809790000	-0.205571626300000004	0.311648619999999987
5809840000	-0.20075769160000001	0.315399335700000005
5809890000	-0.193398493100000013	0.320849617600000026
5809940000	-0.19194576599999999	0.324329688700000007
5809990000	-0.187545484900000003	0.327269975499999977
5810040000	-0.180171761699999988	0.331058304400000003
5810090000	-0.173451950399999999	0.33292119520000002
5810140000	-0.169332239899999987	0.336944118600000009
5810190000	-0.163152505700000006	0.338702329700000027
5810240000	-0.158893177699999999	0.342705293600000016
5810290000	-0.150185130800000011	0.346124971399999981
5810340000	-0.143329931399999999	0.349477858600000024
5810390000	-0.135717050000000006	0.35452409629999998
5810440000	-0.130797024600000006	0.355683879599999975
5810490000	-0.122119616700000003	0.360135048000000013
5810540000	-0.114260093100000001	0.361797412799999996
5810590000	-0.106624411200000005	0.367375813100000004
5810640000	-0.101262340899999997	0.368957061500000016
5810690000	-0.0915924156000000045	0.371515348600000017
5810740000	-0.0827350753000000022	0.3727244589
5810790000	-0.0717595324000000062	0.375860708099999996
5810840000	-0.0623787588999999976	0.377489252200000014
5810890000	-0.0536015112000000002	0.379782818700000024
5810940000	-0.0414803976999999977	0.381948085200000009
5810990000	-0.0293050470000000007	0.382476209199999972
5811040000	-0.0164063030000000006	0.383951494700000007
5811090000	-0.00254936189999999986	0.385352841399999979
5811140000	0.0120309202999999993	0.384793163599999988
5811190000	0.0285950836000000014	0.381399813300000001
5811240000	0.0421162653999999984	0.377021759899999975
5811290000	0.0622706600999999998	0.372322568399999998
5811340000	0.0816220163000000026	0.366409118600000028
5811390000	0.0994508932999999956	0.355067076699999984
5811440000	0.124609703599999996	0.34096981970000001
5811490000	0.145611428399999993	0.321929134999999977
5811540000	0.1633964111	0.292692829499999974
5811590000	0.178320615200000004	0.261333368899999974
5811640000	0.185761393599999991	0.2217985237
5811690000	0.185072480799999994	0.177909700199999993
5811740000	0.170089593499999997	0.133307441999999998
5811790000	0.140500733799999999	0.0965889359000000058
5811840000	0.101597671099999995	0.0666473358999999932
5811890000	0.0591714819000000031	0.0553917027000000034
5811940000	0.019845414799999999	0.0554408991000000032
5811990000	-0.0164227163999999988	0.0655419579999999974
5812040000	-0.0468273404000000004	0.0818260237000000001
5812090000	-0.0670743760999999994	0.0986867257999999997
5812140000	-0.0828684536999999971	0.118010024800000002
5812190000	-0.0913235379000000014	0.139145190800000013
5812240000	-0.0960989753999999946	0.158360236500000001
5812290000	-0.0980066156999999938	0.175495154300000011
5812340000	-0.0974611038999999985	0.188793571800000004
5812390000	-0.0974018148	0.206169963900000003
5812440000	-0.0957015590999999999	0.217028945100000009
5812490000	-0.0904661130999999952	0.227439053199999991
5812540000	-0.0863956550999999962	0.239847464600000004
5812590000	-0.0838610013999999959	0.248408517599999989
5812640000	-0.0751557662999999959	0.258094044099999975
5812690000	-0.0720859551000000015	0.2605312662
5812740000	-0.0680358885000000024	0.267679145399999985
5812790000	-0.0596052845000000012	0.275429998600000003
5812840000	-0.0537141001000000021	0.2778733444
5812890000	-0.0485139715000000027	0.283780528199999993
5812940000	-0.0428029381	0.288785596099999986
5812990000	-0.035855238400000003	0.293179516699999976
5813040000	-0.0317261293000000028	0.294136637400000012
5813090000	-0.0251362478000000007	0.297037035100000013
5813140000	-0.0187934288000000012	0.301123199499999994
5813190000	-0.0140332232999999997	0.303313668599999975
5813240000	-0.00653742650000000043	0.303729339900000006
5813290000	-0.0034099906000000001	0.306102112400000015
5813340000	0.00327033010000000015	0.308246226600000006
5813390000	0.00903103249999999934	0.308502037499999993
5813440000	0.0134818027	0.311765398600000021
5813490000	0.0198244017000000008	0.310735112799999991
5813540000	0.0256961271000000005	0.312017733399999997
5813590000	0.030210429300000001	0.312928480000000009
5813640000	0.0360030040999999995	0.312442916800000026
5813690000	0.0402565943999999981	0.314506326000000003
5813740000	0.0482717916000000025	0.314202296800000003
5813790000	0.0518144037999999987	0.314770953700000022
5813840000	0.0566205695999999967	0.314543553799999986
5813890000	0.0624861602000000016	0.313806593299999992
5813940000	0.0667879038000000064	0.314246096500000016
5813990000	0.0710814307999999978	0.3135477874
5814040000	0.0758694773000000017	0.312982932499999977
5814090000	0.0816741255999999943	0.311379903199999974
5814140000	0.0886268969999999962	0.312548195799999984
5814190000	0.0925991988000000044	0.312190564999999975
5814240000	0.097808613399999994	0.309160460099999979
5814290000	0.102317388400000001	0.307184421799999996
5814340000	0.108287551499999996	0.308986303600000012
5814390000	0.112615912799999995	0.305246075000000006
5814440000	0.116220820700000005	0.304116369499999983
5814490000	0.120430247399999996	0.302887494199999996
5814540000	0.125481617600000012	0.301230406000000006
5814590000	0.130606532800000008	0.300621101599999996
5814640000	0.1336517978	0.301711128699999998
5814690000	0.13947829610000001	0.299890302499999983
5814740000	0.142075503200000008	0.296207799300000019
5814790000	0.148696295499999992	0.294419104499999973
5814840000	0.153296609899999992	0.292066340099999988
5814890000	0.157168829399999987	0.291557640900000026
5814940000	0.160036722900000011	0.288691804800000007
5814990000	0.164777457900000007	0.286414663399999991
5815040000	0.170223681399999993	0.284591730200000004
5815090000	0.174875798500000013	0.281481129200000013
5815140000	0.177356629300000013	0.281314734999999982
5815190000	0.179773671699999998	0.275501972300000009
5815240000	0.185467508100000011	0.275068318799999989
5815290000	0.188025647699999993	0.272143903899999984
5815340000	0.191929373900000005	0.269700462899999993
5815390000	0.197325392900000007	0.267960584399999979
5815440000	0.200891421900000006	0.264679925500000024
5815490000	0.205453017200000004	0.259790236499999994
5815540000	0.207509512300000004	0.25927512060000002
5815590000	0.211970646699999987	0.256083123899999987
5815640000	0.215697126200000006	0.253799913499999974
5815690000	0.219911163900000012	0.25082758719999998
5815740000	0.223936020699999988	0.248530103000000002
5815790000	0.227829271700000002	0.246847742499999995
5815840000	0.228846799500000003	0.242733049099999987
5815890000	0.234101119699999999	0.237452018099999995
5815940000	0.235465360499999998	0.234103890799999992
5815990000	0.238179889899999997	0.231800964299999995
5816040000	0.244969194700000004	0.227767807699999991
5816090000	0.2478768425	0.228389386500000013
5816140000	0.249137531299999992	0.222184079899999998
5816190000	0.252926258000000015	0.219322125199999995
5816240000	0.256102384500000002	0.2155398657
5816290000	0.258014884800000011	0.211964819299999996
5816340000	0.259272076299999987	0.209255961399999996
5816390000	0.265491018000000023	0.208148962599999987
5816440000	0.266448714600000025	0.201448319099999995
5816490000	0.2698019901	0.198061988999999994
5816540000	0.272614550899999974	0.193916355900000004
5816590000	0.274675783700000009	0.191355850299999991
5816640000	0.276859170099999996	0.186461006000000012
5816690000	0.279108254200000017	0.185078818199999995
5816740000	0.282636810000000016	0.180318193399999993
5816790000	0.285475454199999978	0.175706741999999999
5816840000	0.286168864199999984	0.173251916400000011
5816890000	0.290754292000000025	0.170476023100000013
5816940000	0.292301835200000026	0.166146456899999989
5816990000	0.295805931199999983	0.161245167800000005
5817040000	0.2965663516	0.159389101700000008
5817090000	0.300316205599999997	0.154157810499999992
5817140000	0.300888819199999991	0.149124679199999999
5817190000	0.300743012500000018	0.14594500199999999
5817240000	0.304702611700000014	0.141907443999999994
5817290000	0.309096876999999992	0.138360370499999996
5817340000	0.30867434090000001	0.13450963660000001
5817390000	0.311768882600000019	0.129219704600000013
5817440000	0.31288770170000002	0.1247067179
5817490000	0.312706956599999975	0.120731004500000003
5817540000	0.316229930800000003	0.117404031000000006
5817590000	0.318051795400000004	0.113109810399999997
5817640000	0.318316570099999974	0.109464120499999998
5817690000	0.320785011100000017	0.104153245699999994
5817740000	0.320438458799999992	0.100146933899999999
5817790000	0.321719305999999983	0.0943288220000000066
5817840000	0.324133196000000012	0.0910311741999999952
5817890000	0.325951899900000008	0.0884452849999999985
5817940000	0.326165077899999989	0.0816875123999999952
5817990000	0.329730644799999972	0.0777274290000000007
5818040000	0.326206954599999988	0.0749777816999999958
5818090000	0.329574292300000016	0.0694308958000000032
5818140000	0.329867544899999976	0.0660130958000000045
5818190000	0.330213225399999977	0.0613834518999999967
5818240000	0.333807806099999993	0.0573771355000000025
5818290000	0.332914108599999981	0.0526833219999999977
5818340000	0.334052155100000026	0.0489461471999999981
5818390000	0.334681663600000012	0.0448027838000000025
5818440000	0.335777343999999978	0.038166826600000002
5818490000	0.334865834500000015	0.0334975761999999969
5818540000	0.33642579680000001	0.0323801754000000025
5818590000	0.337893507400000015	0.0268864203000000017
5818640000	0.337257984499999997	0.0228073674999999983
5818690000	0.336949997599999995	0.0178367068000000011
5818740000	0.337610637400000024	0.0126357273999999995
5818790000	0.336074556799999979	0.00952048640000000002
5818840000	0.33672586240000002	0.00483040130000000033
5818890000	0.337455429600000023	0.000659161600000000001
5818940000	0.337328105200000006	-0.00260134860000000006
5818990000	0.334269069099999983	-0.00972760530000000082
5819040000	0.33294475699999998	-0.0128697988999999999
5819090000	0.335086878799999988	-0.0185871992999999992
5819140000	0.337629481399999987	-0.0221839825000000011
5819190000	0.336883414699999995	-0.0251886761999999993
5819240000	0.334187678400000021	-0.0302705267999999993
5819290000	0.334696463399999977	-0.0343475082000000015
5819340000	0.332311089000000004	-0.0402678740000000021
5819390000	0.334627661099999973	-0.0452635721999999976
5819440000	0.332602985899999981	-0.0475273241999999985
5819490000	0.332939645100000015	-0.0523247589999999985
5819540000	0.332858917899999995	-0.056065837200000003
5819590000	0.331635069599999999	-0.0611130116000000029
5819640000	0.330793864699999995	-0.0653255880000000039
5819690000	0.328230509100000012	-0.0699332010000000004
5819740000	0.327343237499999995	-0.0739037480999999996
5819790000	0.326660603100000002	-0.0753454793999999983
5819840000	0.327076054900000024	-0.0824738319000000025
5819890000	0.325173210699999993	-0.0877006869999999994
5819940000	0.325715565400000018	-0.0907948160999999948
5819990000	0.323682460100000013	-0.0943944718000000044
5820040000	0.323251700400000008	-0.0986336971000000007
5820090000	0.319926427999999985	-0.104295960600000001
5820140000	0.318694104400000011	-0.107383311699999998
5820190000	0.316506946899999975	-0.111167433400000001
5820240000	0.31464827179999999	-0.116426189700000002
5820290000	0.315006911800000011	-0.120526249099999996
5820340000	0.312702077500000009	-0.124174305299999996
5820390000	0.311913771800000017	-0.127326516100000009
5820440000	0.308075951100000023	-0.133620908099999991
5820490000	0.307750673600000024	-0.136053194699999991
5820540000	0.30418428409999998	-0.141419941800000004
5820590000	0.304022965799999989	-0.144327250900000009
5820640000	0.301957805199999985	-0.148604995900000009
5820690000	0.299046538799999984	-0.153672386599999988
5820740000	0.296510067799999999	-0.155110129600000007
5820790000	0.298753385699999985	-0.161444959100000007
5820840000	0.293191297500000003	-0.164054456600000009
5820890000	0.293430674800000013	-0.166602859699999994
5820940000	0.288957396899999996	-0.169618198299999995
5820990000	0.286879533999999992	-0.172430623100000013
5821040000	0.285721286899999982	-0.178949984600000001
5821090000	0.283120915400000006	-0.181717237300000001
5821140000	0.278676974700000024	-0.183778987100000013
5821190000	0.27857498650000001	-0.187615639899999992
5821240000	0.27613002590000002	-0.193132365199999989
5821290000	0.271795045999999985	-0.196807228800000011
5821340000	0.26976243820000001	-0.2010113912
5821390000	0.266990689900000022	-0.204518301799999996
5821440000	0.265156747299999995	-0.204397327999999989
5821490000	0.261100675200000021	-0.211150245099999995
5821540000	0.257939679199999994	-0.214173020800000002
5821590000	0.254840774499999978	-0.217099921000000001
5821640000	0.253279073600000015	-0.220684908000000013
5821690000	0.248791998600000008	-0.22392867520000001
5821740000	0.247292001900000002	-0.226298331500000005
5821790000	0.245428954799999988	-0.230139121499999988
5821840000	0.23935451499999999	-0.233216615099999997
5821890000	0.2381136435	-0.238006563000000004
5821940000	0.234547590700000003	-0.239726888700000001
5821990000	0.233832672800000002	-0.243801214099999997
5822040000	0.229571595399999995	-0.24484848540000001
5822090000	0.2260481238	-0.246858907900000007
5822140000	0.221759201099999997	-0.24888736589999999
5822190000	0.220499647699999995	-0.253481473299999982
5822240000	0.215888908299999988	-0.254989800400000022
5822290000	0.212914915099999991	-0.262092235399999984
5822340000	0.211390537399999995	-0.260013396499999994
5822390000	0.205992627000000011	-0.26296216859999999
5822440000	0.20023450109999999	-0.267122309599999996
5822490000	0.19816267500000001	-0.270101988700000017
5822540000	0.194897418900000008	-0.271718175800000017
5822590000	0.189961467500000009	-0.274421136700000012
5822640000	0.1881368182	-0.277592714500000004
5822690000	0.184829516199999988	-0.277929048800000023
5822740000	0.180222125000000011	-0.282367352100000024
5822790000	0.175800135400000002	-0.284704862800000014
5822840000	0.173935558399999995	-0.286259261499999973
5822890000	0.170796467199999996	-0.287285585600000004
5822940000	0.163411756999999991	-0.292582479499999992
5822990000	0.162633904299999993	-0.291713398199999974
5823040000	0.155980790000000008	-0.294721009799999989
5823090000	0.152377401800000006	-0.29571608399999999
5823140000	0.151172506900000003	-0.298653810399999997
5823190000	0.145951738599999992	-0.299131146800000025
5823240000	0.142218405399999998	-0.303981731799999988
5823290000	0.138350356600000002	-0.305836600199999975
5823340000	0.133015485699999991	-0.305807403199999994
5823390000	0.130023838000000003	-0.3081542055
5823440000	0.126156519800000005	-0.309490105999999987
5823490000	0.123412399000000006	-0.308854179200000023
5823540000	0.117407891200000003	-0.312488424900000006
5823590000	0.114473752299999995	-0.312801890500000013
5823640000	0.111341973999999996	-0.313170060199999989
5823690000	0.107841320800000001	-0.315988944800000005
5823740000	0.099925828199999997	-0.319504520700000016
5823790000	0.0981796684999999975	-0.319986151300000021
5823840000	0.0937290122000000031	-0.320124002500000004
5823890000	0.0886833303999999961	-0.322832890799999994
5823940000	0.087290364199999998	-0.320010537900000003
5823990000	0.0818855306000000061	-0.322907880500000022
5824040000	0.0761348750000000046	-0.325452449199999994
5824090000	0.0728928744000000017	-0.323860968400000004
5824140000	0.0691672774000000046	-0.3248466941
5824190000	0.0636698785999999933	-0.326993153699999983
5824240000	0.0617796632000000012	-0.326286391399999987
5824290000	0.0572936177000000005	-0.329792149699999981
5824340000	0.0513472139000000008	-0.327505626599999988
5824390000	0.0477706873999999976	-0.328638156999999986
5824440000	0.0446914658999999978	-0.329282624199999985
5824490000	0.0395758579999999985	-0.328892664800000012
5824540000	0.0361214559000000018	-0.333112060900000007
5824590000	0.0293253685999999986	-0.329682735100000013
5824640000	0.0264769164000000015	-0.331274017400000009
5824690000	0.0232203207000000016	-0.330390174799999992
5824740000	0.0168738590000000015	-0.330973323099999994
5824790000	0.0143945740000000003	-0.333175176600000011
5824840000	0.00831120410000000046	-0.331689633799999994
5824890000	0.00538820730000000043	-0.332560475600000016
5824940000	0.00088747040000000004	-0.329590824000000004
5824990000	-0.00498857050000000007	-0.331037185499999997
5825040000	-0.00860827200000000015	-0.331031371100000027
5825090000	-0.0111500290000000005	-0.331758060000000021
5825140000	-0.0144086443000000005	-0.330840590800000001
5825190000	-0.0212518619999999998	-0.32983230819999998
5825240000	-0.0235120620000000002	-0.330338064699999989
5825290000	-0.0302362325000000015	-0.327774765600000018
5825340000	-0.0326961358999999993	-0.328272572900000004
5825390000	-0.0383111458000000016	-0.330387340099999982
5825440000	-0.0421991686999999976	-0.327193287300000024
5825490000	-0.0466812404999999986	-0.328698654899999998
5825540000	-0.0501543930999999998	-0.327832347099999977
5825590000	-0.0544096359999999973	-0.327875958500000009
5825640000	-0.0588344508000000002	-0.32664872020000002
5825690000	-0.0629876495000000064	-0.324266294700000013
5825740000	-0.0656247055999999995	-0.322320816999999982
5825790000	-0.0729946129999999999	-0.322590125000000005
5825840000	-0.0738971243000000055	-0.323096166899999981
5825890000	-0.0780282463000000065	-0.319364374000000006
5825940000	-0.083401720400000004	-0.32029460609999999
5825990000	-0.087232493499999994	-0.318418815399999999
5826040000	-0.0914582075999999938	-0.318755775500000005
5826090000	-0.0971827078999999983	-0.31704269060000001
5826140000	-0.100746876900000004	-0.313460767500000015
5826190000	-0.102725895900000003	-0.310782265800000013
5826240000	-0.10719629	-0.313312602499999981
5826290000	-0.110674135000000007	-0.311986719600000018
5826340000	-0.1146018377	-0.305751488399999993
5826390000	-0.121107593599999994	-0.30637038430000002
5826440000	-0.122600549899999994	-0.304802211499999975
5826490000	-0.126280157700000006	-0.301626361000000009
5826540000	-0.129966684500000013	-0.301006352300000002
5826590000	-0.134511239599999999	-0.300491329699999976
5826640000	-0.138945932200000011	-0.299494236700000027
5826690000	-0.144356324799999991	-0.295712430299999995
5826740000	-0.146074407999999989	-0.293966297900000006
5826790000	-0.150340014500000008	-0.291840835899999984
5826840000	-0.153447135099999993	-0.288321579100000003
5826890000	-0.156539171499999991	-0.288068924900000023
5826940000	-0.160852490200000003	-0.285589892299999981
5826990000	-0.165024797100000009	-0.284097500700000005
5827040000	-0.168074060999999997	-0.280482273700000007
5827090000	-0.17251857109999999	-0.28030313870000001
5827140000	-0.175499790300000014	-0.277199562999999982
5827190000	-0.178446280000000013	-0.274748535399999994
5827240000	-0.180294609900000014	-0.2737093102
5827290000	-0.186804499000000013	-0.270063386700000019
5827340000	-0.190010740600000005	-0.266076035599999983
5827390000	-0.195155433900000008	-0.262076684299999974
5827440000	-0.195252973400000002	-0.262679120799999999
5827490000	-0.196671774399999999	-0.260379802400000027
5827540000	-0.202553596899999994	-0.257460012899999979
5827590000	-0.203690321000000008	-0.254682886900000016
5827640000	-0.208837631200000012	-0.250852637499999975
5827690000	-0.21096314129999999	-0.248726879799999995
5827740000	-0.216506268700000004	-0.247226681300000001
5827790000	-0.218670614099999994	-0.242208805999999999
5827840000	-0.220462500799999989	-0.239524823999999997
5827890000	-0.225068623299999993	-0.235594783800000013
5827940000	-0.226950706800000013	-0.234655011200000013
5827990000	-0.228637889900000002	-0.23169551699999999
5828040000	-0.23358674430000001	-0.227419650400000006
5828090000	-0.238677476299999997	-0.224224575499999995
5828140000	-0.237163774800000005	-0.222096282099999986
5828190000	-0.240945749099999995	-0.217834690299999995
5828240000	-0.24308121869999999	-0.215492086999999999
5828290000	-0.247409982499999986	-0.214032000899999991
5828340000	-0.251174900300000004	-0.208109346400000006
5828390000	-0.249537850300000003	-0.206899740100000007
5828440000	-0.255136666999999984	-0.20240331210000001
5828490000	-0.255834178899999987	-0.197865945200000004
5828540000	-0.258296100699999975	-0.195055037200000003
5828590000	-0.262442159600000002	-0.190354248899999995
5828640000	-0.263729744900000007	-0.188043076499999989
5828690000	-0.266666695100000017	-0.188100163399999992
5828740000	-0.265887306099999998	-0.181872520300000007
5828790000	-0.271334152900000014	-0.176460297900000007
5828840000	-0.273131644000000007	-0.172913997900000005
5828890000	-0.273486643699999976	-0.172820564199999999
5828940000	-0.275696053900000015	-0.167001407699999993
5828990000	-0.279136438599999981	-0.16596926649999999
5829040000	-0.281890154599999998	-0.16052269059999999
5829090000	-0.282218643499999977	-0.156886891599999995
5829140000	-0.285199315800000019	-0.154101338799999987
5829190000	-0.287557371900000025	-0.150799243899999991
5829240000	-0.28761589780000002	-0.146393708300000008
5829290000	-0.29012952409999998	-0.141616661599999999
5829340000	-0.292035365599999985	-0.136357138900000008
5829390000	-0.293289254100000008	-0.136263691399999998
5829440000	-0.293244806899999988	-0.130258072700000005
5829490000	-0.295295561400000017	-0.125121585499999993
5829540000	-0.298970765799999982	-0.123135409200000004
5829590000	-0.298021578100000017	-0.120341424099999997
5829640000	-0.301770737700000014	-0.115961874100000001
5829690000	-0.300828788999999985	-0.110757944299999994
5829740000	-0.301937674599999983	-0.107126598500000003
5829790000	-0.304619575300000001	-0.104773209899999997
5829840000	-0.306302752499999997	-0.099844762099999998
5829890000	-0.309454445099999975	-0.0945408239000000011
5829940000	-0.307479814000000018	-0.0906521722000000058
5829990000	-0.310075643299999981	-0.0892317348999999982
5830040000	-0.311609178599999981	-0.084328563499999995
5830090000	-0.310606997699999998	-0.079218456399999998
5830140000	-0.311577934300000026	-0.0782331448000000013
5830190000	-0.312257058899999995	-0.0726029064999999946
5830240000	-0.315445852000000027	-0.0683319327999999948
5830290000	-0.313427248900000011	-0.0643344936000000006
5830340000	-0.315637629699999978	-0.059560937500000001
5830390000	-0.315772314300000023	-0.055309156800000002
5830440000	-0.316145804400000008	-0.0521547748999999991
5830490000	-0.316569488499999996	-0.0479352300999999967
5830540000	-0.314971047299999973	-0.0456137723000000009
5830590000	-0.316507807899999993	-0.0385070579999999968
5830640000	-0.317134473899999991	-0.0363185815000000023
5830690000	-0.317195389400000027	-0.0302865166999999984
5830740000	-0.320064312799999973	-0.0267096718000000011
5830790000	-0.317801267200000015	-0.0203705139000000014
5830840000	-0.318470198199999999	-0.0213770149000000013
5830890000	-0.318455897799999998	-0.0162093204000000012
5830940000	-0.318710753999999985	-0.0122761373999999996
5830990000	-0.318324601799999995	-0.00639525259999999991
5831040000	-0.317384076299999984	-0.00173193619999999996
5831090000	-0.318657689199999983	0.00121249019999999995
5831140000	-0.318858414599999973	0.00591057599999999985
5831190000	-0.317296522000000025	0.0102512546000000006
5831240000	-0.318240843200000012	0.0152114647999999995
5831290000	-0.318312963599999998	0.0185810869999999996
5831340000	-0.317180157500000004	0.0211158118999999998
5831390000	-0.317650919400000009	0.0279515681000000009
5831440000	-0.317445318300000001	0.0289690642999999998
5831490000	-0.317728043700000018	0.0331150847999999998
5831540000	-0.314570428199999974	0.0364085476000000005
5831590000	-0.315976644899999992	0.0401038266999999976
5831640000	-0.314463427299999987	0.0455097803999999981
5831690000	-0.311718819799999991	0.0506305512999999999
5831740000	-0.314590565599999983	0.0537770449000000011
5831790000	-0.313962738000000019	0.0551155618999999986
5831840000	-0.308810140000000011	0.0628898212000000012
5831890000	-0.310028844699999973	0.0664013994000000052
5831940000	-0.308818461200000005	0.0701623462000000031
5831990000	-0.307450613400000017	0.0735685715999999934
5832040000	-0.306747915400000015	0.0773912167999999956
5832090000	-0.306304187900000024	0.0808044583000000066
5832140000	-0.303041006800000012	0.0851982196999999941
5832190000	-0.305341019200000008	0.0890798847000000005
5832240000	-0.303243153200000004	0.0921264811000000045
5832290000	-0.301161424600000005	0.0949725591000000063
5832340000	-0.30040068419999999	0.101605533999999997
5832390000	-0.297434639200000017	0.102429229699999999
5832440000	-0.296144675799999979	0.106688672799999995
5832490000	-0.297004682299999989	0.110772372899999999
5832540000	-0.295270124999999994	0.114157692899999996
5832590000	-0.29241273080000002	0.118292850000000005
5832640000	-0.290865459400000026	0.120510703699999999
5832690000	-0.287582937300000008	0.124459236900000006
5832740000	-0.287880222700000021	0.128218463899999996
5832790000	-0.286254350300000016	0.132410414199999993
5832840000	-0.283818144599999989	0.136327989499999996
5832890000	-0.283228232799999979	0.140844902100000002
5832940000	-0.279306016499999976	0.14198524609999999
5832990000	-0.278437543600000004	0.146993688399999989
5833040000	-0.276529923800000021	0.15037162770000001
5833090000	-0.273732704300000018	0.154975447099999997
5833140000	-0.270823525399999987	0.1581541588
5833190000	-0.272176700400000027	0.159932332099999991
5833240000	-0.266614099900000012	0.163495469899999996
5833290000	-0.26466895159999998	0.168042307499999988
5833340000	-0.263927746799999974	0.168740285800000001
5833390000	-0.261039445599999975	0.171231312800000007
5833440000	-0.256556305699999987	0.1770641768
5833490000	-0.257239859899999979	0.179464899900000002
5833540000	-0.253367176000000027	0.182910264699999991
5833590000	-0.251096193600000017	0.187585175699999995
5833640000	-0.249852797300000012	0.189402277499999994
5833690000	-0.245385528399999997	0.191571321200000005
5833740000	-0.2428727829	0.196218627400000012
5833790000	-0.23927364109999999	0.197700140299999993
5833840000	-0.237526440300000002	0.201063940599999991
5833890000	-0.237181096000000008	0.202941468900000005
5833940000	-0.230286128000000007	0.206656794199999994
5833990000	-0.230377050700000002	0.208471846099999997
5834040000	-0.22659134689999999	0.212197618700000007
5834090000	-0.224762760899999997	0.213460626999999986
5834140000	-0.222048077700000013	0.217673974599999986
5834190000	-0.221776603699999991	0.221349329700000014
5834240000	-0.214975021099999997	0.224530965999999998
5834290000	-0.21096228580000001	0.2267850384
5834340000	-0.211533510600000002	0.229626980499999994
5834390000	-0.20772930249999999	0.232621961399999994
5834440000	-0.202339195599999994	0.233267677000000007
5834490000	-0.201850276699999998	0.235658955799999986
5834540000	-0.198017183900000004	0.239452393900000005
5834590000	-0.192409741699999998	0.239927857900000013
5834640000	-0.188899500299999995	0.244915217600000013
5834690000	-0.187239020700000008	0.24514217029999999
5834740000	-0.184270077899999996	0.2479659585
5834790000	-0.182497934100000009	0.2501017559
5834840000	-0.178358325000000012	0.25041202899999998
5834890000	-0.176151147000000008	0.253289440199999993
5834940000	-0.171992014400000004	0.256844129300000001
5834990000	-0.168906066500000007	0.257349652699999987
5835040000	-0.165701182800000013	0.259206660300000002
5835090000	-0.162368167199999996	0.262506964499999995
5835140000	-0.159464460800000013	0.263262745500000006
5835190000	-0.156423862699999999	0.267093889899999992
5835240000	-0.151460508399999999	0.266003770699999975
5835290000	-0.146882471699999989	0.270425693000000023
5835340000	-0.144668597499999996	0.269326694600000027
5835390000	-0.139977542700000013	0.271856852599999976
5835440000	-0.137390965899999995	0.274417392599999976
5835490000	-0.133211503199999998	0.277415032299999975
5835540000	-0.132252502999999993	0.277780129799999997
5835590000	-0.129183723100000009	0.278641389700000019
5835640000	-0.123988616600000004	0.279382695100000022
5835690000	-0.119588024900000006	0.283061369399999985
5835740000	-0.113838650299999997	0.281618590499999988
5835790000	-0.114544487099999995	0.286670080900000013
5835840000	-0.110302298199999996	0.285444088099999993
5835890000	-0.105537986799999997	0.287546443400000018
5835940000	-0.102587694899999998	0.289010080800000013
5835990000	-0.0985251057999999985	0.289915285500000008
5836040000	-0.0936271719000000002	0.290485177699999986
5836090000	-0.0910519570000000028	0.292474912500000017
5836140000	-0.0879396910999999948	0.292897627599999988
5836190000	-0.0839308111999999967	0.295007272799999998
5836240000	-0.0800892591999999987	0.293825879600000006
5836290000	-0.0757426999000000017	0.296231949800000005
5836340000	-0.0710320698	0.29607609159999998
5836390000	-0.070464617199999996	0.295447930199999986
5836440000	-0.0636395381000000038	0.297223986200000012
5836490000	-0.061258405600000003	0.298608375799999992
5836540000	-0.056641946999999998	0.299070896500000016
5836590000	-0.0527953973999999993	0.299579063599999973
5836640000	-0.0493391190000000007	0.299321649700000025
5836690000	-0.0460975798999999978	0.301299141499999978
5836740000	-0.0429709995999999969	0.301315451499999998
5836790000	-0.0366191130000000017	0.301545348200000007
5836840000	-0.0332174699999999989	0.30131487509999999
5836890000	-0.0302525158999999988	0.303810105800000008
5836940000	-0.0262205541000000014	0.301827030399999974
5836990000	-0.020948506799999999	0.301033947000000024
5837040000	-0.017889177400000001	0.302907183700000027
5837090000	-0.0132194118000000006	0.302430953999999974
5837140000	-0.0128002216999999995	0.302096971300000017
5837190000	-0.00714634099999999963	0.303922699799999974
5837240000	-0.00504598769999999985	0.304021928300000022
5837290000	-0.000731323200000000046	0.304868618699999983
5837340000	0.00376993600000000021	0.302115903899999982
5837390000	0.00565153860000000043	0.301649059300000022
5837440000	0.00970108150000000002	0.300288949699999974
