# freq, I e Q
5247100000	0.256638448500000005	0.0249896551999999987
5247120000	0.253642947499999993	0.0234052985000000012
5247140000	0.254453571099999998	0.0212996477000000003
5247160000	0.253711225300000009	0.017674536099999999
5247180000	0.254188006999999994	0.0204577149
5247200000	0.255615289199999984	0.0140837991000000006
5247220000	0.255819960999999985	0.0136632459000000008
5247240000	0.252638071299999989	0.0116767425000000001
5247260000	0.252977593999999972	0.0109890521000000005
5247280000	0.254140005200000019	0.0103071807999999994
5247300000	0.254360425100000009	0.0097956595999999993
5247320000	0.254420422099999988	0.00376379810000000009
5247340000	0.257988738200000012	0.00153840040000000002
5247360000	0.251865363100000017	0.00174421160000000006
5247380000	0.255502942499999997	0.00291037019999999987
5247400000	0.252601524299999991	0.00448387520000000008
5247420000	0.257850853300000016	-0.000642140499999999982
5247440000	0.257226916899999991	0.00155464920000000003
5247460000	0.255240433200000005	-0.000827168200000000047
5247480000	0.254548060500000006	-0.00427422619999999996
5247500000	0.256095308600000016	-0.00708576710000000023
5247520000	0.255680842700000022	-0.00672955719999999979
5247540000	0.252594748799999991	-0.00761910899999999978
5247560000	0.2551400432	-0.0118563567000000009
5247580000	0.25587666710000001	-0.0117036452999999992
5247600000	0.250334442900000009	-0.0146710554000000007
5247620000	0.2541143924	-0.0102557384000000005
5247640000	0.252564597999999974	-0.0143492580999999998
5247660000	0.254811311900000004	-0.0197395419999999988
5247680000	0.256217949800000011	-0.0175226378999999988
5247700000	0.257705308700000024	-0.0177346980000000001
5247720000	0.255217403299999979	-0.0206443662
5247740000	0.255462428299999988	-0.0208891561000000003
5247760000	0.254376750099999993	-0.0224266725000000014
5247780000	0.252500561600000006	-0.0210730283000000011
5247800000	0.254116856800000013	-0.0214745951999999983
5247820000	0.252117440799999981	-0.0261103209999999988
5247840000	0.252375400400000005	-0.0264797155999999985
5247860000	0.251116759999999994	-0.0289602439999999996
5247880000	0.253799105199999986	-0.0305488605000000003
5247900000	0.253108107799999982	-0.0281415827999999986
5247920000	0.250110960499999979	-0.0292176339000000014
5247940000	0.251451607700000024	-0.0315324328999999973
5247960000	0.251363823400000019	-0.0338615422999999985
5247980000	0.247879767899999992	-0.0343529264999999986
5248000000	0.250395856999999999	-0.036619475700000001
5248020000	0.249022383799999997	-0.0384035939999999992
5248040000	0.251214680799999979	-0.0399546342999999998
5248060000	0.248663802999999989	-0.0413411199000000007
5248080000	0.248201187200000006	-0.0422207799999999994
5248100000	0.249161969000000011	-0.0456250509999999998
5248120000	0.250526452499999996	-0.045816506299999997
5248140000	0.25127857269999998	-0.0485724875999999986
5248160000	0.249511234299999995	-0.0484178440000000015
5248180000	0.249196232999999989	-0.0505568680999999992
5248200000	0.250068121600000026	-0.0497137023000000025
5248220000	0.251143738299999975	-0.0513188933000000014
5248240000	0.246305984499999991	-0.0516185106000000005
5248260000	0.247796324000000012	-0.0553810164999999979
5248280000	0.251429137899999988	-0.0560125446999999999
5248300000	0.249724003999999999	-0.0576047380999999969
5248320000	0.248572827100000004	-0.0574641952999999997
5248340000	0.246752690200000013	-0.0609488363000000033
5248360000	0.245636268699999993	-0.0621331545000000027
5248380000	0.242697385399999993	-0.0637591098999999994
5248400000	0.247824722999999997	-0.0641832452999999969
5248420000	0.250683133700000005	-0.0617908131000000013
5248440000	0.244551113300000011	-0.0652485871000000051
5248460000	0.246244372200000006	-0.064510672000000005
5248480000	0.24445345839999999	-0.0689065717000000022
5248500000	0.247381692399999992	-0.0733224214000000041
5248520000	0.245828671199999987	-0.0734643336000000008
5248540000	0.242790573399999987	-0.0759500377999999948
5248560000	0.243475501700000013	-0.0732189667999999932
5248580000	0.240343747400000002	-0.0772218954000000041
5248600000	0.240093917399999995	-0.0742693512
5248620000	0.241862555899999998	-0.0798044792999999947
5248640000	0.242314872300000012	-0.0822895346000000055
5248660000	0.238631019100000008	-0.0847112178000000021
5248680000	0.238000121199999998	-0.0804838291999999955
5248700000	0.240580610499999986	-0.0824231908000000041
5248720000	0.238144759600000006	-0.0837729930000000039
5248740000	0.244442585900000009	-0.0819385138000000013
5248760000	0.236524748300000004	-0.0838011008999999946
5248780000	0.238523397899999989	-0.0876724321000000029
5248800000	0.234885679399999991	-0.0857751290999999999
5248820000	0.237323645700000002	-0.087442809199999999
5248840000	0.2392378114	-0.087193538000000001
5248860000	0.236406882699999987	-0.0904800563000000002
5248880000	0.238623566700000012	-0.0894063258999999999
5248900000	0.233733137300000005	-0.0924699105000000021
5248920000	0.233797931099999995	-0.0937653083000000026
5248940000	0.234667965499999992	-0.0978327601999999935
5248960000	0.233281484099999992	-0.0973337717000000019
5248980000	0.231773933200000004	-0.0971639812999999936
5249000000	0.233434204799999989	-0.1008394648
5249020000	0.228201153299999987	-0.103873021499999996
5249040000	0.227426653199999995	-0.103307453399999999
5249060000	0.230721260399999989	-0.106179760900000003
5249080000	0.230128168299999991	-0.104969723400000006
5249100000	0.230320796900000013	-0.107652499499999998
5249120000	0.230685506000000012	-0.103898664099999996
5249140000	0.227213296199999998	-0.110216309700000001
5249160000	0.225456586900000006	-0.110669000300000001
5249180000	0.225976551400000003	-0.109970452999999996
5249200000	0.229570135799999991	-0.110753944300000004
5249220000	0.226548189499999997	-0.115379383099999996
5249240000	0.223483983899999988	-0.111169730999999994
5249260000	0.22307467889999999	-0.118358627199999997
5249280000	0.221585295399999993	-0.115234811300000003
5249300000	0.226715700699999995	-0.118952557400000006
5249320000	0.224272543500000004	-0.119172729300000002
5249340000	0.223319725800000007	-0.117607680199999995
5249360000	0.2236756097	-0.121746800200000005
5249380000	0.221780962100000006	-0.1225523169
5249400000	0.220611545100000001	-0.126365589599999995
5249420000	0.220336243500000001	-0.125042891500000003
5249440000	0.218186181899999998	-0.1268524288
5249460000	0.221169162100000011	-0.125524642299999989
5249480000	0.219565392400000003	-0.130158329200000006
5249500000	0.215724789700000003	-0.124632778
5249520000	0.214668484900000012	-0.1316834063
5249540000	0.215961655599999997	-0.131791557199999992
5249560000	0.217179266799999993	-0.129225385100000006
5249580000	0.212818884399999991	-0.132875032000000004
5249600000	0.21220834890000001	-0.136830227100000007
5249620000	0.216403682000000014	-0.132863568900000006
5249640000	0.211585044599999994	-0.13297284849999999
5249660000	0.211667069099999994	-0.138624693699999996
5249680000	0.210196811799999994	-0.139994342500000007
5249700000	0.211220039199999987	-0.14322995890000001
5249720000	0.210506902500000009	-0.14044733940000001
5249740000	0.212588601300000013	-0.139804162600000004
5249760000	0.209300083500000011	-0.141860684999999986
5249780000	0.209719052200000006	-0.145038712399999992
5249800000	0.209729769499999996	-0.145297113799999988
5249820000	0.207448758700000013	-0.148024616100000006
5249840000	0.209636144699999999	-0.148034798899999986
5249860000	0.204104595299999997	-0.148859811199999997
5249880000	0.201753587499999998	-0.151250112500000006
5249900000	0.201218034500000004	-0.149870422700000006
5249920000	0.199316469200000013	-0.151461894000000014
5249940000	0.20078700699999999	-0.151562331599999989
5249960000	0.20171801889999999	-0.154735025299999995
5249980000	0.196150636500000003	-0.151814826000000014
5250000000	0.200354407499999998	-0.152979164299999998
5250020000	0.197752938399999995	-0.156860427200000013
5250040000	0.199613560500000009	-0.15541874750000001
5250060000	0.199723744000000009	-0.158412195799999989
5250080000	0.196821347600000002	-0.1540059171
5250100000	0.195026439800000007	-0.159515962600000005
5250120000	0.193175748099999989	-0.161601063099999998
5250140000	0.192493317599999991	-0.160869332700000006
5250160000	0.192132039100000013	-0.16455908729999999
5250180000	0.188806715799999997	-0.164368176899999996
5250200000	0.196464744899999988	-0.164509150200000009
5250220000	0.187345824399999999	-0.167280734600000008
5250240000	0.188743588999999989	-0.169082575499999999
5250260000	0.191004810999999997	-0.167656541599999986
5250280000	0.187366883399999989	-0.170597138700000012
5250300000	0.182388075499999996	-0.170498802700000007
5250320000	0.18242748419999999	-0.17161143940000001
5250340000	0.182088675899999997	-0.169734538699999993
5250360000	0.185393550699999993	-0.173001726500000008
5250380000	0.182435775200000011	-0.176624239999999988
5250400000	0.178703118100000002	-0.174740588800000013
5250420000	0.179167093899999991	-0.173988265100000011
5250440000	0.180278949299999991	-0.176883763500000013
5250460000	0.17907797889999999	-0.177479114500000007
5250480000	0.181015137100000001	-0.180701242399999989
5250500000	0.176119837499999987	-0.179017726200000005
5250520000	0.176252747999999987	-0.1811712194
5250540000	0.17522982279999999	-0.185214771599999994
5250560000	0.176878399999999991	-0.179639639999999989
5250580000	0.172382581899999998	-0.181633739200000005
5250600000	0.169796217599999993	-0.185371669099999997
5250620000	0.174170008799999998	-0.184989517999999992
5250640000	0.166940715600000011	-0.187479652699999999
5250660000	0.16992811029999999	-0.187214962799999995
5250680000	0.168784785399999998	-0.186286156899999999
5250700000	0.166175773400000004	-0.187847314099999996
5250720000	0.167312716800000011	-0.190478968100000007
5250740000	0.166209107500000008	-0.187068929200000011
5250760000	0.163131282500000002	-0.192197686499999992
5250780000	0.164422825500000008	-0.191930598600000002
5250800000	0.162133815300000012	-0.191966854399999998
5250820000	0.16159058409999999	-0.189777593999999994
5250840000	0.162026040499999996	-0.19484529619999999
5250860000	0.160428048900000009	-0.196388215199999994
5250880000	0.156633427299999989	-0.198676152500000008
5250900000	0.1587289224	-0.202061014099999992
5250920000	0.15665660910000001	-0.196657976099999993
5250940000	0.157411301100000012	-0.19849637819999999
5250960000	0.158090413600000007	-0.193903425800000001
5250980000	0.152789487400000007	-0.195406448099999991
5251000000	0.152619743000000002	-0.201300794300000002
5251020000	0.149834160200000011	-0.19878667659999999
5251040000	0.152264935099999998	-0.201575422599999998
5251060000	0.149822061899999998	-0.199317268699999994
5251080000	0.148024856099999991	-0.205516050700000008
5251100000	0.143695669299999995	-0.206409630799999994
5251120000	0.148713404500000007	-0.202564188099999987
5251140000	0.150737127599999993	-0.203962106700000007
5251160000	0.145097292399999994	-0.204174169699999991
5251180000	0.146092608699999987	-0.209579520500000005
5251200000	0.140782263099999999	-0.208896861099999998
5251220000	0.143516889700000011	-0.205097946799999986
5251240000	0.141921354700000002	-0.2110108973
5251260000	0.137025942499999998	-0.209908754700000005
5251280000	0.138657361099999987	-0.213486038900000008
5251300000	0.14032695240000001	-0.209729631500000013
5251320000	0.134058940500000001	-0.213770248400000001
5251340000	0.133737927899999998	-0.210507893899999993
5251360000	0.134344003200000006	-0.215919737299999998
5251380000	0.134930538799999999	-0.212273350299999997
5251400000	0.133206987599999993	-0.212100652299999998
5251420000	0.125409893599999989	-0.213443388499999998
5251440000	0.125217832499999987	-0.213872994499999997
5251460000	0.128609973300000013	-0.217889222599999988
5251480000	0.125536014299999998	-0.21437428959999999
5251500000	0.122756684099999999	-0.215179975999999995
5251520000	0.124234583199999998	-0.217399487100000011
5251540000	0.119967068800000007	-0.218958784600000012
5251560000	0.119877131499999998	-0.221846991900000012
5251580000	0.121064307299999993	-0.216865693999999998
5251600000	0.118522351799999995	-0.219639314499999988
5251620000	0.122339694700000001	-0.224474955199999993
5251640000	0.120165598400000004	-0.220705171400000011
5251660000	0.116755245499999993	-0.220707446599999996
5251680000	0.114217917299999999	-0.225098303400000005
5251700000	0.109084823400000003	-0.220428851399999987
5251720000	0.110657322399999994	-0.221369165499999992
5251740000	0.109268376900000005	-0.224554709399999997
5251760000	0.107481461400000006	-0.225539205100000001
5251780000	0.111299676900000005	-0.227175011799999993
5251800000	0.107891615699999999	-0.226424435499999993
5251820000	0.110414373499999996	-0.226689520700000008
5251840000	0.107472211499999998	-0.229021304399999986
5251860000	0.102636812399999999	-0.2262162442
5251880000	0.102156999900000003	-0.230683228600000012
5251900000	0.101598475199999996	-0.233740793700000005
5251920000	0.0986435679000000065	-0.226812108699999987
5251940000	0.099800615499999995	-0.231126494799999999
5251960000	0.0979656973000000014	-0.230687602299999989
5251980000	0.100918553800000005	-0.231351140700000013
5252000000	0.0960162361999999936	-0.230295264400000005
5252020000	0.0906049953999999991	-0.232379179299999988
5252040000	0.0920458802999999937	-0.231929295600000002
5252060000	0.0946548856999999966	-0.231746466099999993
5252080000	0.0947182725000000059	-0.236267438200000013
5252100000	0.0891449591000000041	-0.235110649599999999
5252120000	0.0894206342999999959	-0.231610192100000001
5252140000	0.0916461828000000034	-0.233505879500000013
5252160000	0.0879490856000000043	-0.233689340800000006
5252180000	0.0866674285999999988	-0.236935322799999987
5252200000	0.0848387637	-0.235721396400000005
5252220000	0.0833038502999999958	-0.2367035002
5252240000	0.0829153195999999953	-0.235909879399999994
5252260000	0.0816200349999999936	-0.235250711499999987
5252280000	0.0810162804999999958	-0.233180324200000011
5252300000	0.0810833574999999945	-0.242004699500000003
5252320000	0.0775945551000000039	-0.237836512199999989
5252340000	0.0809893534000000054	-0.238387003600000008
5252360000	0.0815243197999999947	-0.236591096100000009
5252380000	0.0752150538000000007	-0.238399981099999991
5252400000	0.0747032697000000051	-0.237598519000000008
5252420000	0.0745447352000000035	-0.239358624900000011
5252440000	0.0707419935999999971	-0.238379610800000002
5252460000	0.0682452179999999964	-0.242295991699999991
5252480000	0.0661360203999999952	-0.241554020300000005
5252500000	0.0719699904999999973	-0.240445697600000008
5252520000	0.066491593700000004	-0.239871658300000012
5252540000	0.0663176718999999998	-0.244663102800000004
5252560000	0.062523179799999995	-0.241596406900000005
5252580000	0.0642864199999999969	-0.243333572100000006
5252600000	0.0606940991000000027	-0.242615201199999991
5252620000	0.0593612468999999976	-0.241750990299999996
5252640000	0.0570205110000000029	-0.243994995399999998
5252660000	0.0576336151000000005	-0.240859077899999996
5252680000	0.0550352157000000008	-0.242389318200000009
5252700000	0.0570292104999999966	-0.24623569649999999
5252720000	0.0516157541000000011	-0.244686410900000012
5252740000	0.0554999726000000027	-0.24211652689999999
5252760000	0.0496994795999999989	-0.246477294399999991
5252780000	0.0506044807999999971	-0.245476084099999992
5252800000	0.0502953199000000031	-0.247891115400000001
5252820000	0.0492550158999999974	-0.244401787600000003
5252840000	0.046092928499999998	-0.248972057400000002
5252860000	0.0443542617000000014	-0.244817417199999998
5252880000	0.0447328753999999967	-0.2479019576
5252900000	0.0456586958000000029	-0.24712546660000001
5252920000	0.0389219203000000027	-0.243388213699999995
5252940000	0.0419371520999999997	-0.245488576900000005
5252960000	0.0376738225999999968	-0.245883617700000001
5252980000	0.0362931446000000005	-0.247667276500000005
5253000000	0.0332976540000000029	-0.247016668800000005
5253020000	0.0349535647000000019	-0.249491846699999992
5253040000	0.0317999622999999981	-0.246382687500000003
5253060000	0.0308544486999999985	-0.246930347800000005
5253080000	0.033530204000000001	-0.248950276899999989
5253100000	0.0285343711999999985	-0.251701488600000023
5253120000	0.0257282053000000011	-0.249062218700000004
5253140000	0.0254055166000000006	-0.247892260000000003
5253160000	0.0231391607999999992	-0.251871050900000004
5253180000	0.0216935153000000006	-0.247634959999999987
5253200000	0.0248926650000000013	-0.250471155399999978
5253220000	0.0221049634000000002	-0.249511957400000012
5253240000	0.0182717529000000004	-0.246896850299999998
5253260000	0.0208648830999999986	-0.247401211199999999
5253280000	0.017761805700000001	-0.250331633100000006
5253300000	0.0165323112000000001	-0.245664105900000013
5253320000	0.0147222399999999993	-0.244006918399999995
5253340000	0.0108968660999999994	-0.248323065199999998
5253360000	0.0126282368999999992	-0.247788076400000001
5253380000	0.0110228932999999994	-0.248506746400000006
5253400000	0.00879431630000000047	-0.246858367699999998
5253420000	0.0110823501000000008	-0.248542995399999994
5253440000	0.00581868380000000011	-0.252016735599999986
5253460000	0.00795359349999999986	-0.249682521600000012
5253480000	0.00681117899999999967	-0.249718313299999994
5253500000	0.00259299399999999994	-0.248537279800000011
5253520000	-0.00260018900000000015	-0.250017114400000018
5253540000	-0.00138082789999999993	-0.250454831400000022
5253560000	0.00261099839999999993	-0.247983488199999991
5253580000	-0.00531619370000000011	-0.25027745400000001
5253600000	0.000324456700000000007	-0.251739038299999995
5253620000	-0.00564096989999999989	-0.250332285599999982
5253640000	-0.00690449899999999971	-0.250259372099999988
5253660000	-0.00405334840000000016	-0.248467926300000003
5253680000	-0.00975522520000000025	-0.247900209700000013
5253700000	-0.0125368986000000005	-0.247885292400000012
5253720000	-0.0115549387999999992	-0.250067804900000024
5253740000	-0.0143800664000000005	-0.253520405700000007
5253760000	-0.0131413174999999993	-0.247215739099999998
5253780000	-0.0179435151000000015	-0.250898816099999977
5253800000	-0.0126859959000000001	-0.246508790499999991
5253820000	-0.0177060385000000001	-0.248467074900000001
5253840000	-0.0191125746999999992	-0.249702363600000005
5253860000	-0.0209796966000000001	-0.246368839000000006
5253880000	-0.0230370514999999991	-0.246751397900000002
5253900000	-0.0237783371000000014	-0.247001173399999996
5253920000	-0.0224997135999999986	-0.247034033799999997
5253940000	-0.0299510339	-0.248591130900000012
5253960000	-0.0290519756999999997	-0.247439912900000003
5253980000	-0.029716889199999999	-0.245278538800000001
5254000000	-0.0310175916000000017	-0.245819607899999987
5254020000	-0.0280642257000000006	-0.247939155299999991
5254040000	-0.0344015427000000026	-0.250167496099999997
5254060000	-0.0332440603000000029	-0.248609396199999999
5254080000	-0.0357428067999999988	-0.246321792099999992
5254100000	-0.0364470273999999983	-0.245246920199999996
5254120000	-0.0350902572000000024	-0.243965595499999993
5254140000	-0.0415342915000000007	-0.245381983599999992
5254160000	-0.041458557	-0.245493019600000001
5254180000	-0.0419717491999999984	-0.244996267099999998
5254200000	-0.040757029799999997	-0.243463795799999994
5254220000	-0.0453961309999999993	-0.246747318500000007
5254240000	-0.0470228786999999995	-0.242672589500000008
5254260000	-0.0443079653000000018	-0.2436284913
5254280000	-0.0500682265000000001	-0.245683688099999992
5254300000	-0.0525442217999999989	-0.243837962999999991
5254320000	-0.0507069294000000031	-0.243175935499999996
5254340000	-0.053917277700000002	-0.245017711299999996
5254360000	-0.0527750321000000008	-0.243210269400000012
5254380000	-0.0564132898999999965	-0.241473873499999991
5254400000	-0.0573728172000000022	-0.242111169399999993
5254420000	-0.0562657452000000016	-0.24388055689999999
5254440000	-0.0610256938000000027	-0.244267245800000005
5254460000	-0.0596507994999999971	-0.238908779900000007
5254480000	-0.0601539950000000018	-0.238735071699999996
5254500000	-0.0679222711000000007	-0.24322589859999999
5254520000	-0.0670950500000000033	-0.240060555799999992
5254540000	-0.0628218521000000057	-0.2426084201
5254560000	-0.0663039173000000009	-0.239831802600000005
5254580000	-0.0710600806000000057	-0.241479610700000014
5254600000	-0.067264230800000005	-0.236928422999999999
5254620000	-0.0681620235999999963	-0.238978921399999988
5254640000	-0.0706238175000000051	-0.238213580400000013
5254660000	-0.074457372899999999	-0.240847907100000008
5254680000	-0.0713186774999999967	-0.238674760900000005
5254700000	-0.0753816322000000066	-0.2373476276
5254720000	-0.0761207338000000067	-0.238323314400000014
5254740000	-0.0794701837999999966	-0.234438617799999999
5254760000	-0.0803378562000000018	-0.233921601400000012
5254780000	-0.0799611768000000056	-0.2336470722
5254800000	-0.0834492265000000011	-0.2310081259
5254820000	-0.0874870308000000041	-0.236992770999999991
5254840000	-0.0850420409000000044	-0.233266598200000008
5254860000	-0.0910391470999999952	-0.228284669800000006
5254880000	-0.0862415027000000001	-0.232529036999999994
5254900000	-0.0889177876000000061	-0.229561130000000002
5254920000	-0.0879277240999999932	-0.229919988500000005
5254940000	-0.0937550027000000064	-0.230394434499999995
5254960000	-0.0909963480000000047	-0.230448293800000009
5254980000	-0.0927421293999999979	-0.22770148509999999
5255000000	-0.0974232852999999954	-0.229758857900000002
5255020000	-0.0940762210999999959	-0.226341960700000011
5255040000	-0.0933409473999999989	-0.231475803199999997
5255060000	-0.100479338700000004	-0.231040913999999986
5255080000	-0.100389223400000005	-0.225857581700000004
5255100000	-0.100006177099999996	-0.229532637499999997
5255120000	-0.102736056100000001	-0.223366026999999995
5255140000	-0.104561969399999996	-0.22863574980000001
5255160000	-0.104407744699999999	-0.223675722399999999
5255180000	-0.107377149500000005	-0.226575132600000007
5255200000	-0.105928917600000005	-0.22291482230000001
5255220000	-0.104617989800000005	-0.225074299400000011
5255240000	-0.110035790100000003	-0.219617433299999998
5255260000	-0.110692075599999995	-0.220997251400000011
5255280000	-0.113045468900000001	-0.221205586799999993
5255300000	-0.113604216899999999	-0.22179601169999999
5255320000	-0.113750662500000002	-0.22205778470000001
5255340000	-0.113376781699999998	-0.218681324600000004
5255360000	-0.121919626099999998	-0.217246858600000009
5255380000	-0.117843733800000003	-0.218894096600000004
5255400000	-0.119617510199999999	-0.214590897700000005
5255420000	-0.121054049600000005	-0.213958746799999988
5255440000	-0.124387319699999999	-0.216665776700000007
5255460000	-0.120305524400000002	-0.216633495799999992
5255480000	-0.125702636700000009	-0.212603938599999986
5255500000	-0.1254756182	-0.213609955299999987
5255520000	-0.128099941200000011	-0.21027902309999999
5255540000	-0.128578751500000005	-0.208414999200000006
5255560000	-0.133148250999999995	-0.209509132200000003
5255580000	-0.132272412300000003	-0.20840042889999999
5255600000	-0.130687947500000012	-0.207450856600000011
5255620000	-0.136377980600000004	-0.204708974500000002
5255640000	-0.134738593299999987	-0.20653022800000001
5255660000	-0.135910900899999992	-0.204596104400000006
5255680000	-0.135424583099999996	-0.203188353799999999
5255700000	-0.139879234299999988	-0.201300463600000007
5255720000	-0.137517141799999992	-0.20203256
5255740000	-0.14246372639999999	-0.198255158500000001
5255760000	-0.139719531400000013	-0.198094098100000005
5255780000	-0.141103252300000009	-0.200445679999999987
5255800000	-0.144683691499999989	-0.198316607499999992
5255820000	-0.144841064200000008	-0.201560566999999996
5255840000	-0.148287673399999986	-0.197819191799999988
5255860000	-0.148221938599999992	-0.197453669700000001
5255880000	-0.146958510399999992	-0.1956179579
5255900000	-0.147849511999999988	-0.194434543200000004
5255920000	-0.152807307499999989	-0.193372259800000001
5255940000	-0.154887807399999994	-0.190086491999999996
5255960000	-0.154328977899999997	-0.192378730500000011
5255980000	-0.157050482699999994	-0.193030064700000004
5256000000	-0.158378821199999992	-0.190538087100000003
5256020000	-0.1581887082	-0.188946473000000004
5256040000	-0.158098400700000002	-0.187247460899999996
5256060000	-0.159325603600000004	-0.183635303299999997
5256080000	-0.159770478399999999	-0.18147813539999999
5256100000	-0.159123165099999991	-0.178873158799999987
5256120000	-0.165811046600000012	-0.17629628
5256140000	-0.166078180900000011	-0.181219918600000002
5256160000	-0.165832425700000008	-0.180483065299999995
5256180000	-0.166801980799999999	-0.176407611299999989
5256200000	-0.168424692600000009	-0.173413538000000006
5256220000	-0.168640558200000013	-0.17576118369999999
5256240000	-0.171251706199999992	-0.169350799200000013
5256260000	-0.170616783599999988	-0.173050609200000011
5256280000	-0.171117804000000012	-0.171324459300000009
5256300000	-0.170658834499999995	-0.170167370099999993
5256320000	-0.175143102299999992	-0.167923769499999986
5256340000	-0.174886904900000001	-0.160757828999999991
5256360000	-0.175982550999999987	-0.162732537600000005
5256380000	-0.180442341199999995	-0.160116013299999999
5256400000	-0.178027472900000011	-0.158753408799999995
5256420000	-0.17960573299999999	-0.15604187080000001
5256440000	-0.182499553799999992	-0.151798374399999991
5256460000	-0.182930865800000009	-0.153510695000000003
5256480000	-0.182992656799999986	-0.145788490800000003
5256500000	-0.182830634800000003	-0.149485088799999999
5256520000	-0.187490588399999991	-0.14587156879999999
5256540000	-0.184975693999999996	-0.143034661199999996
5256560000	-0.191786264799999995	-0.137741718000000013
5256580000	-0.193332583800000013	-0.135213815099999995
5256600000	-0.192556079099999999	-0.134082988200000003
5256620000	-0.193957595499999996	-0.133163705699999996
5256640000	-0.192436625199999989	-0.130372857499999995
5256660000	-0.193846064099999993	-0.1238755312
5256680000	-0.195866634799999995	-0.1210780999
5256700000	-0.195536869499999988	-0.115419798000000004
5256720000	-0.197558081599999991	-0.112849064200000002
5256740000	-0.194328002199999988	-0.110413436300000001
5256760000	-0.194787444300000001	-0.104208028999999994
5256780000	-0.191550966900000008	-0.101887268899999994
5256800000	-0.192175713100000006	-0.0934978964000000023
5256820000	-0.192796926600000001	-0.0872975537000000024
5256840000	-0.195079959599999991	-0.0800883337999999945
5256860000	-0.189971159499999986	-0.0795716597999999997
5256880000	-0.184670228900000011	-0.0678625553999999964
5256900000	-0.186408044599999989	-0.0633234696000000014
5256920000	-0.179468003099999995	-0.0581132419000000011
5256940000	-0.1705689913	-0.045547608199999999
5256960000	-0.164453928299999996	-0.042647464000000003
5256980000	-0.1473104415	-0.0344325758999999981
5257000000	-0.140107058600000001	-0.0278175691999999995
5257020000	-0.120211042000000004	-0.0219365821999999988
5257040000	-0.105974906899999999	-0.0273033456000000008
5257060000	-0.0905839942999999981	-0.0281869296999999984
5257080000	-0.069718786899999996	-0.0366724333000000013
5257100000	-0.0548640677999999993	-0.0524779896999999981
5257120000	-0.0417653726999999975	-0.0653500793999999968
5257140000	-0.0357626517000000019	-0.0841501436000000047
5257160000	-0.0362353426999999992	-0.106274418499999995
5257180000	-0.0395996939999999978	-0.122128236500000001
5257200000	-0.0416102113999999995	-0.139264043000000004
5257220000	-0.0523741975999999984	-0.150377657999999997
5257240000	-0.0606936528999999989	-0.165403700300000012
5257260000	-0.0700471317999999954	-0.171287412100000008
5257280000	-0.0798155259000000034	-0.176040347399999991
5257300000	-0.0858928674000000031	-0.181137874199999993
5257320000	-0.0994271637000000014	-0.181738116700000008
5257340000	-0.106138986099999999	-0.178921556199999998
5257360000	-0.110241842100000001	-0.183882475600000012
5257380000	-0.119630958999999995	-0.184919864900000008
5257400000	-0.129747373100000007	-0.184339270100000008
5257420000	-0.133491323800000006	-0.18326751220000001
5257440000	-0.139359876999999993	-0.182814279400000002
5257460000	-0.145454549399999994	-0.18091278890000001
5257480000	-0.147796937699999992	-0.179661571999999992
5257500000	-0.14722139070000001	-0.18083499589999999
5257520000	-0.154404230199999992	-0.174841567199999992
5257540000	-0.15658726340000001	-0.173991848199999993
5257560000	-0.162119827999999994	-0.174772332700000005
5257580000	-0.163722534899999994	-0.175485916600000014
5257600000	-0.163357950299999999	-0.171581510500000006
5257620000	-0.173374996700000006	-0.169357721999999988
5257640000	-0.173868250400000007	-0.16676540179999999
5257660000	-0.17472805059999999	-0.162753718699999994
5257680000	-0.178005633699999999	-0.165759117000000011
5257700000	-0.180059733700000002	-0.161321642200000004
5257720000	-0.176884773200000012	-0.15787529019999999
5257740000	-0.184860955900000012	-0.160036891600000009
5257760000	-0.18524935549999999	-0.156047462400000003
5257780000	-0.191548128799999995	-0.158502303700000013
5257800000	-0.187599045599999986	-0.1542814297
5257820000	-0.19001748169999999	-0.155152405500000007
5257840000	-0.192268646200000004	-0.150869986000000011
5257860000	-0.193514142199999989	-0.149081037299999997
5257880000	-0.194398599100000014	-0.150610469100000005
5257900000	-0.197403241000000007	-0.148086020200000001
5257920000	-0.198161062500000013	-0.145364241799999988
5257940000	-0.20053226469999999	-0.141671414200000012
5257960000	-0.205186487100000009	-0.142674431399999996
5257980000	-0.201357472499999995	-0.137194421600000005
5258000000	-0.204013274299999992	-0.138667277499999991
5258020000	-0.203482411400000007	-0.135643458500000008
5258040000	-0.206055102900000009	-0.137154177200000005
5258060000	-0.210294573900000004	-0.131271545399999995
5258080000	-0.207498165200000001	-0.128695162700000004
5258100000	-0.20972770939999999	-0.129612777799999995
5258120000	-0.212466978599999995	-0.130637184099999998
5258140000	-0.211858868300000003	-0.127964679999999997
5258160000	-0.207027943399999997	-0.126395093399999991
5258180000	-0.211227358300000001	-0.124359739299999994
5258200000	-0.212426552800000001	-0.121858323800000001
5258220000	-0.2167799527	-0.122186270599999994
5258240000	-0.217174542599999992	-0.118742280300000003
5258260000	-0.214257940099999988	-0.118864509699999996
5258280000	-0.215819772599999987	-0.118070235499999995
5258300000	-0.217668503200000002	-0.116713030999999995
5258320000	-0.2164272535	-0.111067504299999995
5258340000	-0.219563019100000006	-0.114311468999999999
5258360000	-0.21982160710000001	-0.113200763499999996
5258380000	-0.222968873000000012	-0.107763817100000006
5258400000	-0.221829526599999993	-0.108955849100000002
5258420000	-0.220627509100000008	-0.110016797400000005
5258440000	-0.22057676779999999	-0.106674028300000001
5258460000	-0.221469577000000001	-0.103214655399999994
5258480000	-0.221017338600000002	-0.107484518000000001
5258500000	-0.223199436299999998	-0.103270832500000007
5258520000	-0.224110937300000007	-0.1001873598
5258540000	-0.227297444799999998	-0.101361571100000006
5258560000	-0.224077494999999988	-0.0964688350999999972
5258580000	-0.225557684799999991	-0.0948988511999999951
5258600000	-0.2233878215	-0.0954647784000000055
5258620000	-0.227508906099999991	-0.093512254000000003
5258640000	-0.22925159819999999	-0.0934590240000000017
5258660000	-0.228549828399999988	-0.0893620075000000069
5258680000	-0.229855788300000002	-0.0883361467000000067
5258700000	-0.231869083499999989	-0.0895819298999999958
5258720000	-0.227428709199999995	-0.0887987343999999956
5258740000	-0.227750999799999992	-0.081936639399999997
5258760000	-0.233335388100000013	-0.084750558700000006
5258780000	-0.234094494300000011	-0.0820255124999999946
5258800000	-0.234809817799999987	-0.0829261302000000033
5258820000	-0.231854504999999989	-0.0791701977000000001
5258840000	-0.232948651899999998	-0.0768296395999999993
5258860000	-0.232489492800000003	-0.0751633456000000005
5258880000	-0.234544374899999991	-0.074951579500000004
5258900000	-0.237698827400000007	-0.0702862793000000041
5258920000	-0.236225239700000006	-0.0708890397999999977
5258940000	-0.235717716100000002	-0.0716816136999999937
5258960000	-0.233502023700000005	-0.0692317090999999968
5258980000	-0.235276012099999987	-0.0689194075999999961
5259000000	-0.237503437000000012	-0.0666363643000000005
5259020000	-0.238454193199999998	-0.064195394899999994
5259040000	-0.234449345199999992	-0.0676843463000000034
5259060000	-0.237568326100000005	-0.0606353050000000005
5259080000	-0.239889343000000005	-0.0643342783000000057
5259100000	-0.237758464100000011	-0.0627979714999999938
5259120000	-0.237364448099999986	-0.0600554402999999987
5259140000	-0.238473881700000001	-0.057808003400000002
5259160000	-0.242639417200000013	-0.0581289049000000002
5259180000	-0.240583048999999993	-0.0525614932999999979
5259200000	-0.238909422399999988	-0.0550530262000000006
5259220000	-0.2366789215	-0.0532343872999999981
5259240000	-0.240394470999999998	-0.0503438432000000019
5259260000	-0.24309600440000001	-0.0504786717999999995
5259280000	-0.241316474100000011	-0.0515700132000000006
5259300000	-0.24209368349999999	-0.046644848099999997
5259320000	-0.240720638999999986	-0.0476366470999999986
5259340000	-0.245563128800000002	-0.0404329878000000004
5259360000	-0.242719335799999991	-0.0421112372999999998
5259380000	-0.241323447100000005	-0.0424365536000000029
5259400000	-0.241274604300000001	-0.0407830616000000035
5259420000	-0.242911610700000002	-0.0386314721000000014
5259440000	-0.241518190999999993	-0.0370734209000000009
5259460000	-0.245342107100000012	-0.0364452134999999969
5259480000	-0.241607534699999987	-0.0360552752000000004
5259500000	-0.244865524000000001	-0.0339981201000000011
5259520000	-0.246088098300000002	-0.0359945961999999994
5259540000	-0.241796510900000011	-0.0290900187000000011
5259560000	-0.242780729800000011	-0.0312215383000000006
5259580000	-0.243804939199999987	-0.0262947834000000005
5259600000	-0.246733884600000009	-0.0314397298999999977
5259620000	-0.246485875100000001	-0.0252866740999999999
5259640000	-0.247817458800000001	-0.0252400789000000007
5259660000	-0.244907731699999992	-0.0200356504000000005
5259680000	-0.243211262900000003	-0.0183611465999999994
5259700000	-0.245530616899999998	-0.0238852864000000005
5259720000	-0.2471495789	-0.0212287924000000017
5259740000	-0.245424973099999999	-0.0168438319000000017
5259760000	-0.246211604499999986	-0.0171054479000000009
5259780000	-0.249850166300000009	-0.0138389548000000008
5259800000	-0.243795961199999994	-0.0149057398999999993
5259820000	-0.243974866799999995	-0.0147386345999999998
5259840000	-0.244924077900000009	-0.00963097899999999958
5259860000	-0.2444377197	-0.0116106218000000001
5259880000	-0.243423305099999987	-0.00819895200000000067
5259900000	-0.247915313299999995	-0.0117317681999999993
5259920000	-0.248245989700000003	-0.00713710019999999959
5259940000	-0.248400985800000002	-0.00588334060000000013
5259960000	-0.244357305299999994	-0.00383298829999999995
5259980000	-0.246226371299999997	-0.00361570219999999979
5260000000	-0.244935378199999998	0.000381556999999999979
5260020000	-0.246269969799999988	-0.00215310090000000011
5260040000	-0.246065961999999999	0.000132378699999999993
5260060000	-0.246515716500000009	0.00324690550000000019
5260080000	-0.245894844499999987	0.00421169519999999974
5260100000	-0.245962448100000008	0.00620892609999999963
5260120000	-0.244502359499999988	0.00656517949999999972
5260140000	-0.243291740799999989	0.00814963280000000068
5260160000	-0.246722542200000006	0.00952448810000000069
5260180000	-0.245521094800000006	0.0104080257999999998
5260200000	-0.247322987900000013	0.0113154712999999994
5260220000	-0.24514091260000001	0.0156352158000000012
5260240000	-0.2478425145	0.0141993837999999997
5260260000	-0.249613356000000008	0.0142949276999999996
5260280000	-0.246797822800000011	0.0162571845000000006
5260300000	-0.246240890099999998	0.0175718322000000017
5260320000	-0.239580454899999989	0.0176534809999999986
5260340000	-0.246217195700000002	0.0196587431999999986
5260360000	-0.244581996299999993	0.0216150844000000016
5260380000	-0.246446250899999997	0.0211254124999999994
5260400000	-0.244003211299999995	0.0234220074
5260420000	-0.243953429599999994	0.0284394861999999991
5260440000	-0.242925939099999988	0.0297775836999999988
5260460000	-0.243039108700000006	0.0297110080999999984
5260480000	-0.244496534900000007	0.0304374892000000008
5260500000	-0.240337572999999999	0.0337517972999999971
5260520000	-0.244432139599999987	0.0315408336999999997
5260540000	-0.240570054799999988	0.0334219424000000015
5260560000	-0.245294729099999997	0.0362944489999999995
5260580000	-0.241555264299999989	0.0367129604000000012
5260600000	-0.240597451999999989	0.0396718460999999981
5260620000	-0.238897701399999995	0.043608545999999998
5260640000	-0.242858631800000002	0.043422105699999998
5260660000	-0.244768613800000007	0.0411770611000000022
5260680000	-0.24457363339999999	0.0432403885999999987
5260700000	-0.242197843699999998	0.0430580223999999998
5260720000	-0.240262777600000005	0.0432959469
5260740000	-0.242551730599999987	0.0458693907999999997
5260760000	-0.241825565299999989	0.0461342423000000029
5260780000	-0.242972608199999995	0.0519160917
5260800000	-0.240753613000000005	0.0463627522000000028
5260820000	-0.243763683600000003	0.0523769053999999998
5260840000	-0.237586380799999997	0.0508487073999999983
5260860000	-0.242845662999999989	0.0538709584000000019
5260880000	-0.239401047000000006	0.0540715880999999982
5260900000	-0.239704529899999991	0.0572386605000000034
5260920000	-0.237834607400000009	0.0563606545999999972
5260940000	-0.2373911145	0.0620300082000000003
5260960000	-0.236755036499999988	0.059534034700000002
5260980000	-0.237342246400000012	0.0628685637999999991
5261000000	-0.2349188532	0.0623597603999999986
5261020000	-0.237311671299999999	0.0621289428000000032
5261040000	-0.238878841400000014	0.0627766580999999935
5261060000	-0.23658391170000001	0.0656107159000000051
5261080000	-0.2328746602	0.067231613699999998
5261100000	-0.235320049700000006	0.066265320700000005
5261120000	-0.237057208600000013	0.0656367380999999944
5261140000	-0.235442709500000014	0.0737276278000000007
5261160000	-0.237239863800000006	0.0732738978999999957
5261180000	-0.235081965599999998	0.0736305403000000053
5261200000	-0.233116118000000011	0.0761297368000000002
5261220000	-0.233745202399999991	0.075912984899999994
5261240000	-0.233802879299999988	0.0779097695000000035
5261260000	-0.23023964420000001	0.0765665799999999952
5261280000	-0.233796178500000007	0.0834124765999999934
5261300000	-0.227670683000000013	0.0823405219000000049
5261320000	-0.230525518499999998	0.0839734768999999964
5261340000	-0.232454590699999991	0.0835906619000000017
5261360000	-0.228571831599999997	0.0848147150999999933
5261380000	-0.227363092500000002	0.0882899852999999984
5261400000	-0.230165976900000013	0.0866376754999999971
5261420000	-0.2247443831	0.0853291110999999936
5261440000	-0.226480513599999989	0.0904629906999999955
5261460000	-0.230246831900000004	0.0895019506999999992
5261480000	-0.230539030000000006	0.0929843810999999992
5261500000	-0.228221546500000011	0.0942306234999999992
5261520000	-0.230684304400000012	0.0970316521000000043
5261540000	-0.228775049199999997	0.0916589453000000026
5261560000	-0.22596079899999999	0.0963257978000000015
5261580000	-0.229598119200000006	0.0968514686000000041
5261600000	-0.227035500299999998	0.100249841399999998
5261620000	-0.224374437499999996	0.0996196815000000013
5261640000	-0.228346529699999995	0.0956120062000000021
5261660000	-0.218282816699999993	0.104506556
5261680000	-0.221483514200000009	0.101419299199999993
5261700000	-0.21809520160000001	0.103492499200000004
5261720000	-0.223790928899999991	0.109728939600000006
5261740000	-0.221247369100000008	0.105820741999999995
5261760000	-0.218829886700000004	0.108737413699999994
5261780000	-0.218152936999999991	0.110381193899999994
5261800000	-0.219934634999999989	0.112481302300000002
5261820000	-0.216936879400000004	0.111614339100000001
5261840000	-0.21372384450000001	0.111999996300000002
5261860000	-0.213029049299999995	0.111195073899999997
5261880000	-0.213726114800000006	0.115334928599999997
5261900000	-0.214019731399999996	0.113664026400000007
5261920000	-0.216707846600000004	0.120093017999999996
5261940000	-0.21290730699999999	0.115917856799999996
5261960000	-0.211598597700000002	0.117963149000000003
5261980000	-0.216999357300000001	0.120301496100000002
5262000000	-0.2107351633	0.119354746499999997
5262020000	-0.212121218599999994	0.123432276399999999
5262040000	-0.212591420899999994	0.121707094099999996
5262060000	-0.210408758700000004	0.126526243600000005
5262080000	-0.210765985900000008	0.127381164999999991
5262100000	-0.209211396999999993	0.128152754499999993
5262120000	-0.208511523599999998	0.128215851800000002
5262140000	-0.206574833399999991	0.125519060399999993
5262160000	-0.21059691450000001	0.128596909799999992
5262180000	-0.206627901599999997	0.130597616999999999
5262200000	-0.206229795399999999	0.134352386299999987
5262220000	-0.207481759200000004	0.130336409699999989
5262240000	-0.206700600699999987	0.133085252200000004
5262260000	-0.20028891230000001	0.135643109099999992
5262280000	-0.201740392099999999	0.138990184999999988
5262300000	-0.200357367400000014	0.136091628200000009
5262320000	-0.200917770899999987	0.134201157399999993
5262340000	-0.201851336500000006	0.137983988700000004
5262360000	-0.196127027499999995	0.138801584899999997
5262380000	-0.200904726300000003	0.142176455499999993
5262400000	-0.199156918300000013	0.142238040900000001
5262420000	-0.198416785600000006	0.146105274199999996
5262440000	-0.195030950199999997	0.142917439899999998
5262460000	-0.198104453200000002	0.141445006799999995
5262480000	-0.194673490799999988	0.149574137999999995
5262500000	-0.193533664800000005	0.149027362400000002
5262520000	-0.196778110799999989	0.151497824499999989
5262540000	-0.193114845099999988	0.150498174300000009
5262560000	-0.198153084000000007	0.150261365600000002
5262580000	-0.194869622200000009	0.148662081800000012
5262600000	-0.193574403499999992	0.151427928900000008
5262620000	-0.191549963699999992	0.155214497499999993
5262640000	-0.189418457799999995	0.152796454100000006
5262660000	-0.192323331099999995	0.154403479799999993
5262680000	-0.186645693400000007	0.158439064099999999
5262700000	-0.190367650299999996	0.157915921600000009
5262720000	-0.188660567599999995	0.158876643600000006
5262740000	-0.187687328799999997	0.161362122599999991
5262760000	-0.186478038000000013	0.156972715099999993
5262780000	-0.184905615400000001	0.162916759599999988
5262800000	-0.182122727300000009	0.16490344509999999
5262820000	-0.183588937600000002	0.16172821409999999
5262840000	-0.181140767099999989	0.165307069499999987
5262860000	-0.179356102200000006	0.165192954199999992
5262880000	-0.183549736999999991	0.165700008300000007
5262900000	-0.176824583600000002	0.167375277200000006
5262920000	-0.17606855099999999	0.167979423300000014
5262940000	-0.17706444260000001	0.167980318399999995
5262960000	-0.179601124000000001	0.171245671999999988
5262980000	-0.175412889799999999	0.170265298499999995
5263000000	-0.176164087800000008	0.170181053500000012
5263020000	-0.175764511799999995	0.174769864800000008
5263040000	-0.174985080500000001	0.173176866799999996
5263060000	-0.172261155400000004	0.174902629799999987
5263080000	-0.172403391999999989	0.1765403693
5263100000	-0.16873942489999999	0.172449389300000006
5263120000	-0.169605795000000004	0.174796894400000014
5263140000	-0.169119194100000009	0.179874483499999988
5263160000	-0.166065221499999999	0.180074550999999999
5263180000	-0.165667296900000011	0.18313093250000001
5263200000	-0.167228665199999987	0.178805597399999988
5263220000	-0.165818526500000007	0.178416053399999996
5263240000	-0.162377146199999989	0.176355999399999991
5263260000	-0.160268024000000009	0.180034111100000005
5263280000	-0.159698982099999998	0.180451177099999999
5263300000	-0.161034785600000008	0.183127785600000009
5263320000	-0.162321913699999987	0.183381217900000004
5263340000	-0.159292705700000009	0.187075274499999999
5263360000	-0.157919990700000012	0.1886559555
5263380000	-0.158278355300000007	0.185421019699999995
5263400000	-0.154807964100000001	0.185284307399999987
5263420000	-0.15323716779999999	0.185011888600000007
5263440000	-0.153785397600000012	0.185725782000000006
5263460000	-0.152404442100000009	0.190630399000000006
5263480000	-0.1516366408	0.190306312400000011
5263500000	-0.153734418699999986	0.192453811000000002
5263520000	-0.150279663199999997	0.19357430510000001
5263540000	-0.149942888899999988	0.194775146199999999
5263560000	-0.148682269899999997	0.193155867099999989
5263580000	-0.148371751299999993	0.194058220899999995
5263600000	-0.14998150930000001	0.19527628050000001
5263620000	-0.143150469000000002	0.195115351399999998
5263640000	-0.143191710800000011	0.19670456959999999
5263660000	-0.143335445300000003	0.19440095369999999
5263680000	-0.141492435199999989	0.200302822999999991
5263700000	-0.140217723399999994	0.197409141600000004
5263720000	-0.142211528000000004	0.202252464699999995
5263740000	-0.139944687300000009	0.201263159100000005
5263760000	-0.140586899200000004	0.200855407200000002
5263780000	-0.137680085499999993	0.199328509999999987
5263800000	-0.140113032500000012	0.201779767500000012
5263820000	-0.135747994700000013	0.201040043899999993
5263840000	-0.130637278100000004	0.203772601100000006
5263860000	-0.135310395599999994	0.20277175280000001
5263880000	-0.133022552200000005	0.205153259300000002
5263900000	-0.129040609599999995	0.202619197599999995
5263920000	-0.128477833499999999	0.204731993700000003
5263940000	-0.128110586500000012	0.207258492699999991
5263960000	-0.12877426950000001	0.210891797399999997
5263980000	-0.125186891900000014	0.21030324219999999
5264000000	-0.125481123599999994	0.2083114036
5264020000	-0.125974905899999989	0.210033958800000004
5264040000	-0.124035385400000003	0.211220690999999988
5264060000	-0.121347031600000002	0.209706610399999993
5264080000	-0.122280808899999996	0.209199762600000005
5264100000	-0.120361503699999997	0.211811858800000002
5264120000	-0.119987882800000001	0.212806825700000007
5264140000	-0.119044483800000003	0.213540683199999998
5264160000	-0.120974090100000001	0.215330698900000006
5264180000	-0.118491771300000007	0.214119429299999997
5264200000	-0.115559366600000005	0.215824023199999993
5264220000	-0.116314816599999996	0.214576902699999988
5264240000	-0.112652257899999997	0.214769043100000001
5264260000	-0.112459390899999997	0.216628185599999995
5264280000	-0.110256822899999996	0.215168670400000012
5264300000	-0.111107506499999995	0.220377041899999987
5264320000	-0.108908713599999998	0.214473180499999999
5264340000	-0.105820182900000004	0.219288150600000009
5264360000	-0.1074812245	0.222012662199999988
5264380000	-0.105118481799999997	0.220673268099999986
5264400000	-0.105077601000000007	0.221900849799999994
5264420000	-0.102250870999999993	0.21634344350000001
5264440000	-0.0996755351999999983	0.224211961200000004
5264460000	-0.102258290399999993	0.221962899600000013
5264480000	-0.0977268015999999962	0.22437815350000001
5264500000	-0.0973580000999999945	0.226024262100000012
5264520000	-0.0994910796000000042	0.223013095200000011
5264540000	-0.0963225726000000032	0.225346935400000004
5264560000	-0.0936317916999999944	0.222324705399999989
5264580000	-0.091679192399999998	0.226748213000000004
5264600000	-0.0933128193999999966	0.22301136190000001
5264620000	-0.0920847984000000008	0.228008498700000006
5264640000	-0.0915827404000000012	0.229106917900000012
5264660000	-0.0878604416000000055	0.228541087199999993
5264680000	-0.0888753404000000025	0.227418939399999992
5264700000	-0.0856153823000000008	0.225261522500000005
5264720000	-0.0847522965999999989	0.227128344900000001
5264740000	-0.0846265734999999963	0.228124572500000011
5264760000	-0.0831409567999999988	0.228511210800000003
5264780000	-0.0868186841999999959	0.224852281200000004
5264800000	-0.0782021442999999983	0.228589373200000001
5264820000	-0.0788195361999999983	0.229567427800000001
5264840000	-0.0783009677000000015	0.228565913900000001
5264860000	-0.0773922734000000029	0.234072344099999996
5264880000	-0.0820802558000000015	0.23023865730000001
5264900000	-0.074690166500000002	0.233605002199999995
5264920000	-0.0733936176999999967	0.2345191103
5264940000	-0.0743788432999999971	0.231680571199999991
5264960000	-0.0753736619999999941	0.23621386359999999
5264980000	-0.0703229172999999957	0.235135395299999994
5265000000	-0.0685884206000000052	0.237685025800000005
5265020000	-0.0699391451000000025	0.232950176199999998
5265040000	-0.0689606209000000053	0.232912023999999995
5265060000	-0.0670613157999999931	0.232605779099999993
5265080000	-0.066903705899999999	0.233615192500000013
5265100000	-0.0597952086999999979	0.23261752329999999
5265120000	-0.0647259322000000026	0.234945012099999989
5265140000	-0.0605890555999999969	0.235525528200000001
5265160000	-0.0595432508999999971	0.237235512399999987
5265180000	-0.0549540676000000033	0.235534202100000006
5265200000	-0.0618637536000000016	0.235248857000000006
5265220000	-0.0543473225999999976	0.24005409920000001
5265240000	-0.0593639981000000025	0.238529615599999995
5265260000	-0.0532276144999999992	0.238743977699999999
5265280000	-0.0570968332999999967	0.241214462399999996
5265300000	-0.0498650263999999982	0.236820804200000012
5265320000	-0.0510280981000000022	0.238286637899999987
5265340000	-0.0510284701000000007	0.239685828600000012
5265360000	-0.0484094571999999987	0.237792812699999995
5265380000	-0.046593203100000001	0.239840215100000004
5265400000	-0.0435182921000000014	0.239130502200000011
5265420000	-0.045170054799999998	0.240891324200000007
5265440000	-0.0446762137000000017	0.237883064100000013
5265460000	-0.0430980866000000018	0.237722535499999998
5265480000	-0.0430825166000000023	0.239126235500000006
5265500000	-0.0406552522999999999	0.241481404000000011
5265520000	-0.041137666199999999	0.239624266400000008
5265540000	-0.0354018867999999973	0.241316028500000002
5265560000	-0.0377698952000000004	0.239291788700000008
5265580000	-0.0355743514999999969	0.240090869000000012
5265600000	-0.0385308679000000015	0.240533854200000008
5265620000	-0.0310077201000000004	0.238966488300000002
5265640000	-0.0315553816000000015	0.239056870100000013
5265660000	-0.032732318199999999	0.240511808100000002
5265680000	-0.0300482265000000005	0.244011121999999997
5265700000	-0.0286785799999999987	0.241620746800000008
5265720000	-0.0249372378000000013	0.242891877000000006
5265740000	-0.0256586315999999988	0.242359957300000012
5265760000	-0.022273939999999999	0.241140203800000008
5265780000	-0.0212149155000000006	0.244311359400000011
5265800000	-0.0207554219000000012	0.241492658100000007
5265820000	-0.0234395734000000001	0.24334860459999999
5265840000	-0.0222786472000000013	0.241679415700000011
5265860000	-0.0194407387000000015	0.241361164699999992
5265880000	-0.0139715142	0.244516879500000006
5265900000	-0.0162636908000000011	0.241342069699999995
5265920000	-0.0163369355000000001	0.241476594999999988
5265940000	-0.0100145683000000003	0.240861866300000005
5265960000	-0.0116139221000000001	0.247606092800000011
5265980000	-0.0107197934999999998	0.242441834599999989
5266000000	-0.0104506756000000006	0.242590194300000006
5266020000	-0.0101037288999999992	0.243788651800000006
5266040000	-0.00607923940000000031	0.242117591100000001
5266060000	-0.0071357953	0.245474408899999996
5266080000	-0.0031992861	0.244510616099999994
5266100000	-0.00503737529999999985	0.246890709900000005
5266120000	0.00100588130000000002	0.245712525399999993
5266140000	-0.000960604700000000015	0.245740093800000003
5266160000	0.00258367329999999997	0.243223898500000008
5266180000	0.00304578280000000019	0.239460981099999998
5266200000	0.00324345270000000021	0.242946203299999997
5266220000	0.0044081728000000004	0.24302216330000001
5266240000	0.00341653809999999981	0.244431133599999989
5266260000	0.00909298669999999976	0.247971641999999992
5266280000	0.00464337470000000026	0.239104758400000006
5266300000	0.00992937839999999926	0.245513678600000007
5266320000	0.0114263807000000005	0.244750196899999994
5266340000	0.0104556456000000006	0.244270133599999995
5266360000	0.0144540832000000005	0.241427345099999996
5266380000	0.0148916258000000006	0.243700509499999995
5266400000	0.0158153834000000007	0.242118969099999998
5266420000	0.0157372113000000015	0.247361481999999994
5266440000	0.0189288771000000015	0.244224310700000002
5266460000	0.0195056878999999989	0.245221706600000006
5266480000	0.0203429569000000005	0.243336939199999991
5266500000	0.0186380955000000001	0.241543867699999998
5266520000	0.0239079518999999983	0.240846887600000004
5266540000	0.0218187037000000007	0.241921615700000009
5266560000	0.0265092360999999999	0.241896960800000005
5266580000	0.0276598605000000011	0.2432870221
5266600000	0.0288010837000000006	0.239969550700000006
5266620000	0.0285021773999999985	0.240154507999999989
5266640000	0.0289740643999999992	0.244478200899999998
5266660000	0.0323886696999999973	0.242140763600000003
5266680000	0.0355347588999999978	0.243738010000000005
5266700000	0.0324661949000000019	0.24069544670000001
5266720000	0.0344663346999999967	0.242262473000000006
5266740000	0.0378357874000000011	0.241242347299999993
5266760000	0.0367503460999999976	0.238765783000000009
5266780000	0.0360613093999999981	0.239144283000000013
5266800000	0.0375964004000000004	0.241265598599999992
5266820000	0.0404750309000000003	0.234324959100000008
5266840000	0.041322265900000002	0.239365158100000003
5266860000	0.044485594500000003	0.242322407699999992
5266880000	0.0444992469999999987	0.236410509200000007
5266900000	0.046435277300000001	0.240858940299999991
5266920000	0.0471396219999999991	0.240425022799999999
5266940000	0.0455696267999999988	0.238296230999999997
5266960000	0.0486163613000000008	0.238864448600000001
5266980000	0.0577060970999999992	0.23994722260000001
5267000000	0.0497152131000000025	0.236294437400000001
5267020000	0.0520290555999999987	0.239319169500000012
5267040000	0.0575240592999999995	0.239184157000000008
5267060000	0.0562503791999999989	0.237299314300000008
5267080000	0.0553675454000000025	0.241332749200000002
5267100000	0.0578596862000000031	0.238687920899999989
