# freq, I e Q
5247100000	0.127854379299999987	-0.0651320160000000009
5247120000	0.126970694200000012	-0.0630646977000000053
5247140000	0.12676845040000001	-0.0623271565000000013
5247160000	0.123937787800000004	-0.065310383099999994
5247180000	0.128692488599999988	-0.0657172221000000001
5247200000	0.128051154700000003	-0.0688438990000000001
5247220000	0.125085033200000001	-0.0700479120999999982
5247240000	0.124649074900000004	-0.070560510600000001
5247260000	0.123755726699999999	-0.0714554587999999963
5247280000	0.125998879099999989	-0.0723180285000000062
5247300000	0.122385471600000004	-0.0687509672999999932
5247320000	0.124197720600000006	-0.0723722641999999944
5247340000	0.121622185899999999	-0.0715064289999999964
5247360000	0.124785165700000006	-0.0730213534999999969
5247380000	0.120526139300000001	-0.0710518205999999958
5247400000	0.121415844999999994	-0.0731763405000000061
5247420000	0.122739467300000002	-0.0725136997000000033
5247440000	0.126430557299999996	-0.072713817
5247460000	0.123048548100000002	-0.0760745406999999985
5247480000	0.121572462500000006	-0.0739031232000000038
5247500000	0.122764275199999995	-0.0777407078000000029
5247520000	0.118114683400000003	-0.0741228540000000019
5247540000	0.121484119799999998	-0.076510300200000006
5247560000	0.121382212700000006	-0.0777904794999999954
5247580000	0.120125268399999999	-0.0791371688999999989
5247600000	0.120049358800000006	-0.0810516919000000002
5247620000	0.120450739599999995	-0.0800729471999999942
5247640000	0.119331277700000002	-0.0803788871999999988
5247660000	0.118587565300000003	-0.0788133676000000033
5247680000	0.115986688500000004	-0.0841724954999999997
5247700000	0.117268434399999996	-0.0821185447999999985
5247720000	0.116851985800000002	-0.0861008238000000037
5247740000	0.115633163999999997	-0.0817106600000000044
5247760000	0.112533660999999993	-0.0854858431000000002
5247780000	0.117451755800000002	-0.0840846528000000065
5247800000	0.113130623299999997	-0.086392929199999996
5247820000	0.111473772499999998	-0.0887934967000000019
5247840000	0.113441955400000002	-0.0874911998999999968
5247860000	0.111327832799999998	-0.0851179846000000018
5247880000	0.114201827800000003	-0.092780389899999996
5247900000	0.115682065200000003	-0.0886361928999999937
5247920000	0.112183173999999997	-0.0871157458999999995
5247940000	0.110064127499999997	-0.0891677252000000059
5247960000	0.107801963000000001	-0.0872870805999999971
5247980000	0.109256948199999995	-0.093296965699999998
5248000000	0.110896277599999996	-0.0897948806000000016
5248020000	0.106385053800000004	-0.0886169032999999939
5248040000	0.108606036399999994	-0.0921610533000000037
5248060000	0.107981620400000006	-0.0937135040999999974
5248080000	0.108562227900000002	-0.0937799844999999965
5248100000	0.105154416700000003	-0.0936032564999999955
5248120000	0.108481360499999999	-0.0969961000000000018
5248140000	0.106674829400000004	-0.0912769610999999981
5248160000	0.110816989500000004	-0.0903058320999999969
5248180000	0.104566310100000004	-0.0954510484999999964
5248200000	0.103103116199999997	-0.0910968810999999989
5248220000	0.103777264100000002	-0.0953536813000000066
5248240000	0.097882459000000005	-0.0991057810000000039
5248260000	0.103021979499999999	-0.099368584900000001
5248280000	0.102992296600000005	-0.0974895691000000064
5248300000	0.102390356599999996	-0.101829261000000004
5248320000	0.1027508699	-0.100519168800000003
5248340000	0.0985481998999999942	-0.101060586699999996
5248360000	0.101494104200000004	-0.102870822700000003
5248380000	0.0981420578000000016	-0.103718980599999996
5248400000	0.0971547732000000025	-0.102421547799999998
5248420000	0.0975023698000000022	-0.104880873599999994
5248440000	0.0992763120999999998	-0.106591324599999995
5248460000	0.100537252600000002	-0.103261830799999996
5248480000	0.0982732184999999953	-0.106614315200000004
5248500000	0.0958399417999999947	-0.106606001300000003
5248520000	0.0987646618000000004	-0.102221646799999996
5248540000	0.0945503533000000007	-0.101477555900000002
5248560000	0.0958836349999999948	-0.103225203000000001
5248580000	0.0911019780000000001	-0.109865879200000002
5248600000	0.0996184246000000051	-0.109461940600000002
5248620000	0.0927270198999999989	-0.105090512299999994
5248640000	0.091080605300000006	-0.109934853599999993
5248660000	0.0956544106000000033	-0.106427427199999994
5248680000	0.0890307439000000006	-0.109894000699999994
5248700000	0.0926370891999999946	-0.112242732100000006
5248720000	0.0893112429000000041	-0.110413405800000003
5248740000	0.0912945413000000039	-0.108866663799999999
5248760000	0.0899859877000000058	-0.110370089599999999
5248780000	0.0868016917000000027	-0.109537436700000004
5248800000	0.0885625029000000064	-0.114229140100000001
5248820000	0.0870562931999999956	-0.111260754200000006
5248840000	0.0871221293000000035	-0.114350969299999994
5248860000	0.0887922398000000057	-0.112756771500000005
5248880000	0.0863339624000000055	-0.109813191800000001
5248900000	0.0859014091000000063	-0.114748561099999993
5248920000	0.0830492362000000012	-0.114835983899999994
5248940000	0.0864418492000000038	-0.113588650700000002
5248960000	0.0836376944999999983	-0.119032348699999999
5248980000	0.0852594260999999937	-0.110682249799999993
5249000000	0.0821181138000000033	-0.116741469700000003
5249020000	0.0817959964000000012	-0.115162125399999996
5249040000	0.0835806047999999996	-0.117247655800000003
5249060000	0.0805685908000000062	-0.117304140200000004
5249080000	0.0812000202999999948	-0.117668245199999993
5249100000	0.080445125800000003	-0.118116056400000002
5249120000	0.0782373150999999961	-0.120472373999999993
5249140000	0.0809159079000000003	-0.119963449900000005
5249160000	0.0764310841000000046	-0.113113103500000006
5249180000	0.0779684865000000032	-0.114221426500000001
5249200000	0.0757891559999999964	-0.121044625500000003
5249220000	0.0757299079000000042	-0.118578843200000006
5249240000	0.0747056911999999934	-0.1204216974
5249260000	0.0750092222000000031	-0.120018181099999996
5249280000	0.0748348835999999989	-0.120817274099999997
5249300000	0.0737957372000000028	-0.122883120999999998
5249320000	0.0706057605000000033	-0.120811999200000006
5249340000	0.0747668957999999967	-0.121209946200000002
5249360000	0.0728275847999999976	-0.121971282
5249380000	0.0716612310000000058	-0.123554071400000007
5249400000	0.0685249267000000023	-0.123602792000000003
5249420000	0.0686981834000000013	-0.125216798399999996
5249440000	0.0664580564000000068	-0.121366149199999995
5249460000	0.0725863642000000031	-0.126981246900000011
5249480000	0.0691443201999999979	-0.1269804873
5249500000	0.0680934895000000068	-0.126342725500000003
5249520000	0.0678715423999999984	-0.121696445099999995
5249540000	0.0672972267000000041	-0.124168851100000005
5249560000	0.0623204373000000034	-0.128072739099999999
5249580000	0.0640283356999999942	-0.127364421199999994
5249600000	0.0617397754000000021	-0.123240332800000005
5249620000	0.0639443915999999973	-0.127153304500000008
5249640000	0.0608310159000000003	-0.131016310599999991
5249660000	0.0624270417999999994	-0.130963648799999999
5249680000	0.0564505912999999984	-0.132939707099999999
5249700000	0.060951445600000001	-0.126733346899999988
5249720000	0.0606436623999999994	-0.129263081199999991
5249740000	0.0611590335000000013	-0.126364645800000008
5249760000	0.0625965686999999937	-0.128918449099999999
5249780000	0.0602399990999999968	-0.131532338599999993
5249800000	0.0581191980999999983	-0.130984711899999995
5249820000	0.0556400906999999986	-0.131631831199999993
5249840000	0.0574030806000000032	-0.127795128499999994
5249860000	0.0522430411999999997	-0.129224309399999987
5249880000	0.0531336951999999973	-0.127981280599999997
5249900000	0.0537228344999999968	-0.132354474400000005
5249920000	0.0551267620999999972	-0.130428024599999998
5249940000	0.0552636529000000015	-0.13033203430000001
5249960000	0.0512115409999999993	-0.127305074099999999
5249980000	0.0525904150000000015	-0.1294922825
5250000000	0.052785828600000001	-0.132857855899999988
5250020000	0.0499598559000000025	-0.135928323600000012
5250040000	0.0500007120999999971	-0.131447560800000002
5250060000	0.0478833976000000022	-0.132836320499999994
5250080000	0.0501570834999999979	-0.135796381399999999
5250100000	0.0494641279000000017	-0.13236669379999999
5250120000	0.0464300692000000001	-0.135177769899999994
5250140000	0.0446835064999999976	-0.134861994900000004
5250160000	0.048148007399999998	-0.129451706599999994
5250180000	0.0413684911000000016	-0.135815184000000005
5250200000	0.0439216078999999995	-0.133737856699999991
5250220000	0.041287531500000002	-0.133083763299999991
5250240000	0.0420233335000000027	-0.134331531000000004
5250260000	0.0420168205000000031	-0.139592530100000001
5250280000	0.0430077084999999984	-0.133365670999999991
5250300000	0.0423151340999999986	-0.134012733299999992
5250320000	0.0393935373000000033	-0.1377229492
5250340000	0.0378142112999999974	-0.134226623299999986
5250360000	0.0402034709000000032	-0.137207495000000013
5250380000	0.0385608606000000034	-0.135245618000000012
5250400000	0.0353211391000000027	-0.13476481030000001
5250420000	0.0372843557000000006	-0.135515249100000013
5250440000	0.036283148799999998	-0.139357035500000004
5250460000	0.0350880090000000033	-0.137207778000000002
5250480000	0.0381580889999999992	-0.138685537500000011
5250500000	0.0310641798000000011	-0.13961976009999999
5250520000	0.0359126545000000019	-0.137457858200000005
5250540000	0.0317815841000000029	-0.13738813250000001
5250560000	0.0302638063000000013	-0.140346936700000008
5250580000	0.0335639406000000015	-0.139853955499999988
5250600000	0.029391995399999999	-0.137847372500000009
5250620000	0.0286456211000000009	-0.14030373060000001
5250640000	0.0287581995000000014	-0.139073829900000001
5250660000	0.0253328550999999992	-0.138823315800000013
5250680000	0.0268857472999999986	-0.140338140400000005
5250700000	0.0278248333000000007	-0.136605613799999998
5250720000	0.0276370057999999995	-0.138782774899999989
5250740000	0.0229875702999999994	-0.137616402599999993
5250760000	0.0264688052999999986	-0.140971808400000009
5250780000	0.0230809909999999986	-0.140144800000000014
5250800000	0.0205549985000000011	-0.139020151000000008
5250820000	0.0230763392999999983	-0.137958896199999986
5250840000	0.0243011838999999986	-0.139138324300000005
5250860000	0.0209506651999999995	-0.140424895200000011
5250880000	0.017534548300000001	-0.139380654399999998
5250900000	0.0202534811999999995	-0.141479824700000006
5250920000	0.0203047890000000002	-0.142225075499999992
5250940000	0.0164709873	-0.14275958359999999
5250960000	0.0174105217999999985	-0.137228383600000003
5250980000	0.0179797720000000015	-0.139347795200000013
5251000000	0.0152549829999999997	-0.143707824300000009
5251020000	0.0186495845	-0.141822774099999993
5251040000	0.0150648081000000003	-0.1424238642
5251060000	0.0159742502999999994	-0.142604363600000006
5251080000	0.0125314134999999997	-0.1424232265
5251100000	0.0109183809	-0.141197391499999991
5251120000	0.0130543576999999997	-0.144739112599999997
5251140000	0.0111808892000000003	-0.142774922199999987
5251160000	0.0101419023000000001	-0.143386480700000013
5251180000	0.00579239909999999976	-0.145304815199999993
5251200000	0.00756408129999999995	-0.139736653200000005
5251220000	0.00829838609999999921	-0.140599323299999995
5251240000	0.00982744359999999928	-0.142102780699999987
5251260000	0.0034283438000000002	-0.141792584299999996
5251280000	0.00176810349999999999	-0.141678338200000004
5251300000	0.0054993361999999997	-0.143262042499999992
5251320000	0.00424151610000000033	-0.13715134779999999
5251340000	0.000259103200000000017	-0.14162818860000001
5251360000	0.0016254924	-0.14363622270000001
5251380000	0.00142215700000000007	-0.141705607799999994
5251400000	-0.000198129399999999987	-0.143052378899999999
5251420000	0.00270763989999999984	-0.1375366123
5251440000	0.000155046300000000013	-0.139571781300000003
5251460000	-0.00346222320000000002	-0.142253456899999992
5251480000	-0.00131190420000000009	-0.140585235899999994
5251500000	-0.00484176019999999971	-0.142090504700000009
5251520000	0.000382251399999999984	-0.144492894000000011
5251540000	-0.0012708881	-0.140448650099999989
5251560000	-0.00509085020000000013	-0.141160113700000006
5251580000	-0.00730618320000000002	-0.139669641600000005
5251600000	-0.00355355519999999998	-0.138158327899999989
5251620000	-0.00831947880000000022	-0.1413613279
5251640000	-0.00439091350000000036	-0.140842570299999997
5251660000	-0.0094014639000000004	-0.13964963829999999
5251680000	-0.010370008	-0.142029105399999994
5251700000	-0.0152115098000000001	-0.143065873799999993
5251720000	-0.00937339289999999936	-0.142647993800000011
5251740000	-0.00978556820000000063	-0.143186108899999998
5251760000	-0.0123433109999999992	-0.140379707599999987
5251780000	-0.0129514839999999992	-0.139205864499999998
5251800000	-0.0161598833000000004	-0.141281899099999997
5251820000	-0.0119932201000000002	-0.144147885199999992
5251840000	-0.0156485924999999991	-0.138003568500000007
5251860000	-0.0185460765999999992	-0.142144378200000004
5251880000	-0.0193751950999999992	-0.138351397999999987
5251900000	-0.0165066785000000001	-0.14282612850000001
5251920000	-0.0187144228999999995	-0.138328364700000012
5251940000	-0.0230291689999999986	-0.143163011000000007
5251960000	-0.0192488838000000016	-0.140007189400000009
5251980000	-0.0207755227000000001	-0.139289527899999988
5252000000	-0.0205527884000000008	-0.136654231300000012
5252020000	-0.0211584327000000003	-0.140308462299999992
5252040000	-0.0177684024999999989	-0.139422943399999999
5252060000	-0.0249376434999999987	-0.138956981300000004
5252080000	-0.0268053785999999988	-0.140275755199999991
5252100000	-0.0223188749000000006	-0.140339340000000007
5252120000	-0.0238009412999999996	-0.136837851300000007
5252140000	-0.0259908860999999991	-0.1383384691
5252160000	-0.0284841714999999988	-0.138280934299999991
5252180000	-0.0255961198000000008	-0.137906327899999986
5252200000	-0.0252458041999999994	-0.139956546399999993
5252220000	-0.0282200490000000005	-0.138426634999999992
5252240000	-0.0312418549999999989	-0.140130106000000004
5252260000	-0.030586596399999999	-0.1391632914
5252280000	-0.0336430943999999968	-0.140363585699999988
5252300000	-0.0319555395999999992	-0.136745659699999994
5252320000	-0.0331298338000000012	-0.134993994799999989
5252340000	-0.0305379814999999985	-0.13441526279999999
5252360000	-0.0354863793000000025	-0.137713464600000002
5252380000	-0.0353310426000000011	-0.136481852099999995
5252400000	-0.037575614799999997	-0.135791292600000002
5252420000	-0.0390271867000000008	-0.140240981999999986
5252440000	-0.0356417059000000008	-0.137511180499999996
5252460000	-0.0376294735000000033	-0.136008055399999994
5252480000	-0.035727497599999998	-0.135529637499999994
5252500000	-0.0351096449000000005	-0.135049387999999992
5252520000	-0.0398945024999999981	-0.136335139699999996
5252540000	-0.0399116031999999996	-0.137152354300000001
5252560000	-0.0397348354000000015	-0.133511481300000012
5252580000	-0.0386192501000000021	-0.13350832239999999
5252600000	-0.0434543235999999972	-0.135205276799999996
5252620000	-0.0402641903000000023	-0.136293023600000007
5252640000	-0.0428870167000000024	-0.13730477969999999
5252660000	-0.0429222671000000014	-0.134841297999999998
5252680000	-0.0458624849000000001	-0.135530280100000011
5252700000	-0.0457373633000000002	-0.137655466199999993
5252720000	-0.0485649285	-0.130361801400000005
5252740000	-0.0464823134999999971	-0.131290640099999995
5252760000	-0.0474824152000000027	-0.129779540400000004
5252780000	-0.0510986157999999968	-0.131045992700000002
5252800000	-0.0500019607000000005	-0.129755712200000012
5252820000	-0.0499150379000000005	-0.133152501700000009
5252840000	-0.0521605835999999976	-0.132901712100000013
5252860000	-0.0477463168000000007	-0.135053446500000007
5252880000	-0.0497190190999999976	-0.128952523499999999
5252900000	-0.0510790407000000016	-0.131812466200000006
5252920000	-0.0532714710000000008	-0.129489583200000008
5252940000	-0.0558602626000000019	-0.129701831399999995
5252960000	-0.0526120289000000033	-0.132367774800000004
5252980000	-0.0560012953999999979	-0.129681441000000008
5253000000	-0.0540988201000000002	-0.131645949699999987
5253020000	-0.0586590421999999972	-0.129351754399999991
5253040000	-0.0567571004000000032	-0.129789346999999999
5253060000	-0.0545881104000000006	-0.129344882200000011
5253080000	-0.0588223746999999991	-0.127561756400000004
5253100000	-0.0568342053999999972	-0.129286966899999994
5253120000	-0.060602795600000002	-0.128972938499999995
5253140000	-0.0615263932000000013	-0.127191382699999994
5253160000	-0.0618573247000000007	-0.129132464299999999
5253180000	-0.0610081713999999983	-0.125222222500000008
5253200000	-0.0608144924999999975	-0.123340786800000005
5253220000	-0.0653104530000000044	-0.126733907199999996
5253240000	-0.0649946668999999977	-0.124460675199999996
5253260000	-0.0644687733999999985	-0.125527708300000013
5253280000	-0.0697132007000000053	-0.1258752276
5253300000	-0.0690420810000000051	-0.123699664900000006
5253320000	-0.0643665727999999937	-0.125523945599999992
5253340000	-0.0659573227000000012	-0.122176721399999993
5253360000	-0.0703559103000000047	-0.126296950699999994
5253380000	-0.0675833413999999966	-0.1251355143
5253400000	-0.0717633845999999936	-0.123264393200000003
5253420000	-0.0668623359999999944	-0.118013853099999996
5253440000	-0.0699072109999999969	-0.123000718300000006
5253460000	-0.0688881481000000045	-0.122427622
5253480000	-0.0727981753999999981	-0.121708907000000005
5253500000	-0.0717127808000000005	-0.121565144099999994
5253520000	-0.070502522600000006	-0.123391887399999997
5253540000	-0.0725997983999999985	-0.117534388200000006
5253560000	-0.0760156944000000001	-0.117795564199999994
5253580000	-0.0728120862000000008	-0.119234256699999999
5253600000	-0.0765881835000000039	-0.118819079899999999
5253620000	-0.0798261554000000012	-0.118574069599999998
5253640000	-0.074416791600000004	-0.117994806800000004
5253660000	-0.0766514152000000032	-0.117110564900000005
5253680000	-0.0758764705999999955	-0.118807382399999995
5253700000	-0.0759303243999999988	-0.118449600000000002
5253720000	-0.0819484946000000047	-0.116940147999999994
5253740000	-0.0753220985000000037	-0.118936256599999998
5253760000	-0.0740918542000000013	-0.117336891700000001
5253780000	-0.0811793370999999986	-0.116252426800000003
5253800000	-0.0821645406000000023	-0.115495413099999999
5253820000	-0.0805934900000000037	-0.1127324086
5253840000	-0.0834809480999999937	-0.113600222299999998
5253860000	-0.0858101265000000002	-0.115889973899999998
5253880000	-0.079452403899999996	-0.114071265800000002
5253900000	-0.0832599923999999963	-0.112548948999999995
5253920000	-0.0846177974999999943	-0.111112563499999997
5253940000	-0.0862158989999999986	-0.114211154600000003
5253960000	-0.0826673633000000047	-0.112100664899999994
5253980000	-0.0872682290000000027	-0.110266250499999996
5254000000	-0.0855535592999999983	-0.107354080000000005
5254020000	-0.0868972097999999998	-0.109364716099999995
5254040000	-0.0872489335000000005	-0.106198614299999994
5254060000	-0.0861756713000000063	-0.107196936600000001
5254080000	-0.0876619713999999967	-0.109713793200000007
5254100000	-0.0887550515999999956	-0.105832638699999995
5254120000	-0.0897949499999999984	-0.103999703499999999
5254140000	-0.0925892866000000009	-0.104494554700000006
5254160000	-0.0922047634000000005	-0.103687220999999996
5254180000	-0.0932837767000000012	-0.104239451600000005
5254200000	-0.0911098498000000034	-0.108606824000000005
5254220000	-0.0915446936999999988	-0.101078230800000002
5254240000	-0.095833394200000005	-0.104260444699999996
5254260000	-0.0954048433000000001	-0.105237740400000002
5254280000	-0.0972349911000000011	-0.101437545700000006
5254300000	-0.0952368184000000062	-0.1011100365
5254320000	-0.0965048936000000024	-0.105687483299999996
5254340000	-0.0977958537999999988	-0.102141675799999998
5254360000	-0.0967065842000000009	-0.101132781899999996
5254380000	-0.100001381200000003	-0.103618281000000007
5254400000	-0.0962233722000000041	-0.101841764500000001
5254420000	-0.0947815431999999986	-0.0964628980000000052
5254440000	-0.1002610221	-0.0992381870999999999
5254460000	-0.1026106148	-0.0981448241999999943
5254480000	-0.102072617899999996	-0.0971181683000000018
5254500000	-0.102244773900000002	-0.0984647564000000058
5254520000	-0.102036673800000005	-0.0975204603000000003
5254540000	-0.102414704699999998	-0.095137840500000001
5254560000	-0.104049293900000006	-0.0931970745999999989
5254580000	-0.104119572699999996	-0.0951182502999999985
5254600000	-0.103812120399999999	-0.0966261318000000008
5254620000	-0.104100498299999997	-0.0911234184999999974
5254640000	-0.105437322200000003	-0.0920419487999999952
5254660000	-0.104934086300000007	-0.0957241167000000004
5254680000	-0.105936547300000003	-0.0944383669999999953
5254700000	-0.102137542600000006	-0.0948195032999999965
5254720000	-0.106895710399999996	-0.090808691900000002
5254740000	-0.109004702499999995	-0.0894339380000000045
5254760000	-0.108748062699999995	-0.0891167764999999945
5254780000	-0.109506534799999999	-0.0895027922999999948
5254800000	-0.112694481099999994	-0.0906726020000000049
5254820000	-0.106961590999999995	-0.0862195904000000041
5254840000	-0.108917773199999998	-0.0881197628000000011
5254860000	-0.109491526000000006	-0.0840794772000000024
5254880000	-0.107291536899999998	-0.0866036379000000023
5254900000	-0.111361335800000003	-0.0861479990000000029
5254920000	-0.113299768699999998	-0.0875647179000000053
5254940000	-0.111658981399999996	-0.0827746996000000013
5254960000	-0.108170406400000002	-0.0834343005000000026
5254980000	-0.114180585500000001	-0.0850545159000000023
5255000000	-0.112597582399999993	-0.0840549393000000061
5255020000	-0.117268249699999993	-0.0786707913000000009
5255040000	-0.111472067899999999	-0.0821491015999999963
5255060000	-0.113974273900000006	-0.0780644650999999939
5255080000	-0.114545059399999996	-0.0795943253000000045
5255100000	-0.113233072700000006	-0.0770720228000000007
5255120000	-0.116788739399999994	-0.0849085160000000033
5255140000	-0.112211896300000002	-0.0768257714000000064
5255160000	-0.115199105600000004	-0.0762578639000000003
5255180000	-0.115876048600000003	-0.0778277572000000001
5255200000	-0.118909083400000004	-0.0732825394999999935
5255220000	-0.117749334299999994	-0.0759673973999999974
5255240000	-0.117589588300000006	-0.0815157772000000003
5255260000	-0.116952528799999997	-0.0743676471000000033
5255280000	-0.119870132899999995	-0.0754326554000000066
5255300000	-0.120086612699999998	-0.0713328585999999931
5255320000	-0.118287379499999998	-0.0732474907999999952
5255340000	-0.118923009199999999	-0.0706251642000000068
5255360000	-0.119108000399999997	-0.0713432665999999965
5255380000	-0.119720301599999995	-0.0682596847999999978
5255400000	-0.120653360500000001	-0.0696639232000000053
5255420000	-0.120982710800000004	-0.0663026812000000049
5255440000	-0.120433640699999997	-0.0685112427000000024
5255460000	-0.122703240800000002	-0.0707514578000000005
5255480000	-0.122712890300000002	-0.0649355172000000008
5255500000	-0.124561522499999994	-0.0621668161000000011
5255520000	-0.127061376000000004	-0.0622619671999999971
5255540000	-0.121770719099999994	-0.0627405662999999947
5255560000	-0.127044274699999987	-0.0636435481999999969
5255580000	-0.126718286799999996	-0.0639288615999999976
5255600000	-0.126607866099999994	-0.0576214311000000021
5255620000	-0.122753639299999995	-0.0587920744999999995
5255640000	-0.123331686600000004	-0.0649058341000000039
5255660000	-0.129574771899999996	-0.0604436848000000013
5255680000	-0.126619563699999993	-0.0561469403999999978
5255700000	-0.130594004399999991	-0.058558224300000003
5255720000	-0.126766445100000014	-0.055743578000000002
5255740000	-0.12654085670000001	-0.0563481002000000009
5255760000	-0.126732773599999987	-0.0555248127999999966
5255780000	-0.126456621200000008	-0.0554295221000000032
5255800000	-0.128918349200000004	-0.052938270699999998
5255820000	-0.128527471100000013	-0.0523397859999999993
5255840000	-0.125685767400000009	-0.0523053949000000032
5255860000	-0.127617338899999988	-0.0477961282000000029
5255880000	-0.125517986599999992	-0.0508252268999999993
5255900000	-0.129931667499999987	-0.0504846648999999967
5255920000	-0.130683283399999989	-0.0505369978999999983
5255940000	-0.13202145500000001	-0.0467065295000000033
5255960000	-0.130495235600000009	-0.0450650558000000034
5255980000	-0.129839472700000014	-0.0444094912999999994
5256000000	-0.131850645099999997	-0.043063851799999997
5256020000	-0.126877082599999996	-0.0435549812999999966
5256040000	-0.134404426299999991	-0.0408296054999999977
5256060000	-0.129115767399999998	-0.0427248842000000004
5256080000	-0.131318493300000005	-0.0402269712999999973
5256100000	-0.135839042999999993	-0.0438261396000000011
5256120000	-0.133567493600000003	-0.0407324510000000028
5256140000	-0.130121137100000006	-0.0376531985999999999
5256160000	-0.134442442400000001	-0.0388336853999999981
5256180000	-0.1318822516	-0.0350434075999999997
5256200000	-0.131190747100000005	-0.0318446648999999998
5256220000	-0.132571816000000009	-0.0355902022999999984
5256240000	-0.134485070099999993	-0.028783650899999999
5256260000	-0.131158711700000014	-0.0313315837999999999
5256280000	-0.132242795899999988	-0.0305309622999999988
5256300000	-0.135782110499999997	-0.0305909094999999992
5256320000	-0.134259139500000013	-0.0280284670000000014
5256340000	-0.133969681199999996	-0.0236620675999999995
5256360000	-0.133068753699999986	-0.0270435673000000015
5256380000	-0.131367308500000002	-0.0230562997000000013
5256400000	-0.136243718600000008	-0.0239844404000000011
5256420000	-0.128842946200000003	-0.0212430070000000012
5256440000	-0.132549903699999999	-0.0182058819999999996
5256460000	-0.133677915400000014	-0.0163372305999999988
5256480000	-0.137122295100000013	-0.0155571165000000008
5256500000	-0.134977471399999993	-0.0154155036999999995
5256520000	-0.130763009399999991	-0.0149392989999999996
5256540000	-0.129072856399999991	-0.0146972565999999999
5256560000	-0.132823193499999992	-0.0110698107999999996
5256580000	-0.132877344000000008	-0.0113876136000000006
5256600000	-0.128163178799999999	-0.00815561130000000065
5256620000	-0.129396111099999989	-0.00731855529999999969
5256640000	-0.132141609900000012	-0.00641597880000000041
5256660000	-0.1282631672	-0.00316000120000000002
5256680000	-0.128489787800000005	-0.000528934199999999961
5256700000	-0.128009428499999994	0.0014750703999999999
5256720000	-0.123649383000000002	0.00311973939999999998
5256740000	-0.124462292399999994	0.00634545869999999981
5256760000	-0.125273956299999989	0.00209928419999999994
5256780000	-0.121336859300000002	0.0120710786999999996
5256800000	-0.120039658199999996	0.00736911129999999991
5256820000	-0.123224611400000003	0.0127292279000000008
5256840000	-0.118494817200000005	0.0183554839000000004
5256860000	-0.114968045199999994	0.0183865778000000014
5256880000	-0.115324405199999994	0.0214380965
5256900000	-0.104330206800000005	0.026955666100000001
5256920000	-0.100706204899999999	0.0256745082999999992
5256940000	-0.0962322632000000011	0.0236027814999999995
5256960000	-0.0919418731999999961	0.0276782562999999988
5256980000	-0.086724489599999996	0.0262808908999999993
5257000000	-0.0767696333000000009	0.0272156768999999993
5257020000	-0.0671923142000000057	0.0250734890999999988
5257040000	-0.0580032042999999997	0.0206672102999999989
5257060000	-0.0572303336000000024	0.0144571670999999995
5257080000	-0.0491960389000000026	0.0048557835000000004
5257100000	-0.0449480745999999987	-0.00816971210000000045
5257120000	-0.0432478426000000027	-0.0194533651000000016
5257140000	-0.0449077191000000001	-0.0322499683000000009
5257160000	-0.0489783300000000005	-0.0404783598000000022
5257180000	-0.0560445430000000022	-0.0456695200999999995
5257200000	-0.0605036632000000019	-0.0530897013000000001
5257220000	-0.0696272705000000047	-0.0542949018999999977
5257240000	-0.0762631693999999971	-0.0590467374000000003
5257260000	-0.0861847825999999956	-0.0625576951000000048
5257280000	-0.0871196567000000061	-0.060543860300000002
5257300000	-0.0918426668000000002	-0.0610393934999999971
5257320000	-0.100782290799999993	-0.0605034663999999972
5257340000	-0.104704070699999999	-0.0559076152000000035
5257360000	-0.108122463599999996	-0.0538800002
5257380000	-0.112363448300000002	-0.0524312086000000011
5257400000	-0.114247902299999995	-0.0519609425999999971
5257420000	-0.118178575600000002	-0.0467484623000000016
5257440000	-0.119728679700000007	-0.0449250657999999969
5257460000	-0.121776521499999998	-0.0465390841999999971
5257480000	-0.123761408000000003	-0.0427798076999999985
5257500000	-0.123278423900000003	-0.0410551505999999997
5257520000	-0.124480453899999996	-0.0377187738000000009
5257540000	-0.127660108200000011	-0.035757245
5257560000	-0.132090757899999994	-0.0372024933000000002
5257580000	-0.131908911500000003	-0.0315672550999999968
5257600000	-0.130806248000000014	-0.0326172030999999987
5257620000	-0.13431093790000001	-0.0304230168999999988
5257640000	-0.134156693999999993	-0.0280688104999999993
5257660000	-0.132774292999999988	-0.0255697793000000013
5257680000	-0.131576832499999991	-0.0262867394999999997
5257700000	-0.130606295000000011	-0.0225439550999999988
5257720000	-0.136466645899999989	-0.0212419099000000014
5257740000	-0.133001982399999996	-0.0207299539000000005
5257760000	-0.133426272799999995	-0.0199639533000000001
5257780000	-0.135883640100000008	-0.0182633362999999986
5257800000	-0.139621768300000004	-0.0174398482000000001
5257820000	-0.137352665699999987	-0.0169690018000000012
5257840000	-0.139537942400000003	-0.0161316609999999985
5257860000	-0.137322014999999992	-0.017377389699999999
5257880000	-0.138345416100000007	-0.0159427088000000002
5257900000	-0.13780889469999999	-0.0130172579000000007
5257920000	-0.135156738299999996	-0.0111948388000000006
5257940000	-0.136606023500000007	-0.0114477771000000006
5257960000	-0.137167382700000007	-0.00823869370000000073
5257980000	-0.13909102370000001	-0.00843262579999999942
5258000000	-0.137807926500000011	-0.00920708240000000025
5258020000	-0.138527871100000005	-0.00828937840000000016
5258040000	-0.134034680099999998	-0.00257387629999999978
5258060000	-0.143091983300000003	-0.00321364129999999982
5258080000	-0.138590594000000011	-0.00419313849999999964
5258100000	-0.141345238499999998	-0.000267223100000000006
5258120000	-0.140260055900000014	-0.00241061230000000001
5258140000	-0.139523428599999999	0.00283925080000000003
5258160000	-0.141034321200000007	0.00258803940000000001
5258180000	-0.139397109699999994	0.00294679170000000006
5258200000	-0.140351840700000008	0.00492959150000000026
5258220000	-0.139524961400000008	0.00299186749999999979
5258240000	-0.140544047000000005	0.00588490240000000015
5258260000	-0.139150734700000001	0.0071525445
5258280000	-0.142951206899999989	0.00473437219999999978
5258300000	-0.138928396799999992	0.00798925890000000069
5258320000	-0.138854826999999986	0.0075680799
5258340000	-0.138151061299999989	0.00685811420000000029
5258360000	-0.137080185699999996	0.0101958993000000001
5258380000	-0.139490279900000014	0.0125020053000000006
5258400000	-0.141255520500000009	0.0125490567000000001
5258420000	-0.142184038000000013	0.0124346225000000008
5258440000	-0.1408879512	0.0148772547000000002
5258460000	-0.138211298199999999	0.0142503049
5258480000	-0.142100080600000012	0.0129518648000000007
5258500000	-0.141862244299999996	0.017375882799999999
5258520000	-0.13538839829999999	0.0130579487000000004
5258540000	-0.135202907099999992	0.0188682769999999993
5258560000	-0.139329843499999995	0.0203353343999999985
5258580000	-0.138007621999999996	0.0181013154000000016
5258600000	-0.137400505499999992	0.0217446921999999987
5258620000	-0.137658619600000004	0.0214389905999999991
5258640000	-0.137117019899999998	0.0250215435
5258660000	-0.136918896600000006	0.0259560503999999997
5258680000	-0.13740259299999999	0.0213223706999999991
5258700000	-0.139570656399999993	0.0267017070999999995
5258720000	-0.13593009519999999	0.0261789293999999985
5258740000	-0.135943941099999993	0.0291681064999999989
5258760000	-0.139031511699999999	0.0288160444999999987
5258780000	-0.134676090100000007	0.0270157295999999998
5258800000	-0.133818344099999986	0.030613132500000001
5258820000	-0.135961842299999996	0.0301886862999999998
5258840000	-0.134884489400000002	0.0363641898000000019
5258860000	-0.135645364500000004	0.035109051500000002
5258880000	-0.14281856670000001	0.0334088568999999988
5258900000	-0.135852406700000011	0.0363117780000000029
5258920000	-0.134664368499999992	0.0313915295000000011
5258940000	-0.131176166300000008	0.0349510001999999986
5258960000	-0.129700473399999988	0.0366512958999999985
5258980000	-0.134238251899999994	0.0369098186999999994
5259000000	-0.132308647299999999	0.039137193100000002
5259020000	-0.132864004300000005	0.038020386500000003
5259040000	-0.134581830200000002	0.0389681762999999973
5259060000	-0.130584647599999992	0.0380092293000000025
5259080000	-0.135323248300000004	0.038063140199999998
5259100000	-0.131766311299999994	0.0432055291000000008
5259120000	-0.130780761800000006	0.0421248554000000011
5259140000	-0.133010994100000002	0.0395505846000000008
5259160000	-0.131239785400000003	0.0414892362000000015
5259180000	-0.135201099600000013	0.0445751032000000005
5259200000	-0.132327236300000012	0.0427737081000000019
5259220000	-0.135344226200000001	0.0452345992999999974
5259240000	-0.130385504200000002	0.0452321519000000033
5259260000	-0.130923168199999995	0.047846776700000003
5259280000	-0.132118087299999992	0.0427384466000000005
5259300000	-0.133600601099999994	0.0512561907999999969
5259320000	-0.133058065899999994	0.0503162939999999975
5259340000	-0.128970451000000014	0.0518344125999999975
5259360000	-0.129360843100000011	0.0519088018000000012
5259380000	-0.129646343999999997	0.0518111783000000034
5259400000	-0.130064416200000005	0.0535298395000000024
5259420000	-0.128337182399999999	0.051410449300000001
5259440000	-0.1291324415	0.0516410879000000003
5259460000	-0.128613442999999994	0.0552877430000000003
5259480000	-0.125627258200000008	0.0561945297000000024
5259500000	-0.12744934329999999	0.057795588600000003
5259520000	-0.125157282199999997	0.0571144563999999993
5259540000	-0.132093464800000004	0.0574577885999999968
5259560000	-0.124222721300000005	0.0560762424999999981
5259580000	-0.128543232499999993	0.0561770790999999992
5259600000	-0.123978717200000005	0.0606635078999999966
5259620000	-0.128030528300000002	0.0602875007999999976
5259640000	-0.122824389199999995	0.0596604995999999999
5259660000	-0.124322178000000005	0.0611679150999999977
5259680000	-0.129020180000000012	0.0630695208000000007
5259700000	-0.125253931900000004	0.0617131855999999979
5259720000	-0.125454955499999993	0.0611887138999999969
5259740000	-0.125448491699999998	0.0651642305000000033
5259760000	-0.123442026199999999	0.0637436656999999934
5259780000	-0.122861639600000003	0.067558375899999995
5259800000	-0.119781169300000004	0.0665464005000000053
5259820000	-0.119888841499999996	0.0656348310000000046
5259840000	-0.125096139999999995	0.0693454924
5259860000	-0.123166733299999998	0.0681849075000000027
5259880000	-0.122186307600000002	0.0689765353000000025
5259900000	-0.1226066777	0.0689059271000000001
5259920000	-0.122101019500000005	0.0693725832999999986
5259940000	-0.119946103100000007	0.0676056423000000045
5259960000	-0.116406896499999996	0.070086436000000002
5259980000	-0.1178280825	0.0708066167999999996
5260000000	-0.115914036799999995	0.0716053405999999976
5260020000	-0.119410788099999998	0.0711072679000000069
5260040000	-0.1166812604	0.0760279621999999933
5260060000	-0.117916185500000006	0.0729072313
5260080000	-0.117986065000000001	0.074180993700000003
5260100000	-0.118665846899999997	0.0761163697000000056
5260120000	-0.115596757199999997	0.0764825932000000042
5260140000	-0.116256363700000004	0.0780689878999999975
5260160000	-0.116653112899999994	0.0763033282000000063
5260180000	-0.117594771200000003	0.0758408302000000006
5260200000	-0.116350789699999999	0.076992518900000001
5260220000	-0.115905577999999995	0.0789288872000000058
5260240000	-0.113015894399999997	0.0761913458000000043
5260260000	-0.114689703599999998	0.0776631554000000029
5260280000	-0.111145965799999996	0.0841664540000000017
5260300000	-0.110833994300000002	0.0830263447000000043
5260320000	-0.1071757931	0.0829628805000000025
5260340000	-0.114975608199999996	0.0814233865000000001
5260360000	-0.110386397799999994	0.0811847096999999962
5260380000	-0.111868183999999996	0.0819015985000000057
5260400000	-0.109793514800000006	0.0852590849999999983
5260420000	-0.114085895300000004	0.087533650399999996
5260440000	-0.108153550900000006	0.0882457849999999933
5260460000	-0.110358155499999999	0.0854407954000000053
5260480000	-0.111174319999999993	0.085202600200000006
5260500000	-0.106887911700000005	0.0859124955999999995
5260520000	-0.106993230600000003	0.0849934398000000008
5260540000	-0.107867032099999996	0.0857452508000000058
5260560000	-0.103419799300000004	0.0868047121000000005
5260580000	-0.108653375600000004	0.0887951718999999973
5260600000	-0.105606490600000005	0.089137934000000002
5260620000	-0.108718482300000002	0.0894282698999999959
5260640000	-0.107985750599999999	0.0924133535000000034
5260660000	-0.105344239100000001	0.0913870769999999971
5260680000	-0.104842997899999998	0.0951615407000000052
5260700000	-0.104348703700000003	0.0913669537000000032
5260720000	-0.101699855399999997	0.0959746840000000045
5260740000	-0.101103898999999997	0.0916194434999999946
5260760000	-0.101718684599999998	0.0930848006000000033
5260780000	-0.0989984747000000054	0.0913214920999999985
5260800000	-0.102733795899999994	0.0939182682000000019
5260820000	-0.101455727100000004	0.0934285029000000017
5260840000	-0.101284413899999995	0.0993397530000000029
5260860000	-0.0995440922999999978	0.0978371702000000038
5260880000	-0.101400083700000004	0.0985645589000000016
5260900000	-0.0992454975999999961	0.0977273005999999972
5260920000	-0.0978070481999999963	0.0961648313000000032
5260940000	-0.0975788846999999931	0.0948703454999999946
5260960000	-0.0981708936999999976	0.0978701455999999997
5260980000	-0.0964126527000000039	0.103543447199999999
5261000000	-0.0946539757999999981	0.0995721115999999989
5261020000	-0.0984978692000000045	0.101647979799999996
5261040000	-0.0966365260999999948	0.103032118500000006
5261060000	-0.0942473818000000019	0.101138154100000002
5261080000	-0.0944363733000000011	0.102677815699999994
5261100000	-0.0904526078000000011	0.102227602599999995
5261120000	-0.0948741557000000041	0.106820640100000003
5261140000	-0.0907882326000000045	0.104532098700000006
5261160000	-0.0899976990000000004	0.104758443699999995
5261180000	-0.0912376458000000029	0.105646635799999999
5261200000	-0.0924374906000000052	0.107149305799999997
5261220000	-0.0905332050000000055	0.105232282999999996
5261240000	-0.0910810091999999932	0.106604754600000004
5261260000	-0.0890452666000000059	0.105161591600000007
5261280000	-0.0893726965999999956	0.106392269900000003
5261300000	-0.0869326544000000034	0.105945245100000002
5261320000	-0.0888773095000000013	0.107576353099999994
5261340000	-0.0855648046999999967	0.108440427699999994
5261360000	-0.0837548751000000008	0.109313595099999994
5261380000	-0.0859515403999999983	0.107988480400000003
5261400000	-0.084499323799999998	0.111362959799999994
5261420000	-0.0869149302999999984	0.104475770900000001
5261440000	-0.0822810800000000064	0.107701196400000004
5261460000	-0.0857804739999999954	0.112652081099999996
5261480000	-0.0831386942000000018	0.111616578999999994
5261500000	-0.0810025483000000046	0.108924926599999999
5261520000	-0.0828373475000000054	0.112710530200000006
5261540000	-0.080785639500000006	0.111111793599999994
5261560000	-0.0839102377999999954	0.111282617299999997
5261580000	-0.0805160535000000038	0.114044652299999993
5261600000	-0.0749868060999999975	0.111813660300000006
5261620000	-0.0767606916	0.114795202200000002
5261640000	-0.0758521409999999979	0.115915743399999993
5261660000	-0.0779741225000000066	0.113159149099999995
5261680000	-0.0765252963000000036	0.117137119400000003
5261700000	-0.075893875999999999	0.113995198000000006
5261720000	-0.0741907398999999967	0.113642654999999995
5261740000	-0.0709463387000000001	0.1180576874
5261760000	-0.0710313474999999944	0.116293804799999997
5261780000	-0.0739846007999999944	0.115661255300000002
5261800000	-0.0748956675999999932	0.115944688599999998
5261820000	-0.0744284218000000053	0.115965806800000001
5261840000	-0.0713138574999999941	0.117865890400000006
5261860000	-0.0712781952000000052	0.117669865700000001
5261880000	-0.0753128532999999961	0.119147816700000006
5261900000	-0.0702112072999999948	0.118259128000000005
5261920000	-0.0734408269000000058	0.120326498800000001
5261940000	-0.0697175495999999978	0.119420919299999997
5261960000	-0.0688397438000000056	0.119171062300000005
5261980000	-0.0737065801999999964	0.117638115799999998
5262000000	-0.0679239516000000043	0.115810896100000005
5262020000	-0.0671130340999999964	0.123430987500000006
5262040000	-0.0665353016999999936	0.125886370400000003
5262060000	-0.0647735656999999937	0.121559713599999994
5262080000	-0.0659300362000000001	0.125492635399999997
5262100000	-0.0637609774999999962	0.119941143900000005
5262120000	-0.0598057234999999979	0.124748025900000004
5262140000	-0.0628761988000000049	0.121898197099999994
5262160000	-0.0599150762000000003	0.125051235600000005
5262180000	-0.0606145802999999983	0.126701681300000008
5262200000	-0.0599043989000000027	0.1238143149
5262220000	-0.0574391577	0.123098092199999995
5262240000	-0.061072884299999998	0.125437673100000008
5262260000	-0.0589931554999999982	0.127773787899999991
5262280000	-0.0558629116000000023	0.124815453699999995
5262300000	-0.0573519538000000009	0.122126241400000002
5262320000	-0.0582782203000000026	0.125786786000000012
5262340000	-0.0603560362999999989	0.12894920230000001
5262360000	-0.053539695800000002	0.124004786000000006
5262380000	-0.0540819597000000013	0.126226373199999992
5262400000	-0.0524147688999999986	0.128428071499999991
5262420000	-0.0521687597999999988	0.127832934399999987
5262440000	-0.0541837037999999965	0.126130604499999993
5262460000	-0.0497034077000000005	0.127714317599999988
5262480000	-0.0481113920000000028	0.129651920199999993
5262500000	-0.0502476186000000019	0.129546719000000005
5262520000	-0.0524718921000000005	0.129716364299999998
5262540000	-0.0504033201999999972	0.132190351099999992
5262560000	-0.0484684048999999978	0.130827782300000001
5262580000	-0.0488440446999999986	0.132177101699999994
5262600000	-0.046395569400000003	0.131704031599999993
5262620000	-0.0467865645000000024	0.130598282300000007
5262640000	-0.0477957451000000019	0.129075330699999991
5262660000	-0.0439643684000000021	0.130537594700000009
5262680000	-0.0434726993000000006	0.127330277200000008
5262700000	-0.0445347801999999987	0.128787232000000001
5262720000	-0.0437443050999999986	0.129852786800000009
5262740000	-0.0438455839999999999	0.130773116100000003
5262760000	-0.0419622367000000024	0.130673255200000005
5262780000	-0.0430016733000000012	0.129337348099999999
5262800000	-0.0431672958999999995	0.128682697600000007
5262820000	-0.037755209900000003	0.136511357199999989
5262840000	-0.0375717173000000015	0.134318599600000005
5262860000	-0.0414414334999999995	0.13344492320000001
5262880000	-0.0375876797000000012	0.133142540599999998
5262900000	-0.0406200534000000016	0.131985781899999988
5262920000	-0.0344693641999999981	0.132157170500000004
5262940000	-0.0360096596000000005	0.132625684500000007
5262960000	-0.0353303259000000008	0.134270792800000011
5262980000	-0.0326747921000000024	0.131454961700000011
5263000000	-0.0345670397999999976	0.132779150099999993
5263020000	-0.0361627384999999996	0.137732897800000004
5263040000	-0.032143373599999997	0.132221976299999988
5263060000	-0.0313524030000000009	0.132389427100000012
5263080000	-0.0304482280999999987	0.133709643500000003
5263100000	-0.0322835778999999989	0.135687539999999995
5263120000	-0.0302792355999999992	0.134329632799999987
5263140000	-0.0274615890999999994	0.135649355100000008
5263160000	-0.0301717786999999987	0.136407447600000009
5263180000	-0.0246818217999999999	0.134261507899999993
5263200000	-0.0244542711999999988	0.137010535699999991
5263220000	-0.0256555499999999992	0.136550214499999989
5263240000	-0.0269622010000000016	0.136515047299999998
5263260000	-0.0303823533999999992	0.140852687700000007
5263280000	-0.022468013299999999	0.134646806199999997
5263300000	-0.0229612195000000012	0.13340545849999999
5263320000	-0.0233744681000000003	0.135154759699999988
5263340000	-0.0250795148999999988	0.137024992099999993
5263360000	-0.0225989280999999986	0.132942182699999994
5263380000	-0.0185332988000000004	0.136432577199999988
5263400000	-0.0203675339999999996	0.132885202400000013
5263420000	-0.0210336493999999999	0.136616151999999991
5263440000	-0.0192000781000000002	0.134721239200000009
5263460000	-0.0182080573000000003	0.139422975300000002
5263480000	-0.0151587291000000006	0.13460890410000001
5263500000	-0.0111538868999999999	0.1374071184
5263520000	-0.0162502710000000002	0.140369361800000009
5263540000	-0.0123322069999999995	0.136335626500000001
5263560000	-0.0164242606999999985	0.138744483400000007
5263580000	-0.0116911373999999992	0.138185864200000008
5263600000	-0.0113777840000000002	0.139053757400000005
5263620000	-0.0106771729999999999	0.136400084899999996
5263640000	-0.0125194807999999998	0.135542230600000008
5263660000	-0.00618030839999999995	0.140395871000000005
5263680000	-0.0117302267000000005	0.137573029200000002
5263700000	-0.0104569512999999996	0.1380336385
5263720000	-0.00995258310000000056	0.138570680899999993
5263740000	-0.00734302149999999966	0.137062577800000002
5263760000	-0.0071454092000000002	0.139813045500000011
5263780000	-0.00871013590000000067	0.135927633500000006
5263800000	-0.00226932020000000009	0.135420133500000012
5263820000	-0.00744599980000000029	0.138715587899999993
5263840000	-0.00576948359999999993	0.139246718299999989
5263860000	-0.00563159169999999983	0.138259111900000009
5263880000	-0.00366446469999999989	0.135078601100000001
5263900000	3.69840000000000003e-06	0.137449520900000011
5263920000	-0.00332491580000000017	0.131492592999999991
5263940000	-0.00185932510000000003	0.138393561800000009
5263960000	-0.0032595256999999999	0.138690227400000005
5263980000	0.000174464499999999996	0.138765744999999996
5264000000	-0.000682608900000000003	0.138169505199999987
5264020000	0.000309295399999999986	0.138855095600000006
5264040000	-0.000107183500000000001	0.13632743659999999
5264060000	0.000897363299999999974	0.136242314199999992
5264080000	0.00247610929999999988	0.139627001499999986
5264100000	0.00376899159999999995	0.137338404599999991
5264120000	0.0052709447999999999	0.135834948900000002
5264140000	0.0069351450999999998	0.136784551300000001
5264160000	0.00343820569999999997	0.137802946499999995
5264180000	0.0138133979999999993	0.137106724099999994
5264200000	0.00916990330000000062	0.137711642800000006
5264220000	0.00744532439999999983	0.135706362800000008
5264240000	0.00770622129999999975	0.139857937399999993
5264260000	0.0110278531000000003	0.137234170200000005
5264280000	0.0104593619999999998	0.136989132799999996
5264300000	0.0115252993999999994	0.132886917800000004
5264320000	0.0149388327999999994	0.132434378999999991
5264340000	0.00770274250000000001	0.137938933900000005
5264360000	0.0143495875000000002	0.137496543599999993
5264380000	0.0154532984000000009	0.135214693299999994
5264400000	0.0139239470000000008	0.135667115799999988
5264420000	0.0132162748000000004	0.134104846
5264440000	0.0151059179999999994	0.139158991499999996
5264460000	0.016472832199999999	0.13751056519999999
5264480000	0.0181707966000000005	0.135854616799999994
5264500000	0.0176164866000000017	0.137071382800000002
5264520000	0.0149065724999999996	0.132576340300000012
5264540000	0.0210899174999999994	0.136022539299999995
5264560000	0.0219710598000000014	0.137696735600000009
5264580000	0.0207265350000000008	0.134527574399999988
5264600000	0.0239963181999999983	0.136012710499999995
5264620000	0.0231573992000000013	0.133179606000000006
5264640000	0.0268317947999999994	0.137389858199999992
5264660000	0.0223405565000000007	0.136105889199999996
5264680000	0.0207847268000000002	0.136521588400000005
5264700000	0.0240923375999999995	0.136533273399999988
5264720000	0.0221786749000000005	0.133191161499999988
5264740000	0.0265121209999999996	0.134406783000000002
5264760000	0.0237119840999999998	0.13059306879999999
5264780000	0.0276142514999999991	0.136994471300000004
5264800000	0.0304315248999999996	0.134894233899999993
5264820000	0.0272921207999999998	0.135499807700000002
5264840000	0.0314037205000000028	0.13404885259999999
5264860000	0.0273338207999999985	0.134065316999999989
5264880000	0.0302192662000000008	0.130560711100000004
5264900000	0.0326953514000000028	0.133072676700000003
5264920000	0.0290723366999999996	0.135787351499999986
5264940000	0.0350141947000000009	0.135522437299999993
5264960000	0.033864548199999997	0.133126490399999992
5264980000	0.035340166800000003	0.136308158799999996
5265000000	0.0405064507000000018	0.133148110300000011
5265020000	0.0349982402000000026	0.134050309099999987
5265040000	0.0339994872999999989	0.133442644700000002
5265060000	0.0358821958999999968	0.132256643300000004
5265080000	0.0341305770999999966	0.137965111000000001
5265100000	0.0378154309000000022	0.135408761500000002
5265120000	0.0376149205999999972	0.131044402799999987
5265140000	0.0424415555999999999	0.131545805999999987
5265160000	0.0399375704999999984	0.127746807500000004
5265180000	0.0431137340000000008	0.132215359300000002
5265200000	0.0423244634999999994	0.129276703999999992
5265220000	0.0411367315000000025	0.133928491199999999
5265240000	0.0432448611999999982	0.128566761400000007
5265260000	0.0442685565000000003	0.132271983600000004
5265280000	0.0454311493000000011	0.129862574400000014
5265300000	0.0432334699000000017	0.131560648000000002
5265320000	0.0445782116000000006	0.131414329999999996
5265340000	0.0484125118000000021	0.129818924899999993
5265360000	0.0470595294000000011	0.129844196699999997
5265380000	0.0447344320999999989	0.126849609400000007
5265400000	0.0471497650000000032	0.129637388599999986
5265420000	0.0514125812000000015	0.130628414199999987
5265440000	0.0525759495999999979	0.12744190620000001
5265460000	0.0473614357000000027	0.123149947999999995
5265480000	0.047832006500000003	0.127534465300000011
5265500000	0.0512557103	0.130742540299999987
5265520000	0.0540240635999999982	0.126189281600000008
5265540000	0.0530859710000000026	0.126630836800000007
5265560000	0.0534394597999999985	0.124021686399999997
5265580000	0.0505978778999999976	0.126282049199999996
5265600000	0.0568170552000000009	0.125829350400000012
5265620000	0.0522697806999999973	0.12618063169999999
5265640000	0.0559171799000000025	0.1246398799
5265660000	0.0606792854999999992	0.126219972600000008
5265680000	0.058971852800000002	0.124917233200000005
5265700000	0.0569075137999999967	0.124505905200000003
5265720000	0.0615745561999999982	0.12550543480000001
5265740000	0.060191176300000003	0.122770933200000001
5265760000	0.0542770814000000032	0.126129047599999988
5265780000	0.0630430572999999966	0.119157228099999998
5265800000	0.0589416249000000031	0.1236855496
5265820000	0.0600486661000000019	0.121974544500000004
5265840000	0.0615410072999999988	0.122791767499999996
5265860000	0.062674401099999999	0.122994748200000004
5265880000	0.0614018672000000015	0.121314090700000002
5265900000	0.0643205574000000058	0.120104214299999998
5265920000	0.0644633450999999996	0.118906211900000003
5265940000	0.0661602248999999948	0.124649689399999999
5265960000	0.0663064617999999939	0.120456954000000005
5265980000	0.066775972599999997	0.118514903099999999
5266000000	0.0663115746000000061	0.120752690300000007
5266020000	0.0675246221000000008	0.118356600000000006
5266040000	0.0671308037000000052	0.115655153400000002
5266060000	0.0694981333999999951	0.117959629299999993
5266080000	0.0696328268000000056	0.118559074599999995
5266100000	0.0707875627000000007	0.121155304599999999
5266120000	0.071435170800000003	0.114858660299999998
5266140000	0.0700766761999999932	0.116422785099999995
5266160000	0.0707579556999999998	0.115204557099999993
5266180000	0.0741978944000000057	0.117014873399999997
5266200000	0.0704735791999999972	0.119923511499999996
5266220000	0.0707710121000000025	0.117124775700000003
5266240000	0.0729816461000000055	0.111406997399999999
5266260000	0.0735114714000000002	0.115156995100000006
5266280000	0.0768300351999999936	0.116189865700000006
5266300000	0.0772890938	0.115834147200000001
5266320000	0.0774258815000000017	0.1140143453
5266340000	0.0799035874999999979	0.113049943299999997
5266360000	0.0780141101000000059	0.112446146699999999
5266380000	0.0786907287000000039	0.115644112199999996
5266400000	0.0783594130999999972	0.110336048199999995
5266420000	0.0838858058999999989	0.111439321600000002
5266440000	0.0787639802999999944	0.113534656600000006
5266460000	0.0847563820000000051	0.108189174700000001
5266480000	0.0789759071000000062	0.114446331700000001
5266500000	0.0817071724999999943	0.108378864699999994
5266520000	0.0826444238000000053	0.110567044000000003
5266540000	0.0834853878999999993	0.113487232699999996
5266560000	0.0809798939000000023	0.107823504099999995
5266580000	0.0840618669000000041	0.107243419300000004
5266600000	0.0844841491999999972	0.106326501899999995
5266620000	0.0871882172000000011	0.108378533599999993
5266640000	0.0856740509000000067	0.107814148600000007
5266660000	0.0873849572000000019	0.104581988599999995
5266680000	0.0881416586000000057	0.105356062799999997
5266700000	0.0853350058000000022	0.103240704399999994
5266720000	0.086853304199999995	0.110016569699999997
5266740000	0.089366464399999998	0.104648224400000003
5266760000	0.0877111832999999952	0.106183062600000003
5266780000	0.0873766963999999952	0.103727323600000004
5266800000	0.089323147699999994	0.1086819968
5266820000	0.0930134749000000038	0.101487197599999995
5266840000	0.0890724960999999954	0.104281672899999997
5266860000	0.0936042381000000007	0.103152833900000004
5266880000	0.0912396334000000059	0.101002303900000007
5266900000	0.0875158033000000002	0.0999733586000000063
5266920000	0.0878840813999999942	0.102016294100000002
5266940000	0.0953437698000000056	0.101310145000000004
5266960000	0.094448259100000001	0.0994867091999999953
5266980000	0.0929671340000000068	0.101060453800000005
5267000000	0.0965729178000000049	0.101519257799999998
5267020000	0.0939974660000000017	0.0983926346000000007
5267040000	0.0927695652000000009	0.0967608665000000007
5267060000	0.094874737099999995	0.0978771068999999966
5267080000	0.0971340376000000005	0.0983630483000000055
5267100000	0.0995479878999999956	0.097503026399999998
