# freq, I e Q
6210920000	0.115024728500000006	0.00991254840000000033
6210970000	0.121210602599999995	0.00484947950000000003
6211020000	0.115535021299999999	0.00560343830000000018
6211070000	0.117224882000000002	0.000107988399999999998
6211120000	0.115958885600000006	0.00175165629999999998
6211170000	0.117045727599999996	-0.00275465209999999983
6211220000	0.117180441999999996	-0.00237864900000000004
6211270000	0.112735578899999994	-0.00498459339999999997
6211320000	0.1148353025	-0.00626209579999999991
6211370000	0.113127534599999996	-0.00702426190000000027
6211420000	0.110747355899999997	-0.00985883299999999914
6211470000	0.113238618400000005	-0.0103895957000000004
6211520000	0.114254070900000004	-0.00877334589999999998
6211570000	0.1132886211	-0.0134427255000000006
6211620000	0.116054010499999999	-0.0167807199000000011
6211670000	0.1106194972	-0.0161432858000000005
6211720000	0.112696631899999997	-0.0201102836999999986
6211770000	0.117539395699999993	-0.0168779697999999999
6211820000	0.113263257699999995	-0.0206282365000000009
6211870000	0.115318491499999995	-0.0169118283999999987
6211920000	0.112646608699999998	-0.0212008651000000006
6211970000	0.110033197400000005	-0.0250609543999999983
6212020000	0.113757587300000004	-0.0275495572000000015
6212070000	0.110896278500000001	-0.0294804918000000013
6212120000	0.110032117499999998	-0.0279845545999999994
6212170000	0.114062703700000004	-0.0314363442000000007
6212220000	0.109636535600000001	-0.0303927015000000009
6212270000	0.107811928299999998	-0.0355132108000000002
6212320000	0.108353826599999994	-0.0321499531000000033
6212370000	0.107943479100000003	-0.0336031451999999967
6212420000	0.105111379899999996	-0.0370283256000000019
6212470000	0.103559911700000007	-0.0386300748999999985
6212520000	0.107672645100000006	-0.0376044352000000012
6212570000	0.109109290299999995	-0.0386626507999999966
6212620000	0.104874311100000006	-0.0409035951999999967
6212670000	0.1114023824	-0.0415738413999999987
6212720000	0.104076213599999995	-0.0430514556000000034
6212770000	0.1068563295	-0.0487856956999999994
6212820000	0.102671004799999993	-0.0456528757999999993
6212870000	0.103778110300000004	-0.0472559352000000016
6212920000	0.104478067100000002	-0.049914461799999997
6212970000	0.103618725499999995	-0.0511009252000000011
6213020000	0.100116622899999994	-0.0513377583000000012
6213070000	0.102331908599999993	-0.052199955800000003
6213120000	0.098932709100000002	-0.0511591351000000027
6213170000	0.1026929226	-0.0569650020000000007
6213220000	0.0992311248000000007	-0.0575427864999999983
6213270000	0.0983875304000000062	-0.0592129721999999983
6213320000	0.0997485892999999957	-0.0613990270000000019
6213370000	0.0976126788000000051	-0.060415745899999998
6213420000	0.0974241973999999955	-0.0623600755000000007
6213470000	0.0925784290999999981	-0.0633248852000000001
6213520000	0.0966008607999999935	-0.0654245118999999958
6213570000	0.0942079328000000049	-0.067055408900000002
6213620000	0.0907637384000000019	-0.0693769857999999989
6213670000	0.0937375245999999968	-0.0673524694000000035
6213720000	0.0942027101000000033	-0.0700804379999999949
6213770000	0.0911203862999999947	-0.0696784941000000019
6213820000	0.0913743407000000007	-0.071567152600000003
6213870000	0.0858789048999999971	-0.0725801429000000053
6213920000	0.0917205244000000031	-0.0753445011000000026
6213970000	0.0852645818000000028	-0.0763587388000000061
6214020000	0.0839998133000000036	-0.0703893837000000022
6214070000	0.0841121276000000029	-0.0741940608999999973
6214120000	0.0821170561000000021	-0.076522884200000002
6214170000	0.0859041157999999999	-0.0818852172999999933
6214220000	0.077054089199999995	-0.0801426196000000063
6214270000	0.0804678342000000046	-0.0809593878999999988
6214320000	0.0820943635999999977	-0.0831692601999999975
6214370000	0.0776579585999999933	-0.0803326253000000018
6214420000	0.0794978878	-0.0862788644000000021
6214470000	0.0730108745999999975	-0.0809091616999999957
6214520000	0.0771750724000000027	-0.0859587358999999995
6214570000	0.0723940141000000009	-0.087407308000000003
6214620000	0.0732012875999999979	-0.0860748045999999989
6214670000	0.0755449955000000034	-0.0866611580999999964
6214720000	0.0727141453000000049	-0.0880713909999999989
6214770000	0.0706209815999999935	-0.0920119969000000038
6214820000	0.0713640818000000066	-0.0916848917000000069
6214870000	0.0659607341000000014	-0.089097029499999994
6214920000	0.0689382456000000032	-0.0926633619999999991
6214970000	0.0663393337999999971	-0.093641225699999997
6215020000	0.0657822740000000017	-0.0937040450999999941
6215070000	0.0626489149999999995	-0.0962189058000000041
6215120000	0.0625645482999999947	-0.0934632618000000026
6215170000	0.0621673837000000021	-0.0965275364999999969
6215220000	0.0616256773000000008	-0.0952848346000000068
6215270000	0.0591331509000000005	-0.0951859077000000026
6215320000	0.0583819657000000033	-0.0979016028999999954
6215370000	0.0631496042999999951	-0.100552203300000004
6215420000	0.0548647548999999998	-0.0982332803000000032
6215470000	0.0537629421999999968	-0.101742391000000001
6215520000	0.0577426875000000006	-0.099977468599999994
6215570000	0.0489878808000000013	-0.099158237199999999
6215620000	0.0529304927999999994	-0.101843901900000006
6215670000	0.0485883206999999998	-0.104155161600000004
6215720000	0.044559292200000003	-0.101382994399999996
6215770000	0.0429946239000000008	-0.105351060900000001
6215820000	0.0474884627999999989	-0.1046879052
6215870000	0.0438486500000000029	-0.105533326100000005
6215920000	0.0409195109999999987	-0.108507019299999993
6215970000	0.0403792601000000015	-0.106360541599999997
6216020000	0.0410157641999999989	-0.107921048000000006
6216070000	0.0406474731999999991	-0.1071443641
6216120000	0.0386262320999999978	-0.111031437299999994
6216170000	0.0346032166000000002	-0.110711794899999993
6216220000	0.0338337442000000016	-0.108014541000000006
6216270000	0.0329255634000000033	-0.107588456599999993
6216320000	0.0302072409999999993	-0.111500080400000007
6216370000	0.0298546020000000009	-0.110343390499999999
6216420000	0.0292295612000000003	-0.111430444599999998
6216470000	0.0315740445999999966	-0.114878628299999994
6216520000	0.0244948226000000005	-0.110996559600000003
6216570000	0.0243159953000000005	-0.111234243400000002
6216620000	0.0236138580000000015	-0.111570155000000004
6216670000	0.0204297485000000008	-0.114069160200000005
6216720000	0.0200033932000000005	-0.114209498100000001
6216770000	0.0202459468999999989	-0.112693975700000004
6216820000	0.0170449553000000011	-0.117817040600000006
6216870000	0.0127481186000000003	-0.115067076500000004
6216920000	0.0164526971000000001	-0.114089556699999997
6216970000	0.0131131662999999996	-0.117930895600000002
6217020000	0.0137884858999999995	-0.117268859599999997
6217070000	0.0103138032000000008	-0.114347445399999997
6217120000	0.0116637085999999994	-0.115846395300000002
6217170000	0.0113624442000000003	-0.116361672799999996
6217220000	0.00305315100000000004	-0.113885086499999996
6217270000	0.00357201810000000019	-0.113087081399999997
6217320000	0.00199760349999999988	-0.119076357800000004
6217370000	0.0038531364000000002	-0.118521221100000004
6217420000	0.00135881590000000007	-0.114856312299999999
6217470000	-0.00395982240000000013	-0.116813154099999997
6217520000	0.00224308919999999983	-0.117704944899999997
6217570000	0.000666781399999999999	-0.112750221499999997
6217620000	-0.00657830160000000014	-0.116086578699999998
6217670000	-0.0048821508999999999	-0.116014924000000005
6217720000	-0.00751551949999999976	-0.115316355300000006
6217770000	-0.00918612279999999996	-0.115420960899999994
6217820000	-0.00779500739999999977	-0.112225335999999995
6217870000	-0.00820173289999999965	-0.117454563400000003
6217920000	-0.0130490306000000007	-0.118861336499999998
6217970000	-0.0162000188000000003	-0.117540049600000002
6218020000	-0.0141823980000000006	-0.113308562599999996
6218070000	-0.0180766693000000006	-0.113234933199999999
6218120000	-0.0177080696999999988	-0.111980178599999994
6218170000	-0.0175858561999999996	-0.112973046699999996
6218220000	-0.0222635025000000007	-0.110294784399999998
6218270000	-0.0204349469999999984	-0.112366712600000002
6218320000	-0.0268111021000000012	-0.114604105100000006
6218370000	-0.0274923445000000016	-0.114616031399999999
6218420000	-0.0272329554999999994	-0.112870250599999999
6218470000	-0.0275886524000000001	-0.112467770999999994
6218520000	-0.031206508899999999	-0.112682570800000006
6218570000	-0.0302182598000000011	-0.108881832900000003
6218620000	-0.0361024277000000018	-0.110727122499999997
6218670000	-0.032284359399999997	-0.109776235200000002
6218720000	-0.0307916035000000005	-0.111329535499999993
6218770000	-0.0345037341999999969	-0.105692944400000002
6218820000	-0.0370124459999999975	-0.109148370999999994
6218870000	-0.0406780028000000016	-0.108503878200000001
6218920000	-0.0413293409999999986	-0.111541432600000004
6218970000	-0.0422678291000000012	-0.107446820600000006
6219020000	-0.0433761506999999977	-0.110588175900000002
6219070000	-0.0457175540000000005	-0.106040931300000002
6219120000	-0.0458223333999999982	-0.104128876300000006
6219170000	-0.0482189874999999976	-0.1056259586
6219220000	-0.0462924924999999973	-0.101000627699999998
6219270000	-0.0502991175999999984	-0.105442493600000006
6219320000	-0.0515900653000000015	-0.102523265500000002
6219370000	-0.0522979734000000029	-0.104398458400000005
6219420000	-0.0550635272999999981	-0.1020916397
6219470000	-0.0579369602999999997	-0.101759689400000006
6219520000	-0.0565993949000000024	-0.100201345999999997
6219570000	-0.0583106644999999979	-0.101263967400000002
6219620000	-0.0589529457000000021	-0.0999096502999999997
6219670000	-0.0610861619999999994	-0.0979281751000000006
6219720000	-0.0655459449999999944	-0.0940083847999999972
6219770000	-0.065626381999999997	-0.0967227964000000051
6219820000	-0.0647524520999999964	-0.0943275447000000017
6219870000	-0.0626203793000000009	-0.096470654599999997
6219920000	-0.0675461950999999977	-0.0935020332999999954
6219970000	-0.0669302744999999977	-0.0949862186999999997
6220020000	-0.0710840707000000016	-0.0905686396000000005
6220070000	-0.0679277893999999938	-0.091485533899999999
6220120000	-0.0723184441999999983	-0.0908608335999999961
6220170000	-0.0683055107999999966	-0.0910274964000000048
6220220000	-0.0735982990000000059	-0.0864507122999999961
6220270000	-0.0740691727999999994	-0.0860997029000000053
6220320000	-0.077094892799999995	-0.0915125023000000065
6220370000	-0.0765731827000000059	-0.0876266673999999968
6220420000	-0.0804618802000000022	-0.0868471408999999944
6220470000	-0.0829924442999999956	-0.0817772430999999939
6220520000	-0.0793378572999999948	-0.0862668973000000061
6220570000	-0.0828376388000000019	-0.0843572704999999978
6220620000	-0.0838662594999999983	-0.0847321880999999943
6220670000	-0.0857068878000000062	-0.0829656827000000013
6220720000	-0.082442277199999997	-0.0792558002999999983
6220770000	-0.0880610126999999965	-0.0819653558999999948
6220820000	-0.0849953137999999997	-0.0765644627999999966
6220870000	-0.0877571095999999939	-0.0721798359999999972
6220920000	-0.0886792346000000037	-0.0724834265000000033
6220970000	-0.0929554984000000029	-0.0708244838999999987
6221020000	-0.0902538622000000068	-0.0713831558999999949
6221070000	-0.0874638268000000052	-0.0734356939000000014
6221120000	-0.0927085584999999962	-0.0698898196999999943
6221170000	-0.0926953833000000033	-0.0694472589999999973
6221220000	-0.0948052811999999939	-0.0694950800000000007
6221270000	-0.0938063556999999965	-0.0636279852000000007
6221320000	-0.0965380279000000036	-0.0685528006999999995
6221370000	-0.0976887594000000054	-0.067653846099999998
6221420000	-0.0964886132999999979	-0.0630004915000000054
6221470000	-0.0965944524999999971	-0.0611711455999999973
6221520000	-0.0981828884999999957	-0.0615553344000000016
6221570000	-0.0984073351000000068	-0.0596361715000000014
6221620000	-0.100270904100000002	-0.0556769708999999974
6221670000	-0.0978734948000000021	-0.0562636401999999994
6221720000	-0.101266525800000007	-0.0571504676999999989
6221770000	-0.104021447500000003	-0.051478339900000003
6221820000	-0.102669598400000006	-0.0520695222999999971
6221870000	-0.102159316799999997	-0.0519168823000000015
6221920000	-0.103127356700000006	-0.0524170033000000007
6221970000	-0.107633132800000003	-0.0511027519
6222020000	-0.108547795099999997	-0.0491737357999999999
6222070000	-0.106365334199999995	-0.0456215631999999996
6222120000	-0.105574148199999995	-0.047462383599999998
6222170000	-0.106526518700000003	-0.0474472702000000024
6222220000	-0.107397945699999997	-0.0470565327000000005
6222270000	-0.109152190999999996	-0.0435381369999999976
6222320000	-0.111701530199999996	-0.0390623047000000015
6222370000	-0.109900711999999998	-0.0408296345000000033
6222420000	-0.110537564000000005	-0.0374648086999999977
6222470000	-0.110985247600000003	-0.0380293255000000024
6222520000	-0.1148327247	-0.036743396400000003
6222570000	-0.110604420100000003	-0.0335027447999999978
6222620000	-0.115600473300000006	-0.0362953659000000012
6222670000	-0.112196064200000001	-0.0304023110999999992
6222720000	-0.114815058499999997	-0.0328887178000000016
6222770000	-0.115602560199999996	-0.0297018757000000015
6222820000	-0.117381638299999994	-0.0303448177999999999
6222870000	-0.117599777899999994	-0.0253026841000000002
6222920000	-0.115769059499999993	-0.0289658037999999986
6222970000	-0.110424833200000003	-0.0225344222000000011
6223020000	-0.113358854100000003	-0.0242145050000000008
6223070000	-0.112413253399999996	-0.0187622903999999993
6223120000	-0.114310066900000007	-0.0174507381999999996
6223170000	-0.116462927499999994	-0.0175267402000000017
6223220000	-0.117289981700000004	-0.0168404878999999993
6223270000	-0.116528169500000001	-0.0124101265000000002
6223320000	-0.116534387599999997	-0.0121765812999999994
6223370000	-0.115867878999999993	-0.00936853290000000047
6223420000	-0.118387242599999998	-0.0126781590999999992
6223470000	-0.118436454900000002	-0.00816712969999999934
6223520000	-0.121315693799999999	-0.0100897075999999992
6223570000	-0.117761579599999999	-0.00586148460000000034
6223620000	-0.119293709499999998	-0.00343258399999999981
6223670000	-0.117590760000000003	-0.000169060099999999991
6223720000	-0.119330452000000004	-0.000991177800000000043
6223770000	-0.118244775600000004	-0.000459167800000000019
6223820000	-0.114312996799999997	-0.00244923029999999983
6223870000	-0.120814198499999997	0.00413837860000000005
6223920000	-0.117882431800000007	0.00521072850000000014
6223970000	-0.120166926899999998	0.00828511130000000005
6224020000	-0.116471443100000002	0.00922062119999999923
6224070000	-0.115018064399999995	0.00529955379999999966
6224120000	-0.117549263400000006	0.0117043721000000007
6224170000	-0.115767396100000003	0.0103773879999999995
6224220000	-0.1189963084	0.0116292494999999992
6224270000	-0.117186130799999996	0.0150741007000000007
6224320000	-0.122040793800000005	0.016216054399999999
6224370000	-0.117507542300000004	0.021817154200000001
6224420000	-0.116194120200000001	0.0185775476999999987
6224470000	-0.117319150999999997	0.0192403446999999984
6224520000	-0.115146825999999994	0.0201117097999999987
6224570000	-0.114678835199999996	0.0249631317999999998
6224620000	-0.114529362600000004	0.0274228018000000004
6224670000	-0.113194529099999996	0.0259555053000000008
6224720000	-0.113689346999999996	0.0245290713
6224770000	-0.115305816199999994	0.0274543384000000001
6224820000	-0.117300770299999996	0.0309348049999999992
6224870000	-0.116550124899999996	0.0372612067000000005
6224920000	-0.115689593499999993	0.0344186600999999981
6224970000	-0.113360163299999997	0.0341794371000000013
6225020000	-0.113485246299999995	0.0334484653000000007
6225070000	-0.112938441700000003	0.0401672723000000009
6225120000	-0.112698734499999995	0.0372233939999999999
6225170000	-0.1120838579	0.0403209871999999983
6225220000	-0.109981193899999996	0.0411947879000000017
6225270000	-0.110187799200000006	0.0410495866000000001
6225320000	-0.110460991300000005	0.0472380208999999968
6225370000	-0.113741601600000006	0.0493901196999999986
6225420000	-0.109541932600000003	0.0487283634000000021
6225470000	-0.104624056100000001	0.0483642453999999986
6225520000	-0.109928013500000005	0.0530441832999999988
6225570000	-0.104062363800000002	0.0534149085999999981
6225620000	-0.105894029400000006	0.0550228498999999968
6225670000	-0.104720547499999997	0.0554363206999999997
6225720000	-0.108849926499999999	0.0523429394999999978
6225770000	-0.102903685600000003	0.0536993473999999998
6225820000	-0.103516495400000005	0.0591611491999999989
6225870000	-0.104599244899999999	0.0564994886000000016
6225920000	-0.103306689699999996	0.0599338347000000007
6225970000	-0.0998569962000000061	0.0608852674999999996
6226020000	-0.100134497399999994	0.0625121062999999949
6226070000	-0.0987980806000000045	0.0632667362000000066
6226120000	-0.0962538960000000055	0.0651100425000000066
6226170000	-0.0989115223999999932	0.067427554400000006
6226220000	-0.0973493368999999997	0.0689845709999999945
6226270000	-0.0960200576999999944	0.073877919799999997
6226320000	-0.0944795105000000024	0.0709380396999999968
6226370000	-0.0924754804999999985	0.0715719588000000018
6226420000	-0.0952282388999999979	0.0701255759000000006
6226470000	-0.0934680321999999952	0.0736443237000000001
6226520000	-0.0902827922000000033	0.0745365419999999973
6226570000	-0.093512586100000003	0.0771053996999999935
6226620000	-0.092710279399999998	0.077580797300000004
6226670000	-0.0865153926999999989	0.0813908512999999972
6226720000	-0.0872005020999999936	0.0800364853000000015
6226770000	-0.0859245495000000026	0.0802188363999999932
6226820000	-0.0861867629000000052	0.0794770129999999991
6226870000	-0.0892214842000000063	0.0814538052000000068
6226920000	-0.0861312397000000007	0.0865750881999999972
6226970000	-0.0842488541000000063	0.0855771223999999969
6227020000	-0.0841747599000000069	0.0885927272999999932
6227070000	-0.0826074687000000057	0.0883288076000000033
6227120000	-0.0832099362999999953	0.0862527629000000018
6227170000	-0.0769350275999999972	0.0876189178000000013
6227220000	-0.0774717746000000013	0.0909433691000000044
6227270000	-0.0742387969000000009	0.0948533287999999974
6227320000	-0.0793970892000000067	0.0958708063999999943
6227370000	-0.0714032504000000068	0.092345360200000004
6227420000	-0.0707017228999999997	0.0924733155999999945
6227470000	-0.072394047000000003	0.0978973077999999997
6227520000	-0.0729437503999999931	0.0978336013999999976
6227570000	-0.0721095910000000007	0.0966020773000000055
6227620000	-0.0696128678000000056	0.100412040600000002
6227670000	-0.0657425531000000035	0.096964985399999995
6227720000	-0.0649358153000000049	0.101882500400000006
6227770000	-0.065987233199999995	0.104123665500000004
6227820000	-0.0601418364000000025	0.097182178300000005
6227870000	-0.0599816177000000034	0.101234796000000002
6227920000	-0.061354500200000002	0.1026692778
6227970000	-0.0578435367999999978	0.105225624200000006
6228020000	-0.0584214296999999994	0.106756378900000004
6228070000	-0.054879452799999999	0.106107777200000003
6228120000	-0.0567587179999999997	0.106453955500000003
6228170000	-0.0570077360999999977	0.112052622000000004
6228220000	-0.0542262144000000001	0.107371391900000002
6228270000	-0.0525764628000000012	0.110302014399999995
6228320000	-0.0508332865999999994	0.113055523099999999
6228370000	-0.0490617241000000023	0.111429299100000004
6228420000	-0.0474278885000000011	0.113048824500000006
6228470000	-0.0467744876999999989	0.112247672000000007
6228520000	-0.0453853777	0.112356698800000002
6228570000	-0.0400929734000000024	0.1125759234
6228620000	-0.0416669157000000012	0.117569214899999996
6228670000	-0.0426574362000000026	0.113511665400000003
6228720000	-0.0444440156999999988	0.114296826899999995
6228770000	-0.0399435278000000032	0.113848327599999993
6228820000	-0.0402789243999999991	0.113461679999999995
6228870000	-0.0361562111000000019	0.114615896499999995
6228920000	-0.0340278982999999979	0.116652091900000004
6228970000	-0.0335866746999999993	0.115160913700000006
6229020000	-0.0306245823999999993	0.1177409975
6229070000	-0.0325270177000000008	0.116542694299999999
6229120000	-0.0262599297000000002	0.119677984400000006
6229170000	-0.0279273472000000009	0.122086449799999996
6229220000	-0.0224863678999999983	0.117553554599999999
6229270000	-0.024164781199999999	0.118238338100000007
6229320000	-0.0224328404000000009	0.120486133600000003
6229370000	-0.0200220147000000001	0.120274433400000005
6229420000	-0.0205582794999999985	0.119783699699999996
6229470000	-0.0166874156999999995	0.120398641099999995
6229520000	-0.0141259278999999998	0.119653574799999995
6229570000	-0.0158864727000000011	0.123595421299999994
6229620000	-0.0136052264999999995	0.122277143500000005
6229670000	-0.0101292238	0.124837985700000001
6229720000	-0.0105040493999999998	0.120730210199999993
6229770000	-0.0065700645000000002	0.118789110500000003
6229820000	-0.0114120994999999999	0.124666050200000003
6229870000	-0.00179069660000000003	0.123271527699999994
6229920000	-0.00117629010000000001	0.122193152499999999
6229970000	-0.00204786940000000004	0.124945789500000001
6230020000	-0.000204341800000000002	0.123485860099999997
6230070000	0.00332696099999999981	0.122317117000000003
6230120000	0.00165558150000000011	0.120419189300000007
6230170000	0.00587991169999999962	0.123419847700000002
6230220000	0.00508626099999999991	0.123360524700000002
6230270000	0.00352915440000000019	0.121059693299999993
6230320000	0.00796653859999999978	0.122550412900000003
6230370000	0.00960549169999999966	0.122014998799999996
6230420000	0.00883011570000000016	0.121589395700000005
6230470000	0.0111923496999999997	0.120246918499999994
6230520000	0.0175426469000000002	0.1228418644
6230570000	0.0171514618000000001	0.118176531200000004
6230620000	0.0210636964000000017	0.124341300299999999
6230670000	0.0161562500999999983	0.121430260999999998
6230720000	0.0232388785999999986	0.123318598299999999
6230770000	0.0240219326000000004	0.121065356999999998
6230820000	0.0281955452000000016	0.121374106499999995
6230870000	0.0276464041999999986	0.121213348700000001
6230920000	0.0251565135000000016	0.122373754799999998
6230970000	0.0286564893000000008	0.123081169700000007
6231020000	0.0334819693999999987	0.122599160900000004
6231070000	0.034373138999999997	0.121886346899999998
6231120000	0.0323004148000000033	0.115671209699999999
6231170000	0.0346562710999999968	0.120398701100000005
6231220000	0.038806175200000001	0.118042386499999999
6231270000	0.0394791176999999965	0.117000797599999998
6231320000	0.0424283635999999978	0.1162229808
6231370000	0.0417184260000000029	0.115832493300000006
6231420000	0.0426461637999999976	0.115879067399999994
6231470000	0.0424485975999999987	0.117430216399999995
6231520000	0.0448633365000000034	0.112515569800000007
6231570000	0.0481616938999999966	0.1136791947
6231620000	0.0481471599	0.114974213500000005
6231670000	0.0483589481000000002	0.113742359000000001
6231720000	0.0557350169000000034	0.113830455699999999
6231770000	0.0553830230000000034	0.112428997500000002
6231820000	0.0584979918000000029	0.112162159499999997
6231870000	0.0558541685999999968	0.111662730500000001
6231920000	0.0602149784000000007	0.1099534821
6231970000	0.0598438224000000032	0.109959649600000001
6232020000	0.0614402444999999978	0.108433666999999997
6232070000	0.0639646997999999967	0.108773285299999994
6232120000	0.0670330611999999937	0.109176007500000005
6232170000	0.0655895620999999984	0.106542823999999994
6232220000	0.0661845848000000014	0.101847036899999993
6232270000	0.070069039700000002	0.104235114000000004
6232320000	0.0695019177999999932	0.105224567500000005
6232370000	0.0709688291999999998	0.103197936500000004
6232420000	0.0752314121000000058	0.103646972300000001
6232470000	0.0766111889999999962	0.0998437367000000048
6232520000	0.0777442443999999955	0.100738631999999995
6232570000	0.0788042583999999935	0.0985556644000000065
6232620000	0.0777017497000000029	0.0973164584999999943
6232670000	0.0808709766000000052	0.0988399610999999984
6232720000	0.0824390202999999988	0.096358914599999998
6232770000	0.0843231767000000021	0.0916393791999999957
6232820000	0.0843922710000000048	0.0952150571000000001
6232870000	0.0894314811999999959	0.0931301429999999986
6232920000	0.091210645600000001	0.0926538717999999956
6232970000	0.0890829870999999968	0.0922098461000000064
6233020000	0.0912402570999999996	0.0890800729000000013
6233070000	0.0943787606000000001	0.0907156917999999979
6233120000	0.094124904199999998	0.0899877491000000002
6233170000	0.095349030200000004	0.0822744913999999966
6233220000	0.0966641621000000062	0.083543924699999994
6233270000	0.0957084715999999974	0.0825648300000000057
6233320000	0.0948001895000000067	0.0809176055999999977
6233370000	0.1015660808	0.0801690682999999932
6233420000	0.103126645099999997	0.082452180299999997
6233470000	0.103529607100000004	0.0742766123000000028
6233520000	0.104212507100000004	0.0754455992999999991
6233570000	0.102826499000000002	0.0735883175999999944
6233620000	0.102341945099999998	0.0733359413999999932
6233670000	0.104756594699999997	0.0694016679000000053
6233720000	0.1104207787	0.0685949995999999979
6233770000	0.107757465999999996	0.0718397818999999965
6233820000	0.111445232699999994	0.0655052688999999966
6233870000	0.108300185100000002	0.0653925407000000014
6233920000	0.111619856200000006	0.0618304743000000004
6233970000	0.114912927400000003	0.0611147265000000009
6234020000	0.114881672300000001	0.0605584821999999995
6234070000	0.117070591700000004	0.059709652600000003
6234120000	0.111498577000000001	0.0578366999999999978
6234170000	0.119057314100000006	0.0540050587999999984
6234220000	0.121966553899999997	0.0540575662999999984
6234270000	0.118230979200000003	0.0479715601999999991
6234320000	0.120507645499999996	0.047348551099999997
6234370000	0.121593803900000005	0.0462696007000000034
6234420000	0.122764370799999994	0.0443734106999999975
6234470000	0.12527104180000001	0.0389772144000000015
6234520000	0.123463475899999994	0.0352025498000000034
6234570000	0.126272884000000002	0.0356007883999999997
6234620000	0.127001159000000002	0.0328745698999999975
6234670000	0.129809826699999992	0.0309943904999999999
6234720000	0.128235023899999995	0.0273644146000000012
6234770000	0.128884009299999991	0.0264903452000000011
6234820000	0.130761604000000004	0.0239052342000000001
6234870000	0.128091073700000002	0.0213553434999999986
6234920000	0.127307233500000005	0.0151731556999999996
6234970000	0.131003851300000002	0.0156391726000000009
6235020000	0.131361184900000011	0.00869009710000000039
6235070000	0.1299654794	0.00452782540000000022
6235120000	0.133822835599999995	0.00140894749999999997
6235170000	0.129915053400000008	-0.00838947680000000015
6235220000	0.127971481999999998	-0.00932612849999999924
6235270000	0.12684712070000001	-0.0201648344000000014
6235320000	0.124835134599999995	-0.0219779327999999989
6235370000	0.121145121699999997	-0.031666505999999997
6235420000	0.110060404200000003	-0.0387809134999999999
6235470000	0.101554151300000006	-0.0461864962999999976
6235520000	0.0951305781999999961	-0.0451441668000000032
6235570000	0.0826967445000000023	-0.0512410333000000023
6235620000	0.0682688540999999982	-0.0488340692999999978
6235670000	0.0475270330999999976	-0.0475902476000000033
6235720000	0.0381668234000000009	-0.0339534605999999989
6235770000	0.0302350462000000007	-0.0132809582999999995
6235820000	0.0311416651000000003	0.000848382500000000018
6235870000	0.0345290077000000029	0.0147603720000000008
6235920000	0.0385037479999999974	0.0231677290999999994
6235970000	0.0485488878000000026	0.0342854760000000022
6236020000	0.0578176136999999993	0.0355980016999999996
6236070000	0.0655322802999999954	0.0407331525000000014
6236120000	0.0753007668999999963	0.0411117698000000031
6236170000	0.0838358227000000067	0.0382903335000000025
6236220000	0.0885358915000000052	0.0350214361999999987
6236270000	0.0927412697000000036	0.0359131677999999996
6236320000	0.0949142721000000023	0.0357813513
6236370000	0.0965017935000000021	0.0341430692000000008
6236420000	0.102202427999999998	0.0300632205999999992
6236470000	0.102926751100000005	0.0225264091999999999
6236520000	0.105108668299999999	0.0258496543000000002
6236570000	0.107301845199999996	0.0245973604999999984
6236620000	0.110282017900000001	0.0190687943000000006
6236670000	0.109299211699999996	0.0126175096
6236720000	0.114025874499999999	0.0135596528000000004
6236770000	0.115813317499999999	0.0124394133000000004
6236820000	0.115409836200000004	0.0113549814999999998
6236870000	0.116362104499999994	0.00866255749999999929
6236920000	0.119793190600000002	0.00470170839999999989
6236970000	0.116902148499999997	0.0045192187999999996
6237020000	0.115619437500000005	-0.00451765900000000026
6237070000	0.116465833800000002	-0.000374283700000000016
6237120000	0.117248540200000001	-0.00261266809999999988
6237170000	0.122539515000000002	-0.00512394989999999991
6237220000	0.120389014700000005	-0.00792908919999999948
6237270000	0.124775300699999994	-0.00689185609999999962
6237320000	0.119798507400000004	-0.0128391589999999993
6237370000	0.121152944200000001	-0.0166284569000000014
6237420000	0.1214524726	-0.0174844203000000011
6237470000	0.116625020199999999	-0.0147516256999999998
6237520000	0.123235752800000001	-0.0184196296999999988
6237570000	0.120342632099999999	-0.0236313902999999992
6237620000	0.118294827399999997	-0.0244983967000000011
6237670000	0.119436637600000006	-0.0241705793000000016
6237720000	0.121796102500000003	-0.0294673694999999999
6237770000	0.122752358000000006	-0.0274364534999999993
6237820000	0.122205118000000001	-0.0284487263000000011
6237870000	0.119519970099999998	-0.0365049082999999996
6237920000	0.118668991900000007	-0.0370607295000000003
6237970000	0.118971146	-0.0379572171000000028
6238020000	0.1172451682	-0.0396780852999999989
6238070000	0.117528193000000003	-0.0398845186000000018
6238120000	0.117675196300000007	-0.0437324400999999988
6238170000	0.116782306200000005	-0.0416798178999999991
6238220000	0.116890123999999998	-0.0457126947000000006
6238270000	0.116533638100000003	-0.0489301154000000016
6238320000	0.115662635200000002	-0.0486885948999999998
6238370000	0.114691247299999993	-0.0531131029000000005
6238420000	0.113860359600000002	-0.0501269413999999996
6238470000	0.114689970000000002	-0.0513710663999999984
6238520000	0.112152483999999997	-0.0542881636000000015
6238570000	0.110996466899999993	-0.0565970723000000023
6238620000	0.113919379799999998	-0.0620627300999999978
6238670000	0.109875321100000006	-0.0609685296000000015
6238720000	0.114480679299999999	-0.0619270561000000025
6238770000	0.110625623500000006	-0.0643673978999999979
6238820000	0.113605071899999993	-0.0670872131999999954
6238870000	0.107985167399999998	-0.0700469942999999984
6238920000	0.107294295600000006	-0.0690632793999999967
6238970000	0.107350865200000006	-0.0714362634999999996
6239020000	0.103713408800000004	-0.0731045159
6239070000	0.103294240699999998	-0.0763537075000000065
6239120000	0.104023332499999996	-0.0728439934000000011
6239170000	0.104836249000000006	-0.0768228616999999947
6239220000	0.101029863499999997	-0.0774113512000000059
6239270000	0.0957731688999999969	-0.074795296799999994
6239320000	0.100457272700000003	-0.079787670000000005
6239370000	0.099921553199999999	-0.0816626778999999942
6239420000	0.0933451899999999946	-0.0826575726000000066
6239470000	0.0945100363000000027	-0.0858011047000000054
6239520000	0.0950209813999999958	-0.0856309224999999979
6239570000	0.091657930700000001	-0.0838318863999999997
6239620000	0.0927641716999999949	-0.0878873929999999942
6239670000	0.0919371776999999973	-0.091994230199999999
6239720000	0.0926401887000000007	-0.0933847522000000041
6239770000	0.0874688921000000008	-0.089149274099999995
6239820000	0.0919749787000000013	-0.0891651828000000063
6239870000	0.0893668982999999972	-0.0928026098000000049
6239920000	0.0884437195999999981	-0.0958385397999999972
6239970000	0.0835882934999999938	-0.0949763086999999978
6240020000	0.0841322018000000005	-0.101347885099999993
6240070000	0.0845741017000000012	-0.103351366700000002
6240120000	0.0815968455000000009	-0.0992469205999999965
6240170000	0.0765641328999999982	-0.100762170700000001
6240220000	0.080112864899999997	-0.102496462900000002
6240270000	0.0760958733000000054	-0.102984116799999997
6240320000	0.0790127704000000014	-0.1090507795
6240370000	0.0726867724999999965	-0.101653693000000003
6240420000	0.0707987763000000048	-0.108945750600000002
6240470000	0.0699846853000000019	-0.107285349200000005
6240520000	0.0697816727999999997	-0.108969580299999994
6240570000	0.0690348172999999954	-0.106358864299999994
6240620000	0.0687614968999999965	-0.108914133699999999
6240670000	0.0665962714000000039	-0.1104857635
6240720000	0.063820633700000004	-0.113518590899999994
6240770000	0.0643949583999999936	-0.116744379100000004
6240820000	0.0637059385999999978	-0.115221628699999995
6240870000	0.0600786005000000026	-0.117624100600000003
6240920000	0.0555519756999999989	-0.115863555199999996
6240970000	0.0574893343000000001	-0.115197376700000007
6241020000	0.0545209119000000034	-0.117146775600000003
6241070000	0.0578510050999999983	-0.121729048899999998
6241120000	0.0546731168999999989	-0.120234365100000004
6241170000	0.0499278907999999993	-0.120090665299999996
6241220000	0.0484886294999999981	-0.119981154399999998
6241270000	0.0525081730999999996	-0.123154728500000005
6241320000	0.0470012464000000019	-0.123445598099999998
6241370000	0.0435023891999999981	-0.119988750899999996
6241420000	0.0476603866000000001	-0.123597391099999995
6241470000	0.0433617182999999976	-0.125947508000000014
6241520000	0.0419822513000000022	-0.128189212699999999
6241570000	0.038438176999999997	-0.12750719860000001
6241620000	0.0367404985999999975	-0.126453852100000014
6241670000	0.0350411721999999981	-0.128173540499999988
6241720000	0.0359981862999999985	-0.126660954900000011
6241770000	0.0278415088000000012	-0.126423880900000007
6241820000	0.0320580625999999994	-0.130984158900000008
6241870000	0.0262631826000000006	-0.13042197920000001
6241920000	0.0291350372999999996	-0.129851943599999992
6241970000	0.0260718275999999999	-0.133735367399999999
6242020000	0.0268367008999999997	-0.13203488699999999
6242070000	0.020402463400000001	-0.133976088500000007
6242120000	0.0232065805999999986	-0.133789663100000011
6242170000	0.0179244326000000016	-0.131914457099999993
6242220000	0.0193394638000000015	-0.134733063399999992
6242270000	0.0145196396000000002	-0.131739928400000011
6242320000	0.0138337983999999997	-0.130644675500000002
6242370000	0.0107894428000000001	-0.131252948799999991
6242420000	0.0106985837	-0.131967221500000009
6242470000	0.00291238420000000013	-0.131143969199999988
6242520000	0.00714930019999999999	-0.133365083800000006
6242570000	0.00423200539999999976	-0.132333305200000001
6242620000	0.00342921090000000012	-0.134712698600000014
6242670000	0.000921153899999999949	-0.137196722999999993
6242720000	-0.00216145510000000009	-0.132847386399999989
6242770000	-0.00388364730000000016	-0.133661261400000009
6242820000	-0.00325340099999999995	-0.133029615800000001
6242870000	-0.00403489780000000024	-0.132031624099999995
6242920000	-0.0051815298999999997	-0.130710021499999995
6242970000	-0.0103343849000000002	-0.136368905000000012
6243020000	-0.00926091820000000086	-0.130722102499999993
6243070000	-0.0130420441000000005	-0.135131550999999989
6243120000	-0.0152176141000000004	-0.133080324700000002
6243170000	-0.0134518850999999998	-0.130200527399999988
6243220000	-0.0195463267999999996	-0.132211085000000006
6243270000	-0.0212720984000000016	-0.13005399849999999
6243320000	-0.0195109400000000009	-0.134274459499999999
6243370000	-0.0251171060000000002	-0.135819369800000006
6243420000	-0.0272121305000000008	-0.128624094999999994
6243470000	-0.0277186154999999983	-0.131844682200000007
6243520000	-0.029948638100000001	-0.13077686899999999
6243570000	-0.0278698359999999985	-0.131280021100000005
6243620000	-0.030466314500000001	-0.133329952899999993
6243670000	-0.0359288337000000027	-0.1329552705
6243720000	-0.0371403422000000025	-0.13462741310000001
6243770000	-0.039508551900000001	-0.133881306100000014
6243820000	-0.0421270574000000009	-0.131826434900000011
6243870000	-0.039947663500000001	-0.124112838599999997
6243920000	-0.0444586588000000019	-0.129164384500000007
6243970000	-0.044768926399999999	-0.129139237099999998
6244020000	-0.0486625722999999982	-0.126867255000000012
6244070000	-0.0498652124999999988	-0.126835372700000004
6244120000	-0.0496329070999999983	-0.1246769197
6244170000	-0.0518060483999999988	-0.122986006800000006
6244220000	-0.0516714928999999976	-0.124614857699999998
6244270000	-0.0539018875000000022	-0.126140614499999998
6244320000	-0.0539259825999999984	-0.125565852799999988
6244370000	-0.0559860910000000017	-0.123801935799999999
6244420000	-0.0620075144999999994	-0.122574020199999995
6244470000	-0.0569392088000000018	-0.122056627599999995
6244520000	-0.0598145784999999999	-0.122155749300000005
6244570000	-0.0638897546999999955	-0.119760683100000001
6244620000	-0.062697926000000001	-0.120284069499999993
6244670000	-0.0663193772000000015	-0.120243465199999996
6244720000	-0.0700993429999999945	-0.120058779399999996
6244770000	-0.0693155453999999976	-0.114986748200000002
6244820000	-0.0678833013000000041	-0.119237221099999999
6244870000	-0.0740764822000000017	-0.115119652700000005
6244920000	-0.075023557099999999	-0.115175064800000004
6244970000	-0.0770268922999999966	-0.114058040299999996
6245020000	-0.0759410920000000017	-0.114530339199999998
6245070000	-0.0796577363999999982	-0.113623624399999998
6245120000	-0.0764108034000000047	-0.110029123000000006
6245170000	-0.0835653172000000027	-0.112668172600000005
6245220000	-0.0853179716000000005	-0.105881140400000004
6245270000	-0.086302176800000005	-0.105653170500000004
6245320000	-0.0861566941000000003	-0.101319319599999999
6245370000	-0.0874627528999999959	-0.106943079699999999
6245420000	-0.0911104912999999988	-0.103693743300000002
6245470000	-0.0892990538999999944	-0.101725910200000005
6245520000	-0.0933208271999999978	-0.100863534099999999
6245570000	-0.094538091099999999	-0.0980174048999999936
6245620000	-0.0946313158999999987	-0.0945056310000000066
6245670000	-0.0945582578999999979	-0.0977733920000000006
6245720000	-0.0948665397999999965	-0.095922773899999994
6245770000	-0.0969309396999999962	-0.0966227865999999963
6245820000	-0.0978024417000000063	-0.0902829166999999932
6245870000	-0.101234927799999999	-0.0934142235000000043
6245920000	-0.101239469200000001	-0.0884138012000000029
6245970000	-0.102828748499999997	-0.0909924862999999945
6246020000	-0.105650820399999998	-0.0912132098999999946
6246070000	-0.1019014429	-0.0875167671000000036
6246120000	-0.103568591799999998	-0.087385891800000004
6246170000	-0.105794877300000006	-0.0848769600999999957
6246220000	-0.107160872399999996	-0.0837704179000000049
6246270000	-0.111392802900000004	-0.0817885619999999952
6246320000	-0.111540642400000001	-0.0801721977999999974
6246370000	-0.110932565799999994	-0.0770891647000000041
6246420000	-0.114884030499999998	-0.0775487262999999954
6246470000	-0.117031179999999999	-0.0754552403000000038
6246520000	-0.116904950399999999	-0.0727674366999999933
6246570000	-0.118861347500000006	-0.0734387860000000059
6246620000	-0.118473881200000006	-0.0664099811999999956
6246670000	-0.119394676899999996	-0.0696094585999999932
6246720000	-0.118413613400000006	-0.0682495572999999994
6246770000	-0.1215654231	-0.0669901610000000064
6246820000	-0.123090888900000001	-0.0679371186999999932
6246870000	-0.1187619855	-0.0636114816000000055
6246920000	-0.120080054800000002	-0.0633701953999999956
6246970000	-0.123284903700000004	-0.0608767722999999997
6247020000	-0.126602682999999994	-0.0564293368000000004
6247070000	-0.120956835400000004	-0.0605793479999999981
6247120000	-0.127196573099999988	-0.053191244700000001
6247170000	-0.125422283299999993	-0.0519480078000000012
6247220000	-0.129125259999999992	-0.0518655600999999994
6247270000	-0.134605786700000007	-0.0526598210999999969
6247320000	-0.128584561099999994	-0.0502381053999999966
6247370000	-0.129157128199999999	-0.0501673277000000001
6247420000	-0.133258495799999988	-0.0472336691000000003
6247470000	-0.131243284200000004	-0.0437915796999999996
6247520000	-0.13039055699999999	-0.0460404635000000034
6247570000	-0.134654209500000011	-0.0411176280000000033
6247620000	-0.129771527899999989	-0.0390434378999999984
6247670000	-0.131549027600000007	-0.0417869390000000021
6247720000	-0.134028676699999988	-0.0387425731999999981
6247770000	-0.137825405600000006	-0.0342693305000000004
6247820000	-0.134745490699999998	-0.032020652099999998
6247870000	-0.133524946199999994	-0.0312306083000000005
6247920000	-0.136318043299999997	-0.0281668454999999991
6247970000	-0.139558442100000013	-0.0240559047999999998
6248020000	-0.136904803900000011	-0.0235005049000000001
6248070000	-0.138944433000000006	-0.0212120885000000002
6248120000	-0.135518581700000001	-0.0246746288999999987
6248170000	-0.143140097500000008	-0.0190748336999999983
6248220000	-0.139994011800000012	-0.0169099285999999988
6248270000	-0.137525857800000012	-0.0187762417999999993
6248320000	-0.141268756299999992	-0.0143644184000000005
6248370000	-0.140285652499999997	-0.0106367713999999999
6248420000	-0.14156935109999999	-0.0131765276999999993
6248470000	-0.138234629800000008	-0.00806529609999999918
6248520000	-0.138935850100000008	-0.0131403444000000001
6248570000	-0.137792666199999997	-0.00831804119999999918
6248620000	-0.140907276400000003	-0.0035589784000000001
6248670000	-0.140668617100000004	-0.00542304229999999998
6248720000	-0.137229449899999995	-0.00100995829999999992
6248770000	-0.142272794000000008	-0.00223024039999999979
6248820000	-0.143331588399999987	0.00365197059999999981
6248870000	-0.136411228200000012	0.00770262910000000037
6248920000	-0.1398679216	0.00947567009999999987
6248970000	-0.135877227999999989	0.00892684399999999975
6249020000	-0.140582051099999994	0.0117777960999999997
6249070000	-0.140941389100000009	0.0126186816000000007
6249120000	-0.140319538999999993	0.0130917902999999995
6249170000	-0.136556657199999987	0.0155345928000000001
6249220000	-0.138878054299999998	0.0162944710000000013
6249270000	-0.140861575999999988	0.0214761667000000003
6249320000	-0.137388642799999988	0.0211204837999999992
6249370000	-0.136987838199999989	0.0219778366000000017
6249420000	-0.138577060499999988	0.0258814911999999987
6249470000	-0.138860554299999994	0.0257137823000000015
6249520000	-0.139779490400000012	0.0288149481000000013
6249570000	-0.142199213399999996	0.0349173631000000012
6249620000	-0.132177748300000009	0.0334112609999999977
6249670000	-0.136975295699999999	0.0347243386000000015
6249720000	-0.135068598000000012	0.0354286378999999971
6249770000	-0.137096717499999993	0.0377926899999999968
6249820000	-0.136719208399999986	0.0392573948999999991
6249870000	-0.135934745500000009	0.0386606786999999993
6249920000	-0.13298635989999999	0.0417857108000000005
6249970000	-0.133817818199999994	0.0417132470000000019
6250020000	-0.134760252699999999	0.0433482898000000019
6250070000	-0.130421774200000007	0.0484446106000000001
6250120000	-0.136747404900000008	0.0505466014000000019
6250170000	-0.133292255999999998	0.0514237780000000033
6250220000	-0.128477638799999988	0.0524049110999999998
6250270000	-0.124875929699999999	0.0553066186000000029
6250320000	-0.127856123699999991	0.0539954355000000011
6250370000	-0.1311811903	0.0611781273999999972
6250420000	-0.128606726700000007	0.0602490815999999971
6250470000	-0.127688025199999999	0.0603349339999999998
6250520000	-0.127402002799999997	0.0641420684000000019
6250570000	-0.124491855499999998	0.0643496449000000026
6250620000	-0.124425248500000002	0.0694045419999999996
6250670000	-0.123553020599999994	0.0641999776999999938
6250720000	-0.1232900054	0.0709304780000000051
6250770000	-0.121133851599999995	0.0728559961000000006
6250820000	-0.122883091299999997	0.0726466525000000057
6250870000	-0.123221392799999996	0.0753479694000000061
6250920000	-0.121879642699999999	0.0770152535999999999
6250970000	-0.116757975	0.0792419738999999984
6251020000	-0.118054369699999995	0.0789364647999999947
6251070000	-0.119050694700000001	0.0829873317999999943
6251120000	-0.116277711500000006	0.083189405300000005
6251170000	-0.114836790100000002	0.0866524627000000019
6251220000	-0.115687287200000002	0.0850981150999999963
6251270000	-0.111951165300000002	0.0852262924999999949
6251320000	-0.107828917699999999	0.0888175972000000008
6251370000	-0.111661059500000007	0.0904882347999999975
6251420000	-0.107780415399999996	0.0939867543000000027
6251470000	-0.107679922900000002	0.0927887845999999933
6251520000	-0.104464380600000004	0.0937780118999999995
6251570000	-0.110576258799999994	0.0969522265000000022
6251620000	-0.105641814900000006	0.0967042275999999978
6251670000	-0.103751115300000002	0.0991804612999999946
6251720000	-0.1001774832	0.102277080100000001
6251770000	-0.101782939099999997	0.0979155632999999942
6251820000	-0.0969711540999999982	0.106046833399999998
6251870000	-0.0983593561000000033	0.103126878599999999
6251920000	-0.094008660899999999	0.104629469599999997
6251970000	-0.0927983911999999966	0.107929660600000005
6252020000	-0.0911594057000000013	0.105018593300000004
6252070000	-0.0910042412000000023	0.109367856799999996
6252120000	-0.0930875121999999999	0.111650415899999994
6252170000	-0.0883116842000000041	0.109836300799999995
6252220000	-0.086681269800000002	0.113025725800000004
6252270000	-0.0862241393999999967	0.112074621900000004
6252320000	-0.0858706271999999937	0.113788720800000007
6252370000	-0.0844961610999999946	0.113692516699999996
6252420000	-0.0828931596000000021	0.115728418
6252470000	-0.0808396563000000068	0.117835289499999996
6252520000	-0.0766076059999999948	0.118244170100000004
6252570000	-0.0816805966999999966	0.120627078400000004
6252620000	-0.0771063763999999957	0.123783014199999999
6252670000	-0.0751792586000000068	0.121798246299999996
6252720000	-0.0700880732999999978	0.1246233281
6252770000	-0.0711112683000000023	0.123158763000000004
6252820000	-0.0681009367000000032	0.122514726599999998
6252870000	-0.0681476891000000057	0.126799285900000003
6252920000	-0.0664219209999999949	0.124682171199999997
6252970000	-0.0631871818000000057	0.126363621799999992
6253020000	-0.0614995965000000033	0.127215901699999995
6253070000	-0.0617807365000000025	0.132249623199999999
6253120000	-0.0584942410000000024	0.129714428900000012
6253170000	-0.0579563557999999979	0.134237425999999993
6253220000	-0.0514816217000000007	0.131619306500000005
6253270000	-0.0502639986999999996	0.135242086700000014
6253320000	-0.0487125086000000027	0.132007467900000008
6253370000	-0.0506219181999999976	0.133981011099999991
6253420000	-0.050898640299999999	0.137170149800000002
6253470000	-0.0479971371999999979	0.137081049199999999
6253520000	-0.0455878298000000001	0.136237258100000008
6253570000	-0.0460530643000000017	0.137639443100000008
6253620000	-0.0439676505999999981	0.139987553600000009
6253670000	-0.0369668023999999984	0.137300609299999987
6253720000	-0.0398743724999999979	0.136214750100000004
6253770000	-0.0345803468000000017	0.138699619899999987
6253820000	-0.0340185764000000002	0.140804129199999989
6253870000	-0.0330337280999999997	0.142875202600000001
6253920000	-0.0298033806999999998	0.138149621299999997
6253970000	-0.0292985132000000009	0.143701509899999996
6254020000	-0.0272218393999999995	0.14249900909999999
6254070000	-0.0281957692000000017	0.141601019500000008
6254120000	-0.0225997655999999984	0.13993343720000001
6254170000	-0.0208342058999999996	0.143806213900000007
6254220000	-0.0241279857	0.143741363499999997
6254270000	-0.0172324851000000001	0.141514327500000009
6254320000	-0.0140716538999999998	0.14222193159999999
6254370000	-0.0141702557999999999	0.140478794399999996
6254420000	-0.0123638376999999997	0.144335603300000004
6254470000	-0.0103102422999999995	0.145366329999999988
6254520000	-0.00793919319999999984	0.142597732700000007
6254570000	-0.00326689159999999984	0.143208952
6254620000	-0.00706898640000000033	0.144247599300000001
6254670000	-0.00754976219999999986	0.144755864600000006
6254720000	0.000219604300000000001	0.142436385500000012
6254770000	-0.00285392960000000005	0.142705545399999995
6254820000	0.00379139509999999996	0.146838706000000013
6254870000	0.00555830989999999987	0.142285133300000005
6254920000	0.00452317139999999958	0.143094119500000005
6254970000	0.00805941259999999951	0.144150248000000009
6255020000	0.0115479980000000003	0.14675219040000001
6255070000	0.0113818795000000007	0.149123502600000013
6255120000	0.0131758089000000005	0.142650344699999987
6255170000	0.0171754005000000001	0.144947457199999991
6255220000	0.0179772966000000013	0.14411271719999999
6255270000	0.0187578280999999986	0.142825263499999994
6255320000	0.0189097650999999999	0.143405002899999995
6255370000	0.0221137256999999997	0.143650604399999993
6255420000	0.0254793219000000008	0.146445069000000011
6255470000	0.028584903200000001	0.144217407699999994
6255520000	0.0289872364000000014	0.1423809563
6255570000	0.0295585829000000015	0.142728535099999998
6255620000	0.0318167696999999972	0.139276417300000011
6255670000	0.0341841304999999998	0.142735951999999999
6255720000	0.0377553927000000011	0.140682459499999996
6255770000	0.0410619159999999969	0.139555586399999987
6255820000	0.0408649806999999976	0.139225664299999996
6255870000	0.0418677136000000019	0.138511000699999998
6255920000	0.0424441086000000023	0.141628072800000004
6255970000	0.0458484279999999966	0.139665687300000008
6256020000	0.0447545785999999973	0.13838673130000001
6256070000	0.0483037248999999974	0.138593000999999993
6256120000	0.0502264718999999998	0.137227790999999988
6256170000	0.0504471610999999986	0.138205466299999996
6256220000	0.0551122923999999986	0.135618132800000013
6256270000	0.0551617554999999996	0.132194933799999997
6256320000	0.0589463499000000002	0.135195762500000011
6256370000	0.0600955177999999979	0.131218611900000004
6256420000	0.0604008663000000015	0.135746750999999999
6256470000	0.0612766324999999973	0.13418054330000001
6256520000	0.0654704992999999985	0.130595706099999986
6256570000	0.0656309006999999944	0.132054042700000013
6256620000	0.0666349071999999959	0.128043717400000007
6256670000	0.0690171011000000056	0.128384030900000001
6256720000	0.0686928430999999978	0.129320132599999998
6256770000	0.0738336049000000022	0.126434328499999998
6256820000	0.0741366152000000056	0.126144821099999999
6256870000	0.0757206792999999961	0.123834081400000004
6256920000	0.0743966934999999996	0.122636261699999999
6256970000	0.0776226336999999988	0.121976151599999999
6257020000	0.0807503819999999956	0.118678714699999993
6257070000	0.081761953200000001	0.122139684700000001
6257120000	0.0814685252000000026	0.1158332309
6257170000	0.085558375300000003	0.114566031700000001
6257220000	0.0879408074000000012	0.117360839199999997
6257270000	0.0848248422999999946	0.119301601899999998
6257320000	0.0900504015000000019	0.116346709000000006
6257370000	0.0923162039000000045	0.110381538299999998
6257420000	0.0919550162000000032	0.115051805100000001
6257470000	0.0940912042000000004	0.113000187599999996
6257520000	0.0964872655000000023	0.110310820399999995
6257570000	0.0974635388999999935	0.108424536700000004
6257620000	0.103527377300000001	0.1058957871
6257670000	0.102684148899999994	0.110443133499999999
6257720000	0.102817139900000007	0.103342700199999998
6257770000	0.102879191499999995	0.101254758700000003
6257820000	0.106298906700000001	0.105009575999999993
6257870000	0.105773524600000002	0.100497588900000004
6257920000	0.106307530600000005	0.101672041399999996
6257970000	0.106847014399999996	0.0976190281000000049
6258020000	0.109316676299999999	0.0969271042999999971
6258070000	0.110837498199999995	0.0951614429999999983
6258120000	0.113995950200000001	0.0919247849000000006
6258170000	0.113855428600000003	0.0918988991000000005
6258220000	0.115721060400000006	0.0901142188000000066
6258270000	0.119296667499999995	0.0919554934000000046
6258320000	0.114234580000000002	0.0854385851000000057
6258370000	0.116269207999999999	0.0859628045000000035
6258420000	0.117672811099999997	0.0835854721000000023
6258470000	0.120011901800000001	0.082578444599999995
6258520000	0.121538152900000002	0.0840918910999999963
6258570000	0.1231008044	0.0818143934999999989
6258620000	0.122507957700000003	0.0779714101999999937
6258670000	0.127114077800000003	0.0809187618999999969
6258720000	0.124587356299999993	0.0763848594000000047
6258770000	0.128477665699999993	0.0753036517000000016
6258820000	0.129353750600000011	0.0709013834000000037
6258870000	0.12656017180000001	0.0699441559999999934
6258920000	0.129490530699999995	0.0682911280000000065
6258970000	0.130256528700000013	0.0684864562000000038
6259020000	0.133397306900000012	0.0648394439999999961
6259070000	0.13305605940000001	0.062089702099999998
6259120000	0.135254421699999988	0.0586467841000000017
6259170000	0.132350911099999996	0.0602716183999999974
6259220000	0.133302961999999997	0.0570866556000000011
6259270000	0.138417003900000002	0.0559987213999999997
6259320000	0.140163164700000009	0.0564948881000000014
6259370000	0.134712931199999997	0.0519971179000000006
6259420000	0.138618076499999993	0.051513568400000001
6259470000	0.140756625699999999	0.0479229910999999995
6259520000	0.137946561699999998	0.043185728700000002
6259570000	0.139227281199999997	0.0423820379999999969
6259620000	0.14154689270000001	0.0432967993000000009
6259670000	0.142663556299999994	0.0411376255999999982
6259720000	0.144916869300000001	0.0436823803999999982
6259770000	0.142145195000000002	0.0361894712999999979
6259820000	0.14457297529999999	0.0369546373999999969
6259870000	0.138235895800000008	0.0346514056999999986
6259920000	0.143712730499999997	0.0320191374000000015
6259970000	0.145643306899999991	0.031818169200000003
6260020000	0.146919793599999987	0.0308860769
6260070000	0.146003327699999991	0.0295458413000000003
6260120000	0.145275218600000006	0.0218646021000000017
6260170000	0.147417458100000009	0.0212108262999999991
6260220000	0.145979982700000011	0.0163654270999999997
6260270000	0.146355643600000002	0.0211156455999999999
6260320000	0.145791984099999994	0.016335436200000001
6260370000	0.147380496999999999	0.0133469194000000006
6260420000	0.145310314899999987	0.0122936919000000006
6260470000	0.150725606000000012	0.0118435481999999998
6260520000	0.146027439799999992	0.00790435400000000059
6260570000	0.147197252199999989	0.00812637599999999939
6260620000	0.145183906499999987	0.00886503259999999946
6260670000	0.147564361199999994	0.00480309630000000029
6260720000	0.147847492200000014	0.0034325874000000001
6260770000	0.146869079499999999	-0.00422300049999999993
6260820000	0.14866725280000001	-0.00370144570000000006
6260870000	0.144586865199999998	-0.00124700510000000007
6260920000	0.147671101199999988	-0.0058807649999999996
