# freq, I e Q
6210920000	0.134303443800000005	0.333371561599999977
6210970000	0.1378994952	0.329840628700000027
6211020000	0.141919779200000012	0.328291384299999989
6211070000	0.145370904400000001	0.325331320899999998
6211120000	0.147709648500000013	0.324092554199999994
6211170000	0.154217929700000006	0.323090111499999999
6211220000	0.159121409299999989	0.319093130200000019
6211270000	0.162411908100000002	0.317841112400000014
6211320000	0.166672352500000009	0.315756105399999987
6211370000	0.167535598899999999	0.313313996900000002
6211420000	0.173088028100000013	0.309971382899999981
6211470000	0.174422040700000003	0.30779785770000001
6211520000	0.179850273799999988	0.3059135194
6211570000	0.184430198999999989	0.305279142100000012
6211620000	0.189477627700000012	0.30347117979999999
6211670000	0.191586285699999997	0.300372420299999998
6211720000	0.197341020899999997	0.296122706499999999
6211770000	0.199332111899999997	0.29383356599999999
6211820000	0.204744122899999992	0.293961629999999974
6211870000	0.205961523899999999	0.290192946800000018
6211920000	0.2112220457	0.289456545700000012
6211970000	0.215826884800000007	0.286506542199999992
6212020000	0.21740840019999999	0.283727992300000009
6212070000	0.219465507400000009	0.278804963199999978
6212120000	0.221407405400000007	0.273911350100000006
6212170000	0.229026719299999987	0.273470081400000009
6212220000	0.230043381600000013	0.271455716899999977
6212270000	0.23342782070000001	0.265756399799999987
6212320000	0.239743381700000008	0.265992774900000006
6212370000	0.241857415299999989	0.262162788199999996
6212420000	0.2433343486	0.25904786660000001
6212470000	0.246611865099999994	0.255196080599999986
6212520000	0.251864126500000007	0.252551446299999982
6212570000	0.253234919300000028	0.250954728000000016
6212620000	0.256974668100000025	0.247950758999999993
6212670000	0.25854466399999998	0.243023304500000009
6212720000	0.263464466900000027	0.240334196599999994
6212770000	0.265240389000000021	0.235986468100000013
6212820000	0.269066489500000006	0.235181884899999999
6212870000	0.274053151200000011	0.231312331799999993
6212920000	0.27537666529999999	0.227845874199999993
6212970000	0.27867735170000002	0.222444835000000007
6213020000	0.281599851499999998	0.220640508499999999
6213070000	0.282799855300000014	0.219118222800000012
6213120000	0.285713821300000004	0.21086236559999999
6213170000	0.288051192499999997	0.209799582099999993
6213220000	0.291280770600000016	0.208221948800000001
6213270000	0.293923615799999982	0.204580602599999994
6213320000	0.298015036800000022	0.197351379299999991
6213370000	0.296277110899999974	0.195912501999999988
6213420000	0.301255149499999986	0.190298902200000009
6213470000	0.303312661900000002	0.188441858900000009
6213520000	0.303467202300000016	0.183216072899999999
6213570000	0.307546022600000024	0.179899198499999996
6213620000	0.311759476699999982	0.177893113500000005
6213670000	0.310274028199999996	0.171971810599999997
6213720000	0.317361323400000006	0.169114703000000005
6213770000	0.316931225500000024	0.164134218599999993
6213820000	0.3173967439	0.162133157899999991
6213870000	0.320044368899999987	0.158978108700000009
6213920000	0.320160358699999981	0.153817655100000006
6213970000	0.325701779400000002	0.149161091899999987
6214020000	0.326168858000000006	0.144626551599999986
6214070000	0.328375494900000009	0.140666575699999991
6214120000	0.331070548399999998	0.137299328400000004
6214170000	0.33172840050000002	0.132796028799999993
6214220000	0.333058840999999994	0.129320020499999994
6214270000	0.335809849400000027	0.124407088099999993
6214320000	0.3368969832	0.120282254899999996
6214370000	0.338748882899999992	0.118140140300000002
6214420000	0.339733709399999972	0.112699701799999996
6214470000	0.343095488800000015	0.106087416399999995
6214520000	0.341056298500000021	0.103582609899999997
6214570000	0.342843402899999983	0.0989771973999999943
6214620000	0.345807522799999989	0.0961400184999999935
6214670000	0.345001667499999998	0.0881119484999999952
6214720000	0.348014301400000003	0.0868873639000000003
6214770000	0.34859599229999999	0.0818870765000000028
6214820000	0.348227778599999982	0.0797230859999999986
6214870000	0.349910444499999973	0.0745745463000000025
6214920000	0.351208380900000006	0.0697115997000000015
6214970000	0.354199906999999981	0.0632991685000000026
6215020000	0.353057831900000008	0.0606435648000000008
6215070000	0.354052394499999978	0.0574465919999999977
6215120000	0.354431116800000001	0.053194008299999998
6215170000	0.354079821999999989	0.0466461239000000027
6215220000	0.355441559799999973	0.044029525299999997
6215270000	0.355737898200000013	0.0392830033000000009
6215320000	0.357948557999999972	0.0363685019000000026
6215370000	0.358986196099999988	0.0320303825999999972
6215420000	0.357672572099999975	0.0252008626999999999
6215470000	0.357754607700000005	0.0212346536000000002
6215520000	0.359128621599999975	0.0149350152999999999
6215570000	0.361250046300000016	0.0136408572000000002
6215620000	0.357986089600000001	0.0063725060999999996
6215670000	0.359753607400000008	0.00407256150000000032
6215720000	0.358117233300000004	-0.00205727680000000008
6215770000	0.358927494499999999	-0.0060735711000000003
6215820000	0.359558108900000006	-0.00963987820000000023
6215870000	0.35906410430000002	-0.0154278674999999994
6215920000	0.359329306399999993	-0.0192743376000000001
6215970000	0.358017651699999995	-0.0228251379999999983
6216020000	0.35630078770000001	-0.0264507374000000003
6216070000	0.356810627800000002	-0.0308927020000000011
6216120000	0.358211779399999986	-0.0371296855000000023
6216170000	0.358843146700000004	-0.0426704247000000009
6216220000	0.354011805700000015	-0.0440413108999999983
6216270000	0.355546692599999992	-0.0497436168000000012
6216320000	0.354168709899999989	-0.0546118768000000004
6216370000	0.353591723199999985	-0.0590406924999999985
6216420000	0.353004082900000016	-0.0638469116000000003
6216470000	0.355322569500000018	-0.0687073442000000062
6216520000	0.352251287099999977	-0.0718586110000000028
6216570000	0.351541223199999975	-0.0762988829000000035
6216620000	0.349477680899999976	-0.0811498888000000002
6216670000	0.348182128500000021	-0.0841927308000000041
6216720000	0.349375687099999999	-0.0884672098999999962
6216770000	0.346736065199999999	-0.0931909313000000017
6216820000	0.346298975399999986	-0.0984732046999999971
6216870000	0.345088396100000028	-0.103741641999999995
6216920000	0.344976737199999994	-0.106276249200000006
6216970000	0.343557308499999992	-0.108642663700000003
6217020000	0.340732193399999994	-0.116621798900000004
6217070000	0.342107443600000005	-0.118924741400000006
6217120000	0.33988802210000002	-0.123041804000000005
6217170000	0.337014382300000026	-0.126943392900000007
6217220000	0.335011572500000021	-0.133482828500000011
6217270000	0.333419503999999978	-0.136420836999999989
6217320000	0.333267162800000016	-0.139582494299999998
6217370000	0.328785436200000003	-0.144259707999999987
6217420000	0.329258439399999991	-0.148694183899999999
6217470000	0.327405194700000013	-0.151903044300000012
6217520000	0.324212131999999986	-0.1575049325
6217570000	0.322760350899999993	-0.160145600400000004
6217620000	0.319820387900000003	-0.165809056499999996
6217670000	0.316525294299999982	-0.169979609599999998
6217720000	0.317123419899999981	-0.173957200499999992
6217770000	0.314468886399999981	-0.177530604199999997
6217820000	0.313503290900000009	-0.180869698299999992
6217870000	0.306796221699999982	-0.185545892399999995
6217920000	0.307109624799999981	-0.187954732900000004
6217970000	0.305041769600000012	-0.191673114700000008
6218020000	0.304394691100000003	-0.199114504999999997
6218070000	0.300800287700000002	-0.200176275900000006
6218120000	0.297441854299999975	-0.204012026399999991
6218170000	0.29464718270000001	-0.207295708800000006
6218220000	0.293464483700000001	-0.211832798300000014
6218270000	0.289950538199999996	-0.215118543999999995
6218320000	0.289090373000000012	-0.218024223099999997
6218370000	0.285167556200000005	-0.222756004899999999
6218420000	0.281111505300000009	-0.225628288900000001
6218470000	0.280528016099999999	-0.229783174199999995
6218520000	0.277854465900000014	-0.233804463399999995
6218570000	0.273552882100000005	-0.236614365900000012
6218620000	0.270374408399999988	-0.238828634499999998
6218670000	0.269378029999999991	-0.244678941000000011
6218720000	0.26564897300000001	-0.245516661500000011
6218770000	0.260856011900000018	-0.248872939900000006
6218820000	0.261264699499999975	-0.252702625700000016
6218870000	0.254493761900000004	-0.258604846100000008
6218920000	0.252657811899999973	-0.260473539899999995
6218970000	0.248823790500000003	-0.263932531000000026
6219020000	0.247192276099999997	-0.267036091099999984
6219070000	0.243060122299999987	-0.268470386200000022
6219120000	0.239997493499999992	-0.271107817500000015
6219170000	0.237754161900000011	-0.275276807899999976
6219220000	0.232582459800000002	-0.279826379000000014
6219270000	0.229512960500000002	-0.280223312800000013
6219320000	0.226706037500000013	-0.285734405299999994
6219370000	0.223970345200000004	-0.28553411350000002
6219420000	0.218589230400000001	-0.287983377500000026
6219470000	0.214597502699999998	-0.293449212800000026
6219520000	0.212308149700000004	-0.295113671999999994
6219570000	0.209225607899999999	-0.29662963349999999
6219620000	0.203612409299999991	-0.299692237199999989
6219670000	0.201526125499999986	-0.303166308499999981
6219720000	0.194844999099999999	-0.304228255499999989
6219770000	0.193030332999999998	-0.309341096500000023
6219820000	0.188957461399999999	-0.309144699199999984
6219870000	0.184235113899999997	-0.313664912000000018
6219920000	0.180839464899999997	-0.313796613499999988
6219970000	0.176560427500000006	-0.320126732000000025
6220020000	0.174866330600000008	-0.320646773100000004
6220070000	0.169048802800000009	-0.320361437600000021
6220120000	0.164356524599999998	-0.325045481600000019
6220170000	0.162711225099999995	-0.325431483700000024
6220220000	0.1560629506	-0.327311668700000002
6220270000	0.154117923500000004	-0.329051720599999986
6220320000	0.15017585	-0.332583189399999979
6220370000	0.146125598699999998	-0.334737073699999998
6220420000	0.142276431700000011	-0.335491213600000004
6220470000	0.137328727399999989	-0.3379269882
6220520000	0.134259431499999998	-0.340062046800000017
6220570000	0.128619460099999999	-0.343019277199999972
6220620000	0.126507394100000004	-0.342579366499999982
6220670000	0.118712617800000003	-0.344276574399999979
6220720000	0.1152179183	-0.347688451600000004
6220770000	0.111752647199999999	-0.34859666960000002
6220820000	0.108253396799999999	-0.347950729399999992
6220870000	0.102655969299999997	-0.3497019985
6220920000	0.100171511899999996	-0.35076729550000002
6220970000	0.0955376238999999933	-0.35334585260000001
6221020000	0.0873379140000000026	-0.353952011399999988
6221070000	0.0862529575999999992	-0.355445172899999995
6221120000	0.0828155505000000014	-0.35580947089999998
6221170000	0.0764389553999999943	-0.356189229699999999
6221220000	0.0726472501000000048	-0.357176254199999987
6221270000	0.0688734490999999976	-0.357820689000000025
6221320000	0.0634404565000000059	-0.358866563600000021
6221370000	0.0602312937000000007	-0.357784873499999989
6221420000	0.0540737006999999978	-0.360603136699999993
6221470000	0.0503820763000000019	-0.361823318399999982
6221520000	0.0464559412000000033	-0.366761158600000026
6221570000	0.0411634295000000011	-0.364425686299999996
6221620000	0.0367468738000000031	-0.364296755600000022
6221670000	0.0284631379999999989	-0.364274965499999992
6221720000	0.026800560000000001	-0.361628560499999974
6221770000	0.022812058100000001	-0.365248457099999979
6221820000	0.0189129926999999989	-0.366672178000000015
6221870000	0.0142036883999999992	-0.366649935199999999
6221920000	0.00897791520000000044	-0.363605648700000006
6221970000	0.00386930050000000017	-0.363434211499999993
6222020000	0.000575981300000000035	-0.366148664899999976
6222070000	-0.00591056559999999977	-0.366330274299999981
6222120000	-0.00964476430000000065	-0.367822109499999994
6222170000	-0.0132611911999999995	-0.366903158700000009
6222220000	-0.0170783324	-0.366459667900000008
6222270000	-0.0232589755000000009	-0.366998942300000019
6222320000	-0.0274291220000000002	-0.365407825700000022
6222370000	-0.0333075852999999977	-0.366233487799999979
6222420000	-0.0363181635000000003	-0.365516067700000002
6222470000	-0.0400451053000000015	-0.365951874899999974
6222520000	-0.0467503124000000006	-0.363980709199999974
6222570000	-0.0530087627999999977	-0.363379852000000003
6222620000	-0.0558002457000000007	-0.363063978499999995
6222670000	-0.0593623860000000031	-0.361912760499999986
6222720000	-0.0644820750999999942	-0.36226247880000001
6222770000	-0.0673605174000000001	-0.359190380500000017
6222820000	-0.0712826931000000025	-0.360109454200000012
6222870000	-0.0763236855999999964	-0.359831506500000009
6222920000	-0.0814810631999999951	-0.357582943599999981
6222970000	-0.0848870305000000019	-0.356861583699999985
6223020000	-0.0912130810999999958	-0.355623867599999977
6223070000	-0.0960994788999999933	-0.357133585699999978
6223120000	-0.100844361899999999	-0.353404091899999995
6223170000	-0.102242964500000005	-0.353008699300000006
6223220000	-0.1092954592	-0.351087817299999994
6223270000	-0.1126012661	-0.350358377800000009
6223320000	-0.117649169200000001	-0.35013007140000002
6223370000	-0.122032147499999993	-0.34958162009999999
6223420000	-0.125395477000000005	-0.345710702500000022
6223470000	-0.129923596199999991	-0.343558339099999999
6223520000	-0.135915731399999989	-0.343798302300000025
6223570000	-0.138599107999999999	-0.342301049099999977
6223620000	-0.144577923400000002	-0.341104819299999973
6223670000	-0.147260777900000001	-0.337961749300000003
6223720000	-0.152079965399999989	-0.336049541800000018
6223770000	-0.156739218399999991	-0.33580088800000002
6223820000	-0.16055135470000001	-0.330901445700000019
6223870000	-0.165978339400000008	-0.328949955100000024
6223920000	-0.167422521200000007	-0.328504647400000016
6223970000	-0.174093129399999991	-0.325874695800000003
6224020000	-0.175117459199999992	-0.324030404200000011
6224070000	-0.180849801899999996	-0.323108294100000026
6224120000	-0.185022179000000009	-0.319047833499999989
6224170000	-0.190013023599999997	-0.317339311999999985
6224220000	-0.19294887799999999	-0.315678306500000005
6224270000	-0.19681810529999999	-0.313989012299999981
6224320000	-0.200773367499999994	-0.311561007300000026
6224370000	-0.2044047846	-0.308789336600000019
6224420000	-0.208608041299999991	-0.305501945699999999
6224470000	-0.212844705599999989	-0.302437833099999998
6224520000	-0.216748041100000011	-0.301476708799999993
6224570000	-0.220979058499999992	-0.298977201099999979
6224620000	-0.225223467600000005	-0.295447467299999988
6224670000	-0.227004824900000013	-0.29306549110000002
6224720000	-0.230806051699999987	-0.290357145500000025
6224770000	-0.23519997640000001	-0.287929474399999996
6224820000	-0.23835098569999999	-0.282668490699999997
6224870000	-0.243188398700000002	-0.282343309300000012
6224920000	-0.247452448600000013	-0.277400265500000021
6224970000	-0.249821270900000003	-0.275918488899999981
6225020000	-0.255169315499999994	-0.271308126500000024
6225070000	-0.254635037100000017	-0.269878747500000016
6225120000	-0.259990603900000006	-0.267426934700000007
6225170000	-0.264096932900000025	-0.263119989499999984
6225220000	-0.265934367000000005	-0.261884493399999974
6225270000	-0.270679840900000024	-0.256044415299999994
6225320000	-0.274160428800000022	-0.254383693399999999
6225370000	-0.276751055999999995	-0.252888719599999978
6225420000	-0.28042890479999999	-0.247012616299999987
6225470000	-0.282643936099999993	-0.242210867999999996
6225520000	-0.286362363000000009	-0.239551662400000004
6225570000	-0.288291048800000005	-0.236329122499999988
6225620000	-0.2916630006	-0.232442104600000005
6225670000	-0.293917128799999983	-0.22653937360000001
6225720000	-0.298156449699999992	-0.226078672600000002
6225770000	-0.302628022100000005	-0.223627573400000002
6225820000	-0.302148706099999997	-0.217468949999999994
6225870000	-0.306076502600000022	-0.2163025264
6225920000	-0.307046623799999974	-0.208770490400000008
6225970000	-0.313030539699999999	-0.2057086058
6226020000	-0.314667171799999978	-0.201687811900000014
6226070000	-0.318767645400000021	-0.199292685999999997
6226120000	-0.318210085400000009	-0.194503857400000008
6226170000	-0.322988376799999977	-0.189924565399999995
6226220000	-0.326579793499999993	-0.185913916200000001
6226270000	-0.326430463700000006	-0.18361249730000001
6226320000	-0.329918260600000013	-0.178553992900000014
6226370000	-0.332908221800000015	-0.171586541700000011
6226420000	-0.333790156299999974	-0.171378701599999989
6226470000	-0.33644692679999999	-0.165089915400000009
6226520000	-0.339076467300000017	-0.161471185099999998
6226570000	-0.340592306800000022	-0.157957067799999989
6226620000	-0.343165435600000013	-0.1542880207
6226670000	-0.344579055700000025	-0.149694812700000013
6226720000	-0.347257925700000025	-0.145329409399999998
6226770000	-0.348656824500000018	-0.140655385900000013
6226820000	-0.348614741399999983	-0.136757504800000013
6226870000	-0.350295402899999997	-0.132279747700000005
6226920000	-0.351851586900000013	-0.126162151700000003
6226970000	-0.35504757939999998	-0.122970981800000004
6227020000	-0.354126132599999977	-0.118217525099999998
6227070000	-0.359507701299999982	-0.113575493
6227120000	-0.360478083900000024	-0.108546491499999995
6227170000	-0.362307782799999978	-0.105007435600000004
6227220000	-0.362438652500000014	-0.101217235799999999
6227270000	-0.364209171300000023	-0.0972590277000000003
6227320000	-0.36584600049999999	-0.0907853104999999938
6227370000	-0.366697438300000012	-0.0880982156000000016
6227420000	-0.368367734300000027	-0.0840545589000000065
6227470000	-0.367659576200000004	-0.0766476009999999958
6227520000	-0.368937289900000021	-0.0726670985999999935
6227570000	-0.371375818400000002	-0.068829975099999996
6227620000	-0.372582123300000012	-0.0640027026999999971
6227670000	-0.374184400899999992	-0.0599053429999999998
6227720000	-0.372870705000000024	-0.0556136955999999988
6227770000	-0.376341393700000026	-0.0525943339999999995
6227820000	-0.374671151599999974	-0.0446204882999999969
6227870000	-0.378232612400000001	-0.0414501848999999992
6227920000	-0.377369969799999982	-0.0335887476000000032
6227970000	-0.376490260899999984	-0.0332501643999999971
6228020000	-0.378577499599999978	-0.0252383813000000012
6228070000	-0.377948522899999972	-0.0210266682999999989
6228120000	-0.378207153899999982	-0.0181944939000000007
6228170000	-0.37896072380000001	-0.0138741340999999994
6228220000	-0.380223959	-0.00734893659999999969
6228270000	-0.378703731200000004	-0.000318885799999999982
6228320000	-0.378401130299999999	0.00284250859999999987
6228370000	-0.379845439100000015	0.00900841659999999933
6228420000	-0.380272039200000023	0.0116922552999999992
6228470000	-0.379637727099999989	0.0156609391000000001
6228520000	-0.379433035099999982	0.0212554166000000003
6228570000	-0.379354075700000015	0.0271142072999999983
6228620000	-0.380275901699999974	0.0289211727000000009
6228670000	-0.377587375900000022	0.0370063537000000012
6228720000	-0.377514302700000026	0.0399850111000000022
6228770000	-0.379026564999999982	0.0475602820000000023
6228820000	-0.378280710600000014	0.0509985951000000021
6228870000	-0.373717446700000011	0.0561201152000000009
6228920000	-0.377256626400000017	0.0631141375000000004
6228970000	-0.377079184600000006	0.0643850177000000051
6229020000	-0.374351262399999996	0.0710810231999999959
6229070000	-0.373789633100000018	0.0746499694000000019
6229120000	-0.37452488690000002	0.0802495971000000002
6229170000	-0.370397483199999988	0.0836563802000000051
6229220000	-0.370779852099999974	0.0892250576999999989
6229270000	-0.369997644899999978	0.0907363823999999958
6229320000	-0.371256214500000015	0.0983904127999999933
6229370000	-0.36783634879999999	0.106096246599999999
6229420000	-0.368264155500000023	0.109054919700000003
6229470000	-0.365219049600000012	0.113559966400000004
6229520000	-0.365828522599999983	0.1189875445
6229570000	-0.362718468299999985	0.122983610600000001
6229620000	-0.359249163900000001	0.12763399110000001
6229670000	-0.360814806900000007	0.130024812600000012
6229720000	-0.358678567000000004	0.1368712812
6229770000	-0.357857855499999988	0.141174210500000008
6229820000	-0.357416935400000024	0.143857729500000003
6229870000	-0.353959600699999988	0.149577383000000008
6229920000	-0.351504823000000022	0.153875288500000013
6229970000	-0.35014774609999999	0.159070517200000011
6230020000	-0.347785830399999996	0.16290522369999999
6230070000	-0.346124629299999986	0.167881376400000004
6230120000	-0.344051892999999998	0.171736219899999987
6230170000	-0.341617296999999986	0.178117119200000007
6230220000	-0.340094040799999997	0.181221310699999999
6230270000	-0.338102112600000004	0.185381783800000005
6230320000	-0.334779060199999978	0.188714828499999987
6230370000	-0.335791266600000027	0.195058705100000007
6230420000	-0.32909051960000002	0.199664039300000012
6230470000	-0.328445314799999999	0.204764982699999987
6230520000	-0.326336290699999976	0.208265232100000003
6230570000	-0.32426846279999999	0.212023875000000001
6230620000	-0.320428538699999987	0.214425697999999998
6230670000	-0.318036251800000003	0.21889148189999999
6230720000	-0.316359370400000006	0.22572823580000001
6230770000	-0.31364619119999998	0.227204039400000002
6230820000	-0.308809993800000016	0.233901484900000012
6230870000	-0.307742194400000002	0.239296672300000013
6230920000	-0.30216952720000001	0.242498882599999993
6230970000	-0.29927116669999998	0.245891546699999991
6231020000	-0.298244815900000015	0.248874328799999989
6231070000	-0.295298517799999993	0.253524721600000003
6231120000	-0.290047894099999981	0.258553698499999984
6231170000	-0.284694102100000013	0.260786384599999976
6231220000	-0.2849124086	0.262297596199999983
6231270000	-0.280858267499999981	0.269189851599999974
6231320000	-0.278791180799999982	0.273768659400000003
6231370000	-0.274998991400000004	0.276753745200000012
6231420000	-0.269885335100000012	0.281065797399999984
6231470000	-0.266299326800000014	0.285265698299999981
6231520000	-0.262683141399999986	0.288422730999999988
6231570000	-0.260336497300000025	0.290891193200000009
6231620000	-0.25742040989999998	0.294817938800000012
6231670000	-0.253667036299999982	0.297208663400000017
6231720000	-0.249047053600000012	0.30319209829999999
6231770000	-0.244366883899999998	0.303775165299999983
6231820000	-0.242855595000000007	0.308112524800000009
6231870000	-0.234098996599999998	0.311011134799999978
6231920000	-0.232521757500000009	0.315238761899999997
6231970000	-0.230101624799999988	0.319192773900000004
6232020000	-0.225068462400000002	0.321387104400000012
6232070000	-0.21953123690000001	0.325001852599999974
6232120000	-0.218064971699999999	0.328345666199999997
6232170000	-0.212835786500000013	0.330053445100000009
6232220000	-0.210018202099999995	0.333671202100000008
6232270000	-0.203313505499999991	0.337480601300000016
6232320000	-0.200787550499999995	0.338291476099999988
6232370000	-0.196914130399999998	0.342878426100000022
6232420000	-0.189445893599999998	0.345979818300000019
6232470000	-0.184518676100000001	0.349563932299999991
6232520000	-0.18022837659999999	0.351052478700000004
6232570000	-0.176823694100000012	0.353386199000000012
6232620000	-0.17221996710000001	0.357396139499999987
6232670000	-0.167857382700000002	0.358514474600000022
6232720000	-0.162448125700000001	0.359517602499999978
6232770000	-0.156647138299999988	0.362476607800000017
6232820000	-0.153339529499999988	0.366172196999999977
6232870000	-0.148415612899999994	0.36798441799999998
6232920000	-0.142255018499999997	0.372140931200000025
6232970000	-0.137697726399999998	0.374488055200000003
6233020000	-0.132002416300000008	0.37482653560000001
6233070000	-0.125448990600000004	0.377125968099999986
6233120000	-0.120393142499999994	0.379326819199999998
6233170000	-0.115984074399999998	0.381640333800000009
6233220000	-0.110208786399999994	0.383420449399999974
6233270000	-0.106620903399999994	0.384217913500000008
6233320000	-0.099156117299999999	0.385557490300000028
6233370000	-0.0929874294999999962	0.388912337800000008
6233420000	-0.0901238592000000033	0.390992326700000004
6233470000	-0.0864836494000000011	0.392275050299999983
6233520000	-0.0776025042000000054	0.393264410600000003
6233570000	-0.0722052633999999971	0.394204624900000022
6233620000	-0.0673279232999999949	0.394976719699999979
6233670000	-0.061145552899999997	0.397602479100000017
6233720000	-0.0546937013000000014	0.399051906000000012
6233770000	-0.0475189582999999971	0.399569543600000021
6233820000	-0.0413499598999999968	0.397993504499999984
6233870000	-0.0372933739999999972	0.401523976299999974
6233920000	-0.0291203782000000015	0.399475611200000025
6233970000	-0.0248452802	0.404457656100000007
6234020000	-0.0167850707000000016	0.402173750399999974
6234070000	-0.0103442598999999996	0.403164273799999973
6234120000	-0.00325980649999999981	0.405177422999999981
6234170000	0.00161986019999999994	0.404366380700000028
6234220000	0.0108623265	0.404614357899999999
6234270000	0.0161188947000000006	0.405611217799999979
6234320000	0.0230094906000000016	0.4049231425
6234370000	0.0306322912000000017	0.404288765599999989
6234420000	0.0391149080999999982	0.407139460700000011
6234470000	0.0483156319999999972	0.404578274000000015
6234520000	0.0533780911999999982	0.403272536500000001
6234570000	0.0628436720999999976	0.404974640100000005
6234620000	0.0712994380000000066	0.402552508799999986
6234670000	0.0797850635999999974	0.399584606999999981
6234720000	0.0897544541000000057	0.398636703599999975
6234770000	0.0985554029999999998	0.397720699000000011
6234820000	0.107947767599999994	0.396321715899999982
6234870000	0.118093319099999997	0.391385932400000025
6234920000	0.128668928799999999	0.391020306300000009
6234970000	0.136985121600000009	0.383886521300000005
6235020000	0.149515392200000014	0.378843103700000017
6235070000	0.163981866799999987	0.375452287900000015
6235120000	0.175619723199999994	0.368177692800000012
6235170000	0.188658164399999995	0.357822246999999982
6235220000	0.202963352000000014	0.346771601500000026
6235270000	0.215009303699999987	0.3340449801
6235320000	0.230608789600000003	0.318396712199999987
6235370000	0.243541264099999988	0.297285593100000023
6235420000	0.256571525700000025	0.271978369300000022
6235470000	0.265823252200000026	0.2390782615
6235520000	0.266244375400000011	0.198590010900000002
6235570000	0.255913740100000009	0.153990340599999997
6235620000	0.232224927400000003	0.109029874400000004
6235670000	0.189160325699999993	0.0715447803999999937
6235720000	0.133551819200000005	0.051962098499999998
6235770000	0.0753052542999999991	0.0581812131999999982
6235820000	0.0265105893000000016	0.0810164228999999958
6235870000	-0.00736724030000000026	0.116495692499999998
6235920000	-0.0256566802000000004	0.153181722500000006
6235970000	-0.0333683117000000001	0.186494460899999992
6236020000	-0.0311524045000000013	0.218465075199999997
6236070000	-0.0263709289	0.241902141999999987
6236120000	-0.0157848556000000015	0.265025788699999987
6236170000	-0.00632354419999999959	0.283050572900000019
6236220000	0.00375557319999999997	0.295129007499999985
6236270000	0.0165535589999999989	0.306195854200000006
6236320000	0.0301929742000000001	0.316031049499999994
6236370000	0.0407750180000000031	0.320127149
6236420000	0.0492827036999999996	0.325105364000000008
6236470000	0.0601427293999999973	0.330802791099999993
6236520000	0.0709041281999999995	0.333320479200000019
6236570000	0.0781160788000000023	0.33500187440000001
6236620000	0.0894234039000000036	0.338539263400000012
6236670000	0.0991895146000000005	0.339520548400000011
6236720000	0.106292025799999995	0.340780442299999986
6236770000	0.113548864799999996	0.338631345199999989
6236820000	0.122605244799999999	0.339514103399999989
6236870000	0.130169854499999987	0.336973354000000003
6236920000	0.139309711599999997	0.339035452000000015
6236970000	0.145475419500000008	0.336693056499999976
6237020000	0.1521264846	0.33527244719999999
6237070000	0.158459090599999991	0.333934475499999994
6237120000	0.166819419599999991	0.333021406099999973
6237170000	0.17322604920000001	0.332751355500000012
6237220000	0.178170601799999995	0.330440752900000023
6237270000	0.185705860899999992	0.330459624100000016
6237320000	0.190074465299999995	0.326120964700000016
6237370000	0.197695706400000004	0.324178223900000007
6237420000	0.204394531500000004	0.320734985400000006
6237470000	0.210075798600000002	0.319768050500000012
6237520000	0.2152875286	0.316437256
6237570000	0.219132782199999987	0.313088850799999985
6237620000	0.223751708699999996	0.310648418199999998
6237670000	0.229058651299999999	0.307804025300000006
6237720000	0.235801939799999999	0.303648540099999975
6237770000	0.241235540199999987	0.30117008340000001
6237820000	0.245236513900000008	0.29984585549999998
6237870000	0.250298850000000017	0.293629028000000014
6237920000	0.254597637099999996	0.292553972200000012
6237970000	0.257977572799999999	0.287338009499999991
6238020000	0.265406133599999983	0.284852625799999981
6238070000	0.2683542451	0.280410790500000007
6238120000	0.272979503700000015	0.278394439900000012
6238170000	0.276923615199999973	0.274105317899999978
6238220000	0.28046106329999998	0.269457396999999987
6238270000	0.285774588900000015	0.268106077700000001
6238320000	0.289706041000000025	0.262581441299999996
6238370000	0.293473939800000028	0.259969964900000017
6238420000	0.298025943899999979	0.25599360069999999
6238470000	0.300822642899999992	0.251472441699999993
6238520000	0.306136791600000013	0.246143817699999989
6238570000	0.308224808299999986	0.242356689600000008
6238620000	0.313252864099999973	0.238392436499999999
6238670000	0.317237672400000004	0.237019733799999993
6238720000	0.320836816400000002	0.23255140769999999
6238770000	0.3250803518	0.22620433370000001
6238820000	0.327220774800000003	0.221758032100000002
6238870000	0.329858874799999979	0.219963416999999994
6238920000	0.333754197699999977	0.215595495700000001
6238970000	0.337136679699999997	0.209588553300000008
6239020000	0.339954836400000016	0.204691204900000007
6239070000	0.345338269099999984	0.198178553099999988
6239120000	0.345075750899999978	0.195008260300000014
6239170000	0.350296167800000002	0.191596261600000012
6239220000	0.351282101700000016	0.186861052500000013
6239270000	0.357278356799999974	0.182125091699999991
6239320000	0.359578536000000004	0.177550250200000009
6239370000	0.359530652399999984	0.174638536499999997
6239420000	0.363512605200000005	0.168034101999999991
6239470000	0.36710008420000001	0.164737243499999991
6239520000	0.369235121200000016	0.156186235499999992
6239570000	0.370843471899999999	0.153147998600000002
6239620000	0.372878789599999982	0.150386453400000009
6239670000	0.374788860700000004	0.143936440500000012
6239720000	0.377070696799999994	0.141704383699999992
6239770000	0.381598157699999996	0.135269967699999993
6239820000	0.379581899900000019	0.127276188000000012
6239870000	0.384565496399999984	0.123501052700000002
6239920000	0.383426606299999972	0.1177365618
6239970000	0.387695788400000019	0.113929127500000005
6240020000	0.389070796300000021	0.109271107199999995
6240070000	0.389373619299999973	0.103483516400000003
6240120000	0.392294648199999985	0.0986332090999999939
6240170000	0.393218001400000017	0.0929804664999999975
6240220000	0.394061503199999996	0.0881978924999999997
6240270000	0.396974406300000027	0.0813853103999999938
6240320000	0.397276423200000006	0.0743707329999999944
6240370000	0.400107751399999989	0.0715893598999999964
6240420000	0.400872875100000026	0.0656896015
6240470000	0.404555589400000026	0.0631091693999999981
6240520000	0.404284874800000027	0.0579072699999999968
6240570000	0.403627808799999988	0.0505979540000000005
6240620000	0.403435805099999989	0.0464260063000000028
6240670000	0.403346400900000013	0.0416559691000000024
6240720000	0.405707608900000016	0.0335755921000000027
6240770000	0.408340892700000013	0.0304365959999999998
6240820000	0.406665503099999992	0.0262302504999999998
6240870000	0.407369727899999978	0.0213020985999999996
6240920000	0.407264169499999995	0.0130889860000000004
6240970000	0.408675345400000001	0.00860800580000000044
6241020000	0.408108521800000013	0.00248076889999999982
6241070000	0.409993977899999973	-0.00287003160000000009
6241120000	0.410722193299999982	-0.00686754329999999993
6241170000	0.408868659999999995	-0.0112391872000000004
6241220000	0.409481187700000027	-0.0181800446999999983
6241270000	0.40778517689999999	-0.0253059947000000007
6241320000	0.412188648599999985	-0.0301232671
6241370000	0.409183615200000017	-0.0341894379000000012
6241420000	0.409973024999999991	-0.0386406358999999977
6241470000	0.409439854300000017	-0.0444540596999999996
6241520000	0.40870421870000001	-0.0512319826000000034
6241570000	0.407528462599999974	-0.0570102235999999998
6241620000	0.4078401579	-0.0611057249999999996
6241670000	0.406595743000000009	-0.0644602538000000058
6241720000	0.407481939199999976	-0.0704909226999999999
6241770000	0.40528966230000002	-0.0794297176999999993
6241820000	0.406076086300000028	-0.0832284578999999969
6241870000	0.404779512200000025	-0.087247955000000002
6241920000	0.402080201400000004	-0.0918789247999999975
6241970000	0.402088265300000025	-0.100454554799999998
6242020000	0.39966594900000002	-0.104977630500000002
6242070000	0.398010617000000011	-0.109801999799999994
6242120000	0.399582145900000019	-0.113596232300000002
6242170000	0.397742361900000008	-0.119003558300000006
6242220000	0.395542983299999984	-0.125241566700000001
6242270000	0.393158701200000016	-0.130131444099999993
6242320000	0.391524203500000001	-0.137052410099999994
6242370000	0.391403042300000004	-0.138809800300000008
6242420000	0.387532288200000019	-0.146695276699999988
6242470000	0.389677763100000019	-0.152539800400000009
6242520000	0.384823791299999995	-0.154064306600000006
6242570000	0.385585637799999992	-0.162696064899999993
6242620000	0.38152771689999998	-0.166471068400000005
6242670000	0.378701246499999977	-0.171168767599999994
6242720000	0.377018339300000005	-0.175710214300000001
6242770000	0.372760283199999987	-0.180874902599999998
6242820000	0.370991303200000011	-0.18653479449999999
6242870000	0.371728686600000024	-0.192219692400000003
6242920000	0.369137670400000006	-0.196619620500000009
6242970000	0.367380717899999987	-0.199955829599999996
6243020000	0.364038121499999978	-0.205964510900000008
6243070000	0.363864907899999979	-0.210418880599999997
6243120000	0.359387477700000013	-0.214999293199999997
6243170000	0.357436485199999987	-0.2190097399
6243220000	0.354147801500000026	-0.22381409020000001
6243270000	0.350718985599999977	-0.230643633699999989
6243320000	0.348891212299999975	-0.235800299699999993
6243370000	0.345975424699999978	-0.237867969000000012
6243420000	0.344709083199999988	-0.24172860630000001
6243470000	0.340494310199999983	-0.246365226900000012
6243520000	0.336373171000000026	-0.252209410199999984
6243570000	0.332616275100000025	-0.25487905700000002
6243620000	0.329451254799999982	-0.262382886300000007
6243670000	0.327290624299999999	-0.263659864700000024
6243720000	0.322597909399999994	-0.270816311199999993
6243770000	0.318935950400000001	-0.273366525500000013
6243820000	0.316764490899999973	-0.27836477599999998
6243870000	0.311980120999999999	-0.280641070200000009
6243920000	0.308103864499999991	-0.287788804000000009
6243970000	0.305288414200000024	-0.291960975499999997
6244020000	0.302370664200000028	-0.295917731500000003
6244070000	0.297550885599999981	-0.299052885800000001
6244120000	0.29382080770000002	-0.302475793699999995
6244170000	0.290908959199999984	-0.306121234399999997
6244220000	0.286570292700000007	-0.309676039600000008
6244270000	0.283428883999999992	-0.313337775500000026
6244320000	0.27971866179999999	-0.318215562200000024
6244370000	0.273172639900000014	-0.322847883000000002
6244420000	0.269950212600000017	-0.329263794100000007
6244470000	0.266220583700000013	-0.329247235400000005
6244520000	0.262170157899999978	-0.334455824899999976
6244570000	0.259647086000000027	-0.338745651599999975
6244620000	0.253457778199999983	-0.341754999900000023
6244670000	0.250751230499999977	-0.343375986199999983
6244720000	0.246731765200000008	-0.344583920499999974
6244770000	0.239709138099999997	-0.350383327000000022
6244820000	0.237704957299999992	-0.352108758500000008
6244870000	0.232177889199999987	-0.356955017400000019
6244920000	0.228533551400000007	-0.359648465500000014
6244970000	0.222042925499999988	-0.364302401900000017
6245020000	0.21952182449999999	-0.365728236500000026
6245070000	0.213226160500000012	-0.368492225299999976
6245120000	0.207757247899999997	-0.37326898180000001
6245170000	0.204184536400000005	-0.373146962000000026
6245220000	0.198282251599999987	-0.377714114200000006
6245270000	0.191880341399999987	-0.38124849999999999
6245320000	0.189485659299999998	-0.381953876500000011
6245370000	0.183520189899999991	-0.38591147549999999
6245420000	0.179352416900000006	-0.390417982699999999
6245470000	0.175699915300000009	-0.389619071699999986
6245520000	0.17091492459999999	-0.391461768300000013
6245570000	0.165758636099999995	-0.395289841400000008
6245620000	0.160060535100000012	-0.397466474899999977
6245670000	0.153632543199999999	-0.400039917500000008
6245720000	0.149622426000000003	-0.401630017399999983
6245770000	0.142763092000000008	-0.40574860140000002
6245820000	0.14009991220000001	-0.406376451299999997
6245870000	0.133148526399999995	-0.408239965500000024
6245920000	0.128794621400000003	-0.408470840900000021
6245970000	0.123549326599999995	-0.413046269700000024
6246020000	0.114906215399999997	-0.412059022900000016
6246070000	0.1126772199	-0.417583987699999992
6246120000	0.106795475200000003	-0.416908585800000009
6246170000	0.101304496300000005	-0.419637489600000024
6246220000	0.0960989029999999994	-0.420123751400000023
6246270000	0.0911699378999999976	-0.423129381999999998
6246320000	0.0857396314999999964	-0.423039025899999976
6246370000	0.077861329300000004	-0.422812110399999996
6246420000	0.0747498565000000031	-0.424505529599999987
6246470000	0.0692128193000000058	-0.425613289900000025
6246520000	0.0634423182000000002	-0.427471971399999984
6246570000	0.0591802111999999991	-0.429222273900000006
6246620000	0.0511810487999999966	-0.427673159999999997
6246670000	0.0472734091999999981	-0.429406858700000005
6246720000	0.0421030631999999988	-0.430982325900000018
6246770000	0.0366327612999999969	-0.430769509399999972
6246820000	0.0281464921	-0.431950777900000027
6246870000	0.0249096187000000004	-0.431499107400000026
6246920000	0.0204347572999999984	-0.432892328900000012
6246970000	0.0130567328999999996	-0.43468184310000002
6247020000	0.00629670660000000021	-0.433400086399999995
6247070000	0.0038885008999999999	-0.432248853400000022
6247120000	-0.00359295350000000003	-0.434724839799999985
6247170000	-0.00772241340000000016	-0.432561732500000018
6247220000	-0.0136202783999999997	-0.434839804599999991
6247270000	-0.0227933981999999986	-0.431696270400000026
6247320000	-0.0260638961999999988	-0.435076598699999983
6247370000	-0.0319351605999999982	-0.433968383600000007
6247420000	-0.0367136590000000027	-0.436439249500000015
6247470000	-0.0417387248000000016	-0.432959112400000012
6247520000	-0.0496100207000000001	-0.432128866300000025
6247570000	-0.0547912189000000008	-0.432869514100000019
6247620000	-0.0591052112000000004	-0.432021000699999991
6247670000	-0.0669765293999999983	-0.432354857699999984
6247720000	-0.0707353577999999955	-0.429173726500000019
6247770000	-0.0771664890999999992	-0.430483636300000028
6247820000	-0.0823493621999999981	-0.428444543800000022
6247870000	-0.0859452428999999962	-0.426828002400000017
6247920000	-0.0940711010999999986	-0.42717207330000001
6247970000	-0.0988238736000000006	-0.425794190299999986
6248020000	-0.105967898199999994	-0.425213392199999984
6248070000	-0.109613698300000006	-0.422316069100000024
6248120000	-0.116738095400000005	-0.422146113099999998
6248170000	-0.121509467199999999	-0.420936774800000024
6248220000	-0.125426710200000013	-0.418961541499999979
6248270000	-0.132128424999999994	-0.416504609500000011
6248320000	-0.137942993000000014	-0.417571552899999976
6248370000	-0.142918584600000009	-0.414220160299999973
6248420000	-0.147612193599999997	-0.414774917399999998
6248470000	-0.153725248499999995	-0.410788531199999973
6248520000	-0.159356642500000006	-0.407552220899999984
6248570000	-0.164128311299999996	-0.406113013000000023
6248620000	-0.170494299200000005	-0.406231402500000005
6248670000	-0.174124788800000013	-0.402275827500000016
6248720000	-0.181302763899999997	-0.400540532299999974
6248770000	-0.184974827600000002	-0.397969394199999993
6248820000	-0.191661113599999988	-0.395585179499999995
6248870000	-0.1990490117	-0.393853932799999973
6248920000	-0.204025840200000003	-0.389818227299999986
6248970000	-0.20639735070000001	-0.389630666299999984
6249020000	-0.212574504500000011	-0.385581790199999996
6249070000	-0.218144191999999987	-0.38344030699999998
6249120000	-0.221326433200000006	-0.382070391000000009
6249170000	-0.226992951700000001	-0.376446603499999977
6249220000	-0.232841401799999986	-0.374764105100000022
6249270000	-0.235298319899999997	-0.369909737199999977
6249320000	-0.241593634899999993	-0.369089947299999999
6249370000	-0.246029391900000005	-0.366160416200000005
6249420000	-0.252225195499999999	-0.360956644400000026
6249470000	-0.256656705799999996	-0.357086107500000027
6249520000	-0.261620312399999999	-0.356714176400000027
6249570000	-0.266023236300000021	-0.352938673400000014
6249620000	-0.270455268799999982	-0.347738056000000018
6249670000	-0.275193787500000009	-0.347632470299999996
6249720000	-0.279167070100000025	-0.341916968900000007
6249770000	-0.284254082700000021	-0.338481597899999986
6249820000	-0.287437709799999996	-0.334506050700000002
6249870000	-0.29290657320000002	-0.331663362500000003
6249920000	-0.296369630599999989	-0.329113909199999999
6249970000	-0.301908273900000024	-0.325036751700000015
6250020000	-0.304462475899999974	-0.319420844400000015
6250070000	-0.310739206800000001	-0.316825606500000023
6250120000	-0.313861723300000006	-0.312945662100000022
6250170000	-0.3198896242	-0.307771641099999993
6250220000	-0.323404051099999978	-0.304427535699999974
6250270000	-0.325615005800000024	-0.300324876799999974
6250320000	-0.330549415499999999	-0.294580274600000025
6250370000	-0.334390601700000012	-0.293977369200000005
6250420000	-0.338797544100000014	-0.284750058299999997
6250470000	-0.342428014700000005	-0.281842531900000026
6250520000	-0.346125450700000004	-0.27863213739999998
6250570000	-0.351189598300000017	-0.273551972199999993
6250620000	-0.354228258199999979	-0.270951618399999983
6250670000	-0.358199454699999975	-0.265335112099999992
6250720000	-0.360893116800000024	-0.258747742800000013
6250770000	-0.363209174600000018	-0.256087939799999997
6250820000	-0.366600911400000007	-0.251666135899999976
6250870000	-0.373990067599999976	-0.248321161200000001
6250920000	-0.375453871699999997	-0.241341941799999987
6250970000	-0.378495129900000005	-0.23790577730000001
6251020000	-0.380638532299999999	-0.23154318539999999
6251070000	-0.384423849500000026	-0.228836527300000009
6251120000	-0.386410205200000023	-0.220838209400000013
6251170000	-0.39060095210000001	-0.219882738999999994
6251220000	-0.395882205099999995	-0.210703409300000005
6251270000	-0.396656179800000008	-0.207018446900000014
6251320000	-0.397632826499999981	-0.203786404100000013
6251370000	-0.402386469999999996	-0.196717120599999989
6251420000	-0.404359096299999998	-0.191204651400000009
6251470000	-0.407926913499999988	-0.185044363399999995
6251520000	-0.408725308200000026	-0.180559399799999992
6251570000	-0.412245435599999988	-0.175739579400000012
6251620000	-0.414865362899999979	-0.169114441799999987
6251670000	-0.416034925599999994	-0.165862944499999998
6251720000	-0.419567473299999993	-0.160677430300000007
6251770000	-0.421142819000000002	-0.155517892099999999
6251820000	-0.42221387669999999	-0.148982112700000002
6251870000	-0.42582465730000002	-0.145269526700000012
6251920000	-0.427511369099999983	-0.138762382500000003
6251970000	-0.429342851099999978	-0.131653146800000009
6252020000	-0.430437797100000019	-0.1266011779
6252070000	-0.431730742399999978	-0.1217438297
6252120000	-0.433049347899999992	-0.115879829700000006
6252170000	-0.436222984400000013	-0.111417179899999996
6252220000	-0.436632176599999977	-0.103125108399999998
6252270000	-0.437997531399999973	-0.0974682682999999939
6252320000	-0.439761002499999998	-0.0924021676999999958
6252370000	-0.440805749899999988	-0.0872792458999999965
6252420000	-0.442186132100000018	-0.0803299185999999943
6252470000	-0.442714298900000025	-0.0760215105999999946
6252520000	-0.443542270700000019	-0.0693619102000000015
6252570000	-0.444646877200000012	-0.0666850388999999932
6252620000	-0.446072053799999979	-0.0609491303000000012
6252670000	-0.446080594900000016	-0.0531289035999999992
6252720000	-0.448710111600000017	-0.046101185599999997
6252770000	-0.447523559000000015	-0.0410643636000000006
6252820000	-0.445922612399999974	-0.0360165423000000026
6252870000	-0.450354384699999999	-0.0293623889000000013
6252920000	-0.449601647699999996	-0.0241359377999999999
6252970000	-0.449773704800000007	-0.0194715207999999994
6253020000	-0.450981844500000006	-0.0105363408999999998
6253070000	-0.451200549499999992	-0.00702585469999999958
6253120000	-0.450099948600000022	-0.000511824600000000012
6253170000	-0.451415051399999989	0.00616806409999999961
6253220000	-0.452107097499999999	0.0123520203000000005
6253270000	-0.450823813100000026	0.0193728375000000001
6253320000	-0.452343429600000013	0.0257850183000000004
6253370000	-0.45047610560000001	0.0298880036000000009
6253420000	-0.449353691399999977	0.0341738019000000018
6253470000	-0.451332334200000018	0.0401180029999999993
6253520000	-0.450159905000000027	0.0462398003000000016
6253570000	-0.449722167200000023	0.0535455359000000033
6253620000	-0.449276268599999973	0.0570443164999999974
6253670000	-0.446641057499999994	0.065865325200000005
6253720000	-0.445757772900000016	0.0709184702
6253770000	-0.445563942300000015	0.0780952825000000017
6253820000	-0.446288259700000023	0.0833229050000000027
6253870000	-0.446439835100000015	0.0882279723999999932
6253920000	-0.445236630199999983	0.0946675604000000032
6253970000	-0.442182905000000015	0.100383590999999994
6254020000	-0.440493980600000001	0.106610621399999994
6254070000	-0.437918869599999983	0.111590852899999995
6254120000	-0.439383939100000009	0.117078748600000004
6254170000	-0.436302501100000018	0.122470299199999993
6254220000	-0.435030038800000018	0.127051915300000012
6254270000	-0.433951114299999996	0.135155532599999989
6254320000	-0.431833318999999993	0.140020535299999999
6254370000	-0.430186140300000019	0.145877033999999989
6254420000	-0.429659096899999982	0.152636955699999993
6254470000	-0.426466522100000023	0.158946436599999991
6254520000	-0.424768585699999979	0.16365500220000001
6254570000	-0.420892833999999993	0.168187001899999994
6254620000	-0.420223042499999977	0.173364623400000001
6254670000	-0.416287934999999998	0.178704322299999996
6254720000	-0.415540374200000007	0.184760987200000004
6254770000	-0.411856119399999998	0.189502890099999988
6254820000	-0.410167757999999993	0.196679593699999988
6254870000	-0.408243401900000025	0.201823792299999999
6254920000	-0.405835623300000004	0.203614344000000003
6254970000	-0.402040351600000012	0.2090336109
6255020000	-0.400619396399999994	0.214725341300000011
6255070000	-0.399119491300000018	0.221315612200000011
6255120000	-0.392958862500000006	0.22730866990000001
6255170000	-0.391716345500000007	0.233234924099999991
6255220000	-0.389794183000000016	0.238896019500000001
6255270000	-0.38426845770000001	0.243864106400000002
6255320000	-0.382038380800000021	0.249943739400000003
6255370000	-0.382193493499999981	0.253173882000000017
6255420000	-0.376180287599999996	0.256879360399999979
6255470000	-0.370984279699999975	0.261104655500000005
6255520000	-0.369733513499999999	0.269196373200000005
6255570000	-0.365768486599999998	0.27138484060000001
6255620000	-0.36257381449999998	0.277461015600000027
6255670000	-0.358599409300000005	0.281034512999999986
6255720000	-0.357007661699999979	0.287064755499999991
6255770000	-0.352170974699999972	0.291639833100000023
6255820000	-0.34860931169999998	0.295691986799999973
6255870000	-0.343717005799999975	0.302126945400000013
6255920000	-0.342717758300000008	0.30472325309999998
6255970000	-0.336025695100000021	0.309337800900000015
6256020000	-0.332505294000000007	0.314221077600000009
6256070000	-0.327920344099999983	0.31915283459999999
6256120000	-0.323652120799999998	0.324062951099999996
6256170000	-0.319773375799999982	0.329308673300000021
6256220000	-0.315399654400000007	0.331323723199999975
6256270000	-0.311228032900000007	0.334066336100000028
6256320000	-0.306111587399999996	0.339290346899999984
6256370000	-0.302618117600000014	0.343796283099999989
6256420000	-0.297986199399999985	0.347314624399999994
6256470000	-0.294705436799999998	0.352581789199999995
6256520000	-0.28895400910000002	0.355848688899999988
6256570000	-0.284768836400000003	0.359283048900000013
6256620000	-0.279353956600000009	0.363173987099999984
6256670000	-0.275980524900000024	0.368182067700000004
6256720000	-0.271633862800000014	0.369891523200000016
6256770000	-0.265588744300000013	0.374514973500000015
6256820000	-0.261993246499999999	0.37850272610000002
6256870000	-0.257254895799999994	0.381047141199999995
6256920000	-0.25259598350000001	0.386347214400000027
6256970000	-0.246229928399999992	0.387257936899999988
6257020000	-0.240684801599999998	0.389192558500000008
6257070000	-0.237628768099999998	0.393777240600000022
6257120000	-0.230081782200000001	0.396985909799999981
6257170000	-0.226075674000000004	0.400464178700000006
6257220000	-0.220348989599999989	0.401584165300000018
6257270000	-0.213109168900000007	0.406636673800000015
6257320000	-0.208069195600000006	0.408377996999999993
6257370000	-0.205752316500000004	0.413123390199999996
6257420000	-0.198275045799999994	0.415026386700000027
6257470000	-0.193469922699999991	0.417043632300000022
6257520000	-0.189007902100000014	0.421158526899999996
6257570000	-0.180711628499999999	0.420576208499999993
6257620000	-0.175253598499999996	0.425687175699999976
6257670000	-0.171036954500000005	0.427049317799999995
6257720000	-0.167863847900000002	0.427859788600000013
6257770000	-0.159106191600000002	0.430444983700000006
6257820000	-0.153434447700000004	0.434656536599999976
6257870000	-0.149473151100000007	0.436924609399999997
6257920000	-0.143314222600000013	0.4387135271
6257970000	-0.13784195660000001	0.441305836600000001
6258020000	-0.13049141689999999	0.440965524100000006
6258070000	-0.12680280699999999	0.443304855399999975
6258120000	-0.122236021599999994	0.445637508100000024
6258170000	-0.115245550899999993	0.447270350500000025
6258220000	-0.108540607900000002	0.447681807900000006
6258270000	-0.102303236800000003	0.447984759999999982
6258320000	-0.0979254569999999935	0.449581562200000007
6258370000	-0.0918005471999999989	0.453392433599999978
6258420000	-0.0852219144000000012	0.452969167800000017
6258470000	-0.0786076460999999976	0.454617401500000018
6258520000	-0.0732669781000000048	0.456530498499999993
6258570000	-0.0666071545000000015	0.456516624199999999
6258620000	-0.0610724159999999974	0.456042558900000006
6258670000	-0.0540014941999999998	0.458150053200000018
6258720000	-0.0494615372000000025	0.457767713399999998
6258770000	-0.0410258902999999994	0.460498119900000003
6258820000	-0.0377204489000000018	0.460461029199999983
6258870000	-0.0310325198999999996	0.459304312300000017
6258920000	-0.0233400269999999993	0.461789293900000009
6258970000	-0.0159557090999999998	0.462572125800000011
6259020000	-0.0145751864000000005	0.461457698299999997
6259070000	-0.00452355310000000007	0.461771298399999974
6259120000	-8.36066000000000001e-05	0.460293354200000004
6259170000	0.00427322839999999971	0.462267441700000004
6259220000	0.0102365049999999999	0.46312208119999998
6259270000	0.0183819123000000008	0.461608478699999991
6259320000	0.0227183596999999994	0.459980692400000002
6259370000	0.0301437441000000014	0.461042658699999996
6259420000	0.0353559281000000031	0.45880491000000001
6259470000	0.0423609617999999993	0.458228227799999999
6259520000	0.046282270200000003	0.457692654899999996
6259570000	0.0535461453000000004	0.458298607400000002
6259620000	0.0603696472000000012	0.458942927000000001
6259670000	0.0681141861000000015	0.455889277300000006
6259720000	0.0717923538	0.454661475500000023
6259770000	0.0792346867999999954	0.458128471599999976
6259820000	0.0836437398999999998	0.455100836600000003
6259870000	0.0891123743000000051	0.454751027799999985
6259920000	0.0946268009999999965	0.453462391199999981
6259970000	0.100385249900000001	0.449342207499999979
6260020000	0.107163956099999999	0.449885352399999994
6260070000	0.111601382299999996	0.448990411599999972
6260120000	0.118031456300000004	0.445933118000000017
6260170000	0.123961874200000002	0.446655343099999991
6260220000	0.13192030460000001	0.443569708499999993
6260270000	0.136063274300000009	0.44346472050000002
6260320000	0.142638145699999996	0.440649397599999992
6260370000	0.149849850000000007	0.439902812500000018
6260420000	0.153952844300000002	0.435813027099999972
6260470000	0.159569721800000008	0.434011025800000005
6260520000	0.165616600499999989	0.432384628100000001
6260570000	0.171225184499999988	0.42860208729999999
6260620000	0.175310080600000001	0.426796063999999975
6260670000	0.183334712600000005	0.425916399499999987
6260720000	0.188399508399999999	0.423265387599999987
6260770000	0.193581316400000009	0.420303391400000004
6260820000	0.19903865300000001	0.417391655500000014
6260870000	0.202998804000000005	0.413963071000000016
6260920000	0.21041034010000001	0.411467765599999979
