# freq, I e Q
6210920000	0.13704746109999999	0.331006106899999986
6210970000	0.141306473900000007	0.329515590700000027
6211020000	0.146016188999999991	0.325786736399999999
6211070000	0.150676280400000001	0.325843673
6211120000	0.152615765799999997	0.324574197900000028
6211170000	0.159285078999999996	0.319363277399999979
6211220000	0.161366752400000008	0.322187390500000004
6211270000	0.166903624800000011	0.316888819900000007
6211320000	0.167523210400000011	0.31875172060000001
6211370000	0.173191379400000012	0.312443605299999982
6211420000	0.17506432320000001	0.313376827700000027
6211470000	0.179965108600000007	0.308037390799999977
6211520000	0.184106707499999994	0.301975614599999997
6211570000	0.188118533300000002	0.306072643500000019
6211620000	0.190961167600000009	0.300418753699999985
6211670000	0.193151567400000002	0.300657145800000025
6211720000	0.198877314700000002	0.297551953199999997
6211770000	0.202405989199999997	0.296691866799999981
6211820000	0.206657968199999986	0.293628622100000014
6211870000	0.215910419500000006	0.290725221300000003
6211920000	0.214552090499999987	0.283179970100000011
6211970000	0.215963117199999999	0.281659674500000012
6212020000	0.219189470100000006	0.281041855200000024
6212070000	0.224279856100000008	0.279026535999999992
6212120000	0.224858906299999994	0.273562343099999994
6212170000	0.232035639500000002	0.272081649400000014
6212220000	0.233550494500000011	0.269262278399999999
6212270000	0.236626224999999996	0.269336186400000011
6212320000	0.239967153399999994	0.261349035000000007
6212370000	0.243787998300000003	0.258607340000000019
6212420000	0.250206351499999979	0.259967634299999972
6212470000	0.253825994700000002	0.258565072999999979
6212520000	0.254528754400000001	0.25208099439999998
6212570000	0.256307853899999993	0.245919424500000011
6212620000	0.259833183099999976	0.243083788999999995
6212670000	0.263202261599999987	0.243927037499999999
6212720000	0.267868375300000017	0.239642838800000008
6212770000	0.271564158700000002	0.236840474500000009
6212820000	0.273736176499999984	0.234053470900000005
6212870000	0.277664624099999979	0.229322548600000009
6212920000	0.279583931000000008	0.225552149400000013
6212970000	0.282228130099999974	0.221845985999999995
6213020000	0.281714216299999987	0.21500073950000001
6213070000	0.2887069149	0.216560583700000003
6213120000	0.290681444800000022	0.21193605439999999
6213170000	0.293468022599999989	0.209023248999999994
6213220000	0.292191729499999997	0.204411443199999987
6213270000	0.29646482930000001	0.199845162800000004
6213320000	0.299323484899999992	0.199424873100000011
6213370000	0.300533720299999974	0.189296796500000003
6213420000	0.305564380000000024	0.188036592100000011
6213470000	0.305628572200000004	0.183074659000000001
6213520000	0.305552557599999997	0.182096969800000008
6213570000	0.312710036700000027	0.177716237400000004
6213620000	0.317270501799999993	0.1742106447
6213670000	0.317088244500000005	0.170230677999999996
6213720000	0.312830284100000022	0.166486024199999999
6213770000	0.320549018000000019	0.162928957600000007
6213820000	0.323685125799999973	0.15744759559999999
6213870000	0.319846023699999982	0.157432117099999991
6213920000	0.328726944500000007	0.149837266400000002
6213970000	0.3251319654	0.147928745800000011
6214020000	0.32741983899999999	0.14115589910000001
6214070000	0.333590778600000026	0.138861510299999991
6214120000	0.333291391200000009	0.133088363200000004
6214170000	0.335270863299999999	0.127347741200000003
6214220000	0.338445152500000013	0.125184806900000001
6214270000	0.339937147900000014	0.122714258600000001
6214320000	0.341219513699999977	0.118419554299999993
6214370000	0.340988881899999985	0.114308327400000007
6214420000	0.343163220400000024	0.111438697200000006
6214470000	0.343181869099999981	0.112059501199999995
6214520000	0.34550594950000002	0.0985877691999999944
6214570000	0.348808137299999987	0.0939928121000000033
6214620000	0.344541113100000018	0.0909731609000000024
6214670000	0.345629714500000018	0.0875518946999999936
6214720000	0.349926679299999988	0.0814370746000000062
6214770000	0.351197669300000015	0.0785226827999999932
6214820000	0.353393266500000025	0.0752271568000000002
6214870000	0.348062600300000025	0.0744353036000000023
6214920000	0.353071566700000006	0.0672429175999999934
6214970000	0.354824931899999974	0.0611605132999999968
6215020000	0.355217825599999981	0.0577402176999999989
6215070000	0.353701659700000004	0.052777610099999997
6215120000	0.353059141500000007	0.0477242405000000008
6215170000	0.360811074399999987	0.041999680999999997
6215220000	0.354386095999999984	0.0424440280000000017
6215270000	0.358953074799999994	0.0327171252000000023
6215320000	0.360434073799999977	0.0297790310999999988
6215370000	0.355275086799999973	0.0281208764999999992
6215420000	0.357605980400000023	0.0217576168999999986
6215470000	0.359118606800000018	0.0207065219000000002
6215520000	0.363434979200000008	0.0143288732999999995
6215570000	0.358345735800000009	0.0102722426999999998
6215620000	0.362025740599999979	0.00217785350000000016
6215670000	0.361217549299999996	-0.00335201379999999988
6215720000	0.360756974499999994	-0.000261142800000000016
6215770000	0.356518040599999975	-0.0115204325999999999
6215820000	0.35725770229999998	-0.0140842750999999999
6215870000	0.360700790800000004	-0.0126951323000000001
6215920000	0.360576197499999973	-0.0222916556999999994
6215970000	0.360729518799999982	-0.0246863917000000009
6216020000	0.362768769300000016	-0.0339709871999999968
6216070000	0.353902908700000018	-0.0380107126000000031
6216120000	0.357098040100000014	-0.0378671130000000009
6216170000	0.360221591900000027	-0.0448193657000000023
6216220000	0.359899685899999988	-0.0519664315000000002
6216270000	0.355130994799999988	-0.053468007599999999
6216320000	0.355419403299999992	-0.0580399631000000013
6216370000	0.356690331400000005	-0.0632703302000000023
6216420000	0.358446139699999999	-0.0692334643999999999
6216470000	0.357601068099999975	-0.0672229902999999934
6216520000	0.354832036100000026	-0.0766474179000000005
6216570000	0.35169918	-0.0787881626000000029
6216620000	0.349789127899999996	-0.0867285507000000039
6216670000	0.351430315699999996	-0.0872675633000000034
6216720000	0.347756807300000026	-0.0922984892000000001
6216770000	0.345556149099999987	-0.0964142684999999972
6216820000	0.346701871699999997	-0.100568281699999998
6216870000	0.345018406700000002	-0.109104891100000004
6216920000	0.342740165699999988	-0.106555951100000004
6216970000	0.3409761818	-0.113485130700000006
6217020000	0.33861543500000002	-0.119822762499999999
6217070000	0.339779547299999984	-0.124476479400000006
6217120000	0.340718108700000022	-0.130243081600000005
6217170000	0.335431716699999993	-0.131837350699999994
6217220000	0.335849851300000002	-0.13460895040000001
6217270000	0.332158677100000022	-0.139147572800000008
6217320000	0.334398119699999996	-0.143180157599999996
6217370000	0.330607427200000026	-0.146300285400000007
6217420000	0.327888003500000025	-0.151399563799999998
6217470000	0.327476642799999995	-0.155806897299999997
6217520000	0.324897976300000002	-0.161658176699999989
6217570000	0.323667884800000027	-0.162933880499999989
6217620000	0.320082487600000021	-0.171953161699999996
6217670000	0.314658610999999977	-0.170752486499999995
6217720000	0.31774614280000002	-0.176344744199999987
6217770000	0.316548858300000013	-0.179190556599999995
6217820000	0.316409662899999999	-0.184238540199999995
6217870000	0.31008957450000002	-0.191681380699999987
6217920000	0.309267654599999997	-0.191864486000000001
6217970000	0.302836615699999978	-0.197271645100000004
6218020000	0.304166555700000008	-0.19857652340000001
6218070000	0.300551856800000017	-0.2022830709
6218120000	0.300797170100000011	-0.204705468899999993
6218170000	0.293227012700000012	-0.207402824699999988
6218220000	0.291092019199999996	-0.215144466000000006
6218270000	0.290695545499999985	-0.21763702439999999
6218320000	0.288256770399999973	-0.220396190999999991
6218370000	0.283272591399999996	-0.224703888299999988
6218420000	0.283804910899999985	-0.227819740800000003
6218470000	0.276427531399999982	-0.235172603600000002
6218520000	0.2752347812	-0.238123279800000004
6218570000	0.274112550800000021	-0.238821536299999998
6218620000	0.264800314699999984	-0.243982776699999987
6218670000	0.266657532099999983	-0.251020853300000013
6218720000	0.259090269699999987	-0.249338200799999993
6218770000	0.261944516800000027	-0.250862240399999992
6218820000	0.253326955700000023	-0.254894651799999983
6218870000	0.253522230700000017	-0.258940041600000004
6218920000	0.250805427400000003	-0.262080486399999979
6218970000	0.247809210400000007	-0.266685443899999985
6219020000	0.243251088899999995	-0.269943667599999992
6219070000	0.241780123499999999	-0.270622649699999995
6219120000	0.240169717000000005	-0.275440261500000005
6219170000	0.2353694915	-0.277710481299999978
6219220000	0.232986080000000012	-0.280302178100000021
6219270000	0.226144433099999986	-0.285830364499999989
6219320000	0.223465916799999997	-0.285407986200000019
6219370000	0.223864987099999996	-0.289612772199999979
6219420000	0.212735532799999988	-0.292460559100000017
6219470000	0.213738074700000003	-0.298857912999999975
6219520000	0.208363844999999992	-0.299586940199999985
6219570000	0.20541884199999999	-0.301579012400000013
6219620000	0.200052150499999998	-0.301432430600000023
6219670000	0.198769615300000008	-0.303013629399999984
6219720000	0.196163250300000008	-0.309681995499999974
6219770000	0.18981203969999999	-0.305695226900000006
6219820000	0.185838952599999996	-0.312433983699999973
6219870000	0.18412608720000001	-0.317126836000000023
6219920000	0.176435276899999993	-0.317752993799999994
6219970000	0.177505382999999989	-0.32305668780000002
6220020000	0.168007381700000014	-0.320567801200000002
6220070000	0.171227782500000009	-0.32709587779999999
6220120000	0.16293993670000001	-0.325300073199999984
6220170000	0.158286528600000004	-0.327856622499999972
6220220000	0.157643815599999987	-0.334159604200000016
6220270000	0.151616468799999987	-0.331133214600000003
6220320000	0.146993967499999989	-0.336298352199999984
6220370000	0.144963153000000011	-0.334421615499999991
6220420000	0.138734787100000007	-0.341314890699999984
6220470000	0.136608374000000005	-0.341396561599999981
6220520000	0.12811233729999999	-0.3456419503
6220570000	0.123559717999999999	-0.342926914500000013
6220620000	0.119538842800000003	-0.344191138499999993
6220670000	0.117857770400000006	-0.345793525599999985
6220720000	0.112331029999999998	-0.346196385399999973
6220770000	0.107717690000000005	-0.348608955499999984
6220820000	0.102616839700000004	-0.348708324000000014
6220870000	0.100184261499999996	-0.352895386400000011
6220920000	0.0952558076000000059	-0.348063722099999973
6220970000	0.0923006885000000055	-0.352971433300000026
6221020000	0.089505578500000002	-0.3579743279
6221070000	0.0790069023999999953	-0.35950600869999999
6221120000	0.0789447915	-0.359594685700000027
6221170000	0.0724686283000000042	-0.358316657699999985
6221220000	0.0698744978000000044	-0.365292826399999992
6221270000	0.0644539923999999931	-0.361188088600000012
6221320000	0.0625058562999999956	-0.359609589999999979
6221370000	0.0549161915999999972	-0.365384864199999992
6221420000	0.0537814547000000018	-0.362325691800000016
6221470000	0.0451433278000000007	-0.362117631499999981
6221520000	0.0410537081000000026	-0.364194519300000019
6221570000	0.0372741534999999971	-0.364797550199999987
6221620000	0.0335207433000000027	-0.362647519099999982
6221670000	0.0265737004000000006	-0.36542445010000002
6221720000	0.0250148920000000004	-0.366594055899999993
6221770000	0.0164082766000000005	-0.36703399149999999
6221820000	0.0149393735000000003	-0.36812888290000001
6221870000	0.00949090550000000061	-0.371594579599999975
6221920000	0.00451809779999999984	-0.36981784270000001
6221970000	-0.00115942189999999998	-0.368888675200000016
6222020000	-0.00438218370000000024	-0.367318410699999987
6222070000	-0.00735095330000000002	-0.366157983799999975
6222120000	-0.0134208890000000001	-0.370211319599999977
6222170000	-0.0179287760999999983	-0.368481793900000021
6222220000	-0.021274344399999999	-0.366680527300000003
6222270000	-0.0296140907000000016	-0.368346751400000005
6222320000	-0.0305504124999999987	-0.368959203800000024
6222370000	-0.034919953099999998	-0.368385335500000022
6222420000	-0.0380153379000000013	-0.367299880899999986
6222470000	-0.0443235034999999999	-0.364094819999999986
6222520000	-0.0503149587000000023	-0.362536661699999985
6222570000	-0.0505440102999999974	-0.362327198199999978
6222620000	-0.0587293729	-0.364298070699999976
6222670000	-0.0629132959999999936	-0.361934319000000004
6222720000	-0.0653117121999999967	-0.362133786199999974
6222770000	-0.0730750230000000028	-0.360656494599999988
6222820000	-0.0762510041999999999	-0.359425535600000012
6222870000	-0.0804466900000000013	-0.360163806400000008
6222920000	-0.0848444574000000035	-0.359252319099999995
6222970000	-0.0939410876000000006	-0.359198524899999982
6223020000	-0.0911593250999999938	-0.358167721900000013
6223070000	-0.0974876610000000032	-0.355164986299999985
6223120000	-0.100424460500000007	-0.353715047999999976
6223170000	-0.108997367900000003	-0.355372154499999982
6223220000	-0.111227890999999995	-0.350499801499999986
6223270000	-0.118741706099999997	-0.351752854000000004
6223320000	-0.121030774499999993	-0.349716401200000027
6223370000	-0.126512275499999993	-0.347036410600000012
6223420000	-0.133146175400000011	-0.347726670100000024
6223470000	-0.134774543999999996	-0.347357518300000001
6223520000	-0.141079415200000002	-0.345343883199999979
6223570000	-0.140802378400000011	-0.340211630799999998
6223620000	-0.145647447099999994	-0.339643642199999984
6223670000	-0.152302593600000008	-0.340976069400000026
6223720000	-0.159444285200000008	-0.332721139300000024
6223770000	-0.160449955100000013	-0.337473519599999994
6223820000	-0.163824560400000013	-0.334927597700000024
6223870000	-0.165558357099999998	-0.330357669899999984
6223920000	-0.17361248130000001	-0.327479166400000021
6223970000	-0.175845534400000003	-0.325018954099999979
6224020000	-0.182972695399999996	-0.324986440300000012
6224070000	-0.187017644300000008	-0.322976816599999994
6224120000	-0.190818880400000002	-0.318147413699999992
6224170000	-0.191675414799999999	-0.317198975900000013
6224220000	-0.198158090600000003	-0.313671903500000016
6224270000	-0.201484584299999991	-0.315945632400000009
6224320000	-0.20621181890000001	-0.30871556859999999
6224370000	-0.20749393029999999	-0.304444089699999976
6224420000	-0.210254750099999999	-0.306963881599999988
6224470000	-0.215245797799999999	-0.302400827900000002
6224520000	-0.218108376399999998	-0.299187291299999991
6224570000	-0.224891969100000005	-0.296850231500000006
6224620000	-0.226117878900000013	-0.292723862200000018
6224670000	-0.228991840899999993	-0.29223956470000001
6224720000	-0.236560546799999993	-0.291210521399999978
6224770000	-0.239088079700000011	-0.286903513399999976
6224820000	-0.241893032899999999	-0.279997169300000015
6224870000	-0.244408529600000007	-0.27777090710000002
6224920000	-0.248903879800000005	-0.275152078999999994
6224970000	-0.252960014600000005	-0.272333277599999979
6225020000	-0.255997171099999976	-0.274158145600000014
6225070000	-0.260327128100000027	-0.268263695899999988
6225120000	-0.26352889810000002	-0.264256464899999988
6225170000	-0.265963191900000007	-0.266787993000000001
6225220000	-0.270878633500000021	-0.25780811549999999
6225270000	-0.273797307200000006	-0.251339324400000008
6225320000	-0.27593442410000002	-0.251529237500000002
6225370000	-0.282203314599999977	-0.24985653020000001
6225420000	-0.281968542099999997	-0.245158248400000001
6225470000	-0.286528662599999984	-0.239120164800000007
6225520000	-0.290341240100000009	-0.237986856699999999
6225570000	-0.293812720699999974	-0.235493326499999989
6225620000	-0.294058107600000007	-0.231003571200000007
6225670000	-0.300431678300000005	-0.226413726900000001
6225720000	-0.299893245199999992	-0.224291313299999989
6225770000	-0.303788875100000022	-0.219067481799999991
6225820000	-0.30714806389999999	-0.214531612099999991
6225870000	-0.312308724900000001	-0.215898920900000013
6225920000	-0.312088849999999973	-0.207217408299999989
6225970000	-0.316559932599999982	-0.1998898224
6226020000	-0.317976670500000003	-0.200808386400000011
6226070000	-0.319535102299999985	-0.195860592299999997
6226120000	-0.320719249699999986	-0.193378943999999997
6226170000	-0.324634882899999977	-0.188117392200000011
6226220000	-0.322334985600000012	-0.180246623299999992
6226270000	-0.329638034299999994	-0.175091156100000006
6226320000	-0.330573336399999973	-0.176804652099999987
6226370000	-0.335370109000000027	-0.172127630599999998
6226420000	-0.337012669499999973	-0.169245534899999994
6226470000	-0.338333140899999996	-0.166463376699999999
6226520000	-0.339749709000000011	-0.156674687000000007
6226570000	-0.343906706999999978	-0.15472781129999999
6226620000	-0.345314526700000013	-0.149491399500000011
6226670000	-0.346887584400000004	-0.145504529900000013
6226720000	-0.347088252699999988	-0.143873167999999996
6226770000	-0.352172068299999974	-0.1345118441
6226820000	-0.357358362799999996	-0.136952255599999989
6226870000	-0.353529073799999982	-0.128940530500000011
6226920000	-0.355303257400000017	-0.123378916800000002
6226970000	-0.360079128299999995	-0.120330193500000002
6227020000	-0.364954166700000027	-0.116191796599999994
6227070000	-0.361664435999999978	-0.112475323099999996
6227120000	-0.363056770500000014	-0.1041169339
6227170000	-0.362963141300000014	-0.100666458700000003
6227220000	-0.364798218000000007	-0.0995492983999999997
6227270000	-0.366806024600000002	-0.0891762157999999999
6227320000	-0.366717236700000004	-0.087254465500000003
6227370000	-0.370581465100000007	-0.0831589313999999968
6227420000	-0.370031690999999996	-0.0814352977000000061
6227470000	-0.374053591000000019	-0.0763470469000000068
6227520000	-0.371579748400000021	-0.0709141883000000001
6227570000	-0.371843171099999981	-0.0629479594999999975
6227620000	-0.373714279099999991	-0.0604639065999999989
6227670000	-0.376115067899999989	-0.051761244900000003
6227720000	-0.375537481399999984	-0.0461108901999999973
6227770000	-0.378032642099999983	-0.0464346914999999999
6227820000	-0.378969589399999973	-0.042301093599999999
6227870000	-0.377706609400000004	-0.0356410408000000026
6227920000	-0.379628224299999983	-0.0299728283999999984
6227970000	-0.378043209099999999	-0.0260945588999999985
6228020000	-0.379982516499999978	-0.0217117055999999989
6228070000	-0.380208995400000027	-0.0185248353000000004
6228120000	-0.382357104399999981	-0.0108670590000000001
6228170000	-0.38421019369999998	-0.00615285790000000016
6228220000	-0.379207478499999973	-0.00688491000000000016
6228270000	-0.379438141499999992	0.00316629170000000014
6228320000	-0.384295322200000011	0.0072698169999999996
6228370000	-0.384571496999999984	0.00896911840000000002
6228420000	-0.382090329100000015	0.0142102137999999996
6228470000	-0.379411988500000019	0.0263601535000000005
6228520000	-0.380562519599999982	0.0243272674000000015
6228570000	-0.380683958200000006	0.033417457099999999
6228620000	-0.37986987630000002	0.0348003101000000023
6228670000	-0.379449974199999984	0.0395329632
6228720000	-0.383549638400000004	0.0435549387999999982
6228770000	-0.381748957	0.047172214300000001
6228820000	-0.381593062699999985	0.0550298862999999971
6228870000	-0.379408948799999979	0.0603355522000000033
6228920000	-0.372962007200000001	0.0628930114999999984
6228970000	-0.375389491799999975	0.0719269292000000032
6229020000	-0.374455485300000002	0.0725152686999999962
6229070000	-0.373831226700000019	0.0791058595000000003
6229120000	-0.373361321400000001	0.0842917464000000061
6229170000	-0.370467364899999985	0.0875508413000000013
6229220000	-0.373240650200000024	0.093105784600000005
6229270000	-0.37342045439999999	0.0998407820000000029
6229320000	-0.367143613400000013	0.102053804100000006
6229370000	-0.371774956599999984	0.106923144799999995
6229420000	-0.36723403269999999	0.110678991500000004
6229470000	-0.370075099899999982	0.118687551099999997
6229520000	-0.364399283100000027	0.122786000300000003
6229570000	-0.364224888899999988	0.123119415600000004
6229620000	-0.363622247600000004	0.127730527700000013
6229670000	-0.364060402299999974	0.137211021099999997
6229720000	-0.358081898100000018	0.144340596799999998
6229770000	-0.359575349599999983	0.139762110599999989
6229820000	-0.354605118399999975	0.150626666999999992
6229870000	-0.352130154799999984	0.153568311200000002
6229920000	-0.348310239199999983	0.155400136999999994
6229970000	-0.350928343899999995	0.162730292599999993
6230020000	-0.350644328599999999	0.169671927500000014
6230070000	-0.348264984	0.170848718600000005
6230120000	-0.342367059799999984	0.174241364499999996
6230170000	-0.341475570100000014	0.181348006700000008
6230220000	-0.337791357100000023	0.185054806399999994
6230270000	-0.334624469099999988	0.189010684900000003
6230320000	-0.331266518200000026	0.193309431100000012
6230370000	-0.330901780199999995	0.198164538000000001
6230420000	-0.32940607500000002	0.203655258099999986
6230470000	-0.330287706899999978	0.206928227200000009
6230520000	-0.323764626900000019	0.213461794700000013
6230570000	-0.324567166100000026	0.215958834999999988
6230620000	-0.320587317699999985	0.224579065100000003
6230670000	-0.316887148100000016	0.224819351599999995
6230720000	-0.313762401099999977	0.227137496500000008
6230770000	-0.309528254200000019	0.228887192399999995
6230820000	-0.308945508300000005	0.237646325200000008
6230870000	-0.305300601299999974	0.2419161014
6230920000	-0.302351025200000012	0.247362468000000002
6230970000	-0.303506158299999995	0.247452550900000012
6231020000	-0.298034551799999992	0.254531649999999998
6231070000	-0.292685030899999976	0.260750101499999998
6231120000	-0.290014028899999998	0.261475591299999977
6231170000	-0.286193641599999993	0.262307748600000001
6231220000	-0.284131487299999985	0.273046168799999989
6231270000	-0.281986836600000013	0.275750413500000013
6231320000	-0.277114795400000002	0.274275734100000002
6231370000	-0.273042867600000017	0.277327305199999985
6231420000	-0.267098819200000004	0.281356576999999997
6231470000	-0.268476833000000026	0.287912630499999989
6231520000	-0.261856931800000026	0.293198460300000019
6231570000	-0.260266053800000008	0.29390296199999999
6231620000	-0.256538765900000021	0.297552350999999993
6231670000	-0.252837875200000006	0.300920505200000021
6231720000	-0.241313508399999987	0.30791068290000001
6231770000	-0.24246630520000001	0.305025687200000006
6231820000	-0.240535478800000008	0.310677885699999989
6231870000	-0.23768578139999999	0.317485472499999977
6231920000	-0.232898441900000003	0.322623299099999983
6231970000	-0.223473488400000003	0.323744140800000024
6232020000	-0.219124783999999989	0.328750771200000014
6232070000	-0.218123672200000007	0.329786964299999985
6232120000	-0.212544984100000001	0.332941762699999977
6232170000	-0.210336743399999998	0.333929603000000019
6232220000	-0.206072283899999986	0.340660858999999983
6232270000	-0.202305555899999989	0.339388291000000009
6232320000	-0.19627675180000001	0.33913184930000001
6232370000	-0.192835465000000011	0.346549282700000016
6232420000	-0.188015502499999987	0.34833717580000001
6232470000	-0.185836785000000004	0.3508925195
6232520000	-0.182132043599999988	0.353972407499999975
6232570000	-0.17533863890000001	0.361323536100000009
6232620000	-0.171508174099999994	0.361539102200000018
6232670000	-0.161091634900000003	0.359606177699999974
6232720000	-0.15980660499999999	0.363805160399999994
6232770000	-0.155096901499999995	0.361995857899999995
6232820000	-0.150922732599999998	0.366054900399999994
6232870000	-0.146405067199999989	0.372888846100000004
6232920000	-0.140972851300000007	0.371334798899999985
6232970000	-0.133364392199999987	0.377046409500000013
6233020000	-0.13257769350000001	0.377864154999999979
6233070000	-0.121823775999999995	0.380492094399999981
6233120000	-0.115506399499999995	0.382626332199999974
6233170000	-0.109636320199999998	0.386189536200000016
6233220000	-0.107412129999999995	0.384650265599999985
6233270000	-0.1007116069	0.387654016400000023
6233320000	-0.0980274609000000019	0.390159465699999985
6233370000	-0.0906786898000000036	0.387121467499999983
6233420000	-0.0856549090999999957	0.390986399200000001
6233470000	-0.0819571610000000006	0.39119552489999998
6233520000	-0.0760433550000000069	0.39381182050000002
6233570000	-0.0669344164999999963	0.396815595399999999
6233620000	-0.061637201400000001	0.397888367999999992
6233670000	-0.0557880372000000013	0.396688285099999982
6233720000	-0.0495135567000000026	0.397362054199999981
6233770000	-0.044818995200000003	0.40351179869999998
6233820000	-0.0359248814999999985	0.403845815499999983
6233870000	-0.0347367566000000016	0.40192714639999999
6233920000	-0.0260601937000000013	0.403803280300000011
6233970000	-0.0193325870999999996	0.408832271500000011
6234020000	-0.0140022098000000001	0.405544263899999979
6234070000	-0.0104364218999999994	0.407774078300000009
6234120000	0.000723677399999999964	0.406461017699999982
6234170000	0.00337909060000000016	0.408479258299999981
6234220000	0.0147621921	0.409746307099999985
6234270000	0.0175907268000000012	0.402579980299999973
6234320000	0.0290767089000000013	0.410359695099999977
6234370000	0.034704304200000001	0.411613207500000022
6234420000	0.0421749094000000019	0.408627077900000024
6234470000	0.0504301800999999994	0.408616246100000025
6234520000	0.057016386799999999	0.405392495799999975
6234570000	0.0668458343000000038	0.40846919399999998
6234620000	0.0753576613999999978	0.402974876400000015
6234670000	0.0861484795999999942	0.402309434600000015
6234720000	0.0933312902999999944	0.401491791799999997
6234770000	0.101524500899999995	0.398028148999999998
6234820000	0.113117178099999993	0.397359007300000011
6234870000	0.122785923000000005	0.391995495899999991
6234920000	0.131096292800000014	0.391508033199999994
6234970000	0.144419448300000003	0.386582007200000022
6235020000	0.155758736499999995	0.380936600000000014
6235070000	0.164367534199999998	0.374877485499999996
6235120000	0.176957607699999991	0.367243882799999977
6235170000	0.190057815800000002	0.355676150600000018
6235220000	0.206932737499999991	0.346503110000000003
6235270000	0.219239329000000011	0.331842963800000001
6235320000	0.233800145399999992	0.316763382699999985
6235370000	0.244743783399999998	0.295965797400000008
6235420000	0.258873543400000017	0.276769897799999998
6235470000	0.265454107900000014	0.243689333400000013
6235520000	0.271743665199999984	0.203987049400000009
6235570000	0.260874357300000026	0.160121878800000006
6235620000	0.236521575600000006	0.115850664000000006
6235670000	0.199774571900000003	0.0811894494000000022
6235720000	0.145175835700000005	0.0567578237000000013
6235770000	0.0864666748999999984	0.0571804798000000031
6235820000	0.0345229692000000032	0.0792607191000000016
6235870000	0.00460006649999999961	0.111370820999999995
6235920000	-0.0233091830999999985	0.153409169300000009
6235970000	-0.0309984337000000013	0.183344504600000013
6236020000	-0.0270494325000000015	0.214768522999999989
6236070000	-0.020513025800000001	0.244467077000000005
6236120000	-0.0119314942999999996	0.264047777699999986
6236170000	-0.00322283629999999986	0.281033274300000024
6236220000	0.00876030920000000005	0.295551712099999975
6236270000	0.0193763488999999997	0.305534039300000004
6236320000	0.0323477906000000023	0.316985757199999996
6236370000	0.0447082763999999966	0.322691787000000008
6236420000	0.0575316726000000001	0.327181308599999998
6236470000	0.0682685477000000013	0.333680434000000026
6236520000	0.0766546414000000009	0.331697775600000022
6236570000	0.0812483413999999932	0.335937911199999995
6236620000	0.0935560460000000038	0.33553408400000001
6236670000	0.107383762100000002	0.344200418200000025
6236720000	0.110918853100000006	0.339394843499999987
6236770000	0.121980026399999997	0.34175732590000002
6236820000	0.125065880500000004	0.334982863799999975
6236870000	0.132791170399999992	0.338756442099999999
6236920000	0.140316122999999987	0.336944639099999999
6236970000	0.148057318999999993	0.336020702999999976
6237020000	0.156718386600000009	0.3354376939
6237070000	0.164115309300000012	0.332695626999999994
6237120000	0.173765547999999992	0.333655144399999992
6237170000	0.174754400100000012	0.335680116600000022
6237220000	0.185505482999999999	0.326478059799999998
6237270000	0.187539037800000002	0.328089224199999974
6237320000	0.195517662300000006	0.32368492069999999
6237370000	0.197620717800000012	0.322768542499999977
6237420000	0.207088214599999987	0.322539586699999992
6237470000	0.212799479300000011	0.317944566900000003
6237520000	0.217447290799999998	0.316422675599999981
6237570000	0.224524629799999986	0.311851272199999974
6237620000	0.233763149899999995	0.306056526800000006
6237670000	0.23389624140000001	0.304168859100000022
6237720000	0.239537969600000011	0.299867950300000019
6237770000	0.243533504799999995	0.296038891000000026
6237820000	0.250592443900000017	0.293144879999999997
6237870000	0.253914423499999986	0.294368719200000017
6237920000	0.26034977749999999	0.289767614000000007
6237970000	0.263432452599999978	0.285830126500000004
6238020000	0.26648640010000002	0.283376922400000009
6238070000	0.272360808600000004	0.278596685100000019
6238120000	0.277687092000000024	0.274051862099999988
6238170000	0.281637887099999984	0.273975584400000027
6238220000	0.285279967899999987	0.272493905599999975
6238270000	0.289222075899999986	0.265375167899999986
6238320000	0.293732435600000008	0.260327791400000008
6238370000	0.296269396000000018	0.261623359399999977
6238420000	0.302045699999999973	0.250978526199999996
6238470000	0.305251776799999985	0.252922315000000009
6238520000	0.312186407900000018	0.2446462784
6238570000	0.31567288939999999	0.244777860300000011
6238620000	0.320370077899999994	0.23742772949999999
6238670000	0.321558211400000016	0.237270015299999998
6238720000	0.323982115700000017	0.228612394899999988
6238770000	0.327048566799999996	0.224455918000000004
6238820000	0.335096175499999982	0.219768771299999999
6238870000	0.335049798499999996	0.215199196700000012
6238920000	0.33915005949999999	0.212297029299999995
6238970000	0.341529238899999976	0.206484305600000001
6239020000	0.345743513200000019	0.206840706000000013
6239070000	0.348290729799999976	0.195997674900000002
6239120000	0.348397706600000023	0.193482911199999996
6239170000	0.354364044300000014	0.184649061199999992
6239220000	0.355987355599999999	0.183638080799999992
6239270000	0.3561850654	0.184094498699999998
6239320000	0.358971996800000026	0.176536045599999997
6239370000	0.3620336636	0.16778021709999999
6239420000	0.366692024599999999	0.163964946100000009
6239470000	0.367663525400000024	0.1594432774
6239520000	0.367926332600000017	0.157257221899999994
6239570000	0.370830572099999978	0.152271748200000001
6239620000	0.377014406000000024	0.145368954699999997
6239670000	0.378051499299999982	0.140640115900000001
6239720000	0.385116295100000006	0.134383431100000006
6239770000	0.381981071499999991	0.130730258900000007
6239820000	0.384156027999999983	0.125530782499999993
6239870000	0.384411600700000022	0.122035776799999995
6239920000	0.390828509300000015	0.1163175667
6239970000	0.387972763499999984	0.111408212800000003
6240020000	0.390799258099999991	0.102765257600000007
6240070000	0.3925012524	0.101613590700000006
6240120000	0.394977803000000016	0.0939175146000000016
6240170000	0.395322377000000003	0.0881457078999999949
6240220000	0.398021817300000025	0.0806284684000000001
6240270000	0.396680591799999982	0.079684479399999994
6240320000	0.400054874000000005	0.0732330523999999983
6240370000	0.400691926899999995	0.0661195938999999955
6240420000	0.404663605599999976	0.0657796747999999931
6240470000	0.40491289250000001	0.0572189322999999972
6240520000	0.405858936100000012	0.0548882877999999977
6240570000	0.404696465900000024	0.0491589451999999982
6240620000	0.405116399500000002	0.0428550093999999979
6240670000	0.408257695099999984	0.0349948423999999966
6240720000	0.407865315800000017	0.0334426771999999997
6240770000	0.406000589600000017	0.0276610943000000012
6240820000	0.406830642600000014	0.0205313412000000008
6240870000	0.411276135200000004	0.0187409224999999999
6240920000	0.408070536599999978	0.0125702318999999993
6240970000	0.413455903399999991	0.00655804529999999986
6241020000	0.40815887540000001	-0.00067921720000000004
6241070000	0.413064178800000015	-0.00562701620000000038
6241120000	0.409248190600000006	-0.0117915750000000003
6241170000	0.411054150000000007	-0.0180010427999999986
6241220000	0.411640748499999987	-0.0196318179999999988
6241270000	0.411232523199999978	-0.0275231478999999994
6241320000	0.40900513690000001	-0.0349521107999999983
6241370000	0.409537073799999984	-0.0370007749999999996
6241420000	0.407451005500000019	-0.0440049813000000026
6241470000	0.408753652299999992	-0.0469954210999999969
6241520000	0.412116114099999986	-0.0534271285999999984
6241570000	0.409421637800000016	-0.0603294779999999989
6241620000	0.410566664799999981	-0.066889733899999998
6241670000	0.406493526300000019	-0.0690929859000000007
6241720000	0.408471692399999975	-0.0785967927000000011
6241770000	0.403182559800000007	-0.0828456491000000017
6241820000	0.407132100399999974	-0.0849035276000000005
6241870000	0.403513324000000007	-0.0944622192999999971
6241920000	0.405213801599999979	-0.0938932517999999938
6241970000	0.402236946500000025	-0.105690454200000006
6242020000	0.402051822299999972	-0.110465396699999996
6242070000	0.398558307499999986	-0.112947683100000001
6242120000	0.398051500499999988	-0.115998614900000005
6242170000	0.40107079029999998	-0.128482726200000008
6242220000	0.394439504300000021	-0.127811926999999992
6242270000	0.393269172700000003	-0.135573893100000009
6242320000	0.394118308799999983	-0.141407454099999996
6242370000	0.394300581500000025	-0.141381361600000005
6242420000	0.38989806170000002	-0.150025941999999995
6242470000	0.388110760300000024	-0.152993219000000014
6242520000	0.385585699100000012	-0.1556281786
6242570000	0.383760295400000007	-0.163169685799999992
6242620000	0.382175836699999993	-0.167930060200000009
6242670000	0.37984395700000001	-0.177587960299999986
6242720000	0.375428973700000002	-0.180280031199999996
6242770000	0.373145753600000019	-0.184871110100000013
6242820000	0.372994514499999985	-0.190543538099999993
6242870000	0.373608864699999987	-0.19571258729999999
6242920000	0.366108104599999984	-0.198820329299999987
6242970000	0.36700800560000002	-0.206659997200000001
6243020000	0.363809749100000024	-0.211511384299999994
6243070000	0.362472906500000025	-0.215045882299999991
6243120000	0.357271467999999981	-0.219433099500000006
6243170000	0.35671855320000001	-0.226095970300000004
6243220000	0.356938072699999998	-0.230616578500000002
6243270000	0.349124491400000014	-0.234625903599999991
6243320000	0.346203984600000014	-0.236795457900000006
6243370000	0.345035755300000024	-0.245062606500000002
6243420000	0.342626208499999974	-0.247579722800000013
6243470000	0.335530987100000011	-0.250441334500000001
6243520000	0.338496496199999997	-0.255155615100000011
6243570000	0.330409227299999997	-0.262817528199999983
6243620000	0.327077978200000008	-0.264956079399999989
6243670000	0.325100463700000009	-0.268234492099999999
6243720000	0.31913168209999998	-0.274393002900000016
6243770000	0.319613016799999983	-0.281905154699999994
6243820000	0.311181393099999981	-0.282212607999999976
6243870000	0.314566367700000016	-0.28479755280000002
6243920000	0.306919865700000016	-0.293569680599999994
6243970000	0.304963540300000002	-0.293555391900000018
6244020000	0.300327385900000021	-0.297521994899999975
6244070000	0.296300407799999999	-0.299880939299999982
6244120000	0.292437437199999983	-0.304847761800000006
6244170000	0.28682191210000002	-0.311834862499999976
6244220000	0.286034935699999993	-0.31507475330000001
6244270000	0.28258461159999998	-0.315440074399999992
6244320000	0.275475456900000026	-0.322788070799999993
6244370000	0.270521135400000001	-0.326010644700000018
6244420000	0.268268050599999974	-0.331093391700000017
6244470000	0.267063142099999984	-0.333281973399999987
6244520000	0.258390295800000003	-0.3367863579
6244570000	0.259163038899999976	-0.342985627899999979
6244620000	0.25318791530000001	-0.34258967600000001
6244670000	0.246633699099999992	-0.345297861900000003
6244720000	0.246807566899999997	-0.349595924100000011
6244770000	0.241202254700000007	-0.353207674500000013
6244820000	0.233911132800000005	-0.357308469500000003
6244870000	0.229887875699999994	-0.362944275900000002
6244920000	0.225089724800000002	-0.361729164699999994
6244970000	0.223204242299999994	-0.363495206700000018
6245020000	0.21822203409999999	-0.368683630400000018
6245070000	0.211654603699999999	-0.372044542400000011
6245120000	0.209414307800000005	-0.374330847500000008
6245170000	0.202941033500000007	-0.37790962509999998
6245220000	0.192695017100000004	-0.381738371899999984
6245270000	0.1908546733	-0.384908678999999976
6245320000	0.187022518700000001	-0.384490311899999992
6245370000	0.184201986099999993	-0.387055972299999995
6245420000	0.175616871600000002	-0.390520272000000002
6245470000	0.172493096000000012	-0.394776931200000014
6245520000	0.168398933100000009	-0.396529091399999978
6245570000	0.160546529900000012	-0.401053767800000016
6245620000	0.158634622800000014	-0.400129306799999973
6245670000	0.149847869200000011	-0.404343970699999999
6245720000	0.145488205000000009	-0.405237163899999975
6245770000	0.140152322999999995	-0.406694942399999981
6245820000	0.138022326499999987	-0.410273036699999982
6245870000	0.130278854700000002	-0.409623234499999989
6245920000	0.127351961799999996	-0.412766471400000001
6245970000	0.121680769100000002	-0.412427003399999992
6246020000	0.115562521900000006	-0.417067636700000022
6246070000	0.106982553600000002	-0.417352651999999991
6246120000	0.104248193399999994	-0.421834206200000006
6246170000	0.1000205802	-0.423266482599999994
6246220000	0.0935202177000000051	-0.423436333599999992
6246270000	0.0845219938999999948	-0.423929805200000009
6246320000	0.0805598305999999931	-0.420895720099999981
6246370000	0.0716052244999999948	-0.428170653299999981
6246420000	0.0745971497999999983	-0.426019323800000016
6246470000	0.0630745241000000012	-0.426249807400000014
6246520000	0.0596627574000000022	-0.429540221399999977
6246570000	0.0536229100000000028	-0.429876416699999986
6246620000	0.0478700514000000021	-0.432922526500000016
6246670000	0.0388103767999999974	-0.431209703499999986
6246720000	0.0352130790000000013	-0.433355159499999976
6246770000	0.0318814436000000034	-0.43506089739999998
6246820000	0.025845431700000001	-0.437356175299999983
6246870000	0.0185332282000000015	-0.436005251599999977
6246920000	0.0169410008000000015	-0.434936341599999998
6246970000	0.0063638566000000004	-0.433269405200000013
6247020000	0.00309914720000000008	-0.436444598100000025
6247070000	-0.00108592439999999997	-0.433070417900000004
6247120000	-0.00888987450000000047	-0.437909809500000025
6247170000	-0.0158110142000000009	-0.435977685800000014
6247220000	-0.0164116431999999993	-0.433441867699999983
6247270000	-0.0264527149000000003	-0.435990021499999991
6247320000	-0.0325407795999999999	-0.437412851499999977
6247370000	-0.0368148074000000033	-0.434172399499999973
6247420000	-0.0356198676000000006	-0.432569894200000027
6247470000	-0.0458110819000000016	-0.432455978399999996
6247520000	-0.049809790100000001	-0.43350749529999999
6247570000	-0.0593601903999999986	-0.436450445700000023
6247620000	-0.0626817409999999992	-0.430884042700000025
6247670000	-0.0748344415000000013	-0.429881350200000012
6247720000	-0.0733911190000000047	-0.432311977700000016
6247770000	-0.0820141330000000029	-0.428028388699999984
6247820000	-0.0862765711000000046	-0.429741188200000013
6247870000	-0.0907262447999999944	-0.42647904980000001
6247920000	-0.0978202663999999944	-0.4271938287
6247970000	-0.102343591100000006	-0.428142855900000008
6248020000	-0.109444104799999997	-0.424454167699999996
6248070000	-0.115024004200000002	-0.4230910685
6248120000	-0.118813524899999995	-0.422744643199999992
6248170000	-0.124906427599999995	-0.422594168900000011
6248220000	-0.132847442499999996	-0.417106419299999975
6248270000	-0.137661343200000008	-0.418677629499999981
6248320000	-0.143584981800000011	-0.415234631600000015
6248370000	-0.148215459399999999	-0.412747167799999981
6248420000	-0.151248807600000007	-0.411853832699999978
6248470000	-0.157086846700000005	-0.410692181300000014
6248520000	-0.161357426199999987	-0.40816058420000001
6248570000	-0.167695160399999987	-0.402930587299999976
6248620000	-0.175141621899999989	-0.406650664800000006
6248670000	-0.180532003599999991	-0.405119747400000008
6248720000	-0.187929102900000006	-0.398905591999999976
6248770000	-0.195971653299999993	-0.396618538799999976
6248820000	-0.196035813199999992	-0.392400315900000018
6248870000	-0.201170488000000008	-0.39253604219999999
6248920000	-0.209270264799999994	-0.389978444599999974
6248970000	-0.211567735899999998	-0.388731609500000019
6249020000	-0.216753993700000008	-0.386112814699999973
6249070000	-0.222531579099999988	-0.383228644499999993
6249120000	-0.227200176100000012	-0.38071890730000002
6249170000	-0.230129077099999996	-0.37501358709999999
6249220000	-0.233770359799999994	-0.374669945700000007
6249270000	-0.237941516800000002	-0.367645592899999984
6249320000	-0.247439579100000001	-0.367455111800000012
6249370000	-0.2505999961	-0.361850424800000015
6249420000	-0.254386488899999985	-0.359933068899999986
6249470000	-0.258603152900000022	-0.357744763600000015
6249520000	-0.26435733760000002	-0.353798589900000016
6249570000	-0.268765953300000027	-0.346404211299999987
6249620000	-0.274549626400000024	-0.348412732800000013
6249670000	-0.280822410999999994	-0.343889400299999981
6249720000	-0.285757822100000003	-0.341822665099999978
6249770000	-0.287692405900000003	-0.336832605800000018
6249820000	-0.29079671629999998	-0.329736176200000008
6249870000	-0.295856399200000009	-0.330461385599999991
6249920000	-0.299734351999999982	-0.324974848300000008
6249970000	-0.3078658809	-0.32386530790000001
6250020000	-0.309295199600000015	-0.317974292200000008
6250070000	-0.315735741100000022	-0.317440827699999983
6250120000	-0.317519902899999984	-0.308309337600000011
6250170000	-0.324179859700000017	-0.307292536399999983
6250220000	-0.328253954100000023	-0.305465114199999999
6250270000	-0.329177418300000024	-0.297988007300000024
6250320000	-0.337233134599999984	-0.29678978960000002
6250370000	-0.33765182370000002	-0.288491529700000027
6250420000	-0.344753161099999983	-0.28676977549999999
6250470000	-0.347552081800000023	-0.278118537900000018
6250520000	-0.352851296300000006	-0.275299917499999991
6250570000	-0.350784603500000014	-0.272603300499999979
6250620000	-0.356184066399999999	-0.266974042999999994
6250670000	-0.36080945809999998	-0.26177054230000002
6250720000	-0.36130549839999998	-0.259401902299999987
6250770000	-0.368879894400000019	-0.2553125168
6250820000	-0.373046765999999974	-0.251068451000000026
6250870000	-0.373280287699999991	-0.243973893800000008
6250920000	-0.381079098800000016	-0.239066991300000004
6250970000	-0.382023274600000018	-0.233051009599999998
6251020000	-0.385385085299999985	-0.231468737400000013
6251070000	-0.387431962000000019	-0.223652559800000011
6251120000	-0.392361079999999973	-0.222190272500000008
6251170000	-0.392809713599999999	-0.211040164700000005
6251220000	-0.397134786100000026	-0.210761409900000002
6251270000	-0.401290261199999998	-0.205080650199999992
6251320000	-0.402774311900000015	-0.198916540199999992
6251370000	-0.406267832699999998	-0.194722274000000001
6251420000	-0.405565809100000008	-0.186526255700000004
6251470000	-0.409583984299999981	-0.184415160299999992
6251520000	-0.409635903899999987	-0.175478931700000007
6251570000	-0.415169778499999975	-0.169573381500000009
6251620000	-0.418095403099999985	-0.170040150100000009
6251670000	-0.420188831599999979	-0.160114413499999997
6251720000	-0.422693233200000018	-0.153327152900000013
6251770000	-0.4227005982	-0.153876427399999988
6251820000	-0.423864713100000012	-0.14335943570000001
6251870000	-0.428222528099999999	-0.141141169600000005
6251920000	-0.434647821400000023	-0.135454058999999988
6251970000	-0.430870001300000027	-0.129475628000000009
6252020000	-0.433017831199999981	-0.120695462399999995
6252070000	-0.434930835100000024	-0.118051303999999996
6252120000	-0.441300022199999975	-0.115263150600000003
6252170000	-0.435290248300000016	-0.105527986599999998
6252220000	-0.440404756000000008	-0.0997511392999999996
6252270000	-0.438714645600000008	-0.0949980678000000023
6252320000	-0.443935006099999974	-0.0887998710999999968
6252370000	-0.441643585299999974	-0.085202062300000006
6252420000	-0.448515363800000011	-0.0767719340999999944
6252470000	-0.446645820299999996	-0.071501410200000004
6252520000	-0.448948998099999996	-0.0646147009000000022
6252570000	-0.446689609099999996	-0.0624467039999999987
6252620000	-0.449206081300000004	-0.0527767885999999992
6252670000	-0.449485027199999998	-0.0476781859999999974
6252720000	-0.452451894500000007	-0.0400884689000000002
6252770000	-0.447870093099999977	-0.0356935121999999994
6252820000	-0.453278940700000021	-0.0322475253000000031
6252870000	-0.45321429190000001	-0.0263215340000000006
6252920000	-0.452282947300000016	-0.020261315299999999
6252970000	-0.450018708099999998	-0.0114815548999999996
6253020000	-0.450640083299999994	-0.0103020183000000001
6253070000	-0.451507807699999986	0.00183698270000000005
6253120000	-0.450553363500000026	0.00706660060000000034
6253170000	-0.455590244799999988	0.00897393930000000076
6253220000	-0.452075111899999993	0.0156550402999999991
6253270000	-0.454536669299999974	0.018635876400000001
6253320000	-0.456933639000000003	0.0258437902000000011
6253370000	-0.45455430229999999	0.0321563663999999971
6253420000	-0.448404188799999992	0.0400056421999999967
6253470000	-0.45175590459999998	0.0446408375999999968
6253520000	-0.449932961799999975	0.0529120375000000018
6253570000	-0.448860581799999991	0.0554806324000000003
6253620000	-0.450707789600000019	0.0662159243000000064
6253670000	-0.449518204799999987	0.0708462846000000035
6253720000	-0.452652728100000012	0.0752794192999999973
6253770000	-0.445687035399999987	0.0838960485000000006
6253820000	-0.446484310699999998	0.0869320291999999967
6253870000	-0.444849158199999983	0.0898080653000000034
6253920000	-0.446968424899999994	0.0970874562000000052
6253970000	-0.441730010299999976	0.106967827200000004
6254020000	-0.438642569199999999	0.111275811200000005
6254070000	-0.442569703500000022	0.116561356500000005
6254120000	-0.433987639699999983	0.124314967999999998
6254170000	-0.437970895199999988	0.126873006300000007
6254220000	-0.434021679300000018	0.133426765199999992
6254270000	-0.435434713699999976	0.138450424500000002
6254320000	-0.427006664500000022	0.145749066900000002
6254370000	-0.431393511800000018	0.149422769300000008
6254420000	-0.427777273000000013	0.157993388600000007
6254470000	-0.424734823900000003	0.160823553199999997
6254520000	-0.424630332399999977	0.167029290699999999
6254570000	-0.423515669599999978	0.173802620099999999
6254620000	-0.419838046799999975	0.176959554800000002
6254670000	-0.418313008099999994	0.181576803799999992
6254720000	-0.413902118099999994	0.188878867300000003
6254770000	-0.411308703200000014	0.194698079100000004
6254820000	-0.409611987100000019	0.195895753700000008
6254870000	-0.405086107600000023	0.206718839200000004
6254920000	-0.406566797199999996	0.212535561499999998
6254970000	-0.403681046300000013	0.218555898500000012
6255020000	-0.397942711999999976	0.222177472399999992
6255070000	-0.398445790600000016	0.227805912599999993
6255120000	-0.393734610799999996	0.233136551599999992
6255170000	-0.389449141499999985	0.238050479300000006
6255220000	-0.387688251099999992	0.243157453800000006
6255270000	-0.384237365399999975	0.246193279999999987
6255320000	-0.383650807799999993	0.253708567399999974
6255370000	-0.38068990250000001	0.260192089999999987
6255420000	-0.375114343999999988	0.261217085800000026
6255470000	-0.374665657799999996	0.266155442399999997
6255520000	-0.367141366899999988	0.273625352200000005
6255570000	-0.368716356000000023	0.278955627500000025
6255620000	-0.361009652399999992	0.283517416099999975
6255670000	-0.356827176199999985	0.287416448699999993
6255720000	-0.356624479400000027	0.289485877300000027
6255770000	-0.351875691099999999	0.297212888299999978
6255820000	-0.351072060399999997	0.300845658800000026
6255870000	-0.343797301300000024	0.309088291999999987
6255920000	-0.337689691199999975	0.311076415200000012
6255970000	-0.332843470600000024	0.314611443699999993
6256020000	-0.330064700799999999	0.317769184099999991
6256070000	-0.329152681900000021	0.321379908900000011
6256120000	-0.318581414399999985	0.332390002899999981
6256170000	-0.317887252200000026	0.335203683199999991
6256220000	-0.311846734600000008	0.336487686200000025
6256270000	-0.309221461199999992	0.339644798500000011
6256320000	-0.303429034400000019	0.345065501800000007
6256370000	-0.300523024299999997	0.346592330000000004
6256420000	-0.298027145499999979	0.355649327899999979
6256470000	-0.292872560200000021	0.356705225199999976
6256520000	-0.287409216000000023	0.360056965299999976
6256570000	-0.284202312800000023	0.365788052199999991
6256620000	-0.27705855610000002	0.368923134699999988
6256670000	-0.271313049699999975	0.369856013699999986
6256720000	-0.264584825600000018	0.37374739429999998
6256770000	-0.264402631200000016	0.377627314699999994
6256820000	-0.256465004900000015	0.382512980800000013
6256870000	-0.252807216399999979	0.385169784999999987
6256920000	-0.245775035000000003	0.388343870500000021
6256970000	-0.240751945999999994	0.394718299200000011
6257020000	-0.238989152300000007	0.394722474800000001
6257070000	-0.229042724700000005	0.3960781887
6257120000	-0.222874371099999996	0.402000065500000003
6257170000	-0.221386080799999996	0.404391139200000027
6257220000	-0.213775497799999992	0.408639463699999983
6257270000	-0.212280490999999988	0.412329295500000026
6257320000	-0.205115004500000003	0.411115198600000009
6257370000	-0.201750083599999991	0.415406666199999997
6257420000	-0.194059116300000001	0.417244438499999981
6257470000	-0.187899143600000013	0.418065210799999976
6257520000	-0.185426651899999989	0.422519703400000002
6257570000	-0.179765508800000001	0.42477191609999998
6257620000	-0.174003860099999991	0.428577636599999978
6257670000	-0.167324816300000012	0.429840980099999992
6257720000	-0.162778562999999987	0.431834567700000005
6257770000	-0.154692049500000012	0.439479304899999978
6257820000	-0.149761340599999987	0.438251548300000016
6257870000	-0.143806993100000002	0.441913352799999992
6257920000	-0.1368314105	0.443117099000000014
6257970000	-0.134366541099999987	0.444802431900000017
6258020000	-0.130993021200000004	0.441154082100000011
6258070000	-0.124354738500000006	0.444842828400000001
6258120000	-0.111224040400000002	0.447838144100000002
6258170000	-0.111682252900000001	0.447874518200000016
6258220000	-0.1033179979	0.453303007799999991
6258270000	-0.0962582550000000009	0.455128645700000001
6258320000	-0.0940989740999999963	0.453211092799999993
6258370000	-0.0848440639000000024	0.452872019299999984
6258420000	-0.0805865595999999962	0.454181167800000007
6258470000	-0.0754486419000000019	0.451971163899999973
6258520000	-0.0687925283000000026	0.459915005799999999
6258570000	-0.0631470345999999988	0.464543480200000025
6258620000	-0.0565826650999999986	0.458699858100000024
6258670000	-0.0512285360999999995	0.461162435699999984
6258720000	-0.0494020091999999994	0.462220305300000023
6258770000	-0.0397068790000000005	0.458780298600000025
6258820000	-0.0351529703000000027	0.462081398199999993
6258870000	-0.0285337394000000008	0.459846273899999991
6258920000	-0.0213711052000000006	0.461931983400000024
6258970000	-0.0177555835000000016	0.462705833000000011
6259020000	-0.00669413669999999964	0.460327801099999989
6259070000	-0.000647896000000000019	0.461276148599999991
6259120000	0.00286173429999999999	0.462193420000000021
6259170000	0.00947905419999999985	0.46392401430000002
6259220000	0.0169027472999999998	0.463138385300000011
6259270000	0.0185826930999999987	0.461496910900000001
6259320000	0.0251623646000000006	0.46250147250000001
6259370000	0.0343572737000000031	0.460917520000000025
6259420000	0.0412805340000000007	0.465976113700000028
6259470000	0.046548647700000001	0.458963754800000012
6259520000	0.0530795213000000016	0.459168793500000005
6259570000	0.0552243128000000014	0.460062530999999997
6259620000	0.0595822062000000013	0.460580615400000004
6259670000	0.0692790031999999945	0.457972493400000014
6259720000	0.0792965615000000013	0.456159248999999989
6259770000	0.0823786234999999978	0.456534890000000027
6259820000	0.0907762475000000041	0.453780773500000012
6259870000	0.0944431740999999991	0.455862446099999985
6259920000	0.0984923015000000041	0.452243070899999988
6259970000	0.103277583399999998	0.448500211400000015
6260020000	0.112997760000000003	0.446574627800000012
6260070000	0.117484305900000002	0.449939074200000011
6260120000	0.124870927899999998	0.445440114300000023
6260170000	0.129661970600000009	0.445359120800000008
6260220000	0.13064683769999999	0.44419485110000001
6260270000	0.140756723199999989	0.444572712099999989
6260320000	0.1440689198	0.4400292274
6260370000	0.15492991980000001	0.439135938599999998
6260420000	0.159603925099999988	0.437437681000000023
6260470000	0.164190649399999999	0.434385893999999995
6260520000	0.17080756359999999	0.429943524899999985
6260570000	0.173617828700000004	0.430532838899999992
6260620000	0.181089633400000005	0.429762281299999993
6260670000	0.185939601399999987	0.423436471799999992
6260720000	0.192297475200000012	0.423137019499999989
6260770000	0.197877436800000001	0.424361154100000026
6260820000	0.206196105699999993	0.4194046736
6260870000	0.208549016400000009	0.410780876000000017
6260920000	0.217222637400000002	0.415417470499999997
